1.3e-05 337.405
0.032264 339.582
0.329012 335.711
0.360037 334.02
0.391186 332.259
0.422345 331.049
0.453543 332.427
0.48577 337.91
0.547411 331.08
0.609073 324.549
0.640162 324.6
0.671266 314.407
0.703444 309.798
0.73455 302.513
0.755424 299.977
0.786539 297.78
0.848258 295.861
0.890666 294.233
0.921769 294.88
0.962951 292.512
0.993968 294.144
1.025093 290.034
1.057281 290.537
1.139204 289.99
1.170343 288.479
1.201359 293.197
1.23247 289.11
1.264853 285.973
1.295835 285.759
1.326866 287.52
1.357903 288.104
1.43992 286.255
1.47215 288.672
1.533803 285.272
1.564827 284.946
1.595917 284.399
1.627056 286.83
1.649302 286.494
1.843065 286.265
1.904752 291.068
1.966504 292.909
2.150256 291.701
2.192772 290.659
2.437778 289.851
2.468911 289.514
2.500109 289.182
2.73489 290.699
2.777506 289.549
3.052804 292.656
3.084022 295.996
3.39018 308.004
3.462222 309.508
3.708451 317.2
3.832408 332.913
3.904187 326.77
3.986273 321.8
4.017558 317.144
4.119973 316.116
4.213498 314.813
4.295767 321.661
4.357583 320.781
4.44994 328.647
4.521915 326.674
4.554351 322.881
4.595748 324.794
4.647262 325.92
4.678655 322.81
4.821829 327.656
4.894965 326.609
4.927368 325.443
4.958561 324.556
4.989657 323.695
5.031023 322.981
5.0626 319.22
5.115284 314.666
5.177002 309.445
5.208128 307.987
5.239415 308.638
5.270714 310.536
5.303167 310.667
5.334544 313.354
5.406388 317.045
5.457946 317.551
5.499308 315.599
5.531752 318.663
5.562999 326.918
5.624791 322.221
5.655973 320.513
5.687191 311.854
5.71955 309.473
5.750818 308.263
5.782125 307.832
5.813339 310.275
5.844604 307.514
5.876971 308.934
5.908214 302.239
5.939532 296.9
5.970751 295.139
6.002084 297.786
6.034375 288.782
6.065588 286.265
6.09682 286.669
6.128068 287.327
6.159343 292.634
6.191792 287.668
6.223043 290.179
6.254375 289.811
6.285732 289.118
6.367915 287.047
6.400308 286.719
6.422469 287.294
6.454772 286.899
6.486001 286.394
6.517334 289.715
6.548609 290.047
6.579888 290.093
6.612413 291.993
6.644822 297.318
6.677293 296.654
6.881745 295.721
6.913036 298.124
6.944298 299.686
6.975612 293.541
7.007977 287.388
7.039156 287.989
7.070452 289.089
7.173135 289.478
7.204497 287.595
7.237042 286.158
7.26967 286.824
7.302424 287.3
7.335098 302.77
7.366519 292.369
7.397926 288.996
7.429328 286.754
7.460743 289.359
7.493219 286.294
7.525721 290.328
7.558323 292.783
7.589664 290.952
7.621091 289.54
7.662767 291.44
7.684035 291.463
7.716612 286.675
7.747963 349.104
7.901789 368.919
7.933044 343.629
7.964327 326.892
7.996702 300.216
8.027879 290.755
8.059026 289.085
8.090211 295.043
8.121404 294.039
8.194496 289.702
8.225699 287.806
8.25689 286.765
8.288109 286.733
8.319303 286.139
8.351746 285.315
8.384063 288.851
8.416343 291.732
8.437325 290.643
8.478715 293.855
8.509946 288.215
8.541228 286.041
8.573559 285.402
8.605835 287.956
8.638148 286.038
8.669248 286.559
8.700386 289.573
8.731574 288.059
8.762779 286.796
8.795156 286.179
8.846754 285.164
8.878 284.928
8.909204 290.102
8.940518 287.446
8.972989 286.648
9.005331 285.272
9.036545 285.474
9.067867 285.165
9.129683 285.76
9.160928 285.53
9.193241 286.988
9.225539 286.783
9.257849 286.025
9.289046 286.817
9.320234 287.906
9.351497 287.302
9.382681 286.825
9.435555 287.844
9.467944 287.287
9.500125 286.845
9.531238 293.264
9.562433 287.719
9.593614 287.556
9.624809 290.181
9.657111 288.248
9.689363 285.476
9.721652 292.243
9.753956 288.247
9.785152 288.516
9.816324 287.608
9.847527 285.45
9.878741 285.123
9.911046 286.572
9.943406 289.112
9.97573 287.004
10.008136 287.622
10.040399 287.722
10.07164 286.885
10.102734 286.064
10.133948 286.884
10.165213 287.69
10.197661 288.741
10.230095 291.585
10.261361 289.007
10.292546 288.179
10.32362 288.995
10.354792 300.814
10.387342 299.792
10.418545 295.844
10.449747 300.835
10.480944 288.912
10.512144 289.573
10.54452 291.245
10.575791 288.769
10.607007 285.739
10.638213 288.494
10.669438 286.333
10.701817 287.482
10.733009 293.534
10.764374 296.931
10.795637 294.819
10.826828 292.377
10.859177 303.008
10.890292 310.591
10.92146 319.177
10.952699 337.329
10.983931 351.121
11.01623 362.079
11.048573 340.411
11.080874 311.75
11.113139 292.361
11.145337 295.417
11.177689 296.484
11.209954 305.004
11.242383 307.169
11.274636 305.738
11.307017 293.114
11.339386 294.057
11.371649 294.002
11.4039 291.145
11.435172 289.736
11.466427 295.172
11.497642 295.307
11.528849 289.854
11.561192 297.95
11.592379 300.27
11.623627 293.572
11.654882 293.874
11.686125 293.406
11.718426 299.283
11.749663 296.746
11.780815 306.197
11.812043 312.682
11.843353 308.787
11.875713 311.769
11.906888 315.188
11.938106 335.61
11.969264 332.934
12.000551 316.474
12.032958 319.748
12.064224 326.747
12.09547 328.537
12.126718 352.272
12.157998 360.869
12.190329 352.161
12.222753 320.414
12.255117 318.202
12.287599 333.884
12.330321 332.88
12.362738 330.485
12.395013 339.119
12.427306 318.487
12.459689 313.497
12.492206 314.12
12.524452 323.578
12.556789 334.604
12.589019 337.817
12.620246 354.2
12.651382 359.845
12.682595 370.495
12.713806 362.982
12.746217 358.039
12.778479 359.804
12.809629 376.023
12.8408 381.844
12.872055 369.707
12.913478 327.398
12.945912 319.639
12.978416 328.386
13.010745 343.32
13.041978 353.772
13.073368 364.046
13.104603 373.82
13.135784 342.032
13.168169 316.082
13.199285 334.807
13.250915 333.398
13.282148 332.212
13.313428 345.938
13.345839 329.161
13.376955 305.087
13.408156 315.045
13.449492 323.169
13.480756 323.997
13.543739 312.213
13.576056 319.408
13.607366 315.775
13.638511 316.718
13.710415 324.508
13.741619 333.466
13.773987 373.062
13.805131 403.926
13.836331 416.37
13.867512 462.343
13.898772 487.146
13.931191 506.371
13.962497 488.0
17.410937 471.964
17.46264 458.081
17.514252 445.835
17.567074 436.51
17.628917 426.874
17.670379 418.494
17.721904 412.707
17.783529 396.661
17.84648 344.834
17.877678 342.39
17.959743 340.618
17.990931 339.035
18.123888 343.444
18.166365 351.814
18.207738 315.42
18.238927 309.007
18.270226 324.182
18.301485 327.516
18.333919 338.551
18.365012 350.618
18.396232 364.981
18.427401 372.126
18.458638 384.189
18.490976 408.611
18.522205 423.106
18.553441 434.771
18.58468 415.8
18.656646 323.36
18.689022 291.966
18.721365 288.983
18.752535 286.493
18.783736 285.783
18.814898 286.275
18.846113 308.211
18.878451 435.832
19.011478 377.585
19.042683 321.211
19.073955 288.903
19.105191 288.109
19.137583 287.921
19.168797 287.418
19.291402 286.851
19.322664 287.636
19.353963 290.917
19.386279 287.238
19.417465 287.286
19.448631 292.875
19.479851 300.306
19.511008 296.001
19.543343 300.226
19.574485 303.668
19.605619 320.971
19.636796 333.138
19.667976 344.117
19.700296 369.366
19.731477 380.911
19.762731 371.478
19.793954 307.766
19.825157 293.526
19.857498 299.521
19.888601 328.275
19.919719 339.226
19.950927 345.576
19.982153 368.556
20.014362 381.946
20.045519 417.176
20.076655 386.744
20.107792 327.467
20.13893 315.086
20.171319 311.669
20.202449 322.512
20.23364 327.26
20.26488 334.198
20.29609 319.666
20.328566 310.772
20.350911 316.681
20.383333 318.616
20.415693 330.22
20.448107 340.747
20.480446 355.484
20.501434 368.692
20.532627 336.209
20.563849 330.919
20.595068 336.275
20.627476 349.112
20.65985 356.67
20.692161 350.124
20.755172 350.517
20.806748 412.663
20.899188 416.224
20.930378 435.058
20.961575 447.716
20.994077 453.096
21.026485 478.409
21.057756 464.594
21.08903 452.061
21.120221 455.841
21.182113 451.773
21.214597 451.118
21.247088 396.963
21.279473 349.482
21.311801 328.914
21.344231 317.471
21.376774 310.708
21.409197 317.811
21.441523 320.299
21.473865 314.119
21.506349 325.266
21.537547 300.731
21.568799 293.863
21.60011 298.184
21.631417 295.568
21.663849 296.551
21.696167 306.92
21.728562 303.015
21.76108 294.483
21.793498 294.805
21.825974 307.668
21.858309 329.64
21.890643 339.556
21.923081 350.562
21.955567 360.786
21.987957 380.233
22.019207 391.916
22.050466 425.569
22.081718 413.137
22.112985 388.171
22.145352 381.724
22.177721 374.529
22.210131 374.114
22.242577 371.791
22.27381 360.779
22.325468 337.603
22.346536 317.187
22.377834 312.313
22.410228 310.482
22.441407 312.205
22.472597 327.115
22.503834 333.646
22.535166 338.932
22.567664 334.178
22.599968 338.986
22.632451 346.623
22.664727 358.767
22.69713 368.258
22.729552 380.987
22.761905 345.326
22.793142 316.428
22.8243 318.047
22.855529 340.912
22.886863 335.518
22.919351 337.284
22.951715 345.196
22.984056 339.948
23.015142 319.163
23.046341 307.849
23.077531 306.921
23.108676 312.429
23.141098 326.051
23.173428 349.212
23.205694 357.796
23.236934 337.993
23.268218 314.72
23.299426 312.555
23.330727 321.119
23.363198 332.792
23.395609 338.694
23.428031 350.197
23.460167 362.59
23.492587 345.359
23.523841 334.794
23.555009 339.766
23.586377 359.87
23.617625 368.733
23.650071 381.18
23.682299 413.43
23.713434 400.792
23.744692 390.178
23.775808 378.411
23.80704 381.34
23.839431 388.023
23.870727 398.092
23.902027 399.554
23.933297 360.74
23.964568 340.52
23.98677 327.724
24.01917 325.991
24.051585 327.339
24.083917 350.035
24.115161 354.694
24.146451 369.894
24.167513 359.669
24.239612 341.792
24.272068 332.097
24.303245 335.149
24.334653 334.313
24.355628 340.827
24.386921 347.891
24.419401 351.992
24.450621 389.354
24.522575 376.112
24.574239 329.452
24.605525 314.368
24.63793 318.519
24.669208 326.05
24.700398 329.971
24.731731 331.369
24.763031 331.79
24.795403 337.626
24.82673 339.476
24.857922 315.475
24.889154 309.319
24.920327 299.543
24.952677 302.485
24.983913 314.285
25.015057 329.586
25.046327 347.011
25.077622 360.637
25.110004 311.055
25.141269 307.857
25.172452 314.31
25.203703 321.039
25.235017 331.658
25.267558 332.027
25.298811 346.849
25.31988 357.602
25.351054 337.159
25.412785 318.931
25.445267 313.682
25.47635 319.901
25.507551 334.124
25.538794 356.956
25.570118 367.435
25.602522 385.964
25.634924 403.485
25.66739 413.131
25.699907 325.787
25.732216 319.545
25.763576 318.618
25.794758 324.623
25.825964 343.805
25.857138 355.116
25.889424 366.478
25.920633 356.13
25.951862 303.741
25.983069 299.679
26.014337 304.352
26.046718 303.479
26.077906 313.492
26.109075 321.056
26.140252 334.213
26.171475 362.78
26.203775 377.079
26.234991 382.893
26.266238 355.234
26.297507 353.424
26.328826 369.979
26.361294 389.356
26.393794 393.167
26.426324 344.246
26.45873 320.015
26.491304 316.149
26.523815 328.114
26.556172 334.916
26.578417 354.179
26.610847 361.88
26.643339 361.839
26.67574 317.637
26.708217 307.709
26.740718 313.409
26.773043 315.159
26.805497 314.06
26.837936 329.122
26.870476 334.201
26.902989 347.401
26.935337 339.505
26.97806 301.235
27.010618 301.734
27.043065 311.503
27.074344 309.141
27.105465 306.97
27.1367 316.267
27.167888 325.064
27.200156 334.025
27.23141 342.612
27.262714 322.286
27.293966 301.18
27.32521 301.822
27.357628 308.543
27.388876 320.33
27.420047 336.521
27.451259 351.663
27.482532 365.755
27.514986 355.619
27.588196 314.731
27.620704 313.039
27.65203 317.146
27.683245 324.23
27.7145 331.257
27.756062 381.716
27.788519 401.769
27.819751 411.507
27.840887 434.412
27.872182 462.303
27.90345 380.354
27.935979 337.905
27.967101 334.169
27.998334 331.591
28.029503 356.129
28.060704 357.571
28.093072 364.313
28.124271 354.474
28.165712 327.566
28.196931 311.319
28.228235 307.286
28.260856 313.603
28.292295 319.466
28.323617 339.776
28.354898 348.417
28.38626 362.344
28.41875 348.606
28.449991 344.702
28.481234 343.283
28.51243 347.593
28.543687 351.319
28.576192 360.986
28.607385 320.716
28.638663 311.586
28.669894 322.244
28.701113 334.107
28.733565 356.878
28.76479 369.225
28.795964 380.527
28.857651 433.371
28.888858 464.294
28.921274 452.535
28.953719 383.225
28.986238 375.17
29.018627 415.045
29.071475 419.317
29.102661 367.364
29.194952 359.166
29.226233 308.07
29.257518 300.073
29.289922 307.394
29.321163 309.358
29.35237 304.232
29.383574 341.177
29.44548 325.135
29.477704 321.266
29.549645 326.818
29.580859 343.202
29.612043 340.917
29.663744 334.099
29.696153 340.969
29.72733 345.291
29.758546 387.437
29.789788 396.364
29.821048 426.563
29.853443 409.035
30.12915 393.25
30.414873 384.415
30.456252 376.843
30.731916 387.124
30.876375 401.552
30.968846 392.282
31.061257 394.889
31.143335 386.979
31.205116 379.528
31.319156 379.078
31.361708 386.475
31.423548 378.692
31.536411 377.083
31.577756 380.156
31.619129 335.084
31.65153 307.492
31.682788 305.381
31.713931 301.598
31.745203 310.132
31.776496 312.585
31.808799 335.501
31.840062 348.972
31.871315 352.638
31.902588 367.189
31.933808 329.148
32.027416 308.96
32.0586 319.98
32.089807 333.929
32.121019 376.119
32.182784 330.298
32.215236 351.466
32.266748 351.953
32.297943 358.621
32.329224 360.855
32.36047 351.358
32.403132 307.11
32.43558 308.717
32.46682 318.112
32.498051 327.729
32.529275 317.509
32.631708 312.947
32.664063 323.702
32.695273 324.281
32.726652 330.859
32.758071 320.138
32.789518 309.087
32.822145 310.353
32.853562 319.014
32.884942 338.815
32.916272 332.07
32.95794 312.679
32.99062 306.817
33.02204 300.778
33.043158 301.822
33.074516 316.868
33.105889 328.396
33.138463 328.529
33.171038 326.772
33.203512 301.448
33.236098 297.018
33.26862 317.989
33.301219 318.518
33.333781 327.428
33.366447 323.481
33.397862 314.071
33.429355 296.335
33.460739 298.204
33.492012 301.657
33.524331 298.845
33.556591 300.834
33.588878 314.721
33.620092 320.713
33.651282 316.294
33.702868 311.435
33.734159 316.868
33.766617 318.492
33.798974 324.207
33.831425 342.782
33.863873 336.007
33.894976 346.769
33.926086 366.372
33.967475 369.562
33.998708 381.225
34.031051 371.598
34.062247 343.02
34.093371 331.664
34.124492 333.101
34.155608 336.233
34.187886 343.672
34.220339 348.4
34.251496 383.725
34.282666 392.345
34.313764 423.685
34.34508 428.699
34.377555 331.893
34.408713 326.076
34.439984 332.369
34.47117 345.319
34.50233 358.475
34.534494 366.541
34.56561 356.149
34.637437 314.174
34.668586 302.294
34.699712 305.676
34.732141 313.846
34.764605 319.557
34.795736 325.377
34.826956 334.54
34.858228 336.428
34.889348 332.662
34.921653 326.538
34.964163 301.388
34.995348 297.802
35.026535 305.574
35.057674 312.722
35.088749 311.81
35.120904 315.801
35.153171 329.952
35.175114 319.985
35.267326 298.654
35.298531 302.802
35.329653 314.576
35.360804 326.682
35.393099 336.465
35.425462 377.559
35.487221 380.304
35.51853 379.591
35.549627 401.527
35.580622 414.574
35.612938 384.954
35.644061 371.305
35.675208 338.122
35.706358 330.54
35.737566 333.81
35.769886 311.098
35.800993 296.199
35.832106 300.044
35.863294 295.68
35.894522 293.313
35.926799 290.75
35.958974 289.004
35.991029 288.109
36.023204 289.335
36.054332 301.094
36.0855 293.732
36.116659 292.718
36.147812 305.225
36.18012 318.078
36.212502 312.437
36.243639 315.904
36.274804 321.616
36.305945 320.296
36.337112 323.062
36.369453 303.967
36.401792 293.671
36.424004 301.395
36.476836 313.636
36.508012 320.057
36.539132 319.009
36.570355 314.373
36.601608 315.48
36.634131 311.892
36.665254 304.534
36.696419 303.393
36.727529 310.054
36.758718 310.837
36.791109 301.278
36.812166 297.936
36.904498 291.597
36.935808 299.37
36.967003 302.114
36.999395 336.799
37.03053 350.922
37.061731 369.951
37.092885 373.432
37.124038 394.472
37.156388 417.024
37.188657 419.198
37.22088 344.86
37.253112 332.911
37.2842 337.179
37.315325 358.433
37.346534 350.799
37.377635 342.516
37.420153 313.66
37.451377 306.237
37.482579 307.778
37.513751 303.07
37.544955 300.361
37.567084 322.08
37.618595 301.529
37.649742 316.774
37.691033 319.876
37.722256 329.492
37.754595 369.312
37.795963 383.142
37.827103 387.343
37.858274 393.965
37.889405 395.477
37.921583 384.318
37.95379 401.618
37.996178 390.287
38.028263 403.192
38.060591 424.816
38.092938 442.898
38.125069 452.268
38.157303 360.959
38.189346 359.68
38.221604 369.076
38.253969 380.115
38.286329 367.852
38.328642 309.712
38.360864 300.04
38.391995 303.898
38.423161 317.375
38.454572 317.427
38.485794 315.909
38.518076 322.057
38.549198 313.162
38.580333 304.864
38.611469 309.801
38.642653 312.151
38.674889 315.053
38.705964 328.721
38.737147 334.342
38.768322 325.826
38.830123 323.604
38.862504 328.264
38.893693 332.187
38.924883 349.266
38.95605 374.279
38.987249 393.071
39.019711 398.718
39.051913 424.102
39.084187 428.523
39.116447 396.505
39.169074 340.76
39.201221 318.342
39.232352 328.957
39.263461 352.654
39.294576 355.04
39.325762 374.944
39.358215 386.357
39.389269 387.972
39.420418 393.691
39.451609 380.762
39.482795 323.407
39.515201 314.738
39.546488 319.617
39.577744 331.313
39.608901 340.494
39.640262 358.621
39.672571 376.688
39.703691 379.612
39.7246 386.851
39.755823 346.653
39.787 339.745
39.819339 344.808
39.85051 360.032
39.881721 388.829
39.912825 391.29
39.94402 353.326
39.97641 311.416
40.007459 312.23
40.038592 318.293
40.069758 346.782
40.100901 397.496
40.153537 383.275
40.185667 323.12
40.217857 313.671
40.248974 323.288
40.280173 331.992
40.311364 335.34
40.342606 351.94
40.375046 366.96
40.40621 373.329
40.437375 318.277
40.468623 299.523
40.499826 294.236
40.532185 294.279
40.563355 327.12
40.594413 330.895
40.625497 335.303
40.656687 314.382
40.689124 306.119
40.720211 312.961
40.751584 324.918
40.782867 338.767
40.814239 348.809
40.846646 354.61
40.879036 319.666
40.910188 319.468
40.941413 312.491
40.972532 329.258
41.003612 342.226
41.035994 348.046
41.067124 340.076
41.098334 317.298
41.129567 310.363
41.160738 314.887
41.19298 318.643
41.224127 338.082
41.255308 354.025
41.286567 346.418
41.317787 315.564
41.350112 302.717
41.381195 305.152
41.412353 318.047
41.443505 325.094
41.474733 363.895
45.321662 287.724
45.343719 289.168
45.374796 288.04
45.405948 286.487
45.437063 293.827
45.468273 290.47
45.500677 286.825
45.531849 286.584
45.563071 286.358
45.594342 286.223
45.625608 286.358
45.658068 290.571
45.689312 305.12
45.720545 317.903
45.751733 380.635
45.793144 385.105
45.825589 419.236
45.846716 437.795
45.877951 450.048
45.909211 429.173
45.980977 347.929
46.013383 322.392
46.044614 317.476
46.086 293.375
46.117213 288.582
46.14838 288.771
46.180736 302.928
46.211997 293.328
46.243324 291.72
46.27456 292.841
46.305867 288.547
46.338253 290.09
46.369749 299.406
46.40103 312.867
46.432358 329.559
46.463661 344.919
46.496087 335.349
46.527313 309.875
46.558607 309.558
46.589833 317.413
46.621086 328.126
46.653358 328.228
46.685733 345.009
46.718134 343.79
46.750543 302.308
46.783012 303.433
46.81423 310.149
46.84545 314.263
46.87667 329.217
46.907854 338.412
46.940208 346.155
46.97257 339.786
47.005041 322.442
47.037492 323.799
47.06995 326.659
47.102302 342.305
47.134638 349.534
47.167062 367.294
47.199344 393.97
47.231733 395.953
47.262836 364.885
47.29404 349.483
47.325266 348.072
47.356542 347.653
47.388916 344.941
47.420135 337.296
47.471588 315.776
47.502796 311.351
47.533983 311.283
47.566418 316.391
47.597578 323.3
47.628771 343.006
47.659987 326.503
47.691182 343.165
47.733779 351.296
47.775201 340.89
47.806409 345.517
47.837602 337.963
47.909478 312.624
47.941917 318.036
47.97302 326.791
48.004093 329.661
48.035204 346.517
48.066423 322.092
48.098657 307.837
48.129751 312.625
48.161008 325.19
48.192156 347.968
48.223358 361.789
48.255783 364.153
48.287031 317.719
48.318243 315.032
48.349454 320.96
48.380563 339.197
48.412896 360.466
48.454289 359.62
48.485419 368.943
48.516625 344.792
48.547867 312.77
48.580091 302.008
48.611254 353.341
48.683115 356.299
48.714346 352.504
48.796362 343.17
48.818591 317.111
48.85093 321.315
48.88209 324.086
48.913265 330.232
48.944434 329.518
49.209638 344.177
49.333608 362.202
49.415678 357.642
49.538626 359.405
49.580093 351.073
49.631732 344.525
49.66401 342.728
49.756356 349.474
49.828355 358.918
49.859474 355.492
49.890655 351.241
49.973814 360.843
50.076229 344.637
50.127761 330.062
50.158825 336.912
50.189962 359.397
50.222422 390.461
50.253561 406.873
50.284861 434.143
50.316052 452.448
50.347251 466.002
50.379618 489.692
50.410711 504.794
50.441823 546.335
50.472979 553.918
50.514407 604.889
50.546654 479.124
50.608382 442.663
50.639672 441.094
50.670842 459.109
50.712248 427.72
50.74471 368.55
50.777076 361.463
50.799326 360.725
50.83189 373.685
50.864192 393.251
50.896634 379.543
50.92787 328.127
50.959038 317.487
50.99023 324.469
51.021507 333.184
51.053786 339.845
51.084877 346.755
51.116133 345.669
51.147292 333.305
51.188688 317.629
51.220946 315.106
51.252186 342.572
51.303785 345.613
51.334907 342.928
51.366091 307.58
51.39848 312.856
51.429637 328.249
51.460935 340.941
51.481895 352.078
51.513223 360.486
51.54553 342.958
51.587991 359.983
51.711807 358.889
51.743192 361.872
51.774469 354.411
51.805615 321.025
51.836742 303.867
51.868996 298.93
51.900206 301.953
51.931393 303.675
51.962706 304.385
51.993957 306.013
52.056803 318.143
52.08792 323.367
52.119064 332.182
52.150226 341.731
52.181464 364.476
52.213824 369.436
52.24497 396.248
52.276147 412.721
52.307399 438.217
52.36917 387.519
52.401531 397.722
52.432729 360.467
52.46388 308.482
52.495062 295.295
52.526274 301.61
52.558691 310.854
52.589957 312.394
52.621083 308.781
52.67269 292.86
52.704008 290.183
52.736397 309.995
52.767659 320.009
52.798943 335.867
52.830112 346.538
52.861383 376.243
52.89378 383.864
52.925066 394.684
52.956224 413.876
52.987504 332.252
53.018775 326.898
53.051053 330.268
53.092409 329.126
53.123494 341.05
53.154709 365.078
53.185911 386.697
53.218414 345.215
53.250783 327.711
53.283014 337.252
53.315099 349.373
53.34711 361.016
53.378282 367.672
53.409501 401.883
53.440609 408.893
53.461502 380.086
53.49379 309.404
53.52617 298.97
53.558348 303.404
53.590628 302.011
53.62285 309.675
53.655142 308.819
53.687448 313.628
53.719583 299.588
53.751833 301.017
53.784027 305.822
53.816253 307.557
53.848291 345.852
53.931501 327.79
53.962613 311.618
53.993799 307.45
54.024916 304.913
54.056047 305.196
54.088207 304.671
54.120464 301.869
54.213893 292.374
54.245121 296.648
54.276282 309.36
54.307427 332.261
54.338734 343.656
54.371118 366.166
54.402317 385.803
54.433621 392.713
54.464919 412.683
54.496072 424.873
54.528589 428.623
54.56095 426.936
54.59327 408.867
54.625683 328.547
54.6579 335.493
54.750157 331.39
54.781357 336.894
54.812542 350.421
54.843756 316.399
54.876025 313.676
54.907181 310.166
54.938349 295.095
54.969482 295.663
55.000638 297.248
55.033012 294.478
55.054124 296.492
55.085243 307.157
55.116473 321.15
55.147737 329.044
55.179998 348.697
55.211155 354.759
55.242393 358.474
55.27355 369.072
55.304755 352.356
55.337043 333.616
55.369178 341.692
55.401338 360.836
55.4336 387.246
55.465911 341.495
55.498153 322.148
55.530529 319.863
55.562957 319.489
55.595365 322.139
55.627463 326.749
55.658781 323.089
55.689796 321.78
55.720916 307.203
55.752244 295.535
55.784622 293.7
55.815799 293.589
55.846998 292.825
55.878242 293.676
55.909381 302.37
55.941717 305.587
55.972929 310.296
55.993896 311.546
56.025097 327.926
56.056277 355.545
56.088665 371.736
56.120938 383.668
56.15204 358.939
56.183279 324.893
56.214492 314.219
56.24577 350.86
56.329275 361.947
56.370893 352.907
56.463392 317.228
56.494801 312.461
56.526173 325.237
56.558752 371.122
56.621856 375.713
56.654221 328.826
56.686624 311.911
56.719148 321.157
56.761819 319.531
56.794242 319.69
56.826593 315.298
56.909925 303.749
56.941161 314.45
56.972432 319.199
57.003669 323.846
57.034929 331.988
57.067358 349.258
57.099757 361.037
57.132305 370.119
57.16473 389.187
57.197186 395.542
57.228469 401.759
57.259777 418.875
57.291041 420.634
57.322373 450.73
57.354779 406.685
57.385989 329.713
57.407079 318.343
57.438223 328.17
57.469488 330.681
57.502073 341.299
57.5344 352.12
57.566887 357.688
57.599395 348.638
57.630635 328.413
57.661885 324.569
57.693152 323.103
57.724445 329.948
57.756861 347.556
57.788125 364.052
57.819343 384.609
57.850677 402.11
57.881922 428.191
57.914277 487.632
57.955616 498.722
57.976706 518.303
58.007992 555.56
58.039389 492.65
58.072051 432.778
58.103459 435.627
58.13476 439.724
58.166213 443.701
58.19757 460.188
58.230144 473.83
58.261515 487.891
58.292826 365.449
58.324175 307.983
58.355597 309.333
58.388203 291.963
58.420633 287.219
58.453056 294.573
58.485615 295.381
58.518029 296.913
58.550462 296.849
58.581691 294.983
58.612941 290.527
58.644199 293.039
58.675443 315.99
58.707834 305.582
58.740334 303.759
58.771481 304.628
58.802714 298.727
58.83395 300.431
58.86523 302.086
58.897608 321.501
58.930072 325.98
58.962506 324.39
58.995056 318.828
59.026293 319.011
59.057491 310.811
59.08865 322.912
59.119859 328.106
59.152196 335.154
59.184552 349.344
59.216861 336.914
59.249202 306.243
59.281596 309.721
59.314113 318.016
59.345322 322.734
59.376543 336.609
59.407809 342.814
59.439154 309.476
59.471505 304.163
59.504032 309.229
59.536342 308.703
59.568772 320.98
59.590998 340.549
59.622334 339.526
59.653608 337.917
59.684815 312.019
59.716092 302.379
59.748543 300.923
59.780964 301.361
59.813305 316.799
59.845544 326.697
59.876652 321.248
59.907824 303.98
59.938979 305.361
59.970145 312.91
60.002508 321.875
60.034945 336.874
60.067328 339.19
60.098535 327.232
60.150106 302.857
60.181235 304.889
60.212424 315.332
60.244802 327.635
60.277197 334.571
60.309493 345.108
60.341644 322.444
60.372736 305.247
60.403846 308.279
60.434961 313.698
60.466222 325.916
60.498497 320.499
60.561332 297.273
60.592496 297.08
60.623669 303.263
60.654868 315.117
60.686147 326.904
60.718461 339.574
60.750839 343.831
60.783096 364.308
60.815298 326.942
60.868022 311.257
60.900332 309.153
60.932652 329.59
60.964754 353.391
61.007437 354.029
61.039609 366.407
61.07188 320.709
61.094 299.436
61.126283 304.61
61.158558 310.4
61.190927 307.127
61.253946 300.645
61.286203 304.804
61.31845 307.447
61.350877 318.868
61.383243 330.847
61.415765 334.395
61.448076 355.366
61.480225 372.058
61.512408 373.692
61.544641 327.832
61.576986 310.616
61.609353 302.905
61.641604 310.729
61.673842 316.808
61.706049 324.366
61.738341 333.524
61.770612 315.09
61.802926 297.759
61.835321 305.743
61.867706 308.744
61.900154 314.388
61.932427 311.477
61.964768 297.369
61.997061 293.466
62.029237 295.149
62.061535 304.657
62.093818 309.557
62.12608 312.589
62.158275 318.433
62.190494 301.654
62.222903 294.609
62.255211 304.142
62.287533 305.522
62.319854 308.886
62.352097 309.631
62.384368 299.404
62.416648 294.175
62.448905 300.372
62.480975 302.984
62.513204 313.49
62.545557 310.411
62.577926 304.678
62.610193 294.983
62.642575 301.432
62.674873 309.96
62.707103 329.185
62.749558 318.738
62.781626 315.102
62.824065 298.452
62.856338 300.604
62.878315 304.666
62.910592 309.068
62.942826 314.005
62.97513 316.529
63.007271 322.235
63.039464 306.109
63.071459 307.14
63.103688 319.813
63.135911 313.174
63.168224 309.488
63.210938 300.23
63.24343 301.234
63.275875 311.961
63.308085 315.304
63.340284 319.872
63.372488 327.775
63.404783 350.131
63.436986 365.471
63.469256 383.188
63.50152 360.809
63.532623 319.613
63.563773 311.91
63.595021 314.98
63.626265 322.026
63.658661 324.151
63.691025 331.149
63.723278 346.811
63.754515 339.12
63.826394 324.518
63.857672 316.077
63.888919 325.827
63.921475 345.554
63.9538 353.579
63.984967 362.494
64.016175 371.884
64.047394 389.936
64.07861 390.803
64.111054 377.541
64.172817 330.503
64.204006 328.23
64.255523 317.471
64.28672 313.02
64.319088 317.627
64.351251 324.466
64.382401 357.414
64.413508 386.735
64.454836 363.135
64.547096 323.224
64.579472 302.128
64.610679 303.475
64.641853 335.165
64.703599 334.332
64.734798 342.903
64.767136 350.221
64.798403 355.975
64.829674 352.45
64.952465 319.72
64.9837 327.872
65.015963 348.256
65.047064 371.872
65.078182 380.674
65.099073 394.699
65.130231 361.188
65.16247 360.612
65.214053 379.068
65.24524 413.336
65.276388 420.968
65.307533 404.338
66.387695 346.36
66.418883 311.61
66.450213 306.461
66.481539 316.204
66.512828 318.184
66.545088 325.705
66.576309 342.091
66.607515 352.301
66.638722 361.438
66.669918 366.399
66.702332 356.552
66.733367 313.916
66.764472 310.257
67.029489 301.744
67.060676 301.995
67.092934 303.315
67.378289 317.207
67.480679 333.398
67.552546 330.928
67.695665 340.559
67.799226 348.615
67.83036 344.427
68.013992 353.855
68.126583 365.322
68.178166 373.452
68.230963 386.731
68.424899 379.089
68.47645 372.264
68.507549 366.885
68.55912 357.842
68.591477 348.777
68.724375 342.573
68.755503 337.309
68.786617 330.58
68.838156 327.008
68.870418 326.268
68.902467 325.663
68.933635 325.365
68.974886 324.955
69.01619 322.796
69.047303 313.994
69.079438 313.93
69.110534 315.772
69.141624 311.82
69.182956 308.156
69.224335 304.535
69.25665 306.762
69.28775 305.214
69.3494 300.138
69.380543 298.422
69.411637 299.691
69.443884 300.15
69.475016 299.693
69.526587 297.507
69.557801 295.625
69.589031 295.686
69.621403 296.942
69.652598 297.559
69.683792 295.135
69.715027 298.312
69.7463 295.196
69.778627 293.642
69.809815 292.329
69.840933 291.146
69.882278 289.448
69.91349 289.243
69.945928 289.217
69.977208 290.953
70.008431 290.041
70.039649 292.765
70.070918 289.8
70.103296 289.239
70.134462 293.12
70.165647 292.085
70.207017 289.603
70.238314 291.753
70.270688 290.074
70.301956 289.501
70.33314 288.76
70.364325 291.413
70.395594 288.283
70.427897 288.112
70.45909 287.663
70.510616 287.227
70.54183 290.239
70.572946 286.156
70.605131 286.353
70.636305 285.925
70.667321 289.419
70.698423 289.738
70.729508 290.494
70.761819 298.217
70.793045 295.119
70.824285 300.066
70.855351 315.996
70.906941 301.687
70.939222 304.477
70.970376 323.591
71.001559 340.993
71.032674 339.524
71.063843 309.999
71.096076 293.558
71.127074 291.945
71.279996 288.413
71.311146 285.401
71.34241 286.962
71.374697 288.686
71.405853 288.296
71.437066 288.944
71.468266 298.147
71.499391 307.808
71.531656 313.704
71.562811 309.636
71.593965 330.123
71.625136 344.199
71.656325 349.127
71.688536 358.558
71.719696 346.41
71.750757 335.106
71.781829 325.021
71.813 296.069
71.845327 290.352
71.876481 295.955
71.907584 340.069
71.948947 346.112
71.9801 369.316
72.012393 351.662
72.043445 307.408
72.074599 312.521
72.105621 314.511
72.136739 338.868
72.189318 332.076
72.250948 312.94
72.282189 313.429
72.313289 339.302
72.354643 356.591
72.386962 370.601
72.418181 382.166
72.449364 342.833
72.48055 319.888
72.511646 309.404
72.544059 307.065
72.575289 314.65
72.60642 329.523
72.637753 375.028
72.668992 363.65
72.721648 328.108
72.753887 308.06
72.785919 323.89
72.8182 338.467
72.850239 347.499
72.882484 369.049
72.914529 358.676
72.957047 303.496
72.989135 307.621
73.02126 322.757
73.05348 328.168
73.085536 347.88
73.117693 332.59
73.149806 307.403
73.182061 300.892
73.214328 345.194
73.287394 343.212
73.318478 348.366
73.34959 340.258
73.380689 328.506
73.411859 309.597
73.444144 313.254
73.476378 322.892
73.508548 319.419
73.54075 324.854
73.572894 330.414
73.604878 330.819
73.637258 325.67
73.699968 315.041
73.731966 312.424
73.764189 323.217
73.796239 334.052
73.828382 342.836
73.860463 362.455
73.8925 368.012
73.924559 382.234
73.956759 391.325
73.988929 385.541
74.021109 348.962
74.052304 322.186
74.083432 315.626
74.114534 319.349
74.145689 322.928
74.177934 336.652
74.21033 343.016
74.242655 335.886
74.285315 310.944
74.31762 312.403
74.349717 319.086
74.380932 327.235
74.412148 335.498
74.44325 355.363
74.474428 372.428
74.50677 387.698
74.539235 375.001
74.60094 317.08
74.632136 305.867
74.663321 311.94
74.694461 327.532
74.726751 328.993
74.758932 345.576
74.791226 372.637
74.822353 383.968
74.853404 396.05
74.884474 382.05
74.915685 361.13
74.947999 339.613
74.980061 344.529
75.012257 350.286
75.043305 366.037
75.074483 376.454
75.105556 382.853
75.136612 322.818
75.168896 315.632
75.201001 307.203
75.233216 306.313
75.265365 313.826
75.297558 316.86
75.329718 311.432
75.372107 307.442
75.403213 311.089
75.434334 310.482
75.465415 348.271
75.557736 336.092
75.589991 307.959
75.622377 304.201
75.654849 309.168
75.687316 317.111
75.719421 309.51
75.842213 300.666
75.873356 308.182
75.904524 309.13
75.935664 315.151
75.968053 322.664
76.0003 336.687
76.032462 341.888
76.064856 345.602
76.096151 354.09
76.127363 363.755
76.158632 365.161
76.189854 383.57
76.22223 371.502
76.264863 346.84
76.296135 321.208
76.327328 327.082
76.358586 327.543
76.389788 340.42
76.422274 346.228
76.453466 356.886
76.484673 369.914
76.515819 386.465
76.547024 392.444
76.579414 356.906
76.610531 310.68
76.641671 316.55
76.672917 329.133
76.704169 331.341
76.736438 332.144
76.767596 327.868
76.798696 328.471
76.829722 300.583
76.860827 299.065
76.893069 315.255
76.924224 314.611
76.955284 318.444
76.986391 327.636
77.01757 303.475
77.049727 295.795
77.080755 296.172
77.111757 309.603
77.142817 317.228
77.173872 322.501
77.205986 329.872
77.237236 315.419
77.268341 304.338
77.299436 309.99
77.320393 310.396
77.3526 311.605
77.383668 317.635
77.414808 335.496
77.445975 319.75
77.477104 301.9
77.509333 304.996
77.540405 315.298
77.571525 326.647
77.602631 338.755
77.633715 358.089
77.666151 351.605
77.697187 325.583
77.728259 322.449
77.759391 324.118
77.790517 350.014
77.822781 358.181
77.854109 364.395
77.885194 331.798
77.936768 314.308
77.967968 306.174
78.000266 318.192
78.041641 321.759
78.072794 332.268
78.103884 322.213
78.145285 301.965
78.177679 303.304
78.208817 323.094
78.24 333.525
78.271279 344.067
78.302551 330.621
78.345087 306.144
78.377388 311.257
78.408493 321.931
78.43955 336.635
78.470815 352.25
78.501889 344.744
78.544277 313.299
78.576456 315.622
78.608383 326.064
78.640318 339.252
78.672535 367.555
78.704429 372.806
78.736478 331.382
78.778628 329.939
78.810699 342.13
78.843102 366.66
78.87535 379.431
78.907545 393.016
78.939788 398.599
78.971958 315.002
79.003069 302.348
79.034249 299.28
79.065325 304.854
79.096505 316.903
79.128741 335.535
79.160769 355.493
79.1929 374.357
79.22499 364.487
79.257173 361.924
79.28929 364.127
79.321227 371.118
79.353265 380.902
79.385497 397.253
79.417468 418.826
79.448557 427.159
79.479733 460.517
79.510825 468.064
79.541897 432.052
79.57424 421.322
79.605283 416.532
79.636369 425.872
79.667567 433.892
79.719117 515.949
79.79218 535.829
79.8233 542.245
79.854431 561.969
79.967026 598.479
79.998113 579.908
80.030375 552.715
80.061364 554.136
80.092376 569.06
80.123483 613.093
80.164754 629.445
80.196952 632.731
80.228121 589.094
80.259288 427.123
80.290412 330.363
80.331772 293.058
80.364225 290.567
80.395256 288.804
80.42632 287.445
80.457485 287.993
80.488657 295.966
80.520907 293.469
80.552011 288.987
80.583148 297.98
80.614239 297.396
80.645389 297.595
80.677741 307.819
80.708969 310.786
80.740197 303.866
80.771494 300.352
80.802732 304.169
80.834985 303.66
80.866102 302.181
80.897192 299.867
80.928209 294.205
80.959319 297.846
81.052779 297.913
81.084173 307.146
81.115262 306.044
81.410742 311.898
81.472773 319.103
81.525795 325.081
81.577611 330.485
81.639663 335.083
81.691462 335.18
81.74316 334.885
81.795993 330.664
81.828222 326.358
81.889915 329.679
81.941464 326.921
81.972622 323.46
82.054739 314.972
82.087084 299.425
82.118205 303.738
82.149317 305.825
82.180442 302.51
82.211696 314.172
82.244101 323.043
82.275323 351.068
82.306521 365.821
82.337611 380.971
82.368738 401.627
82.400882 415.659
82.431944 431.021
82.463055 450.605
82.494269 396.189
82.525413 358.763
82.557721 318.762
82.588836 326.038
82.619867 334.328
82.650887 349.478
82.682186 367.084
82.71451 360.653
82.746612 315.942
82.778815 316.517
82.809921 323.678
87.416094 285.646
87.447239 287.18
87.478504 285.77
87.510861 285.899
87.542049 285.566
87.573233 285.22
87.604288 285.357
87.635477 286.156
87.667721 286.509
87.698936 286.769
87.730208 288.181
87.761316 310.808
87.79264 318.917
87.824938 327.17
87.856135 349.917
87.887296 355.554
87.918436 372.333
87.959821 382.355
87.992174 390.017
88.023391 432.755
88.054529 446.372
88.085663 432.047
88.11689 389.732
88.179717 339.557
88.21076 328.652
88.242049 321.353
88.273289 300.46
88.304469 289.287
88.336757 294.229
88.367928 323.36
88.399023 337.901
88.430118 362.966
88.461292 408.094
88.524256 406.183
88.55533 359.563
88.586561 326.946
88.627874 319.905
88.658946 318.822
88.691233 318.108
88.722379 330.661
88.753601 325.071
88.805066 300.088
88.836236 296.733
88.868494 300.936
88.899622 309.05
88.930728 317.942
88.961899 337.722
88.993042 347.338
89.02523 370.371
89.056334 377.618
89.087427 386.292
89.118484 406.066
89.159746 412.286
89.192046 422.78
89.223206 368.724
89.254377 322.127
89.285423 318.501
89.316514 328.197
89.348832 332.94
89.379875 326.845
89.441536 311.851
89.47263 304.177
89.503691 318.562
89.535967 320.937
89.566996 323.619
89.598114 335.024
89.629184 356.995
89.660291 373.797
89.682285 374.768
89.714468 365.508
89.746647 367.801
89.778622 378.919
89.810611 387.729
89.842749 345.147
89.874809 315.606
89.906933 322.574
89.939039 332.218
89.971256 333.305
90.003379 365.271
90.035533 366.86
90.067608 315.11
90.099604 314.728
90.131794 317.313
90.163991 319.982
90.196035 324.312
90.217779 332.871
90.249861 350.325
90.28204 360.016
90.314177 368.734
90.346146 350.416
90.378254 347.568
90.41026 355.134
90.442366 363.467
90.474363 369.879
90.50643 371.708
90.538534 385.823
90.570611 317.112
90.602661 317.684
90.634786 320.492
90.66697 326.045
90.699191 332.749
90.731474 344.134
90.763755 320.936
90.795917 315.315
90.827977 316.436
90.860025 322.449
90.892163 323.683
90.924102 332.608
90.956187 344.81
90.988413 347.272
91.020554 338.301
91.052656 321.032
91.084714 318.558
91.116738 318.365
91.148648 332.934
91.180716 341.542
91.212907 348.878
91.24517 327.099
91.2772 314.634
91.309203 313.916
91.341331 319.597
91.373396 329.506
91.405517 351.165
91.437619 368.603
91.469726 347.944
91.501687 330.077
91.53367 332.747
91.565615 341.713
91.597574 347.125
91.6295 352.972
91.661375 355.326
91.693266 306.545
91.725356 302.731
91.757698 315.58
91.789674 325.138
91.821735 332.282
91.853586 339.091
91.875357 342.322
91.907351 353.184
91.9395 358.661
91.971635 337.471
92.003675 331.223
92.035614 334.575
92.067601 342.088
92.099429 346.5
92.13162 340.865
92.163665 313.125
92.195851 313.415
92.228066 314.559
92.260129 323.124
92.292256 333.629
92.324301 337.191
92.356547 345.114
92.388537 331.118
92.420691 303.427
92.45289 302.479
92.484936 315.845
92.517118 362.968
92.651186 361.482
92.682368 315.483
92.713471 302.072
92.74468 308.459
92.775851 318.281
92.808143 324.704
92.839285 334.014
92.870437 350.37
92.901556 343.955
92.93267 318.618
92.964932 313.836
92.996031 322.397
93.027058 325.285
93.058207 340.677
93.089375 351.241
93.121606 367.52
93.152699 371.056
93.183869 354.192
93.215034 326.445
93.246269 323.034
93.278641 328.017
93.30975 335.704
93.340822 343.971
93.372044 342.114
93.403238 320.007
93.43544 312.476
93.466547 315.225
93.49762 333.76
93.528698 341.793
93.559832 358.919
93.59217 379.979
93.623228 394.424
93.654258 338.598
93.685357 328.904
93.716506 337.61
93.74895 347.051
93.780087 350.291
93.811321 364.077
93.84251 379.773
93.87367 352.853
93.905918 323.534
93.937084 317.282
93.968184 347.499
94.019737 357.657
94.040751 370.694
94.07301 388.905
94.104134 340.318
94.135221 320.866
94.166316 326.347
94.197469 346.806
94.229777 379.525
94.271086 367.538
94.342849 319.899
94.373973 303.676
94.405202 300.654
94.437603 311.749
94.468811 329.959
94.500041 338.65
94.531276 351.661
94.562535 367.142
94.595036 356.749
94.668116 310.12
94.700532 313.248
94.731763 331.569
94.763069 337.577
94.794285 342.681
94.825492 357.993
94.857912 370.954
94.889134 400.571
94.92039 417.879
94.951664 374.282
94.98286 319.459
95.015183 315.788
95.046458 317.637
95.077715 331.007
95.108984 348.409
95.140272 365.594
95.172596 371.002
95.203809 370.271
95.235037 359.643
95.286564 304.16
95.317783 302.72
95.350091 318.992
95.381287 322.063
95.412491 336.66
95.443693 371.715
95.47492 386.221
95.507324 396.723
95.538569 382.595
95.579941 352.171
95.611072 313.909
95.642312 314.247
95.674624 316.724
95.705817 319.708
95.736867 315.177
95.768136 304.501
95.799325 303.459
95.831531 312.858
95.86252 314.575
95.89353 324.494
95.924576 324.68
95.955648 319.515
95.998044 301.037
96.029081 302.001
96.060198 325.4
96.091284 327.029
96.12239 365.969
96.154697 369.471
96.185727 390.787
96.21681 400.721
96.247903 386.417
96.289238 337.331
96.321501 316.46
96.352702 327.046
96.383934 334.316
96.415192 354.486
96.446475 361.446
96.478826 387.525
96.511023 326.985
96.543288 321.836
96.575635 334.584
96.606866 344.887
96.637967 346.099
96.669161 338.316
96.700364 301.861
96.732521 301.425
96.764802 313.033
96.796969 323.041
96.829046 321.017
96.861098 317.216
96.893159 317.032
96.925275 313.39
96.998302 304.971
97.030594 307.512
97.062672 308.914
97.094611 309.233
97.126536 312.497
97.158665 314.967
97.180376 315.131
97.212344 314.514
97.315886 315.694
97.346901 314.725
97.377915 319.04
97.408952 329.13
97.439988 349.813
97.472244 350.386
97.504217 365.228
97.536039 371.541
97.567928 370.934
97.598968 389.708
97.629975 393.591
97.660978 380.306
97.702254 312.094
97.734429 310.373
97.766588 322.249
97.798565 335.089
97.830458 346.573
97.862408 351.566
97.894351 343.356
97.925384 317.332
97.956457 322.353
97.987503 335.155
98.018513 333.672
98.050757 340.909
98.081768 317.721
98.112821 302.145
98.143853 301.97
98.17491 299.535
98.207041 306.414
98.239073 316.866
98.271143 312.7
98.344167 307.434
98.375297 325.247
98.416603 328.418
98.447636 334.016
98.47872 358.221
98.510864 378.959
98.541913 383.62
98.572958 408.014
98.60396 428.608
98.635113 440.553
98.667392 420.976
98.6984 373.988
98.729523 340.217
98.760664 333.602
98.791901 350.977
98.824218 360.546
98.855412 362.113
98.886599 357.969
99.182329 359.33
99.223733 373.508
99.327226 390.415
99.409233 405.075
99.501542 417.606
99.58365 411.392
99.635203 399.438
99.738706 397.979
99.811758 387.665
99.844039 377.498
99.956615 379.677
100.038673 381.891
