1.5e-05 0.014619
0.26649 0.026715
0.29757 0.036549
0.328778 0.042206
0.359973 0.048906
0.391131 0.055607
0.423444 0.059088
0.454611 0.054911
0.496039 0.097465
0.547533 0.102947
0.578716 0.103121
0.610973 0.10347
0.642119 0.10347
0.673182 0.108169
0.704211 0.112955
0.735679 0.116697
0.76796 0.120526
0.798984 0.132622
0.830041 0.165517
0.861091 0.176308
0.892139 0.198063
0.924289 0.220428
0.955374 0.214511
0.986459 0.21016
1.017582 0.215294
1.048673 0.215294
1.081021 0.220428
1.112163 0.225563
1.143217 0.224431
1.174318 0.225911
1.205384 0.226694
1.237454 0.234961
1.268703 0.239051
1.299781 0.233482
1.331042 0.237137
1.362063 0.237137
1.39432 0.261416
1.425311 0.291613
1.456352 0.33234
1.487457 0.379941
1.518595 0.418579
1.55075 0.471489
1.581843 0.550332
1.612835 0.586359
1.643905 0.635614
1.674926 0.64362
1.707111 0.671728
1.73829 0.703492
1.769466 0.733515
1.800555 0.798259
1.831613 0.86109
1.85363 0.924355
1.884702 1.032264
1.915662 1.144349
1.946859 1.253128
1.978003 1.325705
2.010192 1.503231
2.041327 1.632373
2.072319 1.716437
2.103546 1.856718
2.134629 1.974372
2.156783 2.089155
2.1879 2.186795
2.218927 2.415752
2.249953 2.614512
2.281084 2.805701
2.313253 2.994366
2.34447 3.432178
2.375508 3.706213
2.406618 3.635724
2.437841 3.844753
2.47023 4.492028
2.50134 4.626131
2.532459 4.765019
2.563636 5.381749
2.584609 5.678149
2.616881 5.728535
2.648072 6.360408
2.679265 6.870883
2.710589 7.305997
2.742019 7.601004
2.77463 6.158863
2.846834 6.937891
2.878163 7.687244
2.909637 7.882436
2.94109 7.514765
2.97377 7.954317
3.005183 8.181881
3.036659 7.705954
3.068092 8.292487
3.099421 8.866229
3.132005 8.865619
3.163175 7.912546
3.194302 8.297796
3.225481 6.84408
3.256659 7.14135
3.288941 7.445147
3.320092 9.136782
3.351358 9.881523
3.382557 10.616518
3.413721 10.807185
3.446143 6.11422
3.4774 6.396348
3.508576 8.106694
3.539713 10.449347
3.570892 10.632269
3.603157 10.959475
3.634423 11.017258
3.665646 7.296425
3.696745 7.806987
3.727989 8.561301
3.760419 10.704672
3.791612 8.020541
3.853354 8.192846
3.884566 8.471928
3.915729 8.436075
3.948117 8.560692
3.979277 8.848998
4.01048 9.607924
4.041639 8.905041
4.072802 8.931409
4.105177 9.635249
4.136427 10.08681
4.167614 9.806858
4.198806 7.726404
4.250505 7.897404
4.282943 8.079369
4.314253 8.429026
4.345609 8.783209
4.376857 8.853001
4.408072 9.128254
4.44059 9.580163
4.471789 9.62176
4.502967 7.942047
4.585015 8.087027
4.616156 8.313721
4.648381 8.74518
4.679544 9.055329
4.710727 9.351729
4.741878 9.619498
4.773082 9.728972
4.80544 9.447889
4.836589 9.492183
4.867745 8.176486
4.95996 7.771221
4.991097 7.439142
5.023492 6.767674
5.135928 7.264835
5.167078 7.360125
5.198247 7.224283
5.22942 7.256655
5.261804 7.324359
5.292896 7.141437
5.32394 7.823609
5.355127 8.559995
5.406655 9.154187
5.439079 5.730885
5.47033 6.016407
5.501518 6.493465
5.532635 6.82946
5.563843 7.166239
5.596187 7.237075
5.627272 7.519203
5.658361 7.875387
5.689548 8.017495
5.720739 8.480195
5.753071 9.13713
5.784177 10.070972
5.815314 8.033072
5.846466 8.272907
5.877551 8.532322
5.909939 8.705759
5.992089 10.157647
6.023258 6.796653
6.084935 7.107063
6.116102 7.799155
6.148403 8.992238
6.179496 9.224153
6.210674 8.983883
6.241802 9.128428
6.272819 9.005117
6.305009 7.508325
6.336131 7.983382
6.367362 8.97492
6.398461 9.597742
6.429538 7.582556
6.482385 7.730407
6.51353 8.133497
6.544683 8.450956
6.575744 8.62944
6.606864 9.084134
6.639182 9.65509
6.670331 10.160866
6.70143 9.452066
6.7631 9.681284
6.794247 10.172353
6.826646 10.015016
6.857779 10.137631
6.888856 10.565
6.919934 10.305585
6.951059 10.085505
6.983321 7.617887
7.06529 8.750836
7.096475 7.139958
7.168317 7.297382
7.199489 7.309739
7.231911 7.757036
7.262985 8.127753
7.294039 8.623696
7.325219 8.004181
7.366765 8.189888
7.398955 8.308064
7.430056 9.362345
7.46114 9.459202
7.492292 9.148617
7.523448 8.483763
7.555721 8.31024
7.586837 8.177965
7.617925 7.998263
7.649051 8.196849
7.680096 7.281979
7.722551 6.777856
7.753584 8.871711
7.784651 9.928081
7.815724 10.290269
7.846904 10.515049
7.879285 6.135454
7.941105 6.132147
7.972341 6.464661
8.003439 7.054501
8.034677 7.451238
8.066967 7.745027
8.098031 7.968066
8.129124 7.889572
8.160325 8.088593
8.191554 8.321988
8.223861 8.416582
8.244865 7.783143
8.27604 7.994434
8.30722 8.278564
8.338422 8.571395
8.370901 9.041579
8.402006 9.339807
8.433164 9.704693
8.464334 6.933017
8.495548 6.190452
8.527863 6.629656
8.559109 7.114895
8.590413 9.550837
8.621668 7.355078
8.683432 7.587777
8.715751 8.139936
8.746973 8.152729
8.829094 9.995349
8.860253 10.387909
8.891407 7.748421
8.923756 8.588713
8.954949 9.566588
8.986157 9.914418
9.017402 5.701819
9.109785 6.132495
9.142146 6.691529
9.173332 6.46762
9.204517 6.437336
9.235726 7.657395
9.266937 8.766413
9.299218 8.580968
9.330322 8.151075
9.361547 8.404747
9.392724 7.988952
9.423921 8.339741
9.456243 6.859135
9.507853 7.104017
9.579884 7.612752
9.611132 7.866946
9.642285 8.182055
9.674465 8.362628
9.705574 8.333997
9.736654 7.896795
9.767712 7.740415
9.798838 7.575681
9.831249 7.445321
9.862389 7.391541
9.893487 7.856677
9.924629 7.954839
9.955772 8.167436
9.988041 8.584275
10.0192 8.869187
10.050421 9.239295
10.081633 5.194998
10.133248 5.363388
10.165529 5.570937
10.196635 6.708412
10.22778 10.191673
10.258908 10.661509
10.29005 6.584578
10.322354 6.7675
10.353516 7.108281
10.384714 7.793586
10.415747 8.514221
10.4469 8.239752
10.530176 8.432333
10.561457 8.632311
10.592585 9.203964
10.623721 10.491292
10.654928 10.670472
10.687332 8.565391
10.718467 8.675475
10.749624 8.838555
10.780805 9.189866
10.812026 9.079957
10.844406 9.134868
10.875547 7.941089
10.906744 8.280565
10.937907 8.49586
10.969077 8.589322
11.001419 9.282023
11.032656 9.417344
11.063935 9.444408
11.095195 9.76352
11.126459 7.159364
11.158839 7.649563
11.190053 8.37629
11.221293 9.879348
11.252448 9.383144
11.283624 9.409599
11.316037 9.270972
11.347239 7.570459
11.378472 7.827699
11.409597 8.340959
11.440777 8.346267
11.473017 9.543875
11.504191 10.277912
11.535392 6.609641
11.576841 6.97357
11.608133 7.364302
11.64047 7.41347
11.671565 8.308587
11.702694 9.78693
11.733779 9.359822
11.764969 9.178553
11.797194 8.705323
11.828318 7.440882
11.859453 7.394325
11.890616 7.416516
11.921814 7.645125
11.954072 7.548094
11.985232 7.665662
12.016406 7.779053
12.047633 8.224436
12.078855 8.500907
12.111155 8.892335
12.14224 9.087092
12.17347 9.056199
12.20457 6.499818
12.235732 6.996631
12.267996 7.288854
12.299144 7.57716
12.330251 7.696207
12.361451 8.433812
12.392697 9.190737
12.425023 8.564782
12.457196 8.53354
12.488472 0.013314
12.753673 0.18823
13.029179 0.86692
13.060294 1.814773
13.102803 2.354836
13.133959 3.178246
13.165112 3.907148
13.196243 4.468271
13.227392 4.916439
13.259667 5.219278
13.290852 5.43727
13.322 5.480955
13.353153 5.5457
13.384439 5.173156
13.427069 5.157057
13.468456 5.478345
13.499742 5.351727
13.530929 6.878628
13.562073 7.089223
13.594468 7.264661
13.625626 7.40851
13.656758 7.654436
13.687923 7.516853
13.719131 6.55412
13.751484 4.137585
13.782844 4.592801
13.814006 4.954032
13.845198 5.295597
13.876381 7.466815
13.898566 5.649431
13.939981 5.805289
13.971153 6.205072
14.002362 6.639229
14.033543 6.929711
14.065785 8.559734
14.096996 10.516268
14.128144 7.371612
14.159282 7.693858
14.190486 8.03403
14.222951 8.713939
14.254114 10.267034
14.285242 11.043365
14.30613 7.211577
14.347506 7.138565
14.379831 7.65461
14.411045 8.028112
14.442165 8.264466
14.47343 9.345985
14.504673 10.099951
14.537175 9.117463
14.568306 7.804812
14.599521 8.157689
14.63069 8.548856
14.661912 9.165065
14.694281 9.797894
14.725482 8.331822
14.766942 8.746659
14.798189 9.118769
14.829377 9.293423
14.861818 9.707826
14.893079 10.038686
14.924193 7.243602
14.975741 7.375615
15.006936 8.699232
15.039413 9.897623
15.070554 10.289399
15.101665 10.410622
15.122631 10.431246
15.153762 10.504519
15.186042 7.311131
15.217195 7.803506
15.248351 8.474278
15.279492 8.77207
15.310677 9.386016
15.343097 7.807422
15.37451 8.051869
15.395617 8.295533
15.42682 8.500559
15.458169 8.533192
15.490703 8.939763
15.52186 9.061421
15.553054 9.16959
15.584223 9.46599
15.615342 9.37566
15.647665 9.523599
15.67885 9.381316
15.709974 9.149227
15.741183 9.173332
15.772291 9.49697
15.804537 9.707565
15.835581 9.813472
15.866736 7.065466
15.89785 7.328449
15.929022 7.899057
15.961323 8.591237
15.992447 10.310894
16.023567 10.155993
16.054666 6.945027
16.085803 7.379966
16.118138 7.793673
16.149346 8.094598
16.18048 8.102778
16.211571 8.460006
16.242754 8.700624
16.275101 8.414145
16.306177 7.443841
16.337221 7.720487
16.36827 8.197633
16.399379 9.589388
16.43159 10.089247
16.462904 6.885068
16.49402 6.978704
16.525047 7.248649
16.556106 7.601004
16.588354 8.048301
16.619408 8.590279
16.650507 9.125208
16.681633 9.701212
16.712826 8.905302
16.775797 8.927841
16.80697 8.834204
16.838112 8.704018
16.869173 8.654154
16.900234 9.190998
16.932484 9.385406
16.963583 9.263052
16.994603 9.341982
17.025691 8.986668
17.0669 8.909479
17.099156 9.064379
17.130303 9.934346
17.161361 9.872821
17.192325 9.404377
17.223275 9.539437
17.255463 8.038033
17.286472 6.807183
17.317526 6.975485
17.348573 7.234203
17.379615 7.525643
17.411919 7.84841
17.442961 8.554339
17.473978 7.636075
17.504984 8.136804
17.536046 8.088854
17.568201 8.422325
17.599265 8.474104
17.630315 8.938196
17.661323 9.068208
17.692396 5.971416
17.724621 6.38373
17.75566 6.912306
17.786718 8.920966
17.817796 9.530473
17.84886 9.915897
17.88085 9.621151
17.9119 9.779185
17.943007 10.01023
17.974054 9.427874
18.025457 9.636728
18.0577 8.059266
18.098968 9.270797
18.130193 10.48581
18.161336 10.039731
18.192445 10.052523
18.224738 9.965152
18.255847 9.218845
18.297031 9.251391
18.328099 9.766914
18.35924 9.612275
18.391474 9.759953
18.422647 9.114069
18.453706 8.492814
18.484805 8.996328
18.51583 9.118247
18.547914 9.061856
18.578935 9.257135
18.609979 9.176378
18.641025 9.298471
18.672116 7.246909
18.745148 7.584122
18.776182 7.958233
18.807231 7.398763
18.838322 7.588908
18.86937 7.676366
18.901538 7.241078
18.942809 7.222977
18.973844 7.262834
19.004879 7.330625
19.036002 6.647409
19.068305 6.465618
19.099467 6.040947
19.130472 6.366673
19.161617 6.735041
19.192737 6.82772
19.225082 7.267707
19.256152 7.820302
19.287239 8.347486
19.318269 8.653632
19.349351 5.248692
19.412067 5.368783
19.443169 5.481303
19.474261 5.81608
19.50528 6.191844
19.536295 8.902691
19.568514 9.173767
19.599468 9.129472
19.630525 9.109109
19.661506 9.132518
19.692629 7.825088
19.7657 7.978074
19.796777 8.288919
19.82784 8.773549
19.858924 8.618562
19.88993 8.717768
19.922161 8.473669
19.953193 8.851957
19.984252 9.177596
20.015349 9.154796
20.046566 8.766413
20.078701 9.085961
20.109733 9.555971
20.140765 9.765
20.171746 10.171396
20.202782 10.11779
20.234954 10.784733
20.265956 6.842166
20.296969 7.124642
20.328023 7.402592
20.359086 7.776181
20.391233 8.270384
20.422389 8.645017
20.453538 7.90132
20.484802 8.520835
20.515989 9.199091
20.548325 9.212927
20.579585 8.839339
20.610772 9.184123
20.641868 9.360605
20.672919 9.463205
20.705133 7.942395
20.736263 8.368371
20.767334 8.840296
20.798402 10.260856
20.829482 7.565673
20.871859 7.830744
20.902936 8.122097
20.933999 8.516049
20.965037 9.032703
20.996115 9.310306
21.028276 9.539872
21.059371 7.460985
21.090468 7.635204
21.121534 8.287266
21.152628 9.347552
21.184858 11.645736
21.215995 11.708567
21.247169 6.407487
21.298742 6.89377
21.329883 6.897599
21.362358 7.430962
21.393419 7.894097
21.424533 9.283764
21.45565 9.718965
21.486901 9.606966
21.519237 8.539806
21.55041 9.026873
21.581501 9.264793
21.612621 9.444756
21.643589 7.722662
21.696099 8.064923
21.727168 7.972853
21.758231 8.305193
21.789331 8.610817
21.820405 9.083524
21.852608 8.920444
21.883725 8.725513
21.914802 8.85039
21.94589 8.043863
21.976943 8.526666
22.009174 8.872581
22.04023 7.77827
22.101818 7.897578
22.132821 8.113569
22.174003 8.171439
22.206232 8.045343
22.237305 8.160735
22.268348 8.414841
22.299382 8.253762
22.330517 8.013405
22.362812 7.155013
22.393862 5.972199
22.424905 6.127796
22.456144 6.113263
22.487358 5.950617
22.519721 5.885785
22.550802 5.645515
22.581845 5.697468
22.612885 5.367652
22.643962 5.317875
22.676257 5.436139
22.707311 5.441273
22.738429 5.376093
22.769502 5.68163
22.800542 6.454218
22.832741 6.589277
22.863795 6.611555
22.894802 6.414014
22.936136 5.063333
22.967325 4.784338
22.999561 5.052107
23.030656 5.24904
23.061694 5.659265
23.092796 5.916678
23.134054 6.108303
23.166368 5.663616
23.197401 5.790756
23.228424 6.204202
23.25946 6.628177
23.290591 6.811534
23.322853 6.963475
23.353949 5.885785
23.384936 6.186971
23.415987 6.628699
23.447178 7.014906
23.479524 7.309304
23.510626 7.218017
23.541771 7.283371
23.572812 7.681413
23.603851 8.118094
23.636049 8.250977
23.667105 8.476279
23.698115 8.744658
23.729191 6.85374
23.790847 6.871579
23.82282 8.939328
23.853881 8.89512
23.884884 8.663901
23.915971 9.076911
23.947075 8.745441
23.979245 9.121466
24.010249 9.103975
24.041217 8.869622
24.062118 8.975964
24.093134 8.393521
24.145656 8.522576
24.176736 8.873103
24.207782 9.173767
24.238834 8.935151
24.269991 8.892771
24.302242 8.160648
24.333347 8.47802
24.364306 8.529798
24.395339 8.747704
24.426426 8.699754
24.469009 9.023479
24.500332 8.971352
24.531423 8.497687
24.562524 8.425284
24.593635 8.386472
24.62591 8.524925
24.657011 8.295881
24.688054 7.249171
24.719137 6.466314
24.750264 6.828764
24.782583 7.233942
24.803425 7.661311
24.83453 9.675018
24.865584 8.94716
24.896564 7.65783
24.928797 7.425131
24.959837 7.359081
24.990872 7.78732
25.021903 8.05274
25.052978 8.332344
25.085197 8.558777
25.116225 8.091987
25.137075 7.534084
25.168085 7.448627
25.199115 7.577334
25.231355 8.056656
25.262423 7.918202
25.29354 7.795065
25.324628 7.604311
25.355706 7.356383
25.387966 7.6815
25.418992 7.740328
25.450183 7.721531
25.48133 7.350466
25.512434 7.126208
25.54459 6.815798
25.575624 7.145092
25.606709 6.682653
25.637753 6.64532
25.668807 6.151814
25.700933 6.226305
25.731954 6.583273
25.762924 6.613905
25.78375 6.866184
25.814775 7.01508
25.846925 5.874559
25.87796 6.052521
25.908941 6.425327
25.939997 6.572482
25.981263 6.901254
26.013534 6.959298
26.044586 8.80218
26.075598 5.61645
26.106678 5.167847
26.137715 5.529514
26.159815 5.574331
26.190855 5.671274
26.221869 6.036074
26.252945 6.465966
26.284054 8.63292
26.316201 7.983034
26.347313 6.40418
26.378423 6.618691
26.409487 7.022999
26.44051 7.307825
26.472896 7.843363
26.504002 6.767848
26.5351 7.18608
26.566154 7.63825
26.597282 7.801244
26.629606 8.163259
26.660691 8.643972
26.691745 9.623675
26.722842 6.670557
26.753914 7.01421
26.786219 8.214689
26.81729 10.665425
26.848421 10.722076
26.879549 10.969482
26.910688 10.62844
26.943008 7.773919
26.974074 8.043602
27.005189 8.284742
27.036339 8.522053
27.067481 8.83316
27.089449 8.795305
27.120579 8.646235
27.151639 8.366892
27.182794 8.388561
27.213805 8.143591
27.246177 8.500994
27.27734 9.001288
27.308506 9.140002
27.339717 9.213711
27.37088 6.851999
27.403331 7.190866
27.434456 7.431484
27.465647 8.400309
27.496803 9.533432
27.527999 9.462857
27.560364 9.00999
27.59153 6.856524
27.6226 7.052413
27.653637 7.484568
27.67457 8.005834
27.706863 8.54555
27.737943 8.795044
27.768959 7.432528
27.800058 7.863465
27.83111 8.357667
27.863366 8.407706
27.894519 8.65311
27.925623 8.820716
27.956739 9.105976
27.987934 9.074735
28.020252 8.814885
28.051378 7.598916
28.082431 7.81508
28.113506 7.781229
28.144552 7.694641
28.17674 7.298165
28.20782 7.284241
28.238872 7.108803
28.269965 7.848932
28.301012 6.942416
28.333208 7.283545
28.36428 7.41173
28.395299 7.517637
28.426368 7.298774
28.457396 7.242296
28.489835 7.002549
28.520922 7.389365
28.551951 7.685939
28.583069 7.93317
28.614152 8.201897
28.646402 8.115396
28.677542 7.254567
28.708626 6.701189
28.739748 6.761844
28.77092 6.854697
28.81332 6.941285
28.844428 7.164933
28.875444 7.552707
28.906572 7.136042
28.937635 6.343177
28.969814 6.519659
29.000907 6.965477
29.032009 7.646865
29.08347 8.011491
29.114606 8.246626
29.136601 5.844624
29.16766 6.00666
29.1987 6.231788
29.229741 6.436553
29.260813 7.556188
29.292746 9.975943
29.323799 6.115787
29.354789 6.37407
29.385812 6.640534
29.416842 6.694314
29.448802 7.691856
29.479964 10.919009
29.511032 7.199307
29.562479 7.355165
29.59351 7.523206
29.625746 8.081892
29.656847 8.555644
29.687884 9.630376
29.718949 10.363107
29.749979 7.886265
29.782026 8.071711
29.813036 8.239665
29.844099 8.617169
29.875131 8.975355
29.90623 9.614363
29.938264 7.238032
29.979515 7.58943
30.010586 7.60901
30.041646 8.248454
30.072731 9.917551
30.104821 11.061465
30.135855 7.240121
30.17697 7.485003
30.207985 7.70665
30.239024 8.315287
30.291543 9.594174
30.322578 8.172744
30.353619 8.275866
30.384625 8.849172
30.415614 9.248259
30.44789 9.766218
30.479055 10.418454
30.510244 6.837031
30.561659 6.959559
30.592752 7.220976
30.625104 7.380576
30.65622 7.62685
30.687249 9.15819
30.718422 9.574246
30.749462 9.868122
30.781654 8.228961
30.81264 8.210599
30.843668 8.586711
30.874684 8.613862
30.905742 8.559038
30.937877 6.803179
30.989219 7.121248
31.020262 7.4354
31.051332 7.715178
31.082399 9.061943
31.114686 9.944267
31.145736 10.386865
31.176758 10.492249
31.207841 9.932954
31.238887 8.064401
31.31181 8.19537
31.342855 8.349487
31.373905 8.357667
31.404991 8.083285
31.436061 7.772787
31.468235 8.237228
31.499421 8.712459
31.53047 8.384644
31.561502 8.397611
31.592542 8.435814
31.624757 8.434509
31.655803 8.652414
31.686902 9.240775
31.717935 9.813559
31.748991 10.218563
31.781172 10.423588
31.812277 10.525231
31.843293 5.888744
31.874325 6.262942
31.905371 6.54916
31.937655 6.82363
31.968666 7.989126
31.999696 10.423501
32.030741 10.318987
32.06183 7.410947
32.094005 7.606835
32.125102 7.927949
32.156093 8.609511
32.187118 10.12014
32.218202 10.554819
32.2504 7.579945
32.281466 7.962323
32.312541 8.253849
32.343588 8.765369
32.374683 9.109109
32.407038 10.65707
32.438132 11.07974
32.469193 7.496403
32.500447 7.679847
32.531682 8.212687
32.563847 9.630028
32.594946 10.858354
32.625927 10.470232
32.65689 10.239796
32.687969 8.626829
32.720159 8.493945
32.7513 8.897122
32.782401 9.3888
32.813498 9.707304
32.844549 7.994695
32.876744 8.269687
32.897607 8.519008
32.928661 9.042102
32.959695 9.336065
32.990818 9.68694
33.022989 10.089769
33.054056 8.320422
33.085081 8.691922
33.116085 8.939502
33.147095 9.445626
33.179326 10.06549
33.210402 7.781577
33.261804 7.895838
33.292822 8.312503
33.323849 9.080044
33.356019 10.592151
33.387015 11.729017
33.418025 7.787755
35.570961 8.812187
35.602049 9.127645
35.634366 9.408555
35.665554 9.752556
35.696723 10.147204
35.727696 7.312002
35.77905 7.462464
35.811266 7.682458
35.842428 9.443364
35.873548 10.143897
35.904639 9.812514
35.935775 10.099428
35.967963 10.524448
35.999036 6.920834
36.03006 7.253174
36.061102 7.874343
36.092153 8.391954
36.124382 9.676498
36.155514 9.737414
36.186608 7.728667
36.217728 8.025501
36.248823 8.276823
36.281089 8.501864
36.312155 8.55051
36.343199 8.857874
36.37431 9.074822
36.405423 7.819257
36.437629 7.635204
36.468694 8.365499
36.499877 10.246323
36.53113 10.310111
36.562264 10.614516
36.594496 6.606682
36.635741 6.909869
36.666792 7.273625
36.69788 7.70343
36.728978 9.540829
36.761257 10.517051
36.792297 10.8842
36.823314 7.04197
36.85444 7.214188
36.88555 7.685852
36.917697 8.42598
36.948748 9.803812
36.979741 11.096448
37.010723 7.865902
37.041803 8.037424
37.073941 8.292574
37.104984 8.741525
37.135994 9.369133
37.167028 10.743832
37.198106 7.68298
37.250593 7.944918
37.281642 8.35671
37.312709 8.95534
37.343729 9.618192
37.374814 11.197569
37.407168 8.245147
37.438281 8.496382
37.469368 8.835858
37.500445 9.052022
37.531648 9.489225
37.563927 9.623675
37.594983 8.896164
37.62606 9.356428
37.657136 9.563107
37.688176 9.841406
37.720356 9.988387
37.751367 10.039122
37.782384 10.284265
37.813382 7.904714
37.844404 8.355405
37.876382 8.921314
37.907523 11.146486
37.938685 11.242908
37.969838 11.086615
38.001029 7.411556
38.033342 7.507368
38.064428 7.88348
38.095537 8.177095
38.126585 8.782687
38.15769 10.345616
38.189852 8.815059
38.220838 8.69958
38.251858 9.02957
38.282952 9.443712
38.314012 10.071842
38.346266 10.427504
38.377351 7.807683
38.418612 8.141068
38.449715 8.439469
38.481074 8.856656
38.513651 10.326036
38.544719 10.426634
38.575822 10.26834
38.606918 10.565348
38.638084 9.189779
38.711231 9.141221
38.742456 9.368611
38.773578 9.233552
38.804725 9.409251
38.835923 9.540916
38.868158 9.404377
38.899197 9.630463
38.930242 10.144071
38.96135 8.809577
39.022919 9.065163
39.055054 9.469035
39.086073 9.48879
39.117073 9.41482
39.148052 9.473561
39.179165 9.45224
39.211558 9.224588
39.242638 9.342765
39.273679 9.104497
39.304768 9.097187
39.335768 9.107891
39.367899 9.318225
39.398943 9.872647
39.429943 10.602246
39.461011 10.900995
39.492156 11.090096
39.524593 6.59241
39.555735 7.076605
39.586806 7.604137
39.617892 10.334216
39.638785 12.090684
39.671128 0.021494
39.926238 0.088502
40.211588 0.784336
40.242833 2.058784
40.273952 2.973394
40.306104 3.84249
40.337081 4.646146
40.368153 5.133821
40.399219 5.444667
40.430346 5.63603
40.462618 9.332323
40.493686 9.524643
40.524884 9.616974
40.555979 9.669101
40.587093 9.780403
40.619453 9.559191
40.650558 9.899276
40.681617 10.196111
40.712683 10.000135
40.743831 8.744484
40.827212 9.119813
40.858394 9.308391
40.889517 9.308217
40.920656 9.213536
40.951865 9.479652
40.98422 10.076628
41.015372 9.870471
41.046623 9.856026
41.077805 8.378553
41.139527 8.594021
41.171755 8.866142
41.202888 9.086309
41.233953 9.494881
41.265017 9.925905
41.296138 10.12014
41.328383 9.922076
41.359479 9.571374
41.390554 9.651696
41.421747 9.068208
41.453017 9.330669
41.485348 9.6168
41.516472 10.084809
41.547701 10.423153
41.578827 10.576835
41.609963 10.676128
41.642286 10.679522
41.673337 9.372875
41.724796 9.372092
41.75576 9.392281
41.786821 9.579032
41.819001 9.565021
41.850028 9.692597
41.881072 9.559713
41.912182 9.893271
41.943299 9.236685
41.975499 9.166718
42.006702 9.271581
42.037973 8.683568
42.069219 9.078477
42.100415 9.315614
42.132775 9.355297
42.163946 9.622544
42.195081 9.963499
42.226277 10.318117
42.257472 6.484415
42.289744 6.929363
42.320861 7.566978
42.351985 8.772679
42.382974 11.480219
42.414048 7.969111
42.466755 8.140546
42.497927 8.44704
42.528951 8.683655
42.560129 8.838033
42.591282 9.31631
42.623574 10.435771
42.654661 7.695076
42.685824 8.144549
42.716962 8.852914
42.748046 9.363042
42.780248 9.561018
42.81137 8.460093
42.842437 9.0401
42.873505 9.354513
42.904564 9.64691
42.93677 9.847236
42.96799 10.110219
42.999124 10.23736
43.030336 7.525904
43.071642 7.947007
43.103955 10.03068
43.135023 10.57553
43.166057 10.312286
43.197224 10.550119
43.228268 10.845736
43.260512 7.281631
43.291663 7.393542
43.322764 7.929863
43.353874 8.7598
43.385068 9.30491
43.417413 7.623021
43.458855 7.859288
43.490038 8.229918
43.521148 8.557037
43.552377 9.012079
43.584563 9.616278
43.615605 8.92114
43.646682 8.450347
43.677773 8.838642
43.708998 9.28211
43.741217 9.964978
43.772267 8.502908
43.823757 8.76711
43.854798 9.014602
43.885816 9.385145
43.918016 9.793456
43.949103 10.165218
43.980083 8.560692
44.051987 8.74692
44.082999 9.662313
44.115286 9.96289
44.146339 10.146943
44.177426 8.417104
44.208507 8.712285
44.239602 8.84308
44.271862 9.239556
44.302913 9.684852
44.333936 9.637163
44.364971 9.144963
44.396034 9.596524
44.42833 9.818693
44.459377 10.38408
44.490607 10.751229
44.521811 7.839882
44.57341 8.039599
44.605668 8.514831
44.636792 8.913221
44.667869 9.904845
44.698968 10.324904
44.730085 10.410709
44.76239 10.829027
44.793463 9.531692
44.844895 9.707478
44.875924 10.109349
44.906952 10.204639
44.939365 10.418454
44.970414 10.543419
45.001507 10.405575
45.032518 10.244669
45.063665 9.195088
45.136608 9.295251
45.167767 9.259659
45.198804 9.478956
45.229906 9.203268
45.260969 9.420042
45.293178 9.438055
45.324176 9.262878
45.35523 8.986494
45.386265 9.083611
45.417356 8.73465
45.449621 8.216691
45.480723 8.51631
45.511832 9.210404
45.542915 9.50193
45.574177 9.763956
45.606496 9.973593
45.637513 9.921815
45.66851 8.708021
45.699535 6.561517
45.73065 6.954686
45.762975 7.508238
45.794035 9.97107
45.825041 10.277825
45.856149 9.854459
45.887225 8.046039
45.919532 8.585493
45.950819 8.862138
45.981943 9.173767
46.013046 9.531083
46.044152 9.890487
46.076384 9.680153
46.107455 6.52549
46.138505 6.760016
46.169552 6.942068
46.200585 8.13837
46.232852 8.442515
46.263927 8.338696
46.294966 8.822978
46.326061 9.431703
46.357082 9.166022
46.389241 9.281588
46.420307 8.460615
46.471817 8.915919
46.502949 9.35051
46.533991 9.596263
46.566347 9.961758
46.597443 10.334216
46.628539 6.556644
46.659657 6.825022
46.690746 7.135694
46.722989 7.711871
46.754046 8.057352
46.785089 8.289442
46.81619 7.981033
46.847269 8.126013
46.879469 8.379597
46.910512 8.511437
46.941577 8.489594
46.97266 8.184231
47.003737 8.233573
47.036084 8.709936
47.067214 8.946551
47.098361 7.532082
47.12948 7.673581
47.16074 7.993912
47.19313 7.909587
47.224261 7.813949
47.255375 7.850586
47.286543 7.585601
47.317604 7.233246
47.34988 7.123684
47.380994 6.833811
47.41204 7.032659
47.443044 7.384318
47.474148 7.379009
47.506406 7.436183
47.537479 7.291986
47.568722 7.144744
47.599809 7.113416
47.630927 6.309325
47.663251 5.770393
47.694324 6.094118
47.725379 7.827264
47.756411 9.270623
47.787472 9.56885
47.8197 5.173591
47.861 5.384621
47.892034 5.777703
47.923074 6.144939
47.954248 6.441774
47.98655 8.042993
48.017623 9.876476
48.048652 9.457548
48.079631 9.649347
48.110678 7.600917
48.142736 7.522336
48.173804 8.028721
48.204862 8.521531
48.235888 8.840818
48.266968 8.634748
48.299168 9.216321
48.330239 9.816604
48.361313 10.267295
48.392289 10.400266
48.423303 10.068535
48.455585 7.182773
48.486749 7.340719
48.51776 7.549052
48.548831 8.664423
48.580119 9.771962
48.612406 9.991955
48.643572 10.144767
48.674793 9.932084
48.705829 9.690247
48.736953 8.885809
48.779642 9.071341
48.8107 9.377313
48.841754 9.676585
48.872724 9.690508
48.903944 9.598525
48.936383 9.668056
48.967556 10.153731
48.998622 9.939742
49.029754 8.617256
49.101691 8.561562
49.134136 8.484199
49.165245 8.590192
49.196355 8.609946
49.227504 8.621346
49.258704 9.040709
49.290952 9.527776
49.322043 9.471211
49.353065 9.412122
49.384063 7.974506
49.455853 8.230527
49.488085 8.570699
49.519135 8.955166
49.550197 9.271233
49.581286 9.487049
49.612323 9.565544
49.634345 9.688507
49.665367 10.101778
49.696377 8.696882
49.768107 8.949335
49.799171 9.066816
49.831417 9.339284
49.862406 9.142091
49.893363 9.438838
49.924435 9.645779
49.955502 9.601136
49.987724 9.766044
50.018767 7.663922
50.10087 8.073973
50.131978 8.522924
50.163085 8.805313
50.195329 9.229288
50.226395 9.268361
50.257393 9.066294
50.28848 9.047149
50.319563 9.026089
50.35184 8.944201
50.382928 9.001114
50.414001 7.729276
50.475695 7.892531
50.506902 8.247758
50.539266 8.682175
50.570357 8.914265
50.601513 9.272538
50.632557 9.511415
50.673865 9.975334
50.706121 9.040448
50.777956 9.344941
50.809028 9.532823
50.829956 8.17492
50.901769 9.00181
50.933945 8.690704
50.964946 8.762845
50.996013 8.890508
51.027109 8.893989
51.058161 9.175682
51.090437 8.895033
51.121528 8.897644
51.15259 7.722575
51.214414 7.518855
51.255697 8.228439
51.288024 6.9613
51.319209 6.41149
51.350353 6.572134
51.381482 6.581445
51.412552 6.772112
51.444693 7.256307
51.475895 7.534084
51.507028 7.641905
51.538058 7.678977
51.569168 6.78212
51.601406 8.119051
51.632499 8.751184
51.663511 9.462683
51.694545 9.46947
51.725643 9.211709
51.757902 9.496273
51.788961 5.448931
51.819993 5.727839
51.851052 5.990213
51.882062 6.420975
51.914425 9.213536
51.945482 9.501582
51.97653 9.675714
52.007544 0.020537
52.293239 0.19084
52.569684 0.489764
52.600786 1.250256
52.631827 2.280431
52.662843 3.217319
52.693929 4.127751
52.72611 4.89799
52.757121 5.497229
52.788216 5.948181
52.81925 6.361017
52.850317 6.780641
52.882566 7.435748
52.954511 7.750422
52.985718 7.786711
53.016865 7.986602
53.048027 8.082849
53.080202 8.212165
53.111267 8.333475
53.142358 8.425458
53.173446 8.648062
53.204599 8.631093
53.236797 8.811317
53.267832 8.385428
53.298824 7.397893
53.329918 6.412099
53.360988 5.783272
53.393189 5.605833
53.424196 5.072731
53.455303 5.199176
53.486447 4.651106
53.517618 4.269859
53.549871 4.298577
53.580943 6.169567
53.612092 7.289028
53.643101 7.639468
53.674202 7.483611
53.706527 7.264052
53.737556 7.460637
53.768677 7.96415
53.799743 8.389083
53.83088 8.641797
53.863188 7.80429
53.894298 7.970764
53.925455 8.087984
53.956551 8.126709
53.98765 8.269165
54.02008 8.290051
54.051191 8.294228
54.082172 8.127057
54.11319 7.674539
54.144308 7.053196
54.176457 7.306345
54.207471 8.033769
54.238524 7.261354
54.269565 7.133692
54.300711 6.35127
54.353324 6.499992
54.385422 6.337956
54.416466 6.445168
54.447527 6.377812
54.478729 6.238924
54.509895 6.312893
54.542132 6.585448
54.573237 6.753664
54.604331 7.452718
54.635396 7.993999
54.666516 6.40914
54.698744 6.136498
54.729829 6.250063
54.760833 6.682131
54.791848 6.797262
54.822852 6.810489
54.855157 6.807183
54.88624 6.742873
54.917237 6.682392
54.948305 6.700493
54.97933 6.657938
55.01156 6.681087
55.042674 6.655763
55.073764 6.768283
55.104896 6.801787
55.136023 6.372852
55.178522 6.414623
55.209577 6.294183
55.240643 6.307585
55.27174 6.728514
55.302803 6.992802
55.335079 6.982098
55.366122 7.019605
55.397196 7.099753
55.42828 7.526252
55.459481 7.631462
55.491683 5.753511
55.52277 5.790234
55.553846 5.874559
55.584903 6.552206
55.616153 6.580488
55.648464 6.638793
55.679559 6.681609
55.71079 6.537238
55.741744 6.359363
55.772735 7.147529
55.80497 8.363063
55.836037 8.449912
55.856877 8.878325
55.887909 8.485069
55.919 8.380467
55.951229 8.456612
55.982298 8.113307
56.013334 7.288941
56.054574 7.001156
56.085581 6.42376
56.117859 6.174701
56.148924 6.797523
56.180049 6.809445
56.21123 5.964976
56.293241 7.12995
56.325515 6.128927
56.356565 6.563867
56.387634 6.976355
56.418753 6.717549
56.449846 6.532278
56.482161 6.479716
56.513328 6.600155
56.544388 4.824978
56.575419 4.841077
56.606631 4.954555
56.638824 6.44012
56.669858 6.887853
56.700895 7.025784
56.73193 7.27667
56.763078 7.364302
56.795433 7.36204
56.826663 7.418256
56.857901 8.408402
56.889028 8.521357
56.920186 8.804268
56.952503 8.014537
56.983526 7.862769
57.014576 7.509804
57.045607 7.64878
57.076668 7.894358
57.108822 7.727884
57.139855 7.942656
57.170845 8.000613
57.201898 7.982773
57.232893 8.538936
57.265162 8.561736
57.296201 7.941524
57.327294 8.057265
57.358393 7.447409
57.39956 7.481087
57.431802 7.413383
57.46287 7.36935
57.494003 7.027785
57.525101 6.829286
57.556201 6.955208
57.588464 6.938848
57.619647 6.975833
57.650755 7.222716
57.681766 7.734323
57.712895 7.60492
57.74529 7.449933
57.77642 7.678977
57.80744 7.37605
57.838481 7.427916
57.86958 7.790714
57.901847 7.797328
57.932884 7.814036
57.963914 7.052239
57.994977 7.291116
58.026005 7.407205
58.058354 7.571417
58.089337 8.412231
58.120356 9.049412
58.151492 9.089181
58.182592 7.238293
58.235386 7.782534
58.266511 8.106085
58.297486 8.352968
58.32862 8.297622
58.359778 7.917245
58.392102 8.0805
58.423134 8.114265
58.454175 7.985297
58.485383 8.355318
58.5165 8.814972
58.548681 8.867969
58.579685 8.897557
58.610697 8.636053
58.641865 8.074495
58.672942 7.891051
58.705178 7.82709
58.736562 7.489006
58.767628 7.129428
58.798733 7.149095
58.829878 7.246299
58.862124 6.732604
58.893187 7.400243
58.924243 7.480739
58.955294 7.581163
58.986378 7.858766
59.018708 8.66773
59.049833 6.298273
59.080829 6.392258
59.111801 6.287744
59.142843 6.722161
59.174968 6.476931
59.206008 6.520791
59.237151 6.410272
59.2682 6.138325
59.299263 6.072623
59.331434 6.283828
59.362485 8.525273
59.393573 8.643015
59.424645 8.647627
59.455722 8.390736
59.477758 8.295272
59.508913 8.186929
59.540016 8.22957
59.571047 8.205465
59.602159 8.229744
59.63455 8.371243
59.665651 8.436075
59.696786 7.875474
59.72785 7.932213
59.758966 7.564107
59.79117 7.515722
59.822232 7.686635
59.853224 7.499623
59.884245 7.37022
59.915325 7.447844
59.947577 7.158668
59.97856 6.962692
60.00967 6.880978
60.040752 6.759146
60.071904 6.991845
60.104131 6.947898
60.13523 7.271014
60.166491 7.193477
60.197599 6.994891
60.228763 6.967914
60.261072 6.850346
60.292073 6.567087
60.323071 6.660549
60.354142 6.589365
60.38519 6.599546
60.417412 6.982098
60.448534 7.260136
60.479673 7.403811
60.510845 6.530276
60.541966 6.648453
60.574095 6.938848
60.605078 7.003419
60.636245 7.030831
60.667345 7.079129
60.698462 7.035095
60.730762 6.051216
60.761966 6.097425
60.79309 6.287308
60.824197 6.342394
60.855232 7.371177
60.887503 7.063813
60.918597 7.019605
60.94962 6.943808
60.980653 6.56961
61.011728 6.404093
61.043945 6.176354
61.075003 5.769871
61.106258 5.717396
61.137302 5.758297
61.168277 5.762213
61.200496 5.737237
61.232411 5.76552
61.264401 6.143112
61.286161 6.122226
61.317261 6.035377
61.348426 6.281826
61.379447 6.222912
61.41061 5.999872
61.442902 6.084632
61.475055 5.52699
61.507515 5.498273
61.538662 5.67197
61.569642 6.464313
61.600664 6.408792
61.631882 6.413317
61.66423 6.37903
61.695346 6.36589
61.726483 5.25487
61.757561 5.132168
61.788609 5.263485
61.820864 6.832593
61.851938 7.464292
61.882954 6.208379
61.913979 6.244319
61.945119 6.258069
61.977248 6.239011
62.008235 6.358841
62.039298 6.319072
62.070441 7.546093
62.101582 7.519116
62.133856 7.533997
62.154752 6.97444
62.18576 7.247431
62.21682 7.410163
62.247879 7.603354
62.280106 7.910544
62.311187 7.685852
62.342134 7.862769
62.373238 8.450434
62.404392 6.954686
62.436653 7.270927
62.467747 7.460985
62.498868 7.416603
62.529994 7.46055
62.560974 7.381446
62.593231 7.478041
62.624383 7.456198
62.655653 7.473429
62.686931 7.6929
62.718085 8.485069
62.750517 8.128449
62.78165 8.188321
62.81273 7.942221
62.84379 7.654088
62.875126 7.802636
62.907587 7.757558
62.939892 7.826306
62.971169 8.097817
63.002366 8.20677
63.033603 8.534411
63.064652 8.777204
63.09697 8.961431
63.128072 9.051239
63.159264 7.377095
63.190368 7.574375
63.221498 8.275605
63.253797 8.262465
63.284835 8.196762
63.315921 8.237837
63.347136 7.656438
63.378319 7.664966
63.410616 7.413209
63.441694 7.272841
63.472862 7.315135
63.504046 8.250194
63.535203 8.597067
63.567546 8.91557
63.598641 8.992151
63.62968 9.012601
63.650702 9.106934
63.68177 7.385971
63.713966 7.546006
63.745025 7.650433
63.776204 7.732496
63.807343 8.261681
63.838454 8.479499
63.870653 8.757015
63.9017 8.549118
63.932739 8.176399
63.963849 8.288745
63.995022 9.20466
64.02742 9.510284
64.058591 9.402985
64.089679 9.717485
64.12079 9.116593
64.152043 7.164933
64.194399 7.334018
64.225399 7.776355
64.256482 8.030462
64.287574 7.072515
64.31871 6.86775
64.350871 6.634616
64.381904 5.743851
64.412976 5.842883
64.444029 5.927295
64.47517 5.598262
64.507449 5.877344
64.538527 6.69823
64.569579 7.494575
64.600641 7.212622
64.631708 7.340719
64.66409 7.502843
64.695125 7.619453
64.72617 7.624326
64.747113 7.688723
64.778229 7.694728
64.810511 6.532539
64.841566 6.619735
64.872599 7.775398
64.90367 8.555905
64.934787 8.669905
64.967029 8.676258
64.998104 8.633617
65.029087 8.550684
65.0602 8.714983
65.091219 8.729081
65.123424 8.744223
65.15453 8.854829
65.185513 8.529886
65.216575 8.310588
65.247744 8.081892
65.279927 7.970155
65.31097 7.779836
65.341972 7.825871
65.372995 7.771047
65.393868 7.686809
65.426071 8.226437
65.457143 8.606814
65.488275 8.591063
65.519338 8.710719
65.550424 8.869796
65.582654 8.902778
65.613652 8.897557
65.644676 7.416342
65.675878 7.572461
65.706948 8.227307
65.739179 8.439034
65.770345 8.362541
65.801393 8.525621
65.832522 8.289703
65.863533 8.181011
65.895839 8.306411
65.927959 7.89227
65.958986 8.140285
65.989962 9.223283
66.02098 9.081088
66.052006 9.275062
66.084117 9.401854
66.116055 8.500907
66.148079 8.650325
66.179986 8.726731
66.211032 8.943679
66.242018 9.143309
66.273037 9.175508
66.304113 9.087005
66.336272 9.033921
66.368325 8.520661
66.400366 8.201287
66.432495 7.382229
66.464875 7.637641
66.497306 7.843624
66.529367 7.753381
66.561283 7.436618
66.593189 7.432441
66.625051 7.309478
66.657014 7.449237
66.6889 6.865227
66.710609 8.097208
66.741623 8.408924
66.772639 8.424675
66.803903 8.481675
66.835035 8.576704
66.867198 8.728297
66.899191 6.095771
66.930246 6.143199
66.96128 8.50082
66.992305 8.585232
67.023355 8.674169
67.055622 8.671646
67.086724 8.659549
67.117752 8.648759
67.148832 8.011665
67.180012 7.794369
67.21222 7.567849
67.244095 6.922314
67.276048 7.415472
67.307919 7.623195
67.339879 7.01273
67.371802 6.942851
67.403662 7.257003
67.435457 7.051891
67.4673 6.790387
67.499551 7.059723
67.531627 7.19426
67.563642 6.613644
67.595638 6.985057
67.627717 7.263269
67.659943 7.646517
67.692063 7.897578
67.724086 7.986602
67.755957 7.944222
67.788088 8.179184
67.820158 8.336782
67.852281 5.601482
67.884486 5.752815
67.916625 7.278846
67.947972 8.38447
67.979152 8.383861
68.010305 8.375072
68.041523 8.429983
68.073801 8.521444
68.105829 8.483763
68.137924 8.981621
68.170371 9.014863
68.201468 9.021129
68.232645 9.182208
68.263666 9.455982
68.294818 9.441362
68.32711 9.467382
68.358186 8.381251
68.389333 8.291182
68.420446 8.892771
68.451579 10.440123
68.4839 9.960801
68.515064 9.417257
68.54624 8.937239
68.577443 8.397089
68.608741 8.017408
68.64113 8.577574
68.672423 8.344527
68.703661 8.114961
68.735008 8.393434
71.292903 9.543092
71.324935 7.868599
71.396667 8.117136
71.427825 8.337826
71.45897 8.51805
71.49015 8.516745
71.522584 8.726992
71.553775 8.91148
71.584775 8.601592
71.615945 8.768241
71.647083 8.765108
71.679289 8.373157
71.730793 8.316854
71.772114 8.645626
71.80328 8.551902
71.834333 8.453305
71.866492 8.35497
71.898449 8.277084
71.930777 7.733192
71.983112 8.508565
72.015107 8.999373
72.047067 9.171591
72.078849 7.941612
72.120897 8.235574
72.152786 8.402832
72.183812 8.374463
72.214815 8.474452
72.245839 8.78991
72.276839 8.839861
72.308931 8.220607
72.35021 7.994869
72.381301 8.460963
72.412321 9.664227
72.443359 10.830246
72.475602 8.194674
72.516919 8.369851
72.547996 8.129233
72.579102 8.089376
72.610172 8.152555
72.642503 7.968153
72.673545 7.766348
72.704762 7.670013
72.735932 7.691682
72.767076 7.915766
72.799474 10.141634
72.830677 11.097841
72.861837 11.143267
72.892967 8.98954
72.924208 9.08248
72.956731 9.165935
72.987947 8.75571
73.01917 8.806009
73.050387 8.988757
73.081575 8.414406
73.113961 8.327993
73.145211 8.465054
73.176345 8.805226
73.207534 8.43564
73.238777 8.880587
73.271225 9.201875
73.302369 8.691661
73.333412 8.525795
73.36451 8.64754
73.395626 9.264793
73.427897 8.591324
73.459121 8.573832
73.49028 8.850216
73.52147 10.067665
73.552655 10.307152
73.584887 8.062312
73.626319 8.145158
73.657555 8.201113
73.678416 8.139762
73.709681 8.395957
73.741986 8.616212
73.773093 8.87728
73.8043 8.935151
73.835531 8.680348
73.866822 8.924273
73.899257 8.486722
73.930424 8.660855
73.96161 8.726992
73.992774 8.669644
74.024053 8.604377
74.056308 8.591411
74.088669 8.549727
74.120939 8.328428
74.153451 8.308064
74.185994 8.413362
74.21844 8.460006
74.251025 8.929668
74.283534 8.900777
74.31603 7.938827
74.348524 8.061442
74.380903 8.184405
74.413312 7.815603
74.456168 9.397155
74.488695 9.037489
74.531449 9.2976
74.563997 9.639774
74.596467 9.911633
74.628931 10.008838
74.661384 10.047911
74.693663 5.948703
74.726239 6.227698
74.758603 6.304713
74.79099 6.785949
74.823421 8.694446
74.855846 8.983709
74.888262 8.934977
74.920583 8.751707
74.95303 9.129211
74.985416 9.431964
75.017934 8.734389
75.070679 8.868143
75.102741 8.896687
75.134765 8.595762
75.166686 8.783035
75.19866 8.742221
75.220333 8.850477
75.252299 9.176813
75.284348 9.18743
75.3163 9.03775
75.358577 9.322663
75.390617 9.19152
75.422761 9.315353
75.455165 9.745246
75.487656 9.719661
75.520012 9.469122
75.552396 9.408468
75.584748 8.432159
75.616844 8.375594
75.649199 9.290726
75.681481 10.463967
75.71381 10.606075
75.74611 10.021456
75.778442 8.313199
75.810857 8.546507
75.843087 8.792172
75.875052 8.714287
75.907281 8.889899
75.939651 8.279782
75.971764 8.432072
75.993577 9.142613
76.025488 9.111372
76.057404 9.110589
76.089354 9.258266
76.120441 9.444495
76.151478 9.580512
76.182566 9.530647
76.213661 9.707826
76.245911 9.849934
76.278311 7.491443
76.310645 7.722923
76.342979 9.203268
76.375298 9.694685
76.407431 9.940351
76.439685 10.091335
76.472031 10.063053
76.504411 9.941656
76.536734 7.592911
76.569135 8.274735
76.601536 9.277237
76.633863 9.521249
76.666193 9.445017
76.698581 9.172288
76.731022 8.851
76.763346 8.445734
76.795581 8.572527
76.827848 9.701125
76.859898 10.786125
76.891986 10.798047
76.92414 7.812296
76.987046 7.974593
77.019306 8.04865
77.05156 8.239578
77.083892 8.462443
77.116152 8.497165
77.148214 8.011143
77.180282 7.633725
77.212311 7.399634
77.244407 7.355426
77.275588 7.485177
77.306807 8.550423
77.338032 8.709414
77.369277 8.637533
77.40173 8.477237
77.434141 8.547551
77.46653 8.617604
77.498937 9.294816
77.531313 9.672408
77.563725 8.378205
77.596095 9.548922
77.628427 10.090639
77.660907 10.394262
77.693297 10.230572
77.725661 10.071755
77.757901 9.837142
77.79008 7.657395
77.822258 7.63007
77.854428 8.081022
77.886584 9.20788
77.918741 8.733084
77.941004 8.815668
77.973201 8.861442
78.005298 8.717768
78.03777 8.835771
78.069888 9.282894
78.101944 9.064205
78.13403 9.154274
78.166409 9.272538
78.198765 8.937413
78.231118 9.113982
78.263549 9.450151
78.295819 9.353904
78.327961 9.119726
78.360314 7.401896
78.392572 8.733258
78.424852 8.721336
78.457071 8.921314
78.489512 8.911828
78.521823 8.512655
78.554093 8.915048
78.586419 8.991976
78.618686 8.528754
78.68138 10.405226
78.712491 10.449782
78.743667 10.554645
78.774706 7.247692
78.826281 7.447322
78.858623 7.644951
78.889706 8.092857
78.920824 8.334432
78.951963 8.677737
78.982984 8.778945
79.015285 8.541982
79.046449 8.592803
79.077592 8.830462
79.108726 10.522359
79.139875 10.154253
79.17222 9.868122
79.203461 7.897665
79.24478 8.099123
79.275992 8.330777
79.307226 8.427895
79.339677 8.34853
79.37084 8.297361
79.402066 7.885308
79.433184 8.242797
79.464425 8.330777
79.496889 8.559125
79.528042 8.521009
79.559237 8.593673
79.59042 8.810534
79.621686 8.210251
79.653946 8.386211
79.685033 8.451826
79.716089 8.625349
79.747339 8.804616
79.778448 8.238272
79.810732 9.195958
79.841693 9.254959
79.872712 9.430484
79.903832 9.53613
79.934987 9.991781
79.967393 10.054873
79.998494 7.757819
80.050065 8.128014
80.08118 8.593064
80.112388 8.92523
80.144728 8.909653
80.175857 8.730908
80.206959 8.703496
80.238147 8.540415
80.269347 8.51544
80.301667 8.733519
80.332801 10.218824
80.364037 10.425329
80.395223 10.003877
80.426367 8.761279
80.458712 8.193542
80.491307 7.96415
80.523512 7.912633
80.55557 7.570111
80.577337 7.707346
80.609354 7.638337
80.641388 7.6292
80.673543 7.230809
80.705507 7.350031
80.737689 7.529733
80.769575 8.128101
80.801467 8.691313
80.833484 8.903735
80.865361 8.874844
80.897308 9.314222
80.929316 6.951292
80.971784 7.152054
81.003813 7.578552
81.036023 8.887375
81.06814 9.007554
81.10017 9.131474
81.132224 9.267404
81.164539 9.225285
81.196836 9.109892
81.24957 8.868056
81.281667 8.008445
81.334243 8.649542
81.366355 8.540763
81.398681 8.126709
81.430861 7.1732
81.483593 7.46142
81.515502 7.59178
81.54758 7.794369
81.580031 7.992955
81.612238 8.493597
81.644422 8.404486
81.676416 7.956057
81.718576 8.670949
81.750804 8.591846
81.783011 8.934019
81.815305 9.219106
81.847491 7.388495
81.879488 7.885134
81.911394 10.623393
81.943511 10.979403
81.975759 7.291551
82.069155 7.424696
82.100235 7.37753
82.131405 7.550705
82.162608 8.800178
82.193846 8.529276
82.226093 8.002789
82.257238 6.90604
82.308629 7.609533
82.339879 8.223652
82.371265 8.638577
82.403546 9.051935
82.434588 8.353403
82.465689 8.536934
82.496828 8.557211
82.52789 8.660159
82.560158 8.79661
82.591491 7.681326
82.65328 7.260397
82.684456 7.450542
82.715639 7.46551
82.737797 8.552511
82.779172 10.157037
82.810263 9.697209
82.841466 9.719574
82.872675 7.100362
82.925388 7.04284
82.956698 7.081565
82.987937 7.1551
83.019165 7.300254
83.05045 7.264226
83.082851 7.374049
83.114016 7.414515
83.145104 7.244298
83.176223 6.892465
83.207401 8.32251
83.239729 10.060355
83.27113 8.706107
83.302458 8.664597
83.333533 8.173092
83.364643 8.357928
83.396973 8.445212
83.428095 8.398829
83.459129 8.549292
83.490246 8.811143
83.521367 8.50665
83.553613 8.280739
83.584756 9.093097
83.615919 9.54431
83.647051 9.221107
83.678236 9.18743
83.710511 9.281066
83.741502 7.906019
83.772642 7.965543
83.803682 7.992694
83.834813 8.082327
83.867115 7.823957
83.898354 7.523989
83.929525 6.984187
83.960716 7.265183
83.991923 8.016103
84.024213 7.41434
84.096207 9.469819
84.117369 9.753513
84.148475 9.782143
84.179762 6.693705
84.263347 6.857221
84.295669 6.940414
84.377821 8.058483
84.408949 7.823609
84.439993 7.20566
84.471213 7.14309
84.513775 7.837967
84.545893 7.898622
84.577023 7.98843
84.608153 9.039404
84.639274 7.702734
84.680747 7.777138
84.713103 7.789235
84.74431 7.893923
84.775615 7.622151
84.806791 7.283632
84.838002 0.021494
85.084076 0.190753
85.389551 0.544501
85.420693 1.379833
85.451763 2.104907
85.483099 2.724509
85.5156 3.201655
85.546773 3.544524
85.577822 4.112087
85.639411 4.959428
85.670679 5.271143
85.702962 10.30019
85.734083 10.480327
85.765328 10.670559
85.796595 7.247344
85.848196 7.453327
85.880727 7.77827
85.911839 7.487962
85.943006 7.371177
85.974088 7.457852
86.005202 7.32958
86.037594 7.374223
86.069793 7.648258
86.101741 8.137065
86.133792 10.708414
86.164821 9.346333
86.226594 9.544571
86.257622 8.545637
86.288672 8.375072
86.321033 7.999047
86.35216 8.139414
86.383177 7.85807
86.414196 7.534171
86.445232 7.288593
86.477449 7.065466
86.508449 7.564542
86.539475 8.206857
86.570543 9.429266
86.60164 7.741198
86.633839 7.863987
86.66486 7.941524
86.695917 8.019758
86.726992 8.049172
86.758198 8.166826
86.790559 8.20677
86.822685 8.298927
86.854842 8.311197
86.886767 8.074495
86.91871 7.557145
86.950669 7.63242
86.98277 8.715766
87.014617 8.431811
87.046493 8.59115
87.078414 8.19215
87.110328 8.888332
87.142198 9.219889
87.17416 9.427613
87.206128 9.394457
87.238042 9.742026
87.269896 10.20255
87.301733 6.511392
87.374442 6.895424
87.406278 7.013339
87.437376 7.04606
87.468402 6.890637
87.499486 6.375201
87.530621 6.42872
87.562908 6.687613
87.594045 6.739479
87.625074 6.844515
87.656198 6.907085
87.687333 7.39067
87.719607 7.551314
87.750726 8.523707
87.781945 7.201483
87.812997 7.32053
87.844183 7.338544
87.876529 7.472994
87.90763 7.136825
87.938711 7.104278
87.969748 7.100188
88.001074 6.851825
88.033354 6.723815
88.064377 6.593977
88.095423 8.058831
88.126504 8.610991
88.157556 8.332866
88.189707 8.747355
88.220798 8.7598
88.241702 8.795218
88.272774 8.886679
88.303886 8.896861
88.336107 7.44036
88.367165 7.582033
88.398183 9.077607
88.429268 9.023131
88.460394 8.909653
88.492697 8.378814
88.523814 8.705497
88.555038 8.454959
88.586176 8.435118
88.617403 8.96526
88.649693 9.51333
88.680844 9.586342
88.712041 9.888311
88.743167 9.764304
88.774478 8.242014
88.806862 8.393956
88.827853 8.599678
88.858924 0.0
88.910481 8.020367
88.941539 8.470101
88.973723 8.137239
89.004784 8.519965
89.035896 8.698188
89.066968 8.983274
89.098051 8.972744
89.130296 9.130169
89.161275 9.148356
89.192304 9.004943
89.223372 9.058375
89.254469 8.502038
89.276395 7.90776
89.307434 7.930908
89.338479 8.008097
89.369595 8.860398
89.400667 9.360518
89.432835 9.504628
89.463901 9.053763
89.495053 9.489138
89.526143 9.097535
89.557259 10.090552
89.589544 9.912678
89.621633 10.070102
89.653579 10.323947
89.685702 10.47528
89.717687 8.063356
89.769963 8.113656
89.802108 8.465315
89.833957 8.452261
89.865914 8.396654
89.897881 8.565391
89.929774 8.820977
89.961673 8.414667
89.993527 8.269861
90.025475 8.39822
90.057342 8.091552
90.0892 8.384122
90.121646 7.776181
90.163642 7.938392
90.194744 7.873647
90.225813 6.804311
90.287386 6.799263
90.318459 6.748877
90.350731 6.392954
90.381855 5.563714
90.443564 6.018147
90.474795 6.101602
90.505977 5.806943
90.57902 6.11979
90.610092 6.218734
90.631015 5.630635
90.682548 5.921117
90.713611 6.178965
90.74582 6.179487
90.777901 6.663247
90.809995 6.060527
90.841049 5.324314
90.872133 5.596522
90.90318 6.28287
90.954569 6.818234
90.98668 5.264008
91.038135 5.390104
91.069184 5.392105
91.100284 5.499404
91.131323 5.570502
91.163492 6.803092
91.22518 7.194086
91.256163 6.703974
91.28715 6.936672
91.318279 7.857635
91.350502 8.560779
91.38155 8.593151
91.412595 8.591672
91.443617 5.767782
91.505431 6.236835
91.53779 6.612513
91.568866 6.667598
91.600093 6.650977
91.631197 6.235617
91.662288 5.955142
91.694592 5.787537
91.725633 6.173048
91.756697 6.742612
91.787823 7.406682
91.81891 8.661377
91.85112 8.592281
91.882166 7.90715
91.933538 7.838054
91.964607 7.901668
91.995749 8.064401
92.017711 7.798459
92.058959 7.862856
92.090019 7.687244
92.121081 7.02735
92.152167 7.216799
92.184405 7.10219
92.216604 6.574397
92.248771 6.595108
92.279919 6.916135
92.311085 6.844254
92.342169 6.769502
92.373354 7.048845
92.405768 7.499014
92.436956 7.892879
92.468093 7.707607
92.499264 7.365782
92.530434 7.517462
92.654387 8.560431
92.685501 8.7256
92.706424 7.279107
92.73747 7.419823
92.768543 7.554186
92.800917 7.768436
92.832101 6.866967
92.873479 6.794216
92.904618 6.862181
92.935845 6.555252
92.968113 6.647061
92.999159 7.004028
93.030232 6.708412
93.061228 6.277736
93.092221 6.066271
93.144788 6.712067
93.17583 6.764802
93.206863 6.849563
93.23785 7.290246
93.268856 5.951139
93.300922 5.808683
93.331912 6.422107
93.352711 6.518267
93.393861 6.643406
93.424936 6.565172
93.457063 6.54272
93.488188 6.519833
93.519323 6.352837
93.550491 8.410403
93.581545 7.730581
93.613731 8.304758
93.644739 8.422238
93.675755 7.798981
93.706756 7.991302
93.737852 8.161431
93.770124 7.623108
93.801237 7.80838
93.832313 7.499623
93.863353 7.632507
93.894497 7.470992
93.926706 7.38075
93.957761 7.258918
93.988809 7.332191
94.019894 7.746506
94.051037 7.658091
94.083348 7.987821
94.114445 8.324599
94.14554 8.14568
94.176594 8.106694
94.207667 8.191193
94.239786 7.46142
94.270852 7.407466
94.301963 7.495707
94.333009 6.727383
94.404838 7.540001
94.436983 7.611186
94.468046 7.715004
94.499188 7.767392
94.530269 8.755362
94.561286 8.780337
94.593502 8.68
94.624575 8.654937
94.655653 8.662682
94.686744 8.583405
94.717907 8.844647
94.750126 9.169851
94.781213 9.227547
94.802155 9.589301
94.833213 9.863771
94.864363 10.034422
94.896576 10.169743
94.927694 10.496252
94.958775 8.564782
94.989871 8.684438
95.020978 8.683742
95.053213 8.913743
95.08418 8.793565
95.115255 8.767806
95.146299 8.838555
95.177395 8.952642
95.209661 8.09921
95.241536 8.15386
95.273413 8.424849
95.30542 8.503518
95.337464 8.516571
95.369588 8.894076
95.4017 8.537979
95.433731 8.407357
95.465929 8.124359
95.498147 7.400504
95.550619 7.428177
95.582594 7.52512
95.614586 6.68509
95.656739 7.221585
95.688651 7.12177
95.720516 6.520617
95.752334 6.261898
95.784199 6.139718
95.816301 6.072101
95.848262 6.518963
95.880228 6.694575
95.912109 6.084284
95.954144 6.080977
95.986057 6.13119
96.018023 6.050432
96.050001 5.88535
96.08191 5.869512
96.113842 5.996565
96.145764 6.128405
96.177657 6.490942
96.209521 7.094358
96.241398 6.972091
96.27327 6.236313
96.305237 6.061832
96.337125 6.350574
96.369074 6.479803
96.40107 6.430635
96.433055 5.969588
96.464985 5.410467
96.497089 5.616363
96.528219 5.671709
96.559272 5.868903
96.590403 6.77481
96.621489 7.520856
96.653762 7.559581
96.684822 7.717093
96.715884 7.049454
96.746967 8.939676
96.778038 8.91879
96.810263 9.442667
96.84138 9.406292
96.872407 9.503757
96.90343 9.556928
96.934696 9.003376
96.966932 6.425501
96.998929 6.586232
97.029985 6.873755
97.081389 7.491095
97.112401 7.409467
97.143503 5.884741
97.257142 6.734431
97.289209 6.674299
97.321239 6.470665
97.352233 6.305235
97.383414 6.276082
97.414434 6.900297
97.445534 7.048845
97.477787 7.190953
97.50884 7.053283
97.539846 7.13491
97.560882 7.23429
97.591901 7.280325
97.62406 7.228286
97.655051 6.118136
97.686112 6.301145
97.717184 6.440991
97.748278 6.460745
97.780616 6.489636
97.811709 8.687049
97.842881 6.445777
97.873943 6.476757
97.905077 6.968436
97.947636 7.816212
97.978795 7.186776
98.101643 7.093487
98.132812 7.979989
98.164008 7.746332
98.196231 8.115135
98.227358 8.25733
98.25844 8.545376
98.289608 8.165782
98.320721 8.304148
98.352874 7.664705
98.383925 7.498404
98.415022 7.510327
98.446025 7.655742
98.477135 7.494924
98.509405 7.806987
98.540525 7.825436
98.571716 7.430701
98.602874 6.866184
98.633941 7.042231
98.666095 7.001243
98.697176 7.155709
98.72816 7.754687
98.759187 7.744244
98.790125 7.859723
98.822398 8.221477
98.853434 8.355405
98.884479 8.209468
98.91555 7.432702
98.946696 6.906388
98.978978 6.947811
98.999913 7.428699
99.030894 8.350445
99.061876 8.285177
99.092902 8.377596
99.125075 8.398742
99.157051 8.134889
99.188854 7.470731
99.220735 7.646517
99.252604 7.990257
99.284469 7.456721
99.31644 7.336107
99.348392 7.391889
99.380506 7.508934
99.41275 7.542264
99.444993 7.341763
99.477365 7.009423
99.509834 6.938065
99.542311 6.7105
99.574804 7.059026
99.60722 7.298948
99.63977 6.472841
99.702778 6.983752
99.723707 6.852869
99.754931 6.649062
99.786097 6.531233
99.817352 6.659766
99.849769 6.770285
99.882278 7.567588
99.913658 7.22115
99.944866 7.097839
99.976228 7.23664
100.007565 6.767065
