1.7e-05 0.010964
0.225723 0.019319
0.266982 0.026019
0.297986 0.031154
0.339359 0.035157
0.380632 0.039247
0.412726 0.042554
0.443725 0.043772
0.495074 0.047427
0.526119 0.050299
0.557117 0.082236
0.589161 0.084847
0.620177 0.082323
0.651169 0.084847
0.682169 0.087022
0.713139 0.090851
0.745265 0.094245
0.777204 0.098161
0.809336 0.102251
0.840525 0.109039
0.871552 0.116697
0.902614 0.127401
0.933645 0.142456
0.965862 0.15403
0.996982 0.168737
1.02793 0.173262
1.058957 0.18675
1.079785 0.202937
1.111906 0.200413
1.143036 0.20546
1.18427 0.213814
1.255996 0.21599
1.287139 0.20955
1.319319 0.221734
1.350316 0.223648
1.381339 0.226259
1.412338 0.214772
1.453507 0.230523
1.485533 0.176569
1.526723 0.195018
1.557697 0.254715
1.588677 0.327727
1.619677 0.361144
1.651756 0.459219
1.68275 0.551376
1.713711 0.661112
1.744711 0.314587
1.928477 0.306059
1.960717 0.241401
1.991739 0.210072
2.022837 0.196584
2.053831 0.207375
2.085014 0.215903
2.117155 0.221211
2.148196 0.317459
2.199709 0.315196
2.230794 0.305275
2.261846 0.260285
2.283938 0.260546
2.315906 0.277863
2.347878 0.284651
2.380031 0.341303
2.411996 0.4124
2.443913 0.539802
2.474943 0.733776
2.505961 0.807397
2.53702 0.889807
2.568008 0.952899
2.600276 1.019123
2.632267 1.142696
2.663259 1.14374
2.694251 1.148787
2.725201 1.161319
2.756198 1.015642
2.788365 1.03879
2.820375 1.037572
2.852394 1.040357
2.884394 1.050887
2.916564 1.057326
2.948597 1.073426
2.98075 1.088393
3.013337 1.163059
3.045635 1.170804
3.07791 1.231807
3.110046 1.278103
3.142308 1.309692
3.174282 1.344414
3.206244 1.377048
3.227138 1.385315
3.258092 1.417775
3.28917 1.45328
3.320268 1.31474
3.352429 1.305602
3.384612 1.29281
3.416688 1.30917
3.448673 1.31239
3.480511 1.30743
3.512321 1.341717
3.544217 1.36034
3.576036 1.358512
3.607924 1.464854
3.639812 1.554574
3.671731 1.600697
3.703662 1.64386
3.735525 1.682759
3.766514 1.709649
3.79749 1.720962
3.828532 1.759252
3.859528 1.804678
3.891606 1.823562
3.923542 1.831133
3.955453 1.824606
3.987287 1.831481
4.019329 1.820777
4.051165 1.835223
4.083083 1.839835
4.115118 1.829218
4.147098 1.839139
4.178925 1.932166
4.210795 1.99082
4.241858 2.034331
4.272868 2.066704
4.303909 2.144241
4.334921 2.122746
4.367081 1.897879
4.398918 1.80024
4.420638 1.952269
4.452498 2.036855
4.48432 1.891527
4.51627 1.945568
4.548141 1.913195
4.579961 1.795454
4.61204 1.752464
4.643886 2.209073
4.675719 2.244143
4.728042 2.305842
4.759916 2.355445
4.791984 2.375373
4.824112 2.379115
4.856145 2.306625
4.898514 1.924856
4.930434 1.881258
4.96246 1.95662
4.994406 2.068966
5.026662 2.077842
5.058716 2.172436
5.090536 2.208116
5.122391 2.263375
5.15429 2.362146
5.186267 2.726423
5.218129 2.758187
5.249158 2.803438
5.280217 2.802829
5.311268 2.706408
5.342295 2.869315
5.374429 2.720854
5.405508 2.67508
5.436534 2.550028
5.467603 2.323334
5.54961 2.589884
5.591932 2.46901
5.622961 2.220647
5.654016 2.457175
5.685054 2.387992
5.736495 2.550637
5.768712 1.817557
5.840492 1.877429
5.871509 2.021887
5.902506 2.170174
5.933509 2.170348
5.965719 2.192625
5.997702 2.234135
6.029948 2.083673
6.061913 2.125618
6.093704 2.378332
6.125505 2.857131
6.157413 2.920484
6.189255 2.823193
6.221151 2.855478
6.252971 2.947287
6.284766 3.054412
6.316524 3.152139
6.348272 3.174852
6.380579 3.393018
6.41266 3.414338
6.443766 3.567498
6.474767 3.707779
6.505775 3.717961
6.536761 3.723182
6.568819 3.730057
6.600681 3.701252
6.632515 3.523639
6.664429 3.316699
6.696193 3.518157
6.728102 3.271012
6.770053 3.646602
6.801927 3.687329
6.833802 3.80481
6.865721 3.923335
6.897625 4.037683
6.929615 4.158992
6.961487 4.352183
6.993291 4.465574
7.024366 4.211815
7.055364 4.209465
7.086367 4.382293
7.117401 4.352096
7.149499 4.217646
7.181334 4.402308
7.213205 4.468271
7.244988 4.016101
7.287124 4.703581
7.319128 4.811402
7.351144 4.682956
7.383318 4.555555
7.405102 4.518135
7.436993 4.66825
7.468826 4.531363
7.500589 4.575831
7.532387 4.504995
7.564381 5.100144
7.596288 5.307606
7.628172 5.550661
7.659977 5.888744
7.691901 6.169567
7.722965 5.843666
7.754029 5.708172
7.785049 5.605311
7.816096 5.135475
7.848267 5.378094
7.86919 5.240772
7.900207 5.37122
7.93128 4.982402
7.962352 4.991278
7.994462 4.747179
8.025471 4.338172
8.087127 4.785208
8.118131 4.749181
8.149137 4.955425
8.18127 4.349311
8.21225 4.469751
8.243341 4.494378
8.274401 4.854739
8.305435 4.85239
8.337588 5.035921
8.369757 5.005376
8.401704 4.953945
8.433583 5.13591
8.465521 5.045841
8.497472 5.048365
8.529385 4.948463
8.561202 4.742741
8.593071 4.870752
8.624861 4.572873
8.656678 4.582445
8.688562 4.133669
8.750924 3.766084
8.823597 3.675929
8.855953 3.678017
8.886993 3.730753
8.918016 3.784446
8.949055 3.808203
8.990269 3.958405
9.022361 4.104168
9.054543 4.343394
9.085548 4.595412
9.1267 4.372372
9.157689 4.71472
9.18876 4.66912
9.231153 4.746744
9.262971 4.855087
9.294792 4.709846
9.326659 4.764497
9.35852 4.358013
9.390348 4.142197
9.462015 4.171872
9.493058 4.077278
9.524121 4.153423
9.555166 4.251672
9.587311 4.444775
9.619259 4.957078
9.650259 4.911826
9.681223 4.937759
9.712231 4.857611
9.743296 4.895727
9.775403 4.995368
9.807246 5.120681
9.839222 4.981445
9.860997 5.154359
9.892847 5.295075
9.924694 5.344243
9.956504 5.429003
9.988313 5.377137
10.020142 5.334148
10.052218 5.247299
10.084585 5.228241
10.116793 4.997544
10.148653 4.806094
10.180474 5.120159
10.212538 4.932973
10.2549 4.96404
10.286978 4.83368
10.319079 4.758318
10.351129 4.793388
10.382973 4.838814
10.41487 5.111805
10.446752 5.062115
10.478616 5.22563
10.51045 5.305517
10.542279 5.329884
10.574051 5.480172
10.606239 5.486699
10.638174 5.498012
10.670061 5.545613
10.701911 5.485829
10.734033 5.935475
10.766172 5.772395
10.798177 5.42352
10.830137 5.59043
10.862138 5.752989
10.89449 5.686416
10.926644 5.739239
10.958726 5.644993
10.990691 5.990735
11.022899 6.078976
11.055241 5.952445
11.087134 5.83305
11.119011 6.099252
11.151076 6.133191
11.183044 5.613752
11.225306 5.89762
11.257213 5.558841
11.289068 5.520899
11.320959 5.476517
11.352946 5.488787
11.385383 4.975527
11.417356 5.020866
11.449351 5.188646
11.471184 5.163496
11.513216 5.197348
11.545128 5.220322
11.576999 5.45859
11.598783 5.673276
11.630602 5.680934
11.662517 5.676583
11.69442 5.475299
11.726318 5.248866
11.758059 5.585122
11.789834 5.688853
11.821717 5.463116
11.853845 5.376006
11.88487 5.325794
11.915894 5.242339
11.967479 5.198653
11.998509 4.852216
12.051112 5.401417
12.08311 5.589473
12.114194 5.684676
12.145206 5.666662
12.17636 5.681717
12.20745 5.601917
12.239582 5.376093
12.270578 5.026783
12.30155 4.386731
12.332528 4.143328
12.363625 4.138542
12.3959 4.148027
12.428153 4.25141
12.459353 4.147244
12.49043 4.174395
12.52152 4.801394
12.55256 4.736998
12.584674 5.37122
12.616695 5.706518
12.648578 5.509934
12.680433 5.904321
12.712348 5.903103
12.744295 6.22996
12.776231 6.255023
12.808358 6.537064
12.840407 6.302973
12.872488 6.647931
12.90445 6.703625
12.936222 6.465966
12.96801 6.702842
12.999834 6.72338
13.031801 6.772286
13.063915 6.738435
13.095776 6.901254
13.127608 6.669512
13.159485 6.888636
13.19123 7.03788
13.223032 6.908999
13.254895 6.934758
13.286724 7.041535
13.318617 7.06973
13.35053 6.987755
13.382309 6.96626
13.414172 6.595717
13.446012 6.731908
13.477759 7.020301
13.509474 7.096011
13.541205 7.190431
13.573216 7.138652
13.605139 7.132474
13.637053 7.218626
13.668864 7.48422
13.700807 7.16502
13.732721 6.813274
13.764612 6.977921
13.796473 6.610859
13.82847 6.450302
13.860494 6.300623
13.892498 4.893987
14.005876 5.431439
14.036967 6.02389
14.068205 5.934866
14.099311 6.184535
14.130412 6.421236
14.162554 6.410272
14.193571 6.518963
14.2246 6.091768
14.265782 5.810685
14.296819 4.310673
14.328945 4.243927
14.360049 4.168565
14.391196 4.275429
14.422336 4.159427
14.453434 4.176397
14.485622 4.211293
14.516695 4.209727
14.557904 4.279345
14.599149 4.519789
14.630195 4.38151
14.662338 4.468619
14.694346 4.643013
14.72626 4.55686
14.758137 4.791909
14.789998 4.819234
14.821931 5.078997
14.854074 5.271143
14.886252 5.459548
14.918154 5.24025
14.950079 5.241556
14.982057 5.186992
15.014033 5.348333
15.046055 5.473297
15.078441 5.511152
15.110312 5.488091
15.142262 5.479998
15.174297 5.408204
15.206311 5.229111
15.238595 4.95177
15.270655 5.174026
15.302599 4.975788
15.334596 5.144177
15.36664 5.094922
15.3986 5.185078
15.430762 5.228154
15.462684 5.117635
15.494699 5.047669
15.526681 4.969522
15.558615 4.870055
15.590564 4.880324
15.622492 4.86057
15.654526 4.821932
15.686407 4.894596
15.718327 4.942023
15.750222 5.094313
15.782197 4.978921
15.81412 5.113632
15.846354 5.071948
15.878571 5.020866
15.910729 4.657372
15.942685 4.221649
15.974728 4.267771
16.006704 4.304146
16.038856 4.223476
16.071164 4.761799
16.103142 4.996238
16.135143 5.097881
16.167116 5.081782
16.199004 4.888243
16.230939 4.638401
16.262847 4.723857
16.294751 4.789037
16.326608 5.458242
16.35852 5.614709
16.40049 5.612534
16.431546 5.426131
16.462617 4.709498
16.534403 4.898077
16.565463 4.87606
16.597755 4.785904
16.629621 4.606376
16.671656 4.4835
16.703464 4.588537
16.735301 4.721421
16.767412 4.938455
16.799204 4.920877
16.831212 5.003113
16.863179 5.188994
16.895127 4.996674
16.927256 5.451107
16.95912 5.240772
16.991011 5.166716
17.022762 5.040098
17.055024 4.982924
17.087375 4.899382
17.118408 4.706366
17.149483 4.80357
17.180503 4.790517
17.211511 4.755882
17.24368 4.727338
17.275564 4.746918
17.307486 4.635877
17.339351 5.263485
17.371383 6.101341
17.403462 6.287134
17.435552 6.106997
17.467511 6.433159
17.499454 6.432811
17.531322 6.273037
17.563204 6.732604
17.595186 6.386601
17.637361 6.231614
17.669396 5.512632
17.691049 5.418038
17.722995 5.344417
17.755152 5.196391
17.787243 5.031657
17.819275 5.271404
17.851436 5.308128
17.883402 5.371829
17.91533 5.162452
17.947268 5.188733
17.979348 6.212208
18.011279 6.481891
18.043122 6.561952
18.074913 6.605638
18.107205 6.766108
18.13918 6.794216
18.171056 6.662029
18.203043 6.653761
18.234851 6.326121
18.287084 6.914482
18.319022 6.568914
18.35109 6.781511
18.382968 7.174506
18.415117 7.283284
18.447042 7.328362
18.478924 7.53887
18.510816 6.908825
18.542733 6.887592
18.574594 6.635313
18.60647 6.297838
18.68932 6.41062
18.720329 6.42463
18.751347 6.413143
18.782311 6.449867
18.813317 6.510609
18.84561 6.653152
18.897142 7.571591
18.92814 5.97977
18.959252 6.023977
18.990319 6.083414
19.022453 5.940697
19.054399 5.992736
19.086639 6.047561
19.118715 5.682674
19.150619 5.671013
19.182546 5.007029
19.214381 5.153141
19.246271 5.198044
19.278247 4.688352
19.340655 5.785622
19.371661 6.053304
19.402623 6.27147
19.433595 6.365281
19.464637 6.316287
19.496835 6.502168
19.528724 6.899688
19.56058 6.804224
19.592565 6.923706
19.62448 7.380053
19.656482 7.326796
19.688375 6.591105
19.720412 6.102559
19.752354 6.317505
19.784407 6.245015
19.816285 6.138151
19.848485 5.947833
19.880732 6.080716
19.911865 5.995695
19.942919 5.945483
19.984148 5.847582
20.015236 6.214296
20.047475 6.537847
20.078494 6.689789
20.099421 6.205681
20.140646 6.753141
20.171681 6.803963
20.20389 7.137347
20.235771 6.97679
20.267697 6.78212
20.299852 7.014645
20.331793 7.459505
20.364015 7.244037
20.396045 6.433855
20.489412 6.469186
20.520466 6.350922
20.622869 7.330451
20.653928 7.485525
20.684883 7.935607
20.716955 8.017756
20.748857 8.337478
20.780786 7.667838
20.812726 7.68298
20.844695 7.722662
20.876789 6.310805
20.908765 6.35214
20.940647 5.938695
20.972555 6.080803
21.004623 6.284611
21.036671 6.148942
21.068653 5.816863
21.100849 5.746984
21.132757 6.240925
21.16453 6.521661
21.196295 6.303669
21.228174 6.304713
21.260118 6.387211
21.291945 6.16217
21.323817 6.221171
21.355693 6.204202
21.387491 6.575354
21.419376 6.222738
21.451161 6.123183
21.482897 6.249889
21.514701 6.585187
21.546519 6.634007
21.578399 6.223869
21.610162 6.076626
21.641942 6.002135
21.673831 6.153903
21.705673 6.007878
21.73751 5.946875
21.769336 5.214927
21.801277 5.960016
21.833251 6.14668
21.86516 6.113089
21.897099 5.912501
21.928921 5.805289
21.96087 5.887526
21.992777 5.24991
22.02467 4.99824
22.056657 5.044449
22.08852 5.616363
22.120688 6.627219
22.152507 6.764715
22.184326 6.830157
22.216197 6.29749
22.299095 6.925795
22.330146 7.862421
22.361228 7.886352
22.392308 8.036205
22.423432 7.64965
22.455599 7.59822
22.487493 7.443145
22.518616 7.025871
22.549564 6.495989
22.580633 6.590757
22.611652 6.540197
22.64383 6.420714
22.674876 6.717462
22.705914 5.978552
22.736896 5.921465
22.767927 6.053217
22.799942 6.194629
22.832015 6.215341
22.87426 6.606073
22.906334 6.218473
22.948687 6.240316
22.980831 5.993258
23.013111 6.251977
23.045372 6.332647
23.077588 6.232919
23.109884 6.145374
23.140955 6.115177
23.172026 6.168609
23.203283 6.348921
23.234424 6.462659
23.266706 6.15982
23.298684 6.398088
23.330489 6.418191
23.361637 6.225957
23.382467 6.32116
23.413537 6.367805
23.444683 6.060005
23.476844 5.956361
23.507989 6.153641
23.539092 6.312284
23.570181 4.264203
23.784479 5.140435
23.816709 5.462071
23.847748 5.500361
23.878857 5.540827
23.90992 5.548311
23.94099 5.860288
23.973156 5.628633
24.005046 5.595216
24.036965 5.483479
24.068835 5.300992
24.099901 4.90469
24.131033 4.138629
24.162114 4.061353
24.193181 4.161081
24.225366 3.996608
24.247115 3.88226
24.279109 3.771132
24.310916 3.722225
24.341922 3.772872
24.413702 3.805245
24.475403 3.842664
24.506693 4.158383
24.538903 4.989103
24.570901 5.32092
24.602786 5.229721
24.633781 5.344852
24.664711 5.488265
24.695748 5.895271
24.726799 5.242513
24.820091 6.289484
24.851213 6.141023
24.882353 6.161648
24.913388 6.152945
24.944424 5.923292
24.976632 5.917462
25.008678 5.82748
25.040602 5.42674
25.072535 5.322313
25.104411 5.407682
25.136756 5.541523
25.168833 4.918875
25.200707 5.806159
25.232556 6.527404
25.264455 6.838772
25.296388 6.935802
25.328201 7.03379
25.349917 7.281544
25.381824 7.490398
25.413847 7.818126
25.446019 7.735455
25.478126 6.628438
25.510078 6.815276
25.542068 7.031353
25.574183 7.070513
25.606161 7.067642
25.6383 7.133779
25.670314 7.158145
25.702181 7.254828
25.723938 7.29277
25.75581 7.337238
25.787768 7.691334
25.819685 7.896795
25.851866 7.858853
25.88392 7.952228
25.916086 7.975028
25.948156 7.965456
25.98012 7.949095
26.011987 7.701255
26.043992 6.897686
26.075982 7.009423
26.107872 7.286243
26.140069 7.23255
26.172026 6.577355
26.214014 6.599633
26.245942 6.390082
26.277773 6.497294
26.308786 6.585361
26.339852 6.645233
26.371031 6.808836
26.402069 7.006639
26.43424 6.658461
26.466185 6.578661
26.498069 7.173635
26.529101 7.665836
26.560108 8.003137
26.591197 7.956666
26.622311 8.126187
26.654514 6.000742
26.696661 6.595978
26.72867 6.780815
26.760798 6.878628
26.791871 7.045625
26.822863 6.736346
26.85397 6.77072
26.885094 6.525403
26.917313 6.213687
26.948325 6.019713
26.979396 5.728709
27.010452 5.488004
27.041485 5.413078
27.073523 5.824347
27.105497 5.917462
27.1377 5.873167
27.169582 5.17011
27.221927 5.381923
27.25378 5.180118
27.284816 5.162974
27.315897 5.209618
27.346917 5.247995
27.398503 5.979857
27.430657 5.786057
27.461703 5.526381
27.492732 5.522204
27.523694 5.588515
27.554737 5.241034
27.586905 5.127382
27.618835 5.110064
27.650634 5.092486
27.682439 4.948202
27.713523 5.333278
27.744534 5.524815
27.77562 5.67432
27.806706 5.840359
27.838815 5.985687
27.870785 6.288962
27.902985 6.671514
27.934957 7.023869
27.96687 7.572896
27.998921 7.81656
28.030879 7.896099
28.062793 7.443058
28.11502 7.637119
28.147178 7.697077
28.179027 8.107477
28.210021 8.171787
28.24103 7.690899
28.272048 7.737978
28.303202 7.338892
28.335334 7.1209
28.367453 6.52958
28.429888 7.375006
28.461814 7.252043
28.493726 6.85957
28.535749 7.063987
28.567642 6.623129
28.599536 6.485372
28.631331 6.315591
28.663569 5.955055
28.695536 5.881956
28.727412 5.796239
28.75925 6.038858
28.791033 5.96106
28.822799 5.638989
28.854758 5.706779
28.886717 5.553097
28.918599 5.577203
28.950417 5.009118
28.982295 4.800872
29.014115 4.84421
29.046027 4.828197
29.077879 5.083174
29.109678 5.093182
29.141646 5.019125
29.173414 5.210053
29.205286 5.015035
29.237196 5.086829
29.268899 4.97631
29.321019 5.14235
29.352846 5.084044
29.384646 4.414752
29.41654 4.890158
29.468816 5.215188
29.500809 5.310304
29.532661 5.327534
29.574748 5.277583
29.606829 5.383838
29.638716 5.15375
29.670581 4.19763
29.702452 4.098685
29.734291 4.8939
29.766135 4.987971
29.797971 4.890941
29.870785 4.940283
29.901834 4.912871
29.932867 4.78164
29.963826 4.426587
29.994877 6.093683
30.026898 6.32525
30.058885 6.687352
30.09077 6.860527
30.122632 6.883763
30.154705 7.018735
30.186584 7.269535
30.218375 6.018669
30.301128 6.842514
30.332257 6.794477
30.363316 7.255089
30.394406 7.199568
30.425402 6.975659
30.457565 7.187646
30.488562 6.504778
30.550028 7.071471
30.581033 6.181663
30.612094 6.375811
30.644242 6.341089
30.675254 6.322988
30.706278 6.348485
30.737342 5.863246
30.768359 5.632897
30.800312 5.332581
30.83142 4.823846
30.862459 5.524728
31.005334 6.59067
31.036335 6.907781
31.068434 6.285481
31.100408 6.395739
31.132264 6.516265
31.164353 6.558645
31.196236 6.739044
31.228173 4.967521
31.300767 4.757361
31.321673 4.844036
31.352648 5.215362
31.383749 5.359994
31.414792 5.606268
31.446757 5.528557
31.478606 5.163757
31.510448 5.123379
31.54224 4.599676
31.614846 4.803048
31.645909 4.761451
31.676882 4.968391
31.707906 5.146353
31.739018 5.381314
31.781176 5.597827
31.812164 5.821127
31.843145 5.205615
31.884245 5.127382
31.925423 4.659982
32.028786 5.27593
32.059777 5.325794
32.090801 5.650302
32.121799 5.544917
32.15291 5.511935
32.185041 5.305343
32.216068 5.572329
32.24734 5.3566
32.278332 4.956643
32.3297 5.269925
32.361839 5.019387
32.392856 5.012164
32.423868 4.040032
32.515985 3.762342
32.547021 3.714393
32.579121 4.280389
32.610179 4.436595
32.651407 4.490114
32.682562 4.458003
32.713598 4.238009
32.74575 4.436508
32.776756 4.761973
32.807754 4.737172
32.838732 4.716721
32.869865 4.334082
32.90207 4.417798
32.953458 4.400393
32.984476 4.563474
33.015516 4.705843
33.046532 4.826109
33.07858 4.83368
33.110461 4.777811
33.142562 4.711239
33.174831 4.641621
33.20677 5.227893
33.23882 6.094727
33.269833 6.055393
33.30086 6.208466
33.331828 6.393128
33.362896 6.572221
33.394912 6.592062
33.425959 6.846343
33.456983 6.690311
33.487932 6.498774
33.518974 6.574832
33.551106 6.465879
33.582978 6.561952
33.614907 6.615819
33.646841 6.663334
33.678687 6.326121
33.710582 6.254414
33.742652 6.117527
33.774513 6.105518
33.796139 6.060266
33.828099 6.24606
33.86014 6.428111
33.892004 6.077322
33.923815 5.732712
36.251452 1.209703
36.283309 1.271924
36.314311 1.277146
36.345299 1.289938
36.376406 1.308561
36.407397 1.151398
36.439512 1.19256
36.470528 1.168802
36.501553 1.179593
36.532558 1.168454
36.563636 1.141912
36.59574 1.209007
36.626763 1.506451
36.647641 1.663005
36.68885 2.026064
36.71989 2.28339
36.752005 2.887938
36.783911 3.427566
36.815821 3.767477
36.846906 4.156121
36.878069 4.67965
36.909149 4.710978
36.950476 4.871187
36.982625 4.951335
37.014488 5.00964
37.046424 5.197087
37.078208 6.414971
37.110048 6.646451
37.141947 6.510783
37.184269 6.50034
37.216157 6.265466
37.248021 6.174179
37.280025 6.1224
37.312177 6.168174
37.344029 5.844711
37.386384 5.846799
37.417462 5.430308
37.448524 5.029829
37.479638 4.986318
37.510663 4.960907
37.542767 4.829329
37.57465 4.744395
37.606486 4.767717
37.638302 5.068206
37.670217 4.784686
37.702189 4.698621
37.734206 4.592453
37.766132 4.721856
37.797921 4.636747
37.829862 4.491332
37.862079 4.564431
37.894087 4.886242
37.925998 4.724031
38.008954 5.37618
38.040016 5.545265
38.071152 4.43703
38.102139 4.097728
38.133118 3.969979
38.165335 3.964061
38.197406 4.584882
38.229406 4.562778
38.261292 4.440946
38.293232 4.546505
38.325111 4.679911
38.357104 4.775201
38.389066 4.046298
38.431104 4.798175
38.462201 5.912066
38.49329 5.895793
38.524433 5.71992
38.555567 5.354859
38.648696 5.910674
38.679706 5.680238
38.731191 5.080215
38.813068 5.435268
38.844144 5.652477
38.876469 5.572242
38.90755 5.392366
38.93868 5.254174
38.969777 5.428568
39.0009 5.156099
39.033149 5.182119
39.065125 5.220061
39.09694 5.001199
39.12895 4.94768
39.160899 5.039489
39.254291 5.104408
39.285322 5.274537
39.316349 5.002243
39.347395 4.828372
39.378396 5.038706
39.410639 5.045145
39.441661 4.54694
39.472651 4.456175
39.503616 4.751008
39.555008 5.406638
39.5871 5.469555
39.619024 4.96404
39.681394 5.094661
39.712411 5.043144
39.743479 5.050889
39.764325 5.159754
39.79537 5.213012
39.827453 5.2426
39.859395 5.195434
39.89156 5.543351
39.923516 5.458068
39.955461 4.989016
39.97705 5.029742
40.008836 5.208139
40.039805 5.374004
40.070842 5.481913
40.101919 6.466923
40.132928 6.490942
40.165071 5.7623
40.216541 5.553706
40.247558 5.693204
40.278575 5.743242
40.309593 5.841317
40.341678 6.051825
40.373897 6.123967
40.405837 6.272515
40.437875 6.040425
40.469769 6.256589
40.501616 6.125533
40.533515 5.953576
40.565468 5.812773
40.59722 5.736889
40.628966 5.763518
40.660848 5.872993
40.692687 5.674407
40.724525 5.541697
40.756355 5.547876
40.788218 5.335453
40.820148 5.412729
40.852129 5.033136
40.88423 4.937063
40.916287 4.808008
40.948231 4.643361
40.980324 4.641621
41.012238 4.67173
41.043319 4.736649
41.074357 4.852912
41.105391 4.896075
41.136454 5.087264
41.168661 4.39961
41.25185 4.550682
41.283787 4.333821
41.314849 4.355751
41.345842 4.43207
41.376881 4.033331
41.407902 4.008269
41.480655 3.919854
41.51247 4.041686
41.544373 4.080585
41.576431 4.175875
41.61865 4.148027
41.650542 4.112348
41.682467 4.215818
41.714409 4.262549
41.746262 3.54261
41.778135 4.16082
41.851048 4.986666
41.882974 4.942023
41.935325 5.018255
41.96728 5.017385
42.019541 5.006507
42.051517 4.637095
42.083514 4.659199
42.115705 4.790691
42.14774 4.914002
42.179685 5.660222
42.21189 5.780314
42.243911 5.72079
42.275884 5.839837
42.307827 5.111631
42.391235 5.261223
42.422387 4.874145
42.453499 4.967956
42.4845 5.192736
42.515583 5.211272
42.54785 5.312827
42.579807 5.709564
42.61165 5.469729
42.643637 4.799654
42.685793 5.383664
42.716812 5.238597
42.74783 4.422062
42.768884 5.743677
42.799997 5.887874
42.832268 5.761952
42.86435 5.908324
42.896671 5.986471
42.927874 5.829133
42.969286 4.543546
43.00038 4.613599
43.031582 5.504626
43.104561 6.420453
43.135776 6.587537
43.166888 6.554555
43.198031 7.113503
43.229208 6.100732
43.322484 6.642361
43.353575 6.92884
43.37454 7.185558
43.405667 7.150139
43.436884 7.147442
43.469001 7.320443
43.500152 7.193216
43.531257 6.853479
43.562337 6.878715
43.59351 7.034225
43.625764 7.346811
43.658033 7.279803
43.690391 7.107672
43.731708 6.105605
43.762798 5.782924
43.793831 5.530645
43.824989 6.250063
43.857229 7.10306
43.889321 7.126121
43.921319 6.831027
43.95333 6.738783
43.985462 5.77048
44.048304 5.654827
44.079421 5.726186
44.11049 5.783098
44.141502 5.630025
44.172612 5.174635
44.20485 5.084567
44.23608 4.985013
44.267311 4.904603
44.298421 5.078127
44.329516 5.100231
44.361804 5.096054
44.394067 4.864399
44.426297 4.469316
44.468549 4.45983
44.50057 4.610292
44.531605 4.43938
44.583052 4.465922
44.603908 4.487242
44.635068 4.415884
44.667236 4.369587
44.73905 4.973961
44.770193 4.793562
44.821684 4.758231
44.85289 4.597935
44.885189 3.63294
44.958095 3.45872
44.990357 4.106256
45.022369 4.542154
45.054315 4.313458
45.086493 4.409183
45.118594 4.297446
45.149695 4.313545
45.180795 4.332516
45.211808 4.404484
45.293962 4.584273
45.3263 4.778943
45.367616 4.842991
45.398618 4.089287
45.48072 4.47941
45.511899 4.504821
45.544207 4.141762
45.576435 4.310499
45.608308 4.241925
45.640133 4.417015
45.671936 4.582793
45.70383 4.579312
45.734884 4.710108
45.765855 4.672514
45.796916 4.662158
45.828066 4.704538
45.860167 4.694792
45.891309 4.639271
45.922307 4.56095
45.953403 4.550073
45.984513 4.635877
46.016685 4.58288
46.048721 4.422845
46.080922 4.355229
46.112799 4.209814
46.144778 4.080672
46.176711 3.946222
46.208585 3.723965
46.240722 3.349071
46.272693 5.134344
46.304737 5.402896
46.418509 5.779792
46.449734 5.465726
46.480805 5.306301
46.511922 5.517244
46.542962 5.906671
46.575169 6.260854
46.60707 6.758537
46.638952 7.172852
46.680998 7.573157
46.712076 5.927556
46.743104 7.001765
46.774129 7.176159
46.805186 7.29947
46.837348 7.289811
46.889985 7.969894
46.921021 7.49327
46.992883 7.843276
47.023835 7.245255
47.054858 7.142742
47.08692 7.459244
47.118 7.410424
47.148985 7.603093
47.179983 7.593607
47.211055 7.563585
47.243298 7.320182
47.274311 6.011359
47.315518 6.148942
47.346569 6.344221
47.377656 7.055197
47.409846 7.146397
47.440848 6.982011
47.471879 6.182272
47.543868 6.236661
47.57486 6.042165
47.607009 5.865857
47.63892 5.841317
47.670801 5.861941
47.702627 5.696946
47.734506 5.844101
47.766239 5.800503
47.798199 5.892921
47.829934 5.936607
47.861827 5.884828
47.893684 5.907802
47.925607 5.473297
47.957527 5.388102
47.989466 5.297598
48.021417 5.388015
48.053297 5.447278
48.085107 5.390887
48.116927 5.317265
48.147955 5.264356
48.179056 5.464334
48.210064 5.38758
48.241217 5.145918
48.273377 5.250171
48.30525 5.097185
48.336297 4.981271
48.367426 4.874842
48.449474 4.13071
48.480623 4.814187
48.512843 5.547702
48.544741 5.329797
48.576701 5.160886
48.608574 4.688526
48.650641 4.741523
48.682485 4.573047
48.714336 4.696097
48.746384 4.600894
48.777373 4.434158
48.828839 4.759101
48.859822 4.42476
48.890813 4.224172
48.922979 4.45487
48.954075 4.560515
48.985131 4.56974
49.016194 4.44756
49.047226 4.845515
49.079357 5.075081
49.110372 5.139304
49.141375 5.362256
49.172535 5.556404
49.203664 5.426392
49.235933 5.319963
49.268077 4.743089
49.300046 5.18882
49.331971 5.501841
49.363893 4.9623
49.48771 5.679367
49.518786 4.647016
49.549815 4.65772
49.580935 4.678083
49.612168 4.952901
49.644333 5.712523
49.676184 5.804158
49.708054 5.860723
49.739919 5.937999
49.771787 4.602634
49.803832 5.074994
49.83577 5.557013
49.868301 5.7053
49.900394 5.920159
49.932293 6.045472
49.964286 6.295663
49.995365 6.543242
50.026312 6.751053
50.057319 6.724076
50.088335 6.952598
50.120544 7.32871
50.152551 7.545484
50.183606 7.445321
50.21463 7.517898
50.245748 7.609446
50.276769 7.204442
50.308841 7.280064
50.340805 7.053109
50.372991 6.990278
50.405071 6.912567
50.437211 6.823978
50.469101 6.958515
50.501212 6.733126
50.532997 6.958515
50.564822 6.7789
50.596768 6.608161
50.628746 6.501123
50.660652 6.757318
50.692524 6.652804
50.724323 6.62339
50.756212 6.442383
50.78813 6.304713
50.820132 6.273037
50.862548 6.186536
50.8945 6.080629
50.926328 6.051651
50.958152 6.010924
50.990057 6.030243
51.0219 6.573874
51.053976 7.417038
51.086391 6.626697
51.118324 7.069295
51.150188 7.017081
51.182038 7.031092
51.213886 6.563606
51.245751 6.604158
51.277941 5.615231
51.330361 6.095597
51.36149 6.442296
51.392477 6.592236
51.423536 6.620258
51.454674 6.453609
51.486977 7.131081
51.51804 7.057982
51.549068 6.93763
51.580094 6.91892
51.611178 6.504517
51.643341 6.560734
51.675263 6.718941
51.707335 6.758537
51.739305 6.240838
51.77032 5.892747
51.801329 5.91781
51.832366 5.919028
51.863513 5.823999
51.895632 5.94792
51.926657 5.906149
51.957638 5.74594
51.988656 5.841926
52.019735 5.966368
52.051807 6.009793
52.08364 6.083675
52.115557 6.032245
52.147573 5.89266
52.179576 6.015971
52.21143 6.358145
52.243537 6.431244
52.275645 6.388429
52.307515 6.503647
52.339366 6.506084
52.371627 6.338217
52.403617 5.731146
52.435521 5.841578
52.46753 5.603483
52.499541 5.473645
52.53153 5.659439
52.563667 5.600699
52.595671 5.302559
52.627619 5.427958
52.659483 5.296119
52.691446 5.588951
52.723395 5.671187
52.755839 5.252956
52.81868 5.874211
52.850794 5.853152
52.882983 5.951488
52.915087 5.961321
52.947048 6.047474
53.009593 5.804245
53.040673 5.075777
53.06165 5.061854
53.092687 5.55945
53.13393 6.865923
53.166157 6.934149
53.198081 7.042318
53.229977 6.966347
53.262106 6.627045
53.294058 6.645494
53.325932 6.661854
53.357935 6.114481
53.440956 6.512262
53.472022 6.211425
53.51325 6.68187
53.544321 6.425327
53.616163 7.180423
53.648393 7.173461
53.680363 7.265706
53.741881 7.803854
53.772916 6.842166
53.814132 7.572983
53.845218 5.732451
53.887606 5.724097
53.919643 5.88448
53.951658 5.82252
53.983844 5.805637
54.01497 6.112219
54.046011 6.054348
54.077061 5.981336
54.108161 5.672144
54.140308 6.066793
54.171359 5.461984
54.212569 5.110673
54.243644 5.261397
54.274823 5.411859
54.29683 5.962017
54.328862 5.569458
54.371269 4.676343
54.474834 4.580705
54.505931 4.608639
54.537056 4.450867
54.578293 4.62439
54.60935 4.638314
54.641535 4.610031
54.672589 4.10469
54.744295 4.357752
54.785536 4.425195
54.816605 4.085893
54.86924 4.199458
54.901284 4.182662
54.93324 4.248365
54.965236 4.261157
55.007261 4.719854
55.059922 4.8711
55.092015 4.881978
55.123923 4.642578
55.155869 4.299969
55.187792 3.423998
55.219674 3.62824
55.251658 3.835093
55.283876 3.731362
55.315737 3.743371
55.347626 3.772437
55.379554 3.840837
55.442122 4.216166
55.473157 4.367934
55.504277 4.478453
55.535331 4.57148
55.566334 4.607769
55.598481 5.62637
55.630409 5.34198
55.662364 5.48287
55.694214 5.2882
55.726122 5.221801
55.757128 5.216058
55.788197 5.038357
55.819247 5.136258
55.850388 5.031396
55.882545 4.957774
55.914573 4.913393
55.946408 4.885284
55.968162 4.71733
56.000143 4.7571
56.032167 4.87841
56.064553 4.940283
56.096757 5.179944
56.128778 5.312305
56.160692 5.379748
56.192695 5.946353
56.224654 5.98386
56.256516 5.966978
56.288691 5.975854
56.320729 5.964367
56.352668 5.822607
56.383872 5.991083
56.415001 4.25933
56.446035 5.351291
56.507697 5.164018
56.539957 5.271492
56.571022 5.376963
56.60207 5.494096
56.63311 5.328752
56.664138 5.296554
56.696257 5.236073
56.728114 4.962735
56.770261 5.096663
56.802123 5.190647
56.834193 5.021823
56.866225 5.303603
56.898151 5.333278
56.930091 5.103973
56.961963 5.177333
56.993802 5.199437
57.025652 4.949681
57.057469 5.129905
57.089324 4.895988
57.121146 4.54372
57.203898 4.717504
57.235733 4.380987
57.266781 4.300839
57.297881 4.450432
57.328916 4.499164
57.360079 4.491245
57.392374 4.542241
57.424252 4.350965
57.456245 4.347745
57.488259 4.352531
57.530236 4.543372
57.562019 3.848495
57.695743 3.925423
57.726733 3.980334
57.757712 3.9524
57.788715 3.874689
57.819745 3.747026
57.8519 3.663833
57.88291 3.904277
57.913973 3.696205
58.036659 4.144634
58.067795 3.960145
58.100047 4.041424
58.131988 3.954489
58.164016 3.750507
58.195945 3.809422
58.227863 3.934648
58.25967 4.059873
58.291829 3.373003
58.323755 3.459677
58.355798 4.340609
58.387607 4.158992
58.419391 3.177984
58.451227 3.210879
58.503459 3.207833
58.605684 3.310172
58.636703 3.448625
58.66768 3.55401
58.698708 3.577158
58.730832 3.620669
58.761895 3.683326
58.792957 3.591169
58.834158 3.684109
58.865272 4.043339
58.90764 4.183446
58.960026 4.207377
58.991986 4.315372
59.023978 4.410749
59.055897 4.624564
59.097128 4.78164
59.128088 4.660766
59.169317 4.664856
59.200364 4.695488
59.232452 4.982141
59.26433 4.838205
59.296431 4.336606
59.328439 4.447908
59.36033 4.454087
59.392288 4.478801
59.424083 4.563735
59.455981 4.81001
59.487915 4.907127
59.51979 4.017667
59.551794 4.059612
59.583714 4.151943
59.615668 4.224259
59.64763 4.205811
59.679466 4.175788
59.772702 4.136888
59.803739 4.2146
59.834817 4.559558
59.865983 5.013382
59.897158 5.117461
59.929459 4.405441
59.961401 4.717766
60.034288 5.181945
60.065346 5.434137
60.096379 5.521595
60.127496 5.531516
60.15858 5.544917
60.190698 5.246603
60.222601 5.124945
60.25363 5.350943
60.28471 4.522051
60.336136 4.563909
60.367265 5.436487
60.399527 4.817407
60.43163 4.807138
60.473952 4.730645
60.526249 4.689918
60.558093 4.858481
60.590067 4.642665
60.621891 4.409792
60.653854 4.262723
60.685678 4.234876
60.717549 3.989037
60.74956 4.089548
60.781396 4.091289
60.813254 3.99626
60.845168 3.761733
60.877161 3.782445
60.909162 3.783402
60.941147 3.586469
60.973098 3.486219
61.004892 3.576897
61.036663 3.625804
61.068573 3.721703
61.100538 3.746243
61.132456 3.619364
61.164315 3.564105
61.196367 3.607094
61.228383 3.515546
61.260334 3.443578
61.29237 3.431917
61.324496 3.418515
61.355493 3.511804
61.386448 3.420865
61.417485 3.206963
61.448563 3.311913
61.480721 3.249082
61.513021 3.387796
61.545199 3.458111
61.577098 3.309128
61.609218 3.379007
61.641036 3.110629
61.754524 3.229067
61.785622 3.241424
61.816726 3.244992
61.84788 3.126119
61.878958 3.183554
61.91124 3.21349
62.013565 3.260569
62.044608 3.294769
62.085837 3.221757
62.116984 3.113675
62.189743 3.226978
62.22162 3.274493
62.252655 3.254652
62.283671 3.314262
62.314842 2.704406
62.345899 2.759231
62.378256 2.792648
62.409469 2.838509
62.440498 2.809182
62.461384 2.523312
62.492393 2.437943
62.524565 2.934234
62.555627 3.278061
62.586703 3.221844
62.617733 3.285545
62.648776 2.52514
62.680897 2.519135
62.712863 2.616252
62.744842 2.576222
62.776767 2.566823
62.808795 2.621213
62.840933 2.605375
62.873079 2.984794
62.905181 3.332102
62.927147 3.322529
62.959343 3.016122
62.991453 3.096531
63.023573 3.307822
63.127289 3.94248
63.148245 4.111565
63.179406 4.261157
63.21056 4.309194
63.241743 4.156817
63.273989 4.254543
63.304986 4.303189
63.346378 4.381161
63.377504 4.505343
63.408555 4.570001
63.440761 4.791474
63.471783 5.052629
63.502783 5.362604
63.533834 5.343633
63.564898 4.930623
63.617497 5.107367
63.648483 5.12947
63.679488 4.890593
63.710432 5.140087
63.741467 4.888765
63.773559 4.931668
63.805405 4.676082
63.837535 4.068053
63.941014 4.598196
63.972031 4.561473
64.003095 4.605071
64.034124 4.783903
64.065149 5.54074
64.097318 5.613752
64.129097 5.634115
64.161121 5.8763
64.193167 5.799285
64.225156 4.01175
64.256144 4.088939
64.327998 4.168217
64.359055 4.256197
64.390126 4.360276
64.422288 4.568521
64.453335 4.677822
64.484498 4.696967
64.515587 4.844906
64.546656 6.318811
64.609605 7.96241
64.640737 8.142895
64.671802 7.908282
64.702866 7.803854
64.733885 7.717006
64.766044 7.892444
64.797214 7.144657
64.828307 7.342286
64.859497 7.061202
64.89077 7.160408
64.923035 6.742002
64.954086 6.731299
64.985295 6.818757
65.016361 7.164759
65.047452 7.162584
65.079737 7.27493
65.110825 7.174071
65.141949 7.127426
65.173022 7.207748
65.204084 6.886025
65.236262 5.670578
65.267274 6.99872
65.298284 7.213666
65.329381 6.937195
65.36047 6.443253
65.413169 6.524271
65.445332 6.279563
65.518227 6.36589
65.550307 7.052326
65.582295 7.063726
65.644867 7.59996
65.676859 7.782099
65.708749 7.797241
65.739808 7.716745
65.770797 7.709435
65.801789 7.75956
65.832879 6.482152
65.865112 7.172156
65.897063 7.370655
65.928966 7.304431
65.960815 7.340458
65.991816 7.27902
66.022849 7.018561
66.053887 6.990627
66.084917 6.644885
66.117099 6.57283
66.149019 7.091312
66.181204 7.717267
66.213079 7.679934
66.245123 7.076605
66.277039 6.718071
66.308849 6.938587
66.340876 6.536629
66.373051 6.347093
66.40515 4.881455
66.539121 5.41125
66.570154 5.583381
66.601231 5.373221
66.632256 5.365737
66.653135 5.445711
66.68522 5.397152
66.716245 5.292464
66.747317 5.382707
66.778358 5.751683
66.809405 5.924336
66.841649 5.772743
66.872796 5.629329
66.903987 5.663181
66.935173 5.613752
66.956107 5.007551
66.988285 4.848387
67.020327 4.237313
67.052414 4.211728
67.084277 3.801677
67.116251 3.509193
67.148212 3.462288
67.180201 3.508323
67.211254 3.588906
67.242274 3.706996
67.273329 4.321812
67.324793 4.757535
67.357132 5.465291
67.389154 5.435529
67.440628 5.906323
67.471641 5.641512
67.523019 5.994999
67.554028 6.024848
67.586189 5.943307
67.618084 6.050606
67.649874 6.108999
67.681743 6.396261
67.713593 6.439511
67.74546 6.041469
67.777426 6.273994
67.808446 6.163736
67.839575 6.388342
67.870603 6.060788
67.90161 5.951313
67.93386 5.883871
67.965972 5.828698
67.997901 5.851498
68.029753 5.370001
68.071843 5.232244
68.103672 5.320137
68.135627 5.598784
68.167638 5.050454
68.270836 5.350508
68.301919 5.328752
68.332895 5.449018
68.364057 5.158101
68.39514 4.837944
68.427501 4.812446
68.458537 4.795912
68.48955 5.188907
68.52053 5.726621
68.551672 5.686851
68.583879 5.687721
68.615869 5.516809
68.647864 5.549703
68.679894 4.454609
68.711827 4.701405
68.743643 5.325533
68.77576 5.094748
68.807756 5.019561
68.838854 4.63492
69.002243 4.596456
69.033245 3.945351
69.105007 4.484632
69.137141 4.578442
69.16816 4.614731
69.199264 4.652063
69.220036 4.552422
69.251067 4.662593
69.283158 4.595586
69.314158 4.561299
69.345228 4.747266
69.376254 5.1856
69.407273 0.167866
69.663281 0.406048
69.695197 0.822191
69.726266 1.129555
69.757266 1.656043
69.788318 1.951485
69.819386 2.218819
69.851541 2.422279
69.882575 2.565431
69.913598 3.708736
69.964961 5.429003
69.995965 5.54309
70.028083 5.920681
70.059074 6.282957
70.090122 6.443949
70.131368 6.472058
70.192918 7.509021
70.225042 8.293009
70.256084 8.336086
70.287196 8.220084
70.318301 8.462008
70.349569 9.28768
70.381766 9.343461
70.412835 9.454503
70.443866 9.24617
70.474919 7.791149
70.506101 6.912828
70.538303 9.224414
70.569428 9.36017
70.600502 9.317616
70.631554 9.46686
70.66263 9.481567
70.694722 7.581076
70.725746 6.887156
70.756744 7.186515
70.78775 7.368392
70.818787 7.228373
70.851083 7.802723
70.882188 7.662355
70.913347 7.840839
70.944523 7.417038
70.985834 7.157188
71.007864 6.99872
71.039873 7.016385
71.071771 7.111936
71.103608 6.499731
71.145632 6.960082
71.177424 7.114808
71.209263 7.066597
71.241137 7.06155
71.272945 6.760712
71.304744 6.802483
71.33656 6.700057
71.368577 6.822586
71.400406 6.858526
73.707968 1.320222
73.739984 1.34572
73.770993 1.487654
73.801941 1.469466
73.833004 1.46233
73.864 1.484608
73.896136 1.476254
73.927179 1.47608
73.958203 1.482868
73.989267 1.48835
74.020303 1.478691
74.052359 2.112565
74.083429 2.912652
74.114554 3.446972
74.145567 3.988689
74.176615 4.334604
74.208754 4.431896
74.239737 4.818451
74.270718 5.426653
74.301687 5.772656
74.332747 2.275558
74.487001 1.749331
74.519017 1.37261
74.549969 1.023474
74.580978 0.673034
74.61202 0.626564
74.6432 0.692179
74.675344 0.747264
74.70641 0.790863
74.737408 0.84473
74.768413 2.277995
74.799488 2.53741
74.831696 2.704058
74.863897 3.042403
74.895966 3.732842
74.927831 4.283435
74.959666 4.286481
74.991561 4.949246
75.023471 5.263659
75.075721 6.370589
75.107494 6.534279
75.139324 6.485459
75.171469 6.492682
75.203419 6.727905
75.235331 6.231179
75.27752 6.229264
75.319724 6.717636
75.351615 6.639403
75.383689 7.086352
75.415587 7.267446
75.447498 7.049802
75.479447 7.199046
75.511442 7.104017
75.543339 7.148225
75.575194 7.133431
75.60712 7.324185
75.639554 7.498143
75.671507 6.495467
75.703492 6.187058
75.82763 7.124903
75.858701 7.149878
75.900146 7.141698
75.931259 6.831636
75.962331 5.582076
75.994722 6.11335
76.02602 7.492313
76.057327 7.76365
76.088589 7.835879
76.11985 7.901494
76.152389 7.20244
76.183611 6.146941
76.214768 6.477801
76.245892 7.474821
76.277021 7.353076
76.309308 7.309826
76.340388 7.22846
76.371429 7.173374
76.40253 6.988451
76.433597 8.331474
76.465798 8.902952
76.49683 9.172549
76.527854 9.163063
76.558897 9.61184
76.58997 9.8743
76.622098 9.947661
76.653137 8.953251
76.684169 8.81619
76.715236 9.043494
76.746317 9.49227
76.778407 9.165848
76.809433 9.186211
76.840462 9.182643
76.871506 8.960648
76.902593 8.537108
76.934712 7.846757
76.966621 7.992085
76.998647 7.766783
77.030532 7.825349
77.062498 8.082675
77.094293 7.851369
77.126062 7.890442
77.157833 7.567065
77.189777 7.137173
77.221657 6.884807
77.253586 6.93206
77.285499 7.034399
77.317332 7.168414
77.348388 7.489441
77.379487 7.536869
77.410603 6.460745
77.441694 5.92773
77.473828 6.018669
77.505715 5.960799
77.537657 7.20244
77.569695 7.222368
77.6017 7.061811
77.633655 6.508694
77.696125 5.70295
77.728 6.662116
77.759926 8.024805
77.791801 8.26699
77.823841 8.000526
77.855969 8.041253
77.887892 7.654958
77.919852 6.446995
77.972136 6.585361
78.004067 6.673777
78.036081 6.614427
78.067993 6.680477
78.099941 6.623042
78.14203 6.907607
78.174151 6.998198
78.216631 7.064509
78.248689 8.295794
78.280759 9.858114
78.312822 8.312851
78.344728 8.388648
78.376822 8.449912
78.409036 8.668861
78.441008 8.568959
78.472961 8.715592
78.504839 7.591519
78.567363 7.814819
78.589143 7.879651
78.62125 9.003638
78.653265 9.155666
78.685353 9.451022
78.717184 9.598612
78.749039 9.450151
78.780926 9.476867
78.81289 7.100623
78.86553 7.51198
78.897549 8.253675
78.929792 8.170394
78.962001 8.050651
78.993974 7.885221
79.025935 7.676366
79.057832 7.799068
79.089672 7.478563
79.121562 7.359864
79.153329 6.931886
79.185124 6.792302
79.217005 7.149443
79.248932 8.044559
79.280944 8.292052
79.312826 8.226089
79.344652 8.302582
79.376843 8.184666
79.409093 8.307716
79.441277 7.640948
79.473392 6.596848
79.505409 7.526861
79.537477 7.506672
79.569373 7.496664
79.601238 7.427046
79.633045 7.272754
79.664888 7.363171
79.696888 7.343591
79.728796 9.037228
79.76045 8.246365
79.802774 9.229375
79.834832 9.816604
79.866916 8.498209
79.929625 9.3023
79.961629 8.036292
79.993653 8.289268
80.025904 9.476954
80.058069 9.28211
80.090013 9.080653
80.121849 9.221282
80.153673 8.38099
80.185539 6.864531
80.217411 7.122901
80.249248 7.31557
80.281026 7.716745
80.31286 6.800134
80.385753 7.574027
80.418105 8.179184
80.450182 8.173266
80.482198 8.264727
80.514573 8.790084
80.546771 9.154796
80.578752 7.615537
80.672005 8.764847
80.703115 7.797676
80.734118 7.893401
80.765157 7.195826
80.8371 7.537217
80.86928 7.458461
80.900347 7.34829
80.93141 7.480826
80.962428 7.699427
80.993449 7.568371
81.02556 7.624675
81.057532 7.440447
81.089514 7.364999
81.12136 7.424348
81.153237 7.615276
81.185115 8.000526
81.216948 7.808293
81.248864 6.755665
81.280708 6.09055
81.312566 6.176789
81.344388 7.300428
81.375417 7.345679
81.406516 7.574375
81.437537 7.587255
81.468613 7.701516
81.500741 6.814754
81.531769 7.484655
81.562843 8.063966
81.593889 8.474887
81.624998 8.685743
81.657126 8.843342
81.689078 9.065685
81.720133 8.861007
81.751207 7.858766
81.782208 8.273255
81.813234 9.975856
81.845283 9.912068
81.877211 9.689725
81.908995 9.744985
81.940834 9.179946
81.972608 8.00888
82.004505 8.081109
82.03653 8.632137
82.068424 9.321184
82.100219 9.689464
82.121789 10.114744
82.153602 10.534977
82.18545 8.173005
82.217482 8.503866
82.249317 9.864989
82.281115 9.894751
82.312892 9.209272
82.344763 9.293075
82.376763 9.186385
82.408571 9.035749
82.4406 8.624914
82.47252 8.45348
82.504342 9.086918
82.52611 9.697296
82.557994 9.420216
82.58995 9.533432
82.621835 9.546573
82.653763 7.658613
82.685664 7.842841
82.717583 7.914373
82.749647 8.912612
82.781571 9.291248
82.813439 9.360779
82.845504 9.446409
82.877428 9.534128
82.909627 9.524556
82.941719 9.248868
82.973795 9.283242
83.005878 9.153143
83.038041 8.881806
83.070325 8.762758
83.102421 8.807923
83.134751 7.950923
83.166889 7.502233
83.199295 7.699949
83.231697 7.800722
83.263918 7.867033
83.296006 8.575398
83.328076 8.812361
83.360102 8.8919
83.392102 7.476127
83.424315 7.618061
83.456513 7.782012
83.488416 8.918007
83.520675 8.886418
83.552773 8.877716
83.584806 6.955817
83.616729 7.127426
83.648641 6.962344
83.68048 8.338348
83.712338 9.238425
83.744153 9.479217
83.775923 9.582948
83.807779 9.165326
83.839975 8.599765
83.87212 9.090747
83.904069 9.209794
83.936049 9.661356
83.967925 9.397329
83.999786 9.861856
84.031594 9.995697
84.063592 7.929341
84.095461 8.270123
84.127363 9.145398
84.159208 9.243298
84.191034 9.120596
84.222919 8.97083
84.25488 8.929494
84.28691 8.472276
84.318759 7.529472
84.350656 7.703082
84.38257 9.429266
84.414336 8.805661
84.436198 9.380098
84.468102 9.293684
84.510245 10.079239
84.542116 10.163303
84.574019 7.831354
84.605941 9.339458
84.637753 9.035053
84.66956 9.887876
84.701423 10.137022
84.733157 9.976117
84.765094 9.302213
84.796955 7.917506
84.8289 9.236075
84.861037 10.511307
84.893097 10.170787
84.924878 10.057919
84.966946 10.55917
84.999015 6.84147
85.041204 7.148747
85.073112 7.759038
85.1049 7.82239
85.13687 8.024718
85.168752 8.246278
85.200649 8.473408
85.232543 8.104692
85.264403 8.173788
85.296185 8.492988
85.327974 8.849172
85.359861 8.571221
85.422417 8.565565
85.453546 8.514134
85.484563 8.492118
85.515618 8.600374
85.546723 8.713243
85.578964 8.753012
85.610031 8.578966
85.641063 7.629374
85.672111 7.796283
85.703257 8.022456
85.735399 8.014537
85.767459 9.336326
85.799353 8.669296
85.831296 8.196762
85.863252 8.078411
85.895189 7.991911
85.926859 8.000004
85.958631 7.644081
85.990475 7.758429
86.022318 7.957798
86.054117 8.334432
86.086044 8.677389
86.11804 8.649716
86.149889 8.71916
86.181677 9.094228
86.213459 9.402289
86.244487 9.738371
86.275488 9.78223
86.306479 9.91816
86.3375 7.449237
86.369594 7.639991
86.401441 7.575768
86.433428 9.2795
86.465224 9.028613
86.497111 9.00677
86.529047 9.334237
86.560929 9.583731
86.592837 9.710959
86.624736 8.506999
86.656544 8.788343
86.688346 8.973267
86.719393 8.843255
86.750416 8.36959
86.781469 8.155688
86.812517 8.37777
86.844577 8.476715
86.875597 8.183448
86.906616 7.362214
86.988568 9.818867
87.019633 9.600788
87.051813 9.490095
87.083786 7.17381
87.115881 7.263008
87.147759 7.169545
87.179657 7.322009
87.211535 7.51111
87.243409 7.495533
87.275356 6.913872
87.307775 6.892117
87.339702 7.030048
87.372111 6.730602
87.445175 6.717723
87.476223 6.70728
87.507261 7.115417
87.538224 6.985579
87.569253 7.015167
87.601415 7.085829
87.632453 6.639142
87.663439 6.582229
87.694511 6.45709
87.725557 6.481891
87.757668 6.502777
87.788683 6.695793
87.819664 6.950944
87.850674 6.715896
87.881806 6.650803
87.913938 5.60505
87.945018 6.413578
87.976031 6.17531
88.007067 5.900318
88.038136 5.769871
88.100802 5.311609
88.132881 5.008074
88.164841 4.977267
88.196725 7.797589
88.22856 7.892966
88.260425 7.942221
88.292426 7.500232
88.324276 7.538174
88.356225 7.556101
88.388149 7.573766
88.420078 7.644255
88.452208 7.369263
88.484121 7.311044
88.515963 7.824827
88.547817 8.408924
88.57961 7.785928
88.6115 7.780184
88.643311 7.634856
88.664936 7.411034
88.696865 7.220541
88.728601 7.155622
88.760418 7.164846
88.792391 7.258309
88.824285 7.212013
88.856397 7.172939
88.888276 7.389104
88.920253 7.380663
88.952205 7.528949
88.984036 6.026588
89.01593 5.963932
89.047753 7.257961
89.079633 7.992781
89.111566 8.062312
89.143457 7.92325
89.17539 6.475539
89.207316 6.120486
89.23931 5.921813
89.261038 6.622694
89.29288 8.326861
89.324739 8.532061
89.356601 8.626742
89.388432 6.911436
89.420392 7.010381
89.452631 7.934737
89.484473 8.578183
89.516368 8.680261
89.548192 8.791911
89.580126 8.532583
89.611921 8.236271
89.643819 8.569655
89.67567 8.745441
89.70763 8.902604
89.739659 9.197872
89.771603 9.385929
89.803611 9.076563
89.835569 9.353121
89.867705 9.424567
89.8998 6.865053
89.931787 6.85139
89.964061 8.543548
89.996387 9.100581
90.028369 9.072211
90.060464 9.118682
90.092453 9.24208
90.124357 9.257048
90.156357 9.347378
90.188306 9.315962
90.220241 9.178901
90.252097 9.371744
90.284185 9.384362
90.316241 9.25435
90.348094 9.264184
90.380022 9.141395
90.411963 8.828026
90.443942 8.580881
90.47645 8.747878
90.508406 8.685482
90.540312 8.888854
90.572676 8.984405
90.604656 8.384732
90.636487 8.675127
90.668466 8.83229
90.700382 8.905128
90.732354 8.468883
90.76427 8.309109
90.796171 8.79896
90.828116 8.664771
90.860113 8.8168
90.892251 9.121205
90.924188 8.222347
90.966239 9.293597
90.998181 9.39524
91.030132 9.364956
91.062096 6.863138
91.094055 9.269318
91.125926 9.279326
91.157862 9.235118
91.189938 8.144636
91.221818 8.366544
91.253799 8.417539
91.285556 8.580968
91.317488 8.787125
91.349601 8.592803
91.38175 8.575137
91.413605 9.123381
91.445414 8.775638
91.477567 9.128167
91.509402 9.358168
91.541308 9.217801
91.573156 7.224457
91.605019 7.308086
91.636859 7.307215
91.668761 8.52449
91.700561 9.156188
91.732381 9.133214
91.764373 8.982056
91.79628 7.539392
91.828167 8.437989
91.860146 10.166175
91.89204 9.896926
91.923853 10.893598
91.955749 11.101061
91.9876 7.917506
92.029691 8.338348
92.061588 9.196654
92.093526 9.223892
92.125574 9.622195
92.157551 9.186211
92.189525 9.155666
92.221432 9.296034
92.253385 8.497861
92.285312 8.474713
92.306972 9.02548
92.338768 8.897905
92.370811 8.78669
92.402741 8.545202
92.434571 8.546594
92.466602 8.329037
92.498615 8.366979
92.530501 8.372026
92.562417 8.334519
92.594285 8.204333
92.626189 8.686265
92.658147 8.291182
92.689982 8.313982
92.721863 8.263335
92.753784 8.162562
92.785854 8.389605
92.817788 8.621346
92.850323 8.699493
92.882505 8.750923
92.914637 8.793826
92.946517 8.597328
92.978542 8.860224
93.010412 8.88781
93.042326 9.058027
93.074176 8.401962
93.106017 8.959256
93.137876 8.885287
93.169812 8.755884
93.201697 7.584209
93.233658 8.455568
93.265547 9.475562
93.29755 9.756124
93.329487 9.784145
93.361562 9.840884
93.393415 7.913068
93.425339 7.664357
93.457189 7.956579
93.489362 8.159343
93.521341 8.432507
93.553224 8.958038
93.585377 8.105562
93.617211 8.244451
93.649122 8.318942
93.68108 8.236967
93.712905 8.32251
93.744884 9.27393
93.776781 8.855177
93.808769 8.323729
93.840831 8.126187
93.872769 8.897818
93.904646 9.163759
93.936575 9.333802
93.96847 9.107804
94.000329 8.624305
94.032295 7.991737
94.064197 7.762258
94.136953 8.122097
94.167958 7.96006
94.198978 8.053349
94.229987 8.247671
94.26111 8.42015
94.293507 8.336956
94.324553 8.369503
94.35559 8.075191
94.386623 8.280217
94.41765 7.834051
94.4498 7.734236
94.482046 7.610751
94.514175 7.762954
94.546051 7.593868
94.577897 7.546789
94.609769 7.390235
94.641644 7.225588
94.673467 7.253522
94.705449 7.514417
94.737363 7.980163
94.768354 7.741894
94.799423 7.428003
94.830494 6.913437
94.89221 7.917419
94.924425 7.643123
94.956338 7.871123
94.988308 7.347855
95.020254 7.220367
95.052055 7.135607
95.08394 7.578814
95.115976 7.529907
95.147974 7.462377
95.179863 7.506672
95.21177 6.781859
95.264407 6.977573
95.296321 6.642448
95.328257 5.88213
95.359394 5.337803
95.441299 5.548746
95.472339 5.546832
95.503486 5.773352
95.535693 5.726621
95.566751 5.528905
95.597744 5.596348
95.628777 5.53578
95.659823 5.034006
95.691954 5.886394
95.723087 6.050955
95.75414 6.19402
95.785169 6.169219
95.816176 6.057133
95.848472 5.857764
95.879583 6.621302
95.910624 6.941198
95.941611 4.883544
95.97262 4.953423
96.00475 6.063399
96.035732 6.401221
96.066733 6.361104
96.097764 6.516962
96.128867 6.687961
96.160879 6.646974
96.192801 5.907628
96.224641 5.204049
96.256617 6.515569
96.288552 6.876888
96.320528 7.134127
96.352515 7.331756
96.384514 7.509979
96.416334 7.446626
96.448183 8.3085
96.480053 8.640578
96.512203 8.881719
96.544332 9.254437
96.576221 9.173941
96.607998 9.483916
96.639829 9.351468
96.671803 8.914613
96.703717 8.387255
96.73572 8.455394
96.767689 8.163172
96.789528 8.039425
96.821705 8.360539
96.853952 8.042732
96.88604 7.743983
96.917987 7.777225
96.950046 7.566804
96.981876 7.658962
97.01377 7.37753
97.045643 7.40207
97.077529 7.734149
97.109346 7.568545
97.141214 7.378313
97.172993 7.630679
97.204848 7.696381
97.236685 7.772091
97.268508 5.899448
97.300344 6.412708
97.332215 7.456982
97.364207 7.503278
97.396166 7.501363
97.428029 7.584122
97.459904 7.649215
97.492168 7.799242
97.524053 7.658265
97.555949 7.089049
97.577688 5.757688
97.609493 7.106541
97.641395 7.607792
97.673253 7.562975
97.705129 7.606313
97.737051 7.69116
97.768962 7.937521
97.800841 7.547224
97.832749 7.658787
97.864673 7.645473
97.896501 7.522771
97.928384 7.73354
97.96026 7.81099
97.992139 7.917419
98.023951 7.922554
98.055797 7.895141
98.087803 7.824914
98.119705 7.884786
98.151522 6.364846
98.183325 7.829178
98.255857 8.900603
98.286893 8.758233
98.317905 8.142286
98.34885 7.317832
98.3901 7.435748
98.422132 7.578378
98.45313 7.620933
98.484092 7.631027
98.515108 7.698035
98.54624 7.096446
98.578293 6.428633
98.629641 6.298795
98.660705 6.446908
98.691668 6.345875
98.722804 6.277736
98.754919 6.500949
98.786015 6.453957
98.817062 6.538369
98.848159 6.167565
98.889354 6.061571
98.931657 6.140066
98.962718 5.598784
98.993766 5.650302
99.024856 5.752466
99.055924 5.697816
99.088134 5.487569
99.120143 5.365215
99.151213 5.720703
99.172077 5.921552
99.203135 5.845581
99.234214 5.383838
99.266345 5.171328
99.297369 5.152009
99.328416 5.113719
99.359447 5.349986
99.390511 5.829221
99.422801 5.853587
99.45394 5.859853
99.484889 4.936628
99.516039 5.141479
99.547068 5.502276
99.579331 5.605311
99.610363 5.782663
99.641452 6.027894
99.672555 6.275212
99.703614 6.343264
99.735854 6.25424
99.767001 7.595522
99.798071 8.977531
99.81888 8.7893
99.849976 9.087179
99.882229 9.192216
99.914225 8.430854
99.956401 8.670253
99.988321 8.52684
100.020495 8.248541
