1.2e-05 0.010703
0.23574 0.018361
0.28708 0.025497
0.318057 0.030893
0.349054 0.033503
0.400401 0.03916
0.432626 0.042554
0.463658 0.04499
0.494635 0.047775
0.525617 0.050299
0.556607 0.084673
0.588371 0.087109
0.619329 0.092244
0.650253 0.087196
0.681295 0.090329
0.71238 0.095463
0.744371 0.100772
0.775401 0.105297
0.806397 0.109822
0.837384 0.117393
0.868452 0.125399
0.900573 0.130099
0.93161 0.115218
0.962635 0.119221
0.993728 0.120961
1.024809 0.121744
1.057045 0.122528
1.088128 0.122528
1.119112 0.123311
1.150082 0.118786
1.181056 0.11426
1.212886 0.111998
1.243904 0.113303
1.264751 0.120613
1.295772 0.116436
1.326779 0.119656
1.35881 0.121135
1.389813 0.12157
1.420901 0.123659
1.451974 0.116523
1.482981 0.114173
1.515167 0.115305
1.546137 0.102773
1.577098 0.096682
1.608142 0.09207
1.679852 0.084151
1.711746 0.086848
1.742729 0.089633
1.773731 0.087109
1.814897 0.084064
1.845876 0.084238
1.877865 0.081279
1.918997 0.082845
1.950005 0.089546
1.981029 0.086587
2.022309 0.085021
2.054416 0.085891
2.08543 0.084064
2.126609 0.084064
2.157601 0.070227
2.229329 0.064657
2.261381 0.062482
2.292379 0.061438
2.323358 0.062047
2.364504 0.060741
2.405711 0.060306
2.458202 0.067355
2.529908 0.066659
2.571191 0.064744
2.622653 0.063091
2.663959 0.063265
2.706351 0.060306
2.747523 0.042206
2.880381 0.044816
2.911378 0.043685
2.942391 0.043772
2.994963 0.042815
3.056653 0.046644
3.169027 0.042902
3.250918 0.04177
3.30228 0.042815
3.364957 0.032546
3.487665 0.033329
3.518683 0.032459
3.580239 0.033764
3.652021 0.03768
3.785921 0.035766
3.857623 0.035244
3.939518 0.023061
4.102804 0.025584
4.133857 0.025149
4.227046 0.026541
4.410778 0.025149
4.502902 0.020885
4.646013 0.018709
4.717798 0.021059
4.780587 0.013923
4.953988 0.023409
4.995107 0.023148
5.097438 0.01401
5.301423 0.009224
5.404702 0.011922
5.456088 0.018622
5.578644 0.018535
5.721605 0.015925
5.793344 0.021407
5.845852 0.023148
5.988865 0.022103
6.111481 0.025062
6.142515 0.026628
6.265157 0.02689
6.389054 0.026628
6.470966 0.028891
6.57328 0.032111
6.655063 0.028456
6.787793 0.033677
6.870846 0.034199
6.952706 0.0295
7.055037 0.035766
7.106373 0.034373
7.208785 0.03594
7.281729 0.040639
7.3433 0.035766
7.404908 0.026977
7.558079 0.030457
7.609426 0.028543
7.712842 0.031763
7.825279 0.028804
7.917395 0.028543
7.999421 0.032198
8.10188 0.028804
8.18505 0.030109
8.277173 0.03507
8.3387 0.037941
8.410497 0.039334
8.48243 0.04177
8.55529 0.03507
8.627054 0.037941
8.698731 0.039334
8.760235 0.04177
8.821844 0.039595
8.905035 0.045077
8.94629 0.046122
9.007911 0.046818
9.069555 0.048297
9.131145 0.051256
9.183643 0.045077
9.245228 0.046122
9.296609 0.046818
9.35826 0.048297
9.409605 0.051256
9.462172 0.04969
9.513576 0.050473
9.575106 0.05465
9.616329 0.05552
9.667653 0.05639
9.720065 0.05726
9.77146 0.058044
9.812632 0.059784
9.863975 0.05465
9.915304 0.05552
9.957576 0.05639
10.008981 0.05726
10.050318 0.058044
10.101736 0.059784
10.142969 0.059262
10.195545 0.060915
10.246851 0.064657
10.277905 0.066224
10.31907 0.066137
10.360256 0.067442
10.402619 0.069009
10.444046 0.071358
10.485224 0.060915
10.536582 0.064657
10.567605 0.066224
10.61002 0.066137
10.641007 0.067442
10.682268 0.069009
10.733634 0.071358
10.764755 0.071358
10.806998 0.07014
10.848217 0.073099
10.879309 0.072228
10.930637 0.05961
11.002399 0.056564
11.044651 0.059001
11.075669 0.056738
11.116822 0.050212
11.168137 0.04969
11.229666 0.058827
11.312694 0.056738
11.364025 0.054215
11.415471 0.054041
11.466874 0.052735
11.518233 0.040813
11.652097 0.039421
11.68313 0.039334
11.744635 0.038812
11.816342 0.040813
11.918519 0.041944
11.971068 0.039682
12.042731 0.038812
12.104272 0.04238
12.196457 0.041944
12.237691 0.039682
12.310631 0.041074
12.372155 0.046122
12.423605 0.050647
12.485213 0.049341
12.536635 0.051082
12.599485 0.053257
12.650855 0.046122
12.702289 0.050647
12.763899 0.049341
12.815342 0.047427
12.898543 0.053257
12.929576 0.032633
13.082803 0.036462
13.113858 0.033155
13.206009 0.032372
13.238254 0.034983
13.381269 0.033677
13.493694 0.032372
13.524741 0.030022
13.65749 0.036723
13.699918 0.0409
13.761457 0.037245
13.84323 0.046209
13.935471 0.041335
14.007293 0.042815
14.070103 0.041944
14.131878 0.041074
14.213883 0.045948
14.25518 0.045512
14.327013 0.04734
14.379538 0.047514
14.441308 0.05056
14.502888 0.045948
14.564557 0.045512
14.615973 0.04734
14.668473 0.047514
14.730137 0.05056
14.781438 0.052561
14.843114 0.05317
14.884431 0.054911
14.967517 0.055346
15.018903 0.057173
15.070423 0.04821
15.121937 0.056999
15.163195 0.057609
15.215834 0.059784
15.257124 0.060828
15.308508 0.060915
15.349857 0.060828
15.401268 0.054215
15.443788 0.062134
15.48506 0.063091
15.53649 0.063352
15.57775 0.06457
15.619014 0.065006
15.671644 0.065528
15.71298 0.066137
15.75428 0.062134
15.79549 0.063091
15.857094 0.063352
15.889268 0.06457
15.920414 0.065006
15.961689 0.065528
16.002854 0.070836
16.054406 0.071619
16.086646 0.068051
16.137992 0.07336
16.169064 0.073708
16.210285 0.074752
16.25162 0.075709
16.283735 0.067355
16.335166 0.077015
16.366231 0.074839
16.397261 0.078494
16.438542 0.078233
16.47069 0.078581
16.501706 0.079364
16.542898 0.077972
16.584155 0.082845
16.615257 0.078146
16.647543 0.074839
16.678582 0.078494
16.719771 0.078581
16.791566 0.078494
16.822614 0.079364
16.854862 0.080496
16.885891 0.081018
16.916971 0.081018
16.958199 0.081192
16.989263 0.081888
17.021559 0.073969
17.083126 0.083193
17.11431 0.083106
17.145404 0.084064
17.176512 0.082932
17.218867 0.085717
17.249916 0.085978
17.291146 0.086674
17.322215 0.088067
17.353436 0.085282
17.395852 0.083889
17.426928 0.064222
17.519123 0.059436
17.59096 0.064396
17.632297 0.058044
17.674865 0.056216
17.726443 0.058218
17.798334 0.064483
17.829393 0.0637
17.86053 0.061873
17.913097 0.062221
17.954439 0.056216
17.995743 0.063874
18.037027 0.068051
18.098683 0.065528
18.130927 0.066398
18.17214 0.067529
18.213405 0.068399
18.254747 0.064831
18.316427 0.051343
18.409892 0.042641
18.44102 0.043424
18.482261 0.043946
18.543864 0.041683
18.605377 0.048384
18.708918 0.04499
18.770547 0.043685
18.84231 0.044468
18.90398 0.042989
18.986074 0.047601
19.01838 0.04821
19.07999 0.04821
19.141716 0.04734
19.203242 0.052822
19.254647 0.047601
19.307143 0.04821
19.358545 0.04821
19.420136 0.04734
19.481872 0.052474
19.543468 0.056564
19.575603 0.056912
19.616803 0.056825
19.668198 0.058305
19.719673 0.061438
19.760976 0.052474
19.813559 0.056564
19.854882 0.056912
19.906416 0.061612
19.968006 0.062308
20.019404 0.063091
20.061739 0.063787
20.113333 0.063526
20.15467 0.064048
20.195849 0.057173
20.267724 0.065093
20.299962 0.065963
20.331036 0.065789
20.372236 0.06692
20.413499 0.065789
20.464911 0.068225
20.49702 0.066311
20.568797 0.065093
20.59988 0.065963
20.630976 0.065789
20.672213 0.06692
20.704416 0.065789
20.745653 0.068225
20.786916 0.071097
20.838324 0.074404
20.869466 0.0751
20.901689 0.074317
20.94291 0.077015
20.974029 0.079886
21.015273 0.076928
21.066696 0.075361
21.119307 0.080496
21.150389 0.076057
21.181365 0.077363
21.212436 0.078494
21.243456 0.07919
21.275613 0.079712
21.306649 0.082671
21.337694 0.085543
21.389149 0.080496
21.420284 0.085195
21.452444 0.085543
21.483552 0.086587
21.514615 0.087283
21.545634 0.086152
21.576767 0.088502
21.608959 0.087893
21.64024 0.087196
21.691624 0.088415
21.722682 0.085195
21.753723 0.075622
21.806152 0.084151
21.837168 0.086761
21.868194 0.078146
21.909439 0.069966
22.001454 0.064657
22.033553 0.056129
22.095083 0.059088
22.146515 0.055694
22.197828 0.053954
22.239031 0.060654
22.301713 0.058218
22.332825 0.060828
22.374099 0.055781
22.425626 0.062047
22.466954 0.060045
22.519587 0.05143
22.611666 0.045599
22.652876 0.045948
22.714399 0.039856
22.755583 0.040987
22.828347 0.047601
22.930613 0.045948
22.992195 0.042293
23.063956 0.043076
23.125579 0.042293
23.198433 0.045773
23.249862 0.045164
23.321628 0.047079
23.362825 0.047949
23.424499 0.051169
23.487294 0.045773
23.538745 0.045164
23.590102 0.048123
23.651621 0.047949
23.70301 0.053519
23.755632 0.054302
23.80709 0.054824
23.858521 0.055781
23.909939 0.056912
23.961358 0.05787
24.013806 0.053519
24.055025 0.054302
24.106373 0.054824
24.147621 0.055781
24.198971 0.056912
24.241339 0.05787
24.292723 0.042032
24.415336 0.044642
24.446412 0.045338
24.477642 0.045773
24.530363 0.043772
24.591962 0.046992
24.704606 0.044207
24.766241 0.041683
24.838208 0.043685
24.890799 0.04177
24.972801 0.047253
25.014173 0.046905
25.075898 0.046383
25.127563 0.047775
25.200512 0.05317
25.241715 0.047253
25.293157 0.046905
25.354681 0.050473
25.406091 0.047775
25.478963 0.037245
25.632005 0.036984
25.673241 0.036201
25.7551 0.031937
25.898119 0.031937
25.95078 0.034983
26.012291 0.035157
26.083976 0.023235
26.267649 0.021842
26.288504 0.022016
26.371541 0.026193
26.565263 0.024627
26.667399 0.020015
26.80004 0.018622
26.882008 0.019667
26.934553 0.013314
27.118404 0.023322
27.149585 0.023757
27.241779 0.013749
27.466252 0.009224
27.559568 0.011574
27.621 0.018361
27.733436 0.018361
27.876204 0.01549
27.947983 0.021494
28.010654 0.022974
28.163933 0.021929
28.286704 0.024888
28.317796 0.025149
28.430335 0.026367
28.554079 0.025584
28.646216 0.021494
28.819902 0.017056
28.912168 0.021494
29.095892 0.02132
29.189343 0.017404
29.33236 0.026803
29.363421 0.025584
29.476099 0.013662
29.690272 0.009311
29.78355 0.012009
29.834887 0.018274
29.957538 0.018535
30.100669 0.016012
30.192923 0.020711
30.235376 0.004612
30.551476 0.007919
30.602923 0.009311
30.705249 0.013923
30.858519 0.011922
30.921434 0.009311
31.023816 0.008789
31.248286 0.009224
31.330318 0.008789
31.564934 0.011835
31.617673 0.011225
31.720022 0.007919
31.923967 0.007483
32.036523 0.009224
32.240539 0.011835
32.293267 0.011835
32.405758 0.007832
32.609775 0.007919
32.722267 0.009224
32.92628 0.011574
32.989197 0.011835
33.091621 0.007658
33.295782 0.007919
33.408318 0.009224
33.612348 0.011748
33.67516 0.011574
33.777505 0.007832
33.981457 0.007745
34.093894 0.009224
34.297981 0.011661
34.360833 0.011312
34.48359 0.007745
34.667149 0.007483
34.789873 0.009137
34.983664 0.011661
35.046358 0.011835
35.158934 0.007745
35.353038 0.007832
35.475841 0.009311
35.669699 0.011661
35.732425 0.011487
35.855077 0.007745
36.049031 0.007658
36.171815 0.00905
36.365755 0.011574
36.41847 0.012096
36.530946 0.013575
36.684241 0.01549
36.715306 0.014619
36.929549 0.017317
37.022979 0.016969
37.064258 0.018274
37.217517 0.02045
37.370717 0.021146
37.401737 0.020537
37.566201 0.02454
37.648191 0.023931
37.77084 0.024714
37.883496 0.015925
38.03673 0.018709
38.180913 0.019928
38.334314 0.01549
38.50805 0.021059
38.539191 0.02219
38.661938 0.018535
38.785979 0.023409
38.89852 0.020972
39.051747 0.015577
39.204858 0.020015
39.347919 0.015664
39.522479 0.021407
39.55351 0.022103
39.676337 0.018796
39.809215 0.023322
39.921894 0.020537
40.076351 0.015577
40.219732 0.019928
40.37344 0.015577
40.547571 0.020972
40.578879 0.022103
40.703034 0.018709
40.826201 0.023148
40.939272 0.020537
41.103008 0.015403
41.225862 0.019841
41.400482 0.01549
41.573971 0.020015
41.605085 0.008006
41.900629 0.009398
42.053799 0.009224
42.21842 0.011312
42.290102 0.009224
42.524619 0.007483
42.616716 0.009659
42.739456 0.013227
42.853112 0.012096
42.975843 0.012966
43.04762 0.01401
43.272065 0.015228
43.354176 0.016795
43.396804 0.017491
43.539951 0.01897
43.723867 0.020537
43.744745 0.020624
43.898109 0.024192
44.011921 0.022974
44.134603 0.024714
44.247204 0.026106
44.349551 0.022974
44.452024 0.024801
44.555565 0.026106
44.64776 0.030022
44.740028 0.030893
44.822034 0.032198
44.914216 0.033764
44.997378 0.030022
45.079477 0.030893
45.161549 0.032198
45.233438 0.033764
45.315458 0.034199
45.388495 0.038812
45.4909 0.039682
45.562717 0.040552
45.644749 0.042119
45.696259 0.034548
45.7693 0.042815
45.8412 0.04412
45.892827 0.044642
45.964689 0.045425
46.026428 0.046383
46.089371 0.042815
46.161116 0.046557
46.21261 0.04821
46.253951 0.050734
46.315698 0.05056
46.368571 0.051691
46.420136 0.054389
46.481866 0.046557
46.533385 0.04821
46.584977 0.050734
46.637693 0.05056
46.699387 0.051691
46.750969 0.040987
46.843219 0.040204
46.874404 0.040639
46.906544 0.040204
46.978441 0.039769
47.050282 0.040204
47.17307 0.041335
47.204189 0.03916
47.246637 0.040291
47.308265 0.039769
47.390311 0.044729
47.44183 0.04499
47.493409 0.043511
47.566429 0.044729
47.628016 0.044207
47.689567 0.04734
47.751084 0.04499
47.802452 0.045512
47.865193 0.046122
47.916759 0.047601
47.978428 0.051691
48.029813 0.052648
48.081312 0.052735
48.133959 0.053693
48.185321 0.054824
48.236761 0.05317
48.308598 0.051691
48.34983 0.052648
48.392201 0.052735
48.433475 0.053693
48.484926 0.054824
48.536398 0.05317
48.587876 0.041335
48.721966 0.043598
48.763373 0.043859
48.825069 0.043076
48.896967 0.044207
49.019697 0.040726
49.082551 0.039595
49.154433 0.039682
49.226197 0.039247
49.287935 0.046992
49.329225 0.045251
49.391944 0.044033
49.453614 0.04412
49.515227 0.032633
49.6481 0.032807
49.67918 0.033851
49.731736 0.034461
49.803606 0.036636
49.946699 0.034286
50.028743 0.033851
50.100684 0.031415
50.214423 0.035853
50.266056 0.03829
50.327876 0.038725
50.399896 0.022364
50.583814 0.023931
50.616166 0.024279
50.688058 0.025497
50.892206 0.024714
50.984424 0.0
51.127948 0.02541
51.170656 0.024714
51.262897 0.020276
51.446788 0.021146
51.528927 0.024192
51.753452 0.021407
51.877533 0.014097
52.061271 0.008528
52.194029 0.011922
52.235361 0.018796
52.327789 0.0181
52.51293 0.015925
52.574631 0.021059
52.605791 0.016447
52.769342 0.022016
52.841436 0.021755
52.904388 0.023061
52.935629 0.013227
53.221067 0.008354
53.27272 0.009572
53.375118 0.018274
53.488943 0.015316
53.652518 0.009224
53.805662 0.007658
53.989497 0.009224
54.122468 0.010877
54.205695 0.012705
54.308133 0.007222
54.51242 0.009224
54.614944 0.009311
54.829338 0.011487
54.892198 0.011051
55.014988 0.007658
55.219274 0.007396
55.321652 0.008876
55.536009 0.011835
55.588819 0.011051
55.721725 0.007832
55.905381 0.007396
56.028111 0.009224
56.222044 0.011574
56.284995 0.011922
56.397603 0.007745
56.591614 0.007919
56.714243 0.009311
56.90819 0.011574
56.971119 0.011835
57.083812 0.007658
57.277738 0.007832
57.400572 0.009137
57.594478 0.011312
57.667577 0.011661
57.769886 0.00757
57.98427 0.007745
58.086796 0.009224
58.290936 0.011661
58.353899 0.011312
58.466505 0.007745
58.670593 0.00757
58.793325 0.008963
58.997803 0.011661
59.050606 0.011748
59.163197 0.007745
59.357295 0.007832
59.46986 0.009224
59.674073 0.011574
59.736982 0.011574
59.849477 0.013836
59.982354 0.01549
60.033849 0.014445
60.248136 0.016534
60.34157 0.016534
60.382937 0.018013
60.526156 0.020537
60.689535 0.020624
60.720808 0.021581
60.864987 0.024627
60.997837 0.023844
61.090091 0.018535
61.253595 0.019754
61.305155 0.015838
61.357864 0.014793
61.572343 0.01314
61.61369 0.018883
61.665269 0.015054
61.849139 0.020972
61.922336 0.019841
61.984067 0.021407
62.015272 0.018013
62.148351 0.022538
62.311951 0.023409
62.38504 0.024366
62.507903 0.02628
62.600091 0.023409
62.702521 0.024366
62.805045 0.028543
62.908732 0.0295
63.000984 0.030632
63.083132 0.031937
63.175518 0.033242
63.257634 0.0295
63.340999 0.030632
63.423218 0.03594
63.535931 0.029152
63.658653 0.026193
63.689814 0.019928
63.813644 0.021842
63.946546 0.024975
64.038832 0.024018
64.171777 0.023583
64.314911 0.016012
64.500071 0.015664
64.592448 0.0181
64.766283 0.020885
64.86874 0.016012
65.042448 0.023931
65.074679 0.021842
65.197457 0.019232
65.320189 0.024801
65.422603 0.026193
65.535211 0.021668
65.669373 0.028543
65.700511 0.028978
65.772451 0.030719
65.864705 0.024801
65.957 0.031415
66.050335 0.03185
66.14254 0.032111
66.224552 0.033155
66.306743 0.031415
66.389053 0.03185
66.472441 0.032111
66.544338 0.033155
66.616398 0.034373
66.7087 0.03829
66.770434 0.03916
66.843558 0.040204
66.905206 0.0409
66.97713 0.043511
67.038975 0.03829
67.110943 0.03916
67.173848 0.040204
67.245728 0.0409
67.297315 0.043511
67.359112 0.043076
67.420924 0.046731
67.483864 0.047601
67.535431 0.049864
67.597171 0.036984
67.699658 0.031154
67.761439 0.031676
67.834404 0.033242
67.916685 0.037071
68.009026 0.033677
68.101392 0.033851
68.183702 0.035592
68.246659 0.037071
68.318648 0.033677
68.390663 0.033851
68.483119 0.035592
68.544924 0.029848
68.668838 0.029239
68.750956 0.029848
68.83309 0.032198
68.935675 0.030109
69.038089 0.029326
69.131535 0.020015
69.315773 0.01958
69.397914 0.020972
69.591839 0.021407
69.673878 0.017317
69.818212 0.018535
69.900251 0.021407
69.941615 0.027412
69.993189 0.020798
70.136358 0.026541
70.240082 0.028369
70.271195 0.027412
70.302408 0.032546
70.404855 0.033155
70.527736 0.0181
70.733043 0.015838
70.794742 0.014967
70.917421 0.022625
70.999509 0.026106
71.081571 0.018709
71.235994 0.026803
71.267093 0.025584
71.359287 0.027325
71.512569 0.0295
71.564064 0.028543
71.667575 0.035157
71.800429 0.032459
71.882518 0.033329
71.96463 0.018535
72.158825 0.013923
72.282904 0.015141
72.354815 0.020885
72.436911 0.023322
72.549644 0.013923
72.743572 0.009398
72.867468 0.011835
72.918978 0.018622
73.011139 0.0181
73.184563 0.015751
73.256405 0.020015
73.309108 0.004612
73.614866 0.007919
73.676692 0.009311
73.77958 0.013923
73.933772 0.011922
73.986679 0.009311
74.089411 0.009224
74.303946 0.009137
74.406409 0.009137
74.620719 0.011835
74.67344 0.011661
74.78604 0.007832
74.980006 0.007745
75.092511 0.009224
75.296653 0.011835
75.349266 0.011922
75.461941 0.013836
75.61515 0.015751
75.646274 0.01488
75.850396 0.017926
75.933676 0.01723
75.985178 0.018535
76.128125 0.020015
76.321975 0.021842
76.455059 0.022625
76.599347 0.024279
76.681318 0.02628
76.794008 0.021668
76.927079 0.029935
76.958396 0.028282
77.031748 0.029761
77.134411 0.024801
77.226873 0.031241
77.309203 0.031676
77.401517 0.032633
77.494911 0.019493
77.628054 0.019754
77.669571 0.020363
77.782136 0.021755
77.965797 0.021581
78.008421 0.022538
78.11079 0.018187
78.263994 0.024453
78.325698 0.025845
78.356834 0.02628
78.440093 0.017926
78.603635 0.017491
78.726484 0.019145
78.910304 0.015141
79.083962 0.019319
79.116393 0.021146
79.249258 0.018187
79.372003 0.023061
79.484578 0.020363
79.637804 0.015316
79.781897 0.018883
79.945196 0.014967
80.128989 0.018535
80.170426 0.008963
80.445755 0.007396
80.498579 0.009659
80.621297 0.018535
80.713468 0.014097
80.91752 0.012879
81.009784 0.01723
81.052288 0.017578
81.19524 0.018448
81.378972 0.020537
81.410164 0.012009
81.685683 0.00818
81.748583 0.009485
81.871319 0.018622
81.963545 0.014097
82.157486 0.012618
82.249827 0.016882
82.3024 0.017578
82.44562 0.019057
82.62952 0.014967
82.691285 0.015751
91.037101 0.0295
91.12041 0.029761
91.192332 0.027586
91.315133 0.034025
91.346302 0.034548
91.387792 0.035592
91.460897 0.036636
91.543033 0.030632
91.635312 0.037767
91.697019 0.038464
91.768918 0.038812
91.841834 0.040552
91.903617 0.043076
91.975521 0.038899
92.037168 0.038464
92.109009 0.038812
92.171918 0.040552
92.253991 0.043946
92.305503 0.044468
92.367263 0.045425
92.429095 0.034025
92.522524 0.029326
92.58427 0.029674
92.676476 0.030283
92.768755 0.03359
92.871132 0.032024
92.954311 0.033155
93.026241 0.03359
93.108243 0.03359
93.180249 0.032024
93.252225 0.033155
93.335533 0.035157
93.417752 0.038464
93.479594 0.03916
93.551553 0.040291
93.623524 0.041509
93.686404 0.043076
93.748104 0.027412
93.870936 0.028195
93.902061 0.029065
93.974007 0.030109
94.067289 0.029239
94.210449 0.030893
94.241572 0.03098
94.303324 0.030632
94.405806 0.033416
94.48912 0.034983
94.560987 0.035244
94.643078 0.034983
94.725234 0.037419
94.797235 0.034983
94.870393 0.035244
94.942269 0.036636
95.024342 0.0409
95.076008 0.042032
95.14796 0.042554
95.21091 0.043859
95.272641 0.045686
95.334349 0.0409
95.416424 0.042032
95.457952 0.042554
95.531145 0.043859
95.5827 0.045686
95.634227 0.043772
95.695999 0.046296
95.757724 0.047079
95.830761 0.050734
95.872153 0.05056
95.9237 0.051865
95.975197 0.052735
96.02676 0.054389
96.079474 0.047079
96.141358 0.050734
96.193134 0.05056
96.23469 0.051865
96.28653 0.052735
96.339507 0.054389
96.391345 0.057522
96.4432 0.058479
96.484827 0.057957
96.536557 0.059784
96.57916 0.056738
96.651119 0.06196
96.682311 0.061786
96.713446 0.063004
96.765031 0.058479
96.807625 0.057957
96.849086 0.059784
96.890456 0.056738
96.942089 0.04499
97.044534 0.045773
97.076832 0.047253
97.158905 0.046122
97.210459 0.04499
97.272236 0.04969
97.33398 0.045512
97.396766 0.047427
97.458501 0.046122
97.520232 0.04499
97.571751 0.048297
97.633487 0.045512
97.686124 0.047775
97.747917 0.046992
97.799556 0.04734
97.871542 0.033329
98.014613 0.03594
98.077522 0.034461
98.15961 0.034722
98.312929 0.032024
98.39499 0.03037
98.497518 0.030806
98.590849 0.036549
98.693324 0.034722
98.775385 0.019493
98.969536 0.021059
99.04148 0.016795
99.206061 0.026454
99.247379 0.023496
99.349757 0.013923
99.553952 0.009224
99.666574 0.011487
99.729447 0.018535
99.831913 0.017752
99.995374 0.015403
100.077494 0.020189
