1.2e-05 335.702
0.23574 333.404
0.28708 334.646
0.318057 335.708
0.349054 339.438
0.400401 339.746
0.432626 339.797
0.463658 340.374
0.494635 340.368
0.525617 339.855
0.556607 339.519
0.588371 338.351
0.619329 336.679
0.650253 334.733
0.681295 332.069
0.71238 327.758
0.744371 325.741
0.775401 321.993
0.806397 320.221
0.837384 317.084
0.868452 314.721
0.900573 314.353
0.93161 308.901
0.962635 304.148
0.993728 298.061
1.024809 296.504
1.057045 296.189
1.088128 296.44
1.119112 297.74
1.150082 300.447
1.181056 304.417
1.212886 310.572
1.243904 312.01
1.264751 312.324
1.295772 314.896
1.326779 315.168
1.35881 314.696
1.389813 314.383
1.420901 313.375
1.451974 309.226
1.482981 307.704
1.515167 306.148
1.546137 306.239
1.577098 304.301
1.608142 305.876
1.679852 301.514
1.711746 296.688
1.742729 295.884
1.773731 296.591
1.814897 298.568
1.845876 298.039
1.877865 298.953
1.918997 295.331
1.950005 295.081
1.981029 296.133
2.022309 297.714
2.054416 298.72
2.08543 300.435
2.126609 300.6
2.157601 301.983
2.229329 298.11
2.261381 294.621
2.292379 292.871
2.323358 292.104
2.364504 291.483
2.405711 294.334
2.458202 295.21
2.529908 293.869
2.571191 293.74
2.622653 294.581
2.663959 295.222
2.706351 295.234
2.747523 297.201
2.880381 293.905
2.911378 291.859
2.942391 290.657
2.994963 292.662
3.056653 292.031
3.169027 293.788
3.250918 296.353
3.30228 297.128
3.364957 299.177
3.487665 295.626
3.518683 292.551
3.580239 292.158
3.652021 293.612
3.785921 292.565
3.857623 291.714
3.939518 294.731
4.102804 292.24
4.133857 291.973
4.227046 293.545
4.410778 291.368
4.502902 307.244
4.646013 307.795
4.717798 303.932
4.780587 304.953
4.953988 300.724
4.995107 302.553
5.097438 303.806
5.301423 304.886
5.404702 312.487
5.456088 307.477
5.578644 308.394
5.721605 311.126
5.793344 306.106
5.845852 301.666
5.988865 304.629
6.111481 302.927
6.142515 299.296
6.265157 295.928
6.389054 299.94
6.470966 300.32
6.57328 296.628
6.655063 309.925
6.787793 308.746
6.870846 307.459
6.952706 302.941
7.055037 305.821
7.106373 310.044
7.208785 311.816
7.281729 308.717
7.3433 306.793
7.404908 302.885
7.558079 298.758
7.609426 299.752
7.712842 296.207
7.825279 297.104
7.917395 296.29
7.999421 293.142
8.10188 290.48
8.18505 288.585
8.277173 294.083
8.3387 295.724
8.410497 295.801
8.48243 293.723
8.55529 293.833
8.627054 292.936
8.698731 290.786
8.760235 288.388
8.821844 286.814
8.905035 291.412
8.94629 294.516
9.007911 296.654
9.069555 297.335
9.131145 295.748
9.183643 295.478
9.245228 294.64
9.296609 293.119
9.35826 291.449
9.409605 289.257
9.462172 286.933
9.513576 285.203
9.575106 289.588
9.616329 292.795
9.667653 295.03
9.720065 296.393
9.77146 297.018
9.812632 296.508
9.863975 296.394
9.915304 295.415
9.957576 294.855
10.008981 293.097
10.050318 291.669
10.101736 290.261
10.142969 289.354
10.195545 295.102
10.246851 297.685
10.277905 299.016
10.31907 300.239
10.360256 300.545
10.402619 299.954
10.444046 298.258
10.485224 296.752
10.536582 296.081
10.567605 294.885
10.61002 294.011
10.641007 292.988
10.682268 292.297
10.733634 291.236
10.764755 288.731
10.806998 287.975
10.848217 291.891
10.879309 295.802
10.930637 298.61
11.002399 295.372
11.044651 292.426
11.075669 289.873
11.116822 289.6
11.168137 291.422
11.229666 293.296
11.312694 291.977
11.364025 292.452
11.415471 293.012
11.466874 292.166
11.518233 291.355
11.652097 289.026
11.68313 287.366
11.744635 288.978
11.816342 286.863
11.918519 285.799
11.971068 286.837
12.042731 286.501
12.104272 285.104
12.196457 283.484
12.237691 281.826
12.310631 280.713
12.372155 285.187
12.423605 285.568
12.485213 286.797
12.536635 286.657
12.599485 285.081
12.650855 285.055
12.702289 284.859
12.763899 284.267
12.815342 287.182
12.898543 285.14
12.929576 288.628
13.082803 287.375
13.113858 289.295
13.206009 292.521
13.238254 293.902
13.381269 292.859
13.493694 292.707
13.524741 290.061
13.65749 293.516
13.699918 291.342
13.761457 294.079
13.84323 308.761
13.935471 307.96
14.007293 307.765
14.070103 306.093
14.131878 302.548
14.213883 304.386
14.25518 306.412
14.327013 306.606
14.379538 306.65
14.441308 304.4
14.502888 304.295
14.564557 303.039
14.615973 301.685
14.668473 300.214
14.730137 297.573
14.781438 301.979
14.843114 305.378
14.884431 310.411
14.967517 307.568
15.018903 304.226
15.070423 302.162
15.121937 304.781
15.163195 307.112
15.215834 305.312
15.257124 302.946
15.308508 300.996
15.349857 297.673
15.401268 296.168
15.443788 300.254
15.48506 303.166
15.53649 305.587
15.57775 306.932
15.619014 307.861
15.671644 308.336
15.71298 308.416
15.75428 308.058
15.79549 309.753
15.857094 308.314
15.889268 306.773
15.920414 305.032
15.961689 303.048
16.002854 308.277
16.054406 305.712
16.086646 302.67
16.137992 301.683
16.169064 301.092
16.210285 299.613
16.25162 297.123
16.283735 293.94
16.335166 294.527
16.366231 296.696
16.397261 296.789
16.438542 296.994
16.47069 296.237
16.501706 295.981
16.542898 296.405
16.584155 294.59
16.615257 294.033
16.647543 293.306
16.678582 291.845
16.719771 299.112
16.791566 301.23
16.822614 302.643
16.854862 303.333
16.885891 303.686
16.916971 304.015
16.958199 304.186
16.989263 304.038
17.021559 303.315
17.083126 303.906
17.11431 305.073
17.145404 304.787
17.176512 306.401
17.218867 305.034
17.249916 304.098
17.291146 302.895
17.322215 299.012
17.353436 299.319
17.395852 296.152
17.426928 297.118
17.519123 297.527
17.59096 294.103
17.632297 291.67
17.674865 294.14
17.726443 291.842
17.798334 292.113
17.829393 289.958
17.86053 289.087
17.913097 288.146
17.954439 286.944
17.995743 291.045
18.037027 292.173
18.098683 294.614
18.130927 296.24
18.17214 297.004
18.213405 297.205
18.254747 299.456
18.316427 301.121
18.409892 297.368
18.44102 294.068
18.482261 293.509
18.543864 293.754
18.605377 294.902
18.708918 294.521
18.770547 295.252
18.84231 294.57
18.90398 291.488
18.986074 293.33
19.01838 294.469
19.07999 295.467
19.141716 297.031
19.203242 294.44
19.254647 293.905
19.307143 292.368
19.358545 289.778
19.420136 287.509
19.481872 293.289
19.543468 295.291
19.575603 296.832
19.616803 298.232
19.668198 298.459
19.719673 296.768
19.760976 293.771
19.813559 293.53
19.854882 292.81
19.906416 300.597
19.968006 301.097
20.019404 301.017
20.061739 300.538
20.113333 300.31
20.15467 299.805
20.195849 298.746
20.267724 300.607
20.299962 301.75
20.331036 302.829
20.372236 303.125
20.413499 304.029
20.464911 303.43
20.49702 304.001
20.568797 302.778
20.59988 301.373
20.630976 300.518
20.672213 298.476
20.704416 295.423
20.745653 294.047
20.786916 300.254
20.838324 297.868
20.869466 295.672
20.901689 292.586
20.94291 290.567
20.974029 288.241
21.015273 287.503
21.066696 285.434
21.119307 286.01
21.150389 288.643
21.181365 290.289
21.212436 291.169
21.243456 291.644
21.275613 291.811
21.306649 289.768
21.337694 287.658
21.389149 286.264
21.420284 289.018
21.452444 290.922
21.483552 292.458
21.514615 293.512
21.545634 294.932
21.576767 295.156
21.608959 295.625
21.64024 296.343
21.691624 296.426
21.722682 296.05
21.753723 304.742
21.806152 310.382
21.837168 311.513
21.868194 310.926
21.909439 311.166
22.001454 306.154
22.033553 303.272
22.095083 304.615
22.146515 309.076
22.197828 311.001
22.239031 309.202
22.301713 311.244
22.332825 308.338
22.374099 305.531
22.425626 308.466
22.466954 309.929
22.519587 310.206
22.611666 305.374
22.652876 302.564
22.714399 300.158
22.755583 300.741
22.828347 302.739
22.930613 300.612
22.992195 301.793
23.063956 301.56
23.125579 297.92
23.198433 300.492
23.249862 303.328
23.321628 303.279
23.362825 303.41
23.424499 301.137
23.487294 300.129
23.538745 296.879
23.590102 295.191
23.651621 292.958
23.70301 297.242
23.755632 300.353
23.80709 302.742
23.858521 304.124
23.909939 304.584
23.961358 304.318
24.013806 304.109
24.055025 303.088
24.106373 301.927
24.147621 300.376
24.198971 298.692
24.241339 296.906
24.292723 298.8
24.415336 295.424
24.446412 292.951
24.477642 291.382
24.530363 292.43
24.591962 291.874
24.704606 292.527
24.766241 295.306
24.838208 295.934
24.890799 292.752
24.972801 294.778
25.014173 296.808
25.075898 295.843
25.127563 297.052
25.200512 294.203
25.241715 293.035
25.293157 290.402
25.354681 288.576
25.406091 287.746
25.478963 293.018
25.632005 290.631
25.673241 288.687
25.7551 286.351
25.898119 284.451
25.95078 290.568
26.012291 295.675
26.083976 297.918
26.267649 295.034
26.288504 293.299
26.371541 294.307
26.565263 294.552
26.667399 312.423
26.80004 312.435
26.882008 307.204
26.934553 308.369
27.118404 303.817
27.149585 304.241
27.241779 305.843
27.466252 307.022
27.559568 315.677
27.621 310.127
27.733436 311.035
27.876204 313.615
27.947983 308.343
28.010654 305.968
28.163933 309.217
28.286704 307.216
28.317796 302.67
28.430335 298.69
28.554079 304.065
28.646216 299.948
28.819902 296.584
28.912168 293.373
29.095892 290.404
29.189343 306.471
29.33236 302.176
29.363421 300.002
29.476099 302.399
29.690272 303.642
29.78355 311.054
29.834887 305.985
29.957538 307.033
30.100669 313.31
30.192923 309.255
30.235376 309.695
30.551476 316.665
30.602923 335.557
30.705249 332.672
30.858519 330.353
30.921434 328.539
31.023816 328.685
31.248286 326.784
31.330318 325.379
31.564934 330.778
31.617673 338.034
31.720022 334.616
31.923967 332.15
32.036523 330.079
32.240539 335.048
32.293267 339.221
32.405758 335.653
32.609775 332.976
32.722267 330.732
32.92628 336.549
32.989197 340.556
33.091621 337.195
33.295782 334.385
33.408318 331.739
33.612348 336.854
33.67516 341.715
33.777505 337.941
33.981457 334.78
34.093894 332.269
34.297981 337.435
34.360833 343.643
34.48359 340.005
34.667149 336.515
34.789873 334.188
34.983664 339.199
35.046358 342.926
35.158934 339.139
35.353038 335.927
35.475841 333.103
35.669699 338.262
35.732425 343.574
35.855077 339.966
36.049031 336.884
36.171815 335.077
36.365755 340.161
36.41847 342.853
36.530946 339.103
36.684241 333.455
36.715306 341.586
36.929549 340.845
37.022979 341.239
37.064258 334.036
37.217517 336.769
37.370717 337.359
37.401737 339.466
37.566201 331.914
37.648191 336.094
37.77084 332.948
37.883496 325.251
38.03673 322.14
38.180913 318.349
38.334314 337.413
38.50805 338.462
38.539191 337.198
38.661938 329.803
38.785979 335.183
38.89852 327.077
39.051747 324.376
39.204858 320.257
39.347919 338.425
39.522479 338.733
39.55351 337.525
39.676337 330.847
39.809215 336.352
39.921894 328.143
40.076351 324.565
40.219732 320.566
40.37344 338.923
40.547571 340.053
40.578879 338.668
40.703034 331.744
40.826201 337.494
40.939272 329.329
41.103008 323.554
41.225862 319.892
41.400482 338.562
41.573971 341.741
41.605085 340.007
41.900629 355.481
42.053799 350.544
42.21842 355.112
42.290102 349.657
42.524619 347.242
42.616716 360.122
42.739456 356.434
42.853112 356.892
42.975843 351.287
43.04762 359.423
43.272065 362.403
43.354176 360.446
43.396804 349.163
43.539951 350.689
43.723867 351.207
43.744745 351.471
43.898109 344.217
44.011921 348.722
44.134603 349.148
44.247204 347.422
44.349551 343.914
44.452024 338.728
44.555565 334.042
44.64776 340.902
44.740028 345.433
44.822034 347.505
44.914216 347.213
44.997378 346.468
45.079477 344.632
45.161549 341.905
45.233438 339.388
45.315458 335.873
45.388495 345.942
45.4909 344.035
45.562717 341.487
45.644749 337.723
45.696259 329.688
45.7693 331.099
45.8412 331.003
45.892827 330.466
45.964689 329.291
46.026428 327.459
46.089371 326.734
46.161116 332.845
46.21261 336.588
46.253951 337.66
46.315698 338.753
46.368571 338.727
46.420136 336.297
46.481866 334.25
46.533385 333.266
46.584977 332.002
46.637693 331.346
46.699387 331.223
46.750969 328.989
46.843219 321.634
46.874404 315.341
46.906544 311.656
46.978441 310.563
47.050282 312.539
47.17307 313.131
47.204189 315.915
47.246637 317.188
47.308265 318.791
47.390311 312.784
47.44183 314.237
47.493409 315.013
47.566429 315.151
47.628016 314.065
47.689567 313.3
47.751084 312.433
47.802452 310.763
47.865193 308.868
47.916759 306.173
47.978428 310.243
48.029813 312.995
48.081312 315.395
48.133959 316.709
48.185321 317.048
48.236761 318.588
48.308598 318.124
48.34983 317.0
48.392201 315.318
48.433475 313.57
48.484926 311.795
48.536398 307.813
48.587876 307.783
48.721966 303.129
48.763373 300.601
48.825069 301.144
48.896967 300.643
49.019697 303.382
49.082551 306.891
49.154433 309.86
49.226197 304.87
49.287935 305.539
49.329225 306.241
49.391944 305.652
49.453614 304.434
49.515227 305.521
49.6481 301.305
49.67918 297.89
49.731736 295.857
49.803606 296.207
49.946699 296.362
50.028743 296.994
50.100684 293.687
50.214423 297.656
50.266056 298.504
50.327876 298.655
50.399896 300.732
50.583814 297.21
50.616166 296.112
50.688058 297.088
50.892206 296.804
50.984424 314.346
51.127948 310.908
51.170656 306.455
51.262897 302.253
51.446788 298.373
51.528927 298.779
51.753452 303.91
51.877533 304.742
52.061271 306.802
52.194029 314.111
52.235361 308.639
52.327789 309.355
52.51293 312.582
52.574631 308.09
52.605791 324.924
52.769342 325.709
52.841436 326.116
52.904388 324.877
52.935629 324.067
53.221067 326.855
53.27272 342.911
53.375118 333.925
53.488943 339.821
53.652518 336.6
53.805662 337.332
53.989497 334.402
54.122468 342.664
54.205695 338.829
54.308133 335.31
54.51242 332.595
54.614944 330.135
54.829338 336.361
54.892198 343.564
55.014988 341.481
55.219274 337.95
55.321652 334.773
55.536009 339.046
55.588819 345.999
55.721725 341.788
55.905381 338.118
56.028111 335.167
56.222044 340.342
56.284995 343.68
56.397603 339.577
56.591614 336.499
56.714243 333.454
56.90819 339.026
56.971119 342.87
57.083812 339.084
57.277738 335.761
57.400572 333.363
57.594478 339.877
57.667577 344.045
57.769886 340.392
57.98427 337.279
58.086796 334.102
58.290936 339.259
58.353899 344.888
58.466505 340.983
58.670593 338.308
58.793325 336.666
58.997803 341.403
59.050606 345.103
59.163197 341.2
59.357295 337.412
59.46986 334.601
59.674073 339.797
59.736982 344.457
59.849477 340.364
59.982354 335.211
60.033849 343.737
60.248136 344.813
60.34157 345.816
60.382937 336.495
60.526156 338.752
60.689535 338.187
60.720808 338.162
60.864987 333.307
60.997837 337.5
61.090091 344.481
61.253595 356.625
61.305155 345.969
61.357864 342.293
61.572343 338.737
61.61369 335.005
61.665269 353.634
61.849139 352.822
61.922336 354.707
61.984067 352.963
62.015272 346.393
62.148351 351.624
62.311951 357.485
62.38504 357.621
62.507903 349.765
62.600091 346.105
62.702521 340.717
62.805045 336.455
62.908732 343.838
63.000984 348.44
63.083132 350.561
63.175518 350.62
63.257634 349.888
63.340999 347.864
63.423218 360.764
63.535931 365.699
63.658653 353.901
63.689814 343.576
63.813644 335.87
63.946546 337.646
64.038832 340.912
64.171777 344.664
64.314911 341.785
64.500071 333.478
64.592448 325.725
64.766283 319.931
64.86874 336.739
65.042448 332.642
65.074679 332.74
65.197457 325.6
65.320189 328.904
65.422603 329.221
65.535211 346.835
65.669373 348.217
65.700511 348.488
65.772451 346.506
65.864705 339.276
65.957 343.311
66.050335 346.155
66.14254 348.294
66.224552 348.69
66.306743 347.572
66.389053 345.047
66.472441 341.36
66.544338 337.268
66.616398 335.227
66.7087 340.972
66.770434 344.945
66.843558 347.211
66.905206 348.378
66.97713 346.762
67.038975 345.717
67.110943 344.215
67.173848 343.47
67.245728 340.747
67.297315 338.051
67.359112 335.268
67.420924 340.202
67.483864 343.67
67.535431 344.626
67.597171 335.662
67.699658 328.004
67.761439 323.963
67.834404 324.197
67.916685 323.005
68.009026 325.909
68.101392 328.254
68.183702 328.143
68.246659 326.175
68.318648 322.046
68.390663 319.16
68.483119 315.89
68.544924 310.302
68.668838 305.444
68.750956 303.501
68.83309 299.542
68.935675 298.453
69.038089 298.379
69.131535 295.81
69.315773 292.78
69.397914 289.975
69.591839 287.722
69.673878 304.252
69.818212 305.597
69.900251 301.168
69.941615 303.456
69.993189 304.752
70.136358 307.827
70.240082 307.849
70.271195 308.048
70.302408 303.378
70.404855 302.211
70.527736 304.724
70.733043 300.419
70.794742 311.457
70.917421 306.556
70.999509 303.16
71.081571 305.212
71.235994 300.8
71.267093 298.802
71.359287 295.251
71.512569 295.417
71.564064 296.76
71.667575 314.004
71.800429 314.023
71.882518 312.2
71.96463 308.061
72.158825 308.667
72.282904 318.15
72.354815 312.204
72.436911 307.201
72.549644 307.974
72.743572 308.228
72.867468 315.862
72.918978 310.085
73.011139 311.614
73.184563 314.612
73.256405 311.611
73.309108 311.797
73.614866 318.693
73.676692 337.448
73.77958 334.395
73.933772 331.984
73.986679 330.062
74.089411 327.927
74.303946 326.585
74.406409 325.496
74.620719 331.012
74.67344 336.301
74.78604 333.31
74.980006 331.057
75.092511 329.158
75.296653 334.162
75.349266 338.179
75.461941 335.221
75.61515 329.899
75.646274 337.715
75.850396 336.117
75.933676 336.396
75.985178 328.307
76.128125 336.35
76.321975 335.942
76.455059 327.86
76.599347 331.921
76.681318 332.043
76.794008 349.329
76.927079 348.321
76.958396 347.831
77.031748 347.183
77.134411 340.342
77.226873 344.48
77.309203 347.457
77.401517 348.652
77.494911 345.134
77.628054 335.839
77.669571 330.394
77.782136 330.92
77.965797 331.81
78.008421 330.668
78.11079 349.363
78.263994 350.423
78.325698 347.146
78.356834 345.379
78.440093 336.025
78.603635 330.102
78.726484 326.941
78.910304 346.105
79.083962 349.93
79.116393 349.187
79.249258 341.376
79.372003 346.11
79.484578 336.993
79.637804 331.173
79.781897 328.338
79.945196 348.088
80.128989 353.653
80.170426 348.795
80.445755 346.7
80.498579 359.794
80.621297 348.759
80.713468 356.845
80.91752 361.521
81.009784 358.663
81.052288 348.535
81.19524 350.416
81.378972 350.865
81.410164 346.049
81.685683 345.385
81.748583 359.891
81.871319 348.837
81.963545 356.925
82.157486 360.163
82.249827 358.234
82.3024 349.301
82.44562 352.559
82.62952 357.24
82.691285 369.937
91.037101 372.321
91.12041 369.018
91.192332 382.337
91.315133 382.8
91.346302 379.293
91.387792 375.318
91.460897 373.15
91.543033 365.781
91.635312 366.942
91.697019 368.474
91.768918 369.402
91.841834 368.178
91.903617 364.467
91.975521 361.821
92.037168 359.143
92.109009 356.081
92.171918 354.409
92.253991 359.864
92.305503 364.08
92.367263 366.747
92.429095 354.793
92.522524 345.829
92.58427 341.793
92.676476 342.467
92.768755 343.065
92.871132 345.698
92.954311 346.425
93.026241 344.561
93.108243 340.627
93.180249 336.302
93.252225 332.369
93.335533 329.399
93.417752 335.592
93.479594 340.144
93.551553 342.919
93.623524 343.948
93.686404 343.307
93.748104 339.686
93.870936 331.321
93.902061 326.542
93.974007 325.575
94.067289 328.47
94.210449 328.737
94.241572 328.802
94.303324 329.341
94.405806 322.217
94.48912 323.672
94.560987 324.568
94.643078 323.788
94.725234 322.278
94.797235 321.267
94.870393 318.788
94.942269 316.23
95.024342 321.254
95.076008 324.509
95.14796 326.756
95.21091 327.475
95.272641 326.417
95.334349 327.262
95.416424 325.73
95.457952 323.938
95.531145 321.851
95.5827 319.106
95.634227 315.194
95.695999 313.207
95.757724 320.517
95.830761 323.561
95.872153 326.43
95.9237 327.792
95.975197 328.287
96.02676 327.475
96.079474 324.388
96.141358 323.596
96.193134 321.953
96.23469 320.898
96.28653 319.495
96.339507 317.655
96.391345 315.973
96.4432 320.132
96.484827 324.168
96.536557 326.353
96.57916 330.573
96.651119 330.483
96.682311 330.482
96.713446 329.689
96.765031 328.334
96.807625 325.846
96.849086 324.445
96.890456 320.595
96.942089 314.843
97.044534 309.313
97.076832 309.086
97.158905 309.963
97.210459 311.751
97.272236 309.465
97.33398 310.813
97.396766 310.138
97.458501 310.172
97.520232 309.936
97.571751 308.927
97.633487 307.192
97.686124 304.615
97.747917 302.067
97.799556 301.37
97.871542 300.534
98.014613 297.534
98.077522 296.128
98.15961 295.871
98.312929 298.743
98.39499 303.441
98.497518 314.307
98.590849 322.991
98.693324 317.238
98.775385 312.034
98.969536 306.816
99.04148 322.776
99.206061 316.223
99.247379 315.492
99.349757 315.282
99.553952 315.225
99.666574 323.205
99.729447 316.622
99.831913 318.13
99.995374 321.19
100.077494 317.1
