
1.4e-05 8.578509888553556 1
0.370084 8.552238483633406
0.526235 10.631846883975614
0.682528 10.639179716360623
0.838889 10.655576973594147
0.995265 8.6873222133659
1.15175 8.649845096418833 1
1.308038 8.511315852325774 1
1.464519 8.502700475023317 1
1.620935 8.656634589026272
1.777321 8.632441434280144
1.933721 8.53017658771176
2.090274 8.502485314053322 1
2.247155 8.585738134986883
2.40358 8.847350673851526
2.55004 8.86738050045641
2.706665 8.85692164084604
2.954767 9.11885316044937
3.111359 9.071168019853877
3.257436 9.074638904993572
3.413782 9.099016800684593 1
3.559921 9.501758603015254
3.716594 9.49503668536901
3.873176 9.467626940754949 1
4.029548 9.428216171409007 1
4.18595 9.918218200800418 1
4.342259 9.948461442803255
4.498829 9.91555829377016
4.645027 10.41749560511904 1
4.80168 10.476575033012125
4.957923 10.40699292107669
5.114024 10.476994266755916 1
5.270317 10.967449451446186
5.427062 11.005688456037298
5.583712 11.007931972145272
5.740731 11.552515078803614
5.897336 11.493543951558776
6.074123 11.52968156618521 1
6.25088 11.54976682350253 1
6.458736 12.09984487378367 1
6.625627 12.133102545474024
6.667948 12.061002416986597
6.824654 12.071932064161626 1
6.991419 12.695371836432717 1
7.147913 12.672831893293598
7.304347 12.725794478419175
7.521898 13.330771514908037 1
7.698823 13.311053436200094
7.865769 13.337918242729272 1
8.03247 14.047584418532878
8.199309 14.038104433067065 1
8.366018 14.026733979691354
8.522425 14.016014104165137 1
8.678894 14.70304015986639
8.835333 14.732098552152289 1
8.981809 14.681587574864007
9.13835 15.489695664360422 1
9.285068 15.426997245179063
9.441388 15.42099311195641 1
9.5981 15.480047324716107
9.754997 16.189735442324068 1
9.911548 16.25842651124946
10.06776 16.182707993474715 1
10.224287 16.18997354099747
10.380677 17.056752736003297 1
10.536936 17.01096237536495 1
10.693079 17.078216470795372
10.849426 17.89596860822668 1
11.00611 17.870308861424807 1
11.152477 17.86735906350394
11.309156 17.90776185895443 1
11.465858 18.822362133492863
11.62261 18.80648320981722 1
11.769349 18.80803024885971
11.926023 19.725523000325104
12.072773 19.749352252382486 1
12.229847 19.73239036954576
12.386539 19.75017067365352
12.543615 20.71591328868781 1
12.70015 20.750460131805497
12.846463 20.676024932853597 1
13.003602 21.75747080502642
13.161238 21.757670008671536 1
13.318454 21.781235819507927
13.47523 21.76435515600287
13.642333 22.877506351807654 1
13.799402 22.812925839425812
13.956608 22.818648496261382 1
14.113263 24.01562354691714 1
14.270341 23.98941643392621 1
14.42746 23.95772166764533
14.574333 23.94903154824348 1
14.731174 25.221663292264843
14.887962 25.17248012078145 1
15.044584 25.207491737054717 1
15.201113 26.420951814789124
15.357338 26.421304938530703
15.513835 26.41627721417987
15.690438 26.415501258677814 1
15.846986 27.81754960114543
15.879342 27.82034825216102
15.911381 27.75231621846488
15.943435 27.745395197015622 1
16.150534 27.806589720389294
16.306773 29.17298599339816 1
16.463222 29.174395824581882
16.609532 29.175631784434444
16.765836 29.149582999020986
16.922525 30.584380120152925 1
17.078805 30.618735005858174
17.235 30.660902892285755
17.391276 32.13981117112804
17.537285 32.14637495149688 1
17.703772 32.18608225332132
17.86038 32.15305919085896
18.017061 33.81330184201774 1
18.173672 33.78640776699029
18.330157 33.81658761927187
18.486565 33.777210038099625
18.642854 35.43289428439009 1
18.799396 35.43100431587542
18.956024 35.42435424354243 1
19.112295 37.23330859565835
19.268453 37.201519435552854
19.425145 37.228954376064145
19.581594 37.20958034616864 1
19.737881 39.13867974281578
19.884272 39.10109336581794 1
20.040661 39.09378792130226
20.197009 41.05423213380639 1
20.353581 41.02410652503226
20.499933 41.03887143103565 1
20.656474 41.042681694694544
20.81288 43.08362941510166 1
20.969737 43.086845523357375
21.115944 43.127727572056266 1
21.272221 45.281834586803264
21.428937 45.30696136546424 1
21.585471 45.299807880279076
21.742236 45.30269209450045 1
21.899132 47.55010969658075
22.055825 47.51217354416014
22.212248 47.56114038643427
22.368625 49.943330670184494
22.525487 49.942923442558524
22.681928 49.94118435354903
22.838353 52.38126838763908
22.994882 52.40348325570264
23.151459 52.42412888722368
23.30805 52.41133189737235
23.464417 55.0242896990019 1
23.620797 55.062041475014226
23.777286 55.01551344435982
23.934122 57.76291463156055
24.080651 57.7860711491001 1
24.237288 57.76897650234154
24.393752 57.798733868089336 1
24.550599 60.6733314277017
24.696916 60.643378487970445 1
24.853354 60.65621033476986
25.010204 63.73869233794693 1
25.166929 63.733065278382064
25.313096 63.68096644174741 1
25.469284 63.73548278506106
25.62601 66.92583732057416 1
25.782828 66.91633956514886
25.939568 66.89173981544002 1
26.096023 70.28577815864973
26.25231 70.26606595148294 1
26.408664 70.2323799220141
26.564999 70.27205557637856 1
26.721345 73.8081197889064 1
26.867595 73.78632156096695 1
27.024039 73.74548867559807
27.180511 77.428807156837
27.337193 77.44082507607669
27.493646 77.48648598786045
27.650344 77.50192039496746
27.807482 81.3562274751478 1
27.964396 81.36498799433905
28.00701 81.36011094560583
28.039379 81.34812040904508
28.071666 81.34320975046197
28.103642 81.34181244228465
28.135881 81.3757589243142
28.168077 81.33973056398645 1
28.325175 85.39278425152163
28.482228 85.42777449580115 1
28.639028 85.41849316346135
28.795837 85.44289685312087 1
28.95292 89.71659554344521 1
29.109323 89.66342658359527 1
29.26581 89.68538141369345
29.4227 94.18775292391159
29.579501 94.13494024696173
29.736079 94.19159224955459 1
29.892902 94.14289066952762
30.049728 98.86991921585927
30.206556 98.83562181834503 1
30.352915 98.84138363358711 1
30.51944 98.8667396667502
30.5517 103.81919921768892
30.583702 103.81386105820981
30.615784 103.83450958710661
30.647764 103.86252827696673
30.67979 103.83842729609982
30.712013 103.81752768962177
30.744108 103.79667629791854 1
30.900711 103.83753788488849
31.057208 103.79701916252661 1
31.213449 109.05666581964395
31.370178 108.97985191044317 1
31.526518 108.99514981997798
31.703633 114.49614998326079
33.953098 132.53733601467596
34.110112 132.5398653389826 1
34.267109 132.53166773685132 1
34.434222 139.18750059616355 1
34.601588 139.19080974734428
34.759006 139.18828717432459 1
34.916452 139.12133531147055
34.94859 139.12770384328505
34.990842 139.14060944035052
35.022848 146.08888926307282
35.17875 146.1432352831525 1
35.335259 146.148591511741 1
35.491618 146.09154059471186
35.523805 146.10351249317813
35.555716 146.08226710373268
35.70181 153.43939952273792
35.858247 153.4065981102396
36.004806 153.42745250695492 1
36.161057 153.43607172958193
36.317467 161.10941429527628
36.349642 161.11342967787022
36.381538 161.09317744214943
36.413518 161.06305181485774
36.445684 161.1137221029634
36.477528 161.06471192865877
36.509329 161.12582470107034
36.541188 161.07179732554332
36.573003 161.1239896697311
36.635383 161.07568137432813
36.667309 161.08957718431066
36.699254 161.0997975502989
36.731139 161.07615334144572
36.763036 161.09564405402134
36.794856 161.09792412929954
36.826772 161.11989770165226
36.858618 161.08094372662643
36.890909 161.0772450186516
36.922955 169.14512316022268
36.954802 169.1184727681078
36.986776 169.13514038806926 1
37.142615 169.12841479278944
37.299092 169.14800088278818 1
37.45541 169.1917136026881 1
37.611926 177.577651036119
37.644048 177.61247367489756
37.676017 177.60963306484422
37.707977 177.6434436552315
37.739926 177.59011286171096
37.771907 177.62579177367903
37.79375 177.57189171135127
37.825695 177.61831961274905
37.857592 177.6268201402648
37.889984 177.5851115512538
37.922095 177.61989342806393
37.954122 177.63604688930226
37.98596 177.5892425069242
38.018422 177.58463997325782
38.050547 186.45451985356237
38.08248 186.4872139973082
38.114343 186.46627485944066
38.146169 186.47248384282588
38.17801 186.50165491437616
38.20988 186.51696613905315
38.241739 186.47764449291168
38.273679 186.5159910033463
38.305812 186.4470812624938
38.337705 186.4875333971203 1
38.524281 186.4742021186323
38.556571 186.4779987726961
38.588613 186.5148714029636 1
38.74466 195.83543118166756
38.901197 195.82489060947657 1
39.057565 195.8240465025052
39.213964 205.610909910066
39.246176 205.6387757599063
39.288436 205.59973853360933 1
39.444592 205.60509275623204
39.476685 205.64833435341436
39.498406 205.57246885101273
39.530299 205.6216513644973
39.562157 205.6392445819126
39.594277 205.60672160284375
39.626178 205.64804476282475
39.792442 215.93523588771205
39.824639 215.86118613737963
40.03198 215.93175998828323 1
40.188221 215.92720168628864
40.35462 215.90276930458214
40.521082 215.92035854519494 1
40.677365 226.70740280105989
40.709407 226.65822766806292
40.741365 226.65213027876655
40.773215 226.69130914377135
40.805223 226.72355071164807
40.837056 226.71320710724643
40.868823 226.71157519591236
40.901048 226.6741117027796
40.933139 226.72626815115083
40.965044 226.67574103302974
40.99703 226.7294537307914
41.02897 226.72976154118038
41.060849 226.65988555184688
41.092766 226.70431900477922
41.124641 226.7123194976384
41.156549 238.0547294492347
41.188334 238.01795953694685
41.220307 238.05533447167184
41.252157 238.053907281637
41.284117 238.00053963844223
41.316287 238.03373644867128
41.348063 238.01174967423663
41.494062 238.04480326132574
41.650356 238.0062089179486
41.682553 238.03158158576323
41.71456 238.0089395968485
41.746435 238.00048021102972 1
41.902659 249.948792563974
41.934918 249.89839008562785
41.987497 249.91446149476116
42.019493 249.90349496689134
42.051429 249.89294444912755
42.083459 249.95852604895916
42.115652 249.9145928047723
42.147719 249.97019100316135
42.179752 249.91902809266853 1
42.34619 262.40956843700144
42.378452 262.45501481280195
42.410348 262.44429944356824
42.442335 262.39832065074785
42.474286 262.45803198594444 1
42.630579 262.3963483174859
42.662695 262.4020754040723
42.694515 262.3972596124438
42.716158 262.4078248576777
42.748071 262.4271581303842
42.779933 262.4626257135091
42.811808 262.4095691824776
42.843723 262.4651547486547
42.875752 262.4393822079139
42.907905 262.4454659423318
42.950248 275.5907331064689
42.982224 275.5668534775135
43.014181 275.569354109764
43.046179 275.5928163399499
43.078093 275.530286464028
43.109865 275.5667593280039
43.141695 275.5893474117635
43.173615 275.5759743343704
43.205673 275.5510990841744
43.362589 275.5844033676685 1
43.519499 289.32043418297326
43.551751 289.3437400446002
43.707896 289.3427591356566
43.864507 289.35918611302134
44.03187 289.33420333648536 1
44.188793 303.77533448138826
44.345927 303.8079082278185
44.492432 303.8411188096683
44.649089 303.8080416851044
44.8061 319.0354246692275
44.963188 318.9975943649297 1
45.12024 319.0332686264094
45.29759 318.97685125975187 1
45.454372 319.02405340085164 1
45.611389 334.91436623072497
45.64367 334.9319767314373
45.676012 334.93604281955913
45.708319 334.95316317606864
45.740571 334.93954682133284
45.772804 334.9765686811515
45.805073 334.9576797575075
45.837252 334.93761743820943
45.869466 334.96941077950174
46.026741 334.9658676161724
46.203868 334.9518828876126 1
46.360978 351.72645403466487 1
46.517899 351.6873619644347
46.67478 351.69038645440736 1
46.831714 351.7197284158607
46.864121 351.7343196863144
46.896528 351.6755943158175 1
47.053501 351.69004578537425
47.21035 369.26841033470174
47.367447 369.31094528401945 1
47.524848 369.27243150738605
47.55718 369.31809567703766
47.589518 369.27076928482336
47.62189 369.31994847421487 1
47.768541 387.7741345504276
47.925743 387.7758736179134 1
48.082586 387.79039405092857
48.239191 407.1725018622965
48.477735 407.14368319318015 1
48.655037 407.1362957108424
48.812094 407.1118006082998
48.969315 407.15326910086395 1
49.126077 427.4736497674833
49.282967 427.53506894103634 1
49.439774 427.50730198233697
49.596539 427.5094176084275
49.753183 448.9152620267366 1
49.909997 448.8772191088294 1
50.08718 448.90689992477786 1
50.244369 448.91520075995317
50.401252 448.897474116208 1
50.547853 471.32267677300086
50.7048 471.3116836916197 1
50.861978 471.34765278293287
51.019168 471.3468265674108 1
51.176101 471.314878481103 1
51.333075 471.319412459977 1
51.490589 494.86629809319646
51.668525 494.9012433512891 1
51.825992 494.9120896219076 1
51.983645 494.8919706125288 1
52.161951 494.9043143471861
52.319365 494.9077576674621 1
52.466892 519.6535888161831
52.634583 519.6355834706632 1
52.791719 519.6119118389322
52.94933 519.6609478049996 1
53.096684 545.6561315137495
53.254105 545.6124749239964
53.411606 545.6281190631806 1
53.568663 545.616903825859
53.736114 545.6570013374887 1
53.924124 545.6259119713475 1
54.081404 572.912820063465 1
54.238564 572.8884210399317
54.395826 572.889630751715 1
54.542948 572.9083290173737 1
54.812018 601.5624409168942
54.969367 601.5747601697575 1
55.126712 601.5750818511636 1
55.284225 631.6199040249016 1
55.441337 631.6581990726015 1
55.608804 631.637818812979
55.765891 631.6161715384292
55.923354 631.6220577354153 1
56.080619 663.2003095186419
56.247858 663.2493871183419
56.405202 663.2485666177593 1
56.562221 663.2441239306131
56.719278 663.2168105279547
56.866132 663.223738826573
57.033198 696.3778739929686 1
57.19016 696.3879465176611 1
57.347332 696.4047360566252 1
57.504317 696.40214985773
57.671348 696.3623508361832
57.818182 696.3593325685076 1
57.975417 731.1978904834624 1
58.132891 731.2088870353169
58.290023 731.1599777182419
58.447394 731.1925369326083 1
58.604534 731.2152759048492 1
58.761817 767.7797418698696 1
58.949822 767.793339320175
59.107131 767.7833902294608 1
59.264288 767.7592202017898 1
59.421437 806.1716586207672 1
59.57889 806.1784855938789 1
59.736386 806.1428834695006
59.914433 806.1725385289486
60.071761 806.1638104345747 1
60.229115 846.470871949793
60.386618 846.4253488100865 1
60.543852 846.4501721410626
60.71132 846.4878244388221
60.878341 888.7882629958341
61.034864 888.7713008358351 1
61.19172 888.7910878833724 1
61.348963 888.8044820055076 1
61.505761 933.2165708109472
61.652704 933.2257927579913 1
61.809965 933.2135244702637 1
61.967312 933.2566581605148 1
62.1246 933.1976070958766
62.281849 933.2528133299567
62.438342 979.9130180048223 1
62.594846 979.8734123444203
62.751363 979.9106357527354 1
62.928144 979.9247745502333 1
63.085219 1028.9078212531615
63.241784 1028.8800281303284
63.398147 1028.9006126953648 1
63.554604 1028.8956436331366 1
63.721484 1028.9109249096723
63.878006 1028.887842546379 1
64.024597 1028.8885083062169
64.19139 1080.3624195540267 1
64.34817 1080.330447897117
64.515048 1080.3695150115473 1
64.671676 1080.3280005257354
64.838403 1080.3400807015137
65.015416 1080.3472970753567 1
65.172339 1080.3664052886008
65.329004 1134.3767447724367 1
65.485667 1134.3790819829326
65.642345 1134.360822046316 1
65.799202 1134.3869431690043
65.976599 1134.3666181566634
68.183398 1250.6525819546903
68.339887 1250.6379727415765
68.496808 1313.18475868099
68.643093 1313.1641433395055
68.799702 1313.1753301614121
68.956551 1313.1934298760918 1
69.113124 1313.174044082937 1
69.269632 1313.1593251173058 1
69.426139 1378.8372237013189 1
69.582723 1378.8032876183015 1
69.729035 1378.7980765332188
69.885808 1378.825577480518
70.042373 1378.8436215633853
70.198745 1447.75084807106 1
70.35519 1447.796409681106 1
70.582849 1447.7952978944386
70.739227 1447.772773503617
70.895998 1447.79255353857
71.052753 1447.7870843039104
71.280635 1447.7960387206654
71.437497 1447.7950666522788
71.59448 1447.794764154628
71.832703 1447.798611900854 1
72.010288 1447.786521299512 1
72.198381 1447.7794087819834
72.386138 1447.7806050325134
72.54295 1447.7901189246413 1
72.699373 1520.1821326324223
72.94808 1520.1724723237471
73.319082 1520.1883485026983 1
73.47626 1520.1801662913203
73.684441 1520.1835861406983
73.994629 1520.1800046536512 1
74.212844 1520.1867410484804 1
74.379967 1520.1769093088142
74.53717 1520.1764211705406
74.694389 1520.1729303763698
74.932988 1520.1883735696165 1
75.293385 1520.1856723736587
75.460372 1520.1784908466836 1
75.932499 1462.2615119661086
75.964683 1462.2614608466768
75.996725 1462.2536323368
76.028778 1462.2421058614336
76.061159 1462.254344495719
76.093359 1462.2437524956115
76.135744 1462.267936019584
76.188216 1462.272103145361
76.22049 1462.275311987177
76.272827 1462.255506698131
76.305023 1462.2584833627257
76.357511 1462.27263720175
76.389425 1462.2628839118313
76.421519 1462.245736186353
76.453512 1462.2574015132939
76.485507 1462.260070692458
76.517538 1462.2553554173705
76.549632 1462.27722321513
76.581575 1462.2567371335756
76.738038 1462.2747096584505
76.894681 1462.2764569745423 1
77.183727 1462.266446765099 1
77.330169 1433.3152238726861
77.486649 1433.3009053182566
77.653522 1433.3196205898937 1
77.799833 1433.3125997712057
77.987104 1433.3189677434648
78.235525 1433.318291832465 1
78.391953 1462.2736229119341 1
78.609909 1462.2681042014813
78.878947 1462.2649408799045 1
79.035711 1462.2770697290157 1
79.202825 1462.2761034666232
79.542896 1462.2665663386463 1
79.719654 1447.7879975639084 1
79.876461 1447.797344116229 1
80.277403 1447.79216501979
80.617833 1447.7867013357377
81.283648 1447.7934867247918
81.491385 1447.7965245512619
81.963515 1462.2541536981428 1
82.120408 1462.2612771852487
82.277247 1462.2438868679883 1
86.735543 1506.410165400724
86.881916 1506.416257693049 1
87.069205 1506.4137993615075 1
87.225956 1506.432733785727 1
87.382415 1506.4318038745234 1
87.53849 1506.4290188485847 1
87.735271 1551.6081816623755
87.891697 1551.5946313054149 1
88.05825 1551.6277450863092
88.214714 1551.6231158860028
88.371129 1551.6062810436629
88.537878 1551.6284160401078 1
88.724903 1551.5979826434639
88.881513 1613.6734276537718
89.038044 1613.692927742711 1
89.255816 1613.6678025574413
89.412132 1613.677890890107
89.670361 1613.6962585361161 1
89.827041 1613.6848908841544 1
91.048962 1694.3648735861232
91.205777 1779.054395115737
91.362411 1779.0936253353868 1
91.519139 1779.075187797553
91.696185 1779.0818676538322
91.852377 1779.0782140524439
92.019326 1779.0827712938649 1
92.166135 1779.049137670462
92.353685 1868.0479825517994 1
92.510222 1868.0232904751497
92.666639 1868.0311640225245
92.822953 1868.044301913037 1
92.97943 1868.014168391927 1
93.135954 1868.0335541474653
93.292245 1961.4566585677103 1
93.479373 1961.4442109415895 1
93.635814 1961.4165445311703 1
93.782028 1961.4345986393726
93.938538 1961.421928903555
94.094954 2059.5190028548222
94.251261 2059.4831789371037
94.407635 2059.501617755577 1
94.564149 2059.518233946406 1
94.730884 2059.527372675533 1
94.887339 2059.5091376456917
95.043866 2162.448130459584 1
95.190131 2162.4950359316945
95.346794 2162.467404193084 1
95.502999 2162.482059940903
95.659248 2162.501064463936
95.815778 2162.4883108808817
95.972275 2270.6058399215917 1
96.158955 2270.591743156232
96.315449 2270.601979412348 1
96.471837 2270.5843378099435
96.618075 2384.154266081203
96.784488 2384.120333388597
96.940746 2384.1579585474283
97.086975 2384.1121391520696 1
97.253538 2503.3041349595405
97.409962 2503.3088416302962
97.566243 2503.342684025166
97.722396 2503.3171163202123 1
97.878792 2503.3310301077954 1
98.035094 2628.4995088408646
98.191351 2628.496971637745 1
98.347965 2628.525460854058 1
98.504177 2628.488036174939
98.660426 2628.5331409133078
98.806434 2628.5127367894634 1
98.962802 2759.957184362098 1
99.11921 2759.938971360475
99.2754 2759.913458057745
99.431822 2759.9536825605414
99.588368 2759.927112595855
99.765095 2897.9343863912513 1
99.921411 2897.9301618583195