1.9e-05 0.018535
0.276645 0.02628
0.307758 0.031937
0.338876 0.035679
0.370061 0.0409
0.401254 0.044381
0.433608 0.047601
0.464766 0.050125
0.495873 0.052735
0.527227 0.083715
0.558445 0.093027
0.590789 0.099815
0.611741 0.095202
0.642904 0.098248
0.684308 0.102164
0.715492 0.10756
0.74796 0.113303
0.779112 0.117915
0.810329 0.125051
0.841483 0.13941
0.872702 0.156728
0.905032 0.152637
0.936208 0.158294
0.967325 0.162906
0.998391 0.169259
1.029456 0.174132
1.061779 0.177787
1.092817 0.180311
1.123826 0.18179
1.154809 0.18266
1.185878 0.179789
1.21811 0.183792
1.249139 0.184314
1.280196 0.183008
1.311322 0.185967
1.342393 0.187186
1.374451 0.184923
1.405484 0.189361
1.436514 0.190318
1.46749 0.191711
1.498477 0.193103
1.530736 0.194669
1.561777 0.195888
1.592779 0.196584
1.623816 0.198063
1.654839 0.196671
1.686996 0.197106
1.718043 0.201544
1.749056 0.202676
1.780062 0.202763
1.811066 0.201544
1.843173 0.205634
1.874203 0.206418
1.905198 0.205547
1.936292 0.209376
1.967338 0.210334
1.99953 0.211465
2.030528 0.212596
2.061651 0.214076
2.092726 0.203024
2.123863 0.205721
2.156258 0.21512
2.188179 0.19963
2.220112 0.216164
2.252028 0.22243
2.284355 0.221385
2.316281 0.2233
2.348174 0.223822
2.380048 0.222256
2.411935 0.221124
2.443794 0.22652
2.47562 0.228086
2.507601 0.235831
2.539584 0.227825
2.571497 0.229914
2.603442 0.227477
2.635277 0.233221
2.66712 0.228695
2.698967 0.234004
2.730897 0.240879
2.752612 0.241575
2.784446 0.242706
2.816318 0.242793
2.848168 0.243924
2.880014 0.246361
2.912138 0.247231
2.944218 0.244882
2.976075 0.250277
3.007925 0.249407
3.039988 0.252801
3.072211 0.254541
3.10414 0.255498
3.13621 0.257413
3.168366 0.258892
3.20045 0.258805
3.232333 0.258718
3.264318 0.262112
3.2962 0.262721
3.32801 0.265245
3.359974 0.265245
3.391834 0.2689
3.42369 0.268639
3.455518 0.271337
3.487417 0.273077
3.5193 0.268204
3.541 0.265941
3.572874 0.272294
3.603916 0.278472
3.634958 0.27943
3.666 0.281953
3.697023 0.283694
3.729126 0.282127
3.760158 0.285956
3.79127 0.288132
3.822352 0.293701
3.853359 0.28674
3.885447 0.293701
3.916443 0.294049
3.947648 0.295877
3.978685 0.298488
4.009759 0.29988
4.042126 0.300054
4.073243 0.3031
4.104277 0.304666
4.135338 0.30632
4.166429 0.307886
4.198607 0.31128
4.229669 0.31215
4.260688 0.311802
4.291779 0.316675
4.322841 0.31859
4.35516 0.319286
4.386222 0.322506
4.417237 0.324159
4.44829 0.325465
4.479385 0.316849
4.501542 0.328859
4.532653 0.330164
4.56378 0.327205
4.594907 0.333036
4.626051 0.332252
4.65831 0.332514
4.689425 0.334428
4.720503 0.345828
4.751566 0.316675
4.782734 0.32851
4.804795 0.330512
4.835901 0.328859
4.86696 0.327814
4.89806 0.329729
4.929186 0.333732
4.9614 0.331469
4.992455 0.329555
5.02363 0.331295
5.054983 0.342869
5.086301 0.352703
5.118563 0.356358
5.149672 0.36506
5.180687 0.365234
5.211707 0.367149
5.242897 0.369063
5.275039 0.369498
5.306151 0.374197
5.337306 0.376547
5.368447 0.375851
5.399536 0.381507
5.431786 0.384031
5.4629 0.38612
5.494041 0.387425
5.52522 0.390384
5.556378 0.391776
5.588754 0.388556
5.619938 0.395257
5.651224 0.399695
5.682298 0.396823
5.713414 0.403785
5.745551 0.407005
5.777684 0.407962
5.809825 0.411182
5.841766 0.414054
5.873731 0.411791
5.905869 0.418492
5.93813 0.420668
5.970409 0.422495
6.002741 0.426063
6.034726 0.429196
6.067021 0.431894
6.099099 0.435287
6.13124 0.440248
6.163522 0.445034
6.195492 0.443207
6.227421 0.453214
6.259427 0.458087
6.291661 0.458348
6.323579 0.466529
6.355614 0.470097
6.387691 0.469661
6.419534 0.476362
6.451588 0.483063
6.483588 0.486457
6.514776 0.492026
6.545832 0.496813
6.576934 0.501425
6.608038 0.502904
6.640425 0.512129
6.672512 0.520222
6.704475 0.524138
6.736395 0.533362
6.768154 0.538322
6.800198 0.542587
6.83212 0.549374
6.863972 0.554161
6.896072 0.550854
6.928168 0.562776
6.960575 0.570521
6.992562 0.573654
7.024729 0.577657
7.057363 0.584357
7.08962 0.58749
7.121702 0.598368
7.153803 0.607244
7.186117 0.614293
7.218135 0.622996
7.250031 0.629957
7.271895 0.63718
7.304047 0.645273
7.336002 0.654411
7.368053 0.65998
7.399943 0.667725
7.431999 0.673121
7.453831 0.681736
7.485805 0.684695
7.517877 0.690786
7.549811 0.697313
7.581668 0.703579
7.613599 0.708626
7.644695 0.698879
7.675754 0.7088
7.706795 0.731165
7.737839 0.739084
7.770107 0.747786
7.802147 0.75527
7.834191 0.762493
7.866125 0.76989
7.898135 0.768672
7.930124 0.764408
7.962565 0.767976
7.994598 0.775198
8.026643 0.782508
8.058978 0.793908
8.080703 0.805395
8.112702 0.815142
8.144607 0.824105
8.176556 0.834809
8.208517 0.864745
8.240352 0.87336
8.272186 0.88302
8.304252 0.896682
8.336205 0.907647
8.368219 0.917655
8.400196 0.926879
8.432225 0.936713
8.46418 0.950636
8.496083 0.964995
8.528373 0.973784
8.560488 0.98823
8.591542 1.00285
8.622669 1.013728
8.653762 1.026607
8.684843 1.036441
8.71712 1.046448
8.748116 1.053584
8.779112 1.065419
8.810264 1.074209
8.841381 1.081345
8.873688 1.087871
8.904793 1.097096
8.935899 1.101621
8.967046 1.103622
8.998187 1.120505
9.030504 1.131209
9.062665 1.137126
9.094918 1.154966
9.127368 1.168367
9.159584 1.180986
9.19172 1.200653
9.223876 1.219885
9.25593 1.235027
9.287993 1.253998
9.320025 1.270445
9.352137 1.282193
9.38444 1.301164
9.416526 1.320657
9.448648 1.326314
9.481026 1.345633
9.513304 1.359817
9.545566 1.370869
9.577781 1.384184
9.610046 1.393843
9.642153 1.402807
9.674096 1.418558
9.706088 1.43222
9.738079 1.447188
9.770073 1.462417
9.802172 1.476428
9.834203 1.489394
9.866143 1.500359
9.898152 1.50532
9.930225 1.515588
9.962357 1.500359
9.994448 1.415947
10.026629 1.507669
10.058963 1.546133
10.091057 1.532123
10.123371 1.524029
10.155657 1.597477
10.187729 1.612445
10.219808 1.620016
10.251882 1.631416
10.284019 1.518199
10.315952 1.512978
10.347979 1.518547
10.380263 1.524378
10.412452 1.502013
10.444527 1.521767
10.47567 1.518982
10.50679 1.531426
10.538028 1.573371
10.569178 1.652997
10.601474 1.67484
10.633619 1.66518
10.66596 1.644904
10.698056 1.559709
10.730017 1.592081
10.76214 1.61697
10.794329 1.630545
10.826364 1.653867
10.858437 1.703122
10.890408 1.720962
10.922495 1.77596
10.953553 1.863244
10.984743 1.951137
11.015788 1.962102
11.046979 1.996302
11.079444 2.011531
11.11163 2.015273
11.143646 2.040771
11.175873 2.070794
11.208075 2.091592
11.240328 2.127707
11.272327 2.159035
11.304259 2.18314
11.336131 2.197499
11.368064 2.221952
11.399896 2.211161
11.43169 2.218732
11.463547 2.242925
11.495615 2.258502
11.527573 2.269728
11.559505 2.30297
11.590559 2.31585
11.621593 2.329773
11.652653 2.370413
11.683624 2.380682
11.715974 2.366671
11.747183 2.385642
11.778367 2.401132
11.809387 2.422366
11.840554 2.430111
11.872765 2.450996
11.903776 2.482237
11.934788 2.496509
11.965944 2.57657
11.997006 2.605549
12.029174 2.61399
12.060269 2.635571
12.09137 2.663593
12.122577 2.636616
12.153739 2.591973
12.175881 2.686045
12.208044 2.711629
12.240015 2.716416
12.272031 2.752095
12.304112 2.774634
12.336009 2.778637
12.367972 2.82006
12.399873 2.914915
12.431735 2.82737
12.46365 2.834593
12.495977 2.920571
12.528001 2.932319
12.560007 2.991147
12.591884 3.044753
12.623768 3.062505
12.655682 2.97644
12.687628 3.041794
12.719841 3.164757
12.751923 3.138389
12.784215 3.209313
12.816138 3.251432
12.848114 3.256479
12.879986 3.279627
12.91202 3.361777
12.943886 3.297467
12.976253 3.349245
13.008334 3.399022
13.040444 3.412859
13.072735 3.43183
13.105021 3.467509
13.137199 3.49936
13.169204 3.168499
13.201517 3.568804
13.233493 3.727011
13.26547 3.670272
13.297608 3.77731
13.329574 3.813599
13.361631 3.798022
13.392785 3.846232
13.423852 3.883652
13.454861 3.531036
13.48593 3.485784
13.518162 3.537824
13.550178 3.571414
13.582188 3.551225
13.614191 3.669228
13.646262 3.648604
13.678368 3.658176
13.710268 3.806637
13.742125 4.06144
13.77407 4.226783
13.805826 4.320768
13.837726 4.284827
13.86962 4.22043
13.901633 4.243143
13.933555 4.280302
13.96553 4.270207
13.997704 4.280389
14.029701 4.345395
14.061981 4.33356
14.093921 4.317635
14.12582 4.522835
14.157749 4.553989
14.189631 4.321899
14.22066 4.576528
14.251763 4.703755
14.282701 4.715068
14.313803 4.60307
14.345997 4.802613
14.377029 4.750834
14.408113 4.635703
14.439227 4.849692
14.470326 4.81497
14.502742 4.344177
14.53408 4.558514
14.565203 4.715329
14.596278 4.701492
14.627434 4.737172
14.659713 4.85326
14.691825 4.796521
14.723808 4.901123
14.755803 5.231635
14.787782 4.879889
14.818955 4.919658
14.850126 4.967434
14.881201 5.045667
14.912388 4.990234
14.944735 5.138782
14.975659 5.16689
15.006849 5.00555
15.038071 5.209879
15.069281 5.565367
15.101665 5.661789
15.132831 5.777703
15.163975 5.761952
15.195108 5.675973
15.226402 5.24669
15.258849 5.613578
15.290077 5.715482
15.321311 5.432745
15.35257 5.667271
15.383813 5.727317
15.416251 5.6825
15.447446 5.897272
15.478599 6.019191
15.50971 5.760211
15.54094 5.745853
15.573277 5.871253
15.604366 5.957492
15.635454 5.912501
15.666612 6.025283
15.697751 6.036422
15.730202 5.926947
15.761286 6.170437
15.792458 6.571177
15.823605 6.174092
15.85483 5.889092
15.887083 6.091072
15.918234 5.733234
15.95955 5.867772
15.990748 6.40244
16.021951 6.500514
16.054225 6.691181
16.085286 6.721639
16.116353 6.518267
16.147449 6.344482
16.178566 6.333779
16.210955 6.318289
16.243267 6.279563
16.275524 6.139892
16.307648 6.22822
16.338736 6.182881
16.369805 6.330211
16.400841 6.579531
16.431924 6.843471
16.464219 6.935019
16.495395 7.212796
16.526624 7.126208
16.557729 6.858526
16.588859 6.607987
16.621156 6.374418
16.652297 6.113611
16.683363 5.928775
16.714616 6.125794
16.745845 5.977594
16.778266 6.075495
16.799253 6.419148
16.830404 6.648192
16.861508 6.309673
16.892642 6.88385
16.924912 6.646713
16.956953 6.361017
16.989268 6.21447
17.021606 6.143286
17.054096 6.028677
17.086377 5.849236
17.118416 5.758123
17.150607 5.861854
17.183046 5.897969
17.215418 6.167565
17.24762 6.897077
17.279705 7.447496
17.311809 7.793238
17.343965 8.022456
17.376218 8.115831
17.408417 8.278912
17.440626 8.192933
17.472712 8.210773
17.504852 8.174571
17.536916 8.11322
17.569223 7.855024
17.601342 7.838577
17.633576 8.139066
17.666047 8.182665
17.698301 7.520421
17.730561 7.745462
17.762676 8.355057
17.794973 8.506563
17.827081 8.949422
17.859198 9.11024
17.891224 9.111372
17.923282 9.079695
17.955208 8.797132
17.987152 8.659811
18.019442 8.563737
18.051498 8.569394
18.083599 8.399612
18.115581 8.509261
18.147742 8.601418
18.179787 8.285613
18.211759 8.26464
18.243787 8.854045
18.275997 9.460942
18.30786 9.583905
18.339823 8.867969
18.371886 8.956036
18.403831 9.107804
18.435727 9.212318
18.467684 9.309436
18.499582 9.349031
18.531717 8.846561
18.563619 8.990584
18.595962 8.895903
18.627955 9.528298
18.660068 10.208816
18.692121 9.751511
18.724337 9.630985
18.756391 10.036163
18.787459 8.370895
18.828741 8.435031
18.859766 8.599591
18.890954 8.499253
18.923347 8.557733
18.954369 8.868317
18.985583 9.143048
19.016847 9.189257
19.048066 9.189953
19.080332 9.368089
19.112443 8.899471
19.153606 9.040361
19.184744 9.384536
19.215952 9.019128
19.247162 8.993195
19.279332 9.056025
19.310445 9.007902
19.34151 8.862138
19.372673 8.637272
19.40379 8.355144
19.436011 8.847084
19.466995 8.905737
19.49808 8.893728
19.529278 8.823587
19.560497 8.820803
19.592891 8.898688
19.624966 8.846648
19.657031 8.686004
19.689057 8.898949
19.720108 8.763977
19.76127 8.861529
19.792298 8.98458
19.81319 8.934367
19.84557 8.802876
19.876733 8.895468
19.90786 9.103714
19.938977 9.134172
19.970087 9.038882
20.002287 9.188474
20.033473 8.745615
20.064742 8.888071
20.095907 8.90974
20.127013 8.973006
20.159365 8.795392
20.191551 8.90243
20.22347 8.444081
20.255413 8.37455
20.28737 8.437641
20.319283 8.610469
20.351228 8.997807
20.383243 9.158277
20.415187 9.151924
20.447311 8.721423
20.479228 8.312851
20.510347 8.300755
20.541388 7.886091
20.572427 8.141242
20.603499 8.371852
20.635762 8.075801
20.666802 7.852326
20.697988 8.602811
20.729187 8.681131
20.760331 9.106411
20.792737 9.268013
20.823776 9.27541
20.854753 8.365238
20.906191 8.402136
20.937321 7.465336
20.969599 7.096533
21.022268 6.649323
21.064789 6.708673
21.096793 6.474581
21.128697 6.157906
21.160674 6.213339
21.192773 6.166347
21.223904 5.920943
21.255053 5.062202
21.337048 5.822433
21.368172 5.810685
21.400408 5.878388
21.431939 6.388342
21.463117 6.239707
21.494275 5.958449
21.53555 6.160864
21.567958 5.501754
21.639797 5.409858
21.670765 5.558232
21.701751 5.58138
21.732795 5.616102
21.765008 5.033658
21.796062 5.119115
21.827104 5.054631
21.858248 5.134779
21.889323 5.24025
21.921694 6.752619
21.952879 7.013339
21.98392 6.591453
22.015055 6.67047
22.046319 6.94581
22.078673 7.369176
22.110697 7.657917
22.142868 8.626481
22.164758 9.321184
22.196715 9.055242
22.228653 9.223805
22.260582 8.320422
22.313044 8.493684
22.345071 8.648672
22.377037 8.804616
22.409126 8.468621
22.441198 7.876954
22.473126 7.738413
22.505318 7.960844
22.537523 8.158298
22.569522 8.250107
22.601543 8.377944
22.633592 8.394652
22.665693 8.55373
22.697823 8.699667
22.729964 8.491683
22.78234 8.68731
22.804017 8.68409
22.835901 8.596806
22.867693 8.407096
22.89972 7.839099
22.931605 8.927232
22.963607 9.799722
22.995443 9.791107
23.027645 10.10378
23.059959 8.555992
23.092226 8.568176
23.124489 8.69549
23.156543 8.884677
23.18865 9.49227
23.220784 9.52386
23.252786 9.783188
23.284764 9.918856
23.316682 8.617169
23.379129 9.716006
23.411093 9.249738
23.44313 9.11085
23.475252 9.109109
23.507189 8.907738
23.539127 8.859093
23.570992 8.861007
23.603316 7.425044
23.645507 7.479869
23.677394 7.650781
23.709236 7.834225
23.741102 7.787842
23.772861 7.736412
23.804701 7.88026
23.836609 7.824827
23.868475 7.90454
23.900449 8.072059
23.93232 8.907999
23.964205 8.708543
23.996121 8.765543
24.028178 8.637881
24.060217 8.427982
24.092219 8.735346
24.1243 8.756406
24.156241 8.707238
24.188087 8.726209
24.219898 9.378358
24.251785 8.571743
24.314325 8.696795
24.34623 8.440426
24.378166 8.346616
24.410122 8.22722
24.441978 8.204942
24.473913 8.257678
24.50585 8.238968
24.537973 7.652435
24.56987 7.867555
24.601811 8.249411
24.643974 8.435031
24.676008 8.397176
24.70812 8.430854
24.740247 8.43477
24.77218 8.451652
24.804294 8.455916
24.836315 8.578009
24.868341 8.41928
24.90018 8.781816
24.942527 8.88868
24.974589 8.919225
25.006785 8.992499
25.039311 8.599156
25.07171 8.993804
25.103847 8.947595
25.135943 8.812971
25.168061 9.657614
25.200158 8.996328
25.232169 9.02783
25.26426 8.739175
25.296381 8.76885
25.328367 9.175246
25.360261 8.901995
25.392346 8.529798
25.424614 8.669557
25.456575 7.9893
25.509073 8.049346
25.5412 8.722293
25.573544 8.338435
25.605715 8.253066
25.638038 7.881305
25.670421 7.731364
25.702823 8.339828
25.735209 8.394217
25.767606 8.143417
25.799886 8.104518
25.831768 7.909587
25.864185 8.10008
25.896089 8.1147
25.927961 8.032985
25.959887 8.074495
25.992379 7.910805
26.024309 7.81978
26.056567 7.818996
26.088637 7.534171
26.120551 8.750575
26.152692 10.232486
26.18469 10.214473
26.216845 9.776139
26.248819 8.778771
26.280751 8.545898
26.312584 8.54233
26.344434 8.735781
26.376502 8.864227
26.408447 9.202398
26.440296 9.300907
26.472136 9.19648
26.50401 9.13774
26.535901 9.279761
26.567848 9.300559
26.599758 9.311524
26.631588 9.261747
26.663472 9.225198
26.695309 9.222326
26.727263 9.108761
26.759233 7.624152
26.801265 8.455829
26.833169 9.122946
26.865112 9.152272
26.896935 8.884677
26.928864 8.882241
26.960774 8.974833
26.992622 8.614211
27.024504 8.742308
27.056981 8.803485
27.089153 9.583731
27.110988 10.02337
27.14301 10.243016
27.174902 10.046867
27.206979 7.594739
27.239224 7.666271
27.271201 7.788451
27.303124 7.660963
27.335057 8.376116
27.366958 8.317376
27.3988 8.477411
27.430702 8.321292
27.462697 8.492988
27.494605 8.649803
27.526598 9.076563
27.558539 9.226242
27.590544 9.583296
27.622499 9.580076
27.654333 9.652392
27.686145 9.636467
27.718076 9.656395
27.749777 8.215646
27.781596 8.290399
27.813474 9.237033
27.845344 9.576334
27.877279 9.82052
27.909188 9.732888
27.941014 9.571113
27.972924 9.2976
28.004805 8.819845
28.036696 9.244865
28.068817 10.064445
28.100719 10.377466
28.13275 10.581361
28.164499 10.478152
28.196315 7.971547
28.238311 7.944135
28.270161 7.404246
28.301996 7.207052
28.333817 6.643667
28.365603 7.029091
28.397374 7.339849
28.429203 6.927013
28.461052 6.93032
28.492071 7.060245
28.523078 6.78856
28.554149 6.849302
28.585204 7.412948
28.617286 8.702365
28.648291 9.36104
28.679251 6.72834
28.710292 6.927796
28.74144 6.999764
28.773749 6.94903
28.804835 6.878019
28.835876 7.021085
28.866931 7.139697
28.898134 7.481174
28.930419 7.490921
28.961447 7.427481
28.992441 7.258744
29.023457 9.207793
29.054739 8.86005
29.086968 9.225372
29.11805 9.958626
29.149022 6.78943
29.180023 7.012904
29.211087 7.208358
29.243268 7.432093
29.274325 7.522336
29.305341 7.938044
29.336365 8.222173
29.367387 8.291269
29.399444 8.256025
29.430535 8.863444
29.461613 8.720552
29.492642 8.908174
29.523832 9.320574
29.556106 9.415342
29.58727 9.700168
29.618397 10.525405
29.649437 10.027635
29.680558 7.451151
29.712811 7.26849
29.743888 7.415733
29.775003 8.457657
29.806103 10.314288
29.837177 10.2619
29.869388 9.568589
29.900449 9.911894
29.93148 7.186689
29.962502 7.190257
29.993525 9.086135
30.025691 9.575551
30.056859 8.757363
30.088114 8.613253
30.119155 9.100755
30.150874 9.267926
30.183097 9.228765
30.215101 8.585319
30.256367 8.831332
30.287409 8.870058
30.31843 8.963781
30.349452 8.261594
30.38159 8.674691
30.412623 8.805139
30.44382 9.540307
30.474825 9.121031
30.505886 7.620149
30.538046 7.294423
30.569069 8.330081
30.600075 10.060529
30.631045 10.564913
30.662107 7.234029
30.694118 7.39946
30.725181 7.440969
30.756254 7.468991
30.787282 7.863639
30.81843 8.009402
30.85064 9.188213
30.871511 9.608359
30.902517 8.214515
30.933543 7.803419
30.964585 8.184231
30.996788 8.702974
31.0278 9.765261
31.059019 10.31394
31.090223 7.644603
31.121399 7.830657
31.153629 7.974332
31.184647 8.37133
31.215636 8.919486
31.246667 9.698514
31.277755 9.795806
31.309956 9.643429
31.341043 9.385058
31.382252 9.448846
31.413277 9.116941
31.444419 9.152272
31.476647 9.120596
31.507759 8.996067
31.538907 8.792694
31.570005 8.220432
31.611218 8.543113
31.643331 7.355687
31.674391 7.554273
31.705394 7.821433
31.736466 8.896861
31.767581 9.01495
31.799679 8.499776
31.830677 7.703517
31.86175 7.856503
31.892802 8.184057
31.923799 8.452609
31.955921 8.078672
31.987071 8.162301
32.018089 8.516832
32.049171 8.472102
32.080347 8.551728
32.112538 9.026525
32.143687 10.243538
32.174716 10.686484
34.361858 7.108281
34.392981 7.243515
34.425026 7.351075
34.456105 7.253435
34.487133 7.123249
34.51828 7.316353
34.549423 7.639816
34.581672 7.325664
34.612765 7.486917
34.643872 8.301103
34.674971 7.257003
34.746748 7.553055
34.778934 7.407553
34.809926 6.960517
34.840931 7.294162
34.871902 7.528775
34.902999 7.833268
34.935179 8.079195
34.966279 6.887592
34.997335 7.899231
35.028354 8.199634
35.059545 8.505432
35.091968 8.665989
35.123054 5.69068
35.164428 5.784491
35.195515 5.695902
35.22667 5.830874
35.258934 7.000199
35.290182 7.193042
35.321332 7.183382
35.352462 7.204703
35.373327 7.273538
35.405683 7.285286
35.446971 7.627285
35.478107 8.547203
35.519445 8.789823
35.55056 8.379684
35.58281 8.471319
35.614062 8.516484
35.645132 8.680348
35.676141 8.164477
35.707224 8.34679
35.739498 8.228613
35.770564 8.403354
35.801638 8.394217
35.83268 8.565652
35.863717 8.769198
35.895851 8.777465
35.926853 8.987451
35.958045 9.134868
35.989056 9.162976
36.020162 9.474344
36.052403 9.488354
36.083428 5.917897
36.114575 6.022411
36.145642 7.421911
36.176738 8.383078
36.208975 7.977552
36.260426 8.177182
36.291458 7.24569
36.342872 7.824044
36.373996 7.850499
36.40625 7.589952
36.437278 6.921966
36.458291 5.904843
36.499642 6.368501
36.530755 6.866793
36.562988 7.53391
36.594043 7.871906
36.625146 7.444885
36.656315 5.481129
36.687405 5.73628
36.719681 5.85115
36.750769 6.06279
36.781874 7.418256
36.813015 7.963019
36.844138 8.123924
36.876329 8.208684
36.907446 7.077823
37.020148 6.341698
37.051302 7.534867
37.082415 7.591258
37.114744 7.984166
37.145833 8.131582
37.176939 7.891834
37.208141 7.948051
37.239335 7.70665
37.271736 5.848714
37.323266 6.045385
37.354291 6.17853
37.385288 6.357014
37.416323 6.353359
37.448575 6.425762
37.479659 6.453522
37.510687 5.89179
37.541678 6.573874
37.572717 6.413056
37.604852 6.942068
37.635941 6.843993
37.66701 7.196174
37.698076 7.497447
37.7291 6.661942
37.761325 6.829025
37.792506 7.331843
37.813441 7.732757
37.844571 7.345854
37.885796 6.211251
37.917942 6.57431
37.948975 6.802831
37.979988 6.640708
38.010966 6.617995
38.042079 6.658548
38.074261 7.700732
38.105356 9.444756
38.136394 7.25709
38.167384 8.184405
38.1984 8.459919
38.230709 8.707934
38.261719 9.142613
38.292773 9.62994
38.323768 9.516637
38.364937 10.391651
38.39717 7.210533
38.428236 7.531821
38.449133 9.634292
38.48019 9.486788
38.511347 9.62907
38.543712 9.322663
38.574781 9.109805
38.605819 8.796175
38.636825 7.995653
38.678107 7.581163
38.710256 7.278846
38.741266 6.760364
38.782447 7.418605
38.813475 6.400003
38.88532 6.616168
38.917532 5.950704
38.989375 6.212556
39.020407 6.212208
39.051512 5.985165
39.082574 5.88126
39.114889 5.390626
39.145988 5.705213
39.177029 5.455806
39.218185 5.471122
39.249203 5.496619
39.281561 5.299687
39.31265 5.58399
39.343695 5.954533
39.374821 6.096554
39.405945 6.24545
39.438149 5.794411
39.470004 5.014339
39.501867 5.058547
39.533959 5.296554
39.565875 5.296206
39.597769 5.188211
39.629641 6.647496
39.661462 5.937216
39.683217 6.269469
39.715052 6.333082
39.747138 8.466533
39.779008 8.985537
39.810163 9.239208
39.841225 9.513504
39.872288 7.283806
39.923587 8.522576
39.9557 9.439187
39.986674 9.944354
40.017643 10.02659
40.048712 10.067404
40.079757 9.965587
40.112 8.82672
40.18377 8.977618
40.21479 8.696708
40.245818 8.623261
40.276834 8.558255
40.309067 8.468447
40.340053 8.620302
40.371182 8.536586
40.402202 7.459766
40.474012 7.647387
40.506268 7.336977
40.537268 6.446734
40.56829 6.847648
40.599256 7.673929
40.63029 7.405464
40.662408 7.240121
40.693435 7.429134
40.724422 7.332104
40.755447 7.428612
40.78649 7.138739
40.818776 7.049715
40.849848 6.734606
40.880852 6.96626
40.911811 7.336281
40.94288 7.704648
40.975125 7.75225
41.006198 7.664879
41.037263 7.706041
41.078548 7.648954
41.109543 5.274363
41.151924 5.342502
41.183004 8.351402
41.214079 8.883894
41.245235 8.340959
41.276326 8.691139
41.308585 8.947943
41.329553 8.914961
41.360604 9.05237
41.391535 9.09536
41.422581 8.931931
41.454884 9.134607
41.485936 9.392542
41.516971 9.593304
41.548026 9.457374
41.579089 9.753252
41.611277 10.20255
41.642343 9.505063
41.673372 7.308521
41.70439 7.672972
41.735556 7.926295
41.76768 9.174463
41.798692 9.565805
41.829695 10.009795
41.860712 9.200918
41.891814 7.643384
41.924028 7.774354
41.95505 8.064488
41.986136 9.139045
42.017165 9.684243
42.048309 9.197785
42.080568 9.179075
42.111615 9.76674
42.142669 8.10243
42.184006 8.2468
42.215156 8.646931
42.247437 8.991193
42.278464 9.196132
42.309499 9.229636
42.340445 9.50106
42.371563 9.727667
42.403782 9.906412
42.43483 9.415864
42.486254 9.571896
42.517304 9.695556
42.548305 9.420999
42.580547 9.475127
42.611583 9.140089
42.642589 8.695055
42.673613 8.450434
42.704701 8.497513
42.736911 8.349313
42.767973 8.207118
42.798993 8.619171
42.830177 9.289594
42.861282 9.60131
42.893519 9.709131
42.92454 10.136674
42.955656 10.017018
42.986704 6.415058
43.027929 6.523923
43.060207 6.576572
43.091159 6.909956
43.122392 8.630136
43.153426 8.703931
43.184462 7.967544
43.216678 8.246278
43.24771 8.742482
43.278775 8.610469
43.309806 8.852566
43.340873 9.367045
43.373134 9.288289
43.404188 9.722359
43.43526 10.188714
43.466283 10.164521
43.497389 9.853067
43.529682 6.963475
43.560693 7.164933
43.591772 7.284154
43.622811 8.457047
43.653796 9.235988
43.685995 9.27393
43.717023 8.497861
43.748065 8.803224
43.779072 8.552685
43.810138 8.396393
43.842354 8.814798
43.873405 9.07343
43.904511 9.522293
43.935627 9.638382
43.966738 9.632203
43.999122 9.51977
44.030221 9.556667
44.061361 6.425762
44.10261 6.985405
44.133784 8.967088
44.166041 9.013993
44.197041 9.068557
44.228077 9.088572
44.259132 9.290552
44.290201 9.133737
44.322426 9.229984
44.353446 9.098927
44.384564 8.792259
44.415681 8.718899
44.446701 8.657983
44.478974 8.881893
44.510129 8.562258
44.54124 8.701581
44.572596 9.171853
44.603664 8.793216
44.635878 7.815515
44.667203 7.568632
44.698285 7.975811
44.729423 9.027917
44.76052 10.469014
44.792676 7.120203
44.833916 7.432267
44.865022 7.49884
44.896 7.751032
44.927062 8.240622
44.959356 9.941134
44.990351 9.922946
45.021404 7.831354
45.052464 8.01793
45.083514 8.401092
45.115735 8.71185
45.146923 10.710415
45.177958 10.673605
45.198864 8.617343
45.240084 8.684873
45.272398 8.40962
45.303377 8.577661
45.334444 8.373854
45.365579 8.830549
45.396703 9.112503
45.429023 9.062117
45.461312 8.943505
45.493527 8.740046
45.524672 8.846126
45.555793 8.984841
45.58697 9.214755
45.618148 9.297165
45.650528 9.164108
45.68162 9.72584
45.712789 9.843581
45.74394 7.436966
45.775113 6.638967
45.797189 8.627525
45.828353 10.622435
45.859577 10.452132
45.890726 10.562825
45.92195 7.159712
45.954299 7.345592
45.985388 7.474995
46.016539 7.614667
46.0477 8.313721
46.07888 9.094576
46.111233 9.057331
46.14247 8.702278
46.173592 8.623348
46.204762 8.091813
46.236008 8.2696
46.278631 9.027308
46.30982 9.650478
46.340954 8.946986
46.372193 8.624044
46.403486 8.235052
46.435941 7.093575
46.467088 7.175028
46.498273 7.749726
46.529448 8.652153
46.560744 8.475235
46.593176 8.602637
46.624414 9.662313
46.655554 9.750293
46.686607 8.42337
46.717756 9.450935
46.750104 10.017888
46.781279 10.194109
46.812459 10.417236
46.843569 10.611819
46.874761 10.796046
46.906988 9.247997
46.978912 9.403333
47.010098 9.048106
47.041286 9.463553
47.072479 9.412471
47.104777 9.30726
47.135901 9.305955
47.167088 9.097796
47.198233 8.990584
47.229361 9.134346
47.261538 8.923925
47.292665 8.666163
47.323836 8.911567
47.354875 9.100842
47.385951 9.087527
47.418219 9.099537
47.44925 9.516115
47.480381 9.098318
47.511403 7.913155
47.5426 6.949378
47.574934 7.112545
47.606019 7.473429
47.637037 8.781555
47.668035 10.263988
47.699074 9.530909
47.731308 7.51198
47.76247 7.916462
47.793518 8.524055
47.824538 10.416975
47.855568 10.417932
47.88783 10.256853
47.918855 10.116659
47.949961 7.241165
47.98107 7.228895
48.012113 7.66749
48.044363 9.18743
48.07545 9.389845
48.106654 8.281
48.147958 8.620389
48.179216 9.168285
48.211554 8.222869
48.242759 8.174049
48.273881 8.802789
48.294823 9.660573
48.325831 10.398439
48.358216 7.22698
48.419895 7.473342
48.45094 7.472907
48.482038 7.093749
48.513213 7.785841
48.545633 9.349901
48.576871 9.393674
48.597732 9.151315
48.628782 9.41804
48.659877 8.847171
48.712526 9.000505
48.743485 9.180903
48.774614 7.954665
48.806054 7.788712
48.837286 7.824566
48.869597 7.509282
48.900656 6.666989
48.962376 6.796218
48.99347 6.788299
49.024615 6.592149
49.05683 5.821563
49.087949 5.819648
49.119115 5.767608
49.150279 5.794498
49.181528 5.567804
49.315629 5.691899
49.346674 6.064443
49.387864 6.661942
49.419045 6.361017
49.450315 6.410533
49.482673 4.526315
49.656053 4.392997
49.687191 4.666074
49.718296 4.413534
49.74941 4.594715
49.781957 4.716199
49.81304 4.822628
49.844062 4.49638
49.875165 4.584969
49.906266 4.666509
49.938567 4.457306
49.96957 4.258198
50.000573 4.328426
50.031655 4.171175
50.062771 4.33678
50.095046 4.527099
50.126268 4.669903
50.157342 4.523183
50.188424 4.668076
50.21955 5.354337
50.241591 0.084673
50.547415 0.357576
50.578499 0.890504
50.599398 1.230154
50.630495 1.424736
50.66286 1.720614
50.693881 2.104645
50.725013 2.272512
50.756103 2.487981
50.787243 2.921441
50.819454 5.467467
50.850385 5.088135
50.881404 5.192388
50.912498 5.392105
50.943779 5.25313
50.97597 5.405158
51.007936 5.635508
51.040066 5.793889
51.072307 5.972286
51.104554 6.416798
51.13659 6.987407
51.168809 7.081739
51.200778 7.466641
51.231918 7.735193
51.262907 8.438512
51.294063 8.424936
51.325267 6.372156
51.35744 6.493204
51.389446 6.499818
51.421411 6.287395
51.47412 6.155817
51.506381 6.819018
51.538641 6.623826
51.570625 6.349095
51.602698 6.247713
51.634823 6.620432
51.667083 8.510915
51.698949 9.440405
51.731017 8.968306
51.773194 9.015125
51.805474 7.198785
51.837573 7.257003
51.869606 7.471601
51.90151 7.461072
51.933619 6.04173
52.057531 6.853218
52.088685 6.40827
52.119772 6.720421
52.150911 7.007335
52.182172 7.390931
52.214424 7.651652
52.245545 8.601418
52.276576 8.634661
52.307741 8.2924
52.338758 6.377377
52.432109 6.140327
52.464395 7.286591
52.495528 7.389278
52.526737 7.249171
52.557844 7.111588
52.589042 7.168327
52.621244 7.46725
52.652314 8.494032
52.683331 8.404312
52.714443 8.549205
52.745581 9.390541
52.777975 9.178031
52.809085 7.693858
52.840126 7.881479
52.871226 7.681674
52.902323 7.521988
52.934635 7.568545
52.965647 6.699622
52.996724 6.121704
53.038213 6.291747
53.069416 5.922422
53.10184 6.014579
53.132997 6.141719
53.164068 6.119006
53.195309 5.717222
53.226492 5.659091
53.268914 6.333343
53.299981 6.790474
53.330999 6.715896
53.362185 6.35623
53.393266 6.319855
53.42547 6.226828
53.457641 6.231353
53.489828 6.159211
53.522029 6.076365
53.554007 6.15338
53.585119 5.805463
53.61624 4.792953
53.647418 5.782054
53.678422 5.800068
53.710736 5.956187
53.741832 6.058961
53.77291 6.130145
53.803916 6.118049
53.835065 6.17122
53.867293 6.140501
53.898442 6.933192
53.929478 7.037358
53.960656 7.039011
53.991724 5.944526
54.074989 6.121182
54.106083 5.849236
54.137151 5.828524
54.168221 5.948616
54.19947 6.285655
54.231699 5.717657
54.262727 5.59278
54.293802 6.100035
54.324939 6.51905
54.356103 7.017081
54.388401 7.334367
54.419408 7.765825
54.45042 8.513003
54.481441 5.743764
54.512584 5.808335
54.544893 5.805463
54.577022 6.134148
54.609198 6.153815
54.641078 6.048779
54.673198 5.799198
54.705126 5.596783
54.737118 7.312263
54.769113 9.011557
54.801169 9.37566
54.833295 9.424741
54.865279 9.868122
54.897475 10.106912
54.92953 8.644495
54.961525 7.751119
55.044876 8.437467
55.077219 8.432072
55.109318 8.151336
55.140388 7.369263
55.181818 7.30678
55.213108 6.913872
55.24439 6.4986
55.276673 6.287831
55.307894 6.426545
55.339104 5.799981
55.421125 5.783708
55.452264 5.550835
55.49495 6.046429
55.526141 5.728622
55.557304 5.8421
55.588506 5.569196
55.619716 5.877692
55.652002 4.997022
55.734085 5.33467
55.765164 5.558232
55.796383 5.254522
55.847898 5.694422
55.880193 6.052695
55.911187 6.093944
55.942331 6.077845
55.973471 6.283044
56.004549 4.620648
56.036824 4.256719
56.06791 4.112261
56.099006 4.128273
56.130103 4.468445
56.161118 5.35016
56.193372 5.382881
56.22455 5.455197
56.255566 5.395412
56.286642 5.388363
56.317677 5.598436
56.350022 7.354208
56.382247 7.684024
56.414253 8.012013
56.446439 8.98867
56.478364 9.059071
56.510581 7.620497
56.542591 7.836314
56.574563 8.010185
56.606569 8.016538
56.638653 8.172483
56.670586 7.510327
56.702446 7.375441
56.734481 7.130559
56.766755 7.124903
56.798682 6.918659
56.83055 6.938413
56.862558 7.737978
56.894726 7.288331
56.926825 7.28807
56.958807 7.491791
56.990912 8.039164
57.023312 7.274495
57.055554 7.495098
57.087755 6.796653
57.160719 7.142655
57.192928 7.081565
57.225276 7.295467
57.257323 7.397371
57.289323 7.331321
57.321486 7.126295
57.353698 7.337934
57.385772 7.01508
57.428371 7.07208
57.460379 7.086439
57.492303 7.594826
57.524299 7.680456
57.556484 7.675322
57.588492 7.055981
57.6206 7.066684
57.65281 6.825718
57.685109 6.849563
57.717258 6.667685
57.74945 7.064596
57.781711 7.129428
57.814 7.322357
57.846193 7.552968
57.878223 8.351228
57.910298 7.897491
57.952625 8.05944
57.984756 7.430788
58.026828 7.756862
58.058949 6.482065
58.090964 7.183556
58.122911 7.165977
58.165327 7.000982
58.197357 6.823804
58.229669 7.091486
58.272036 7.003941
58.304115 6.944591
58.346329 6.969567
58.378414 7.086439
58.410338 7.383186
58.442306 6.731995
58.484313 7.197567
58.516406 7.803941
58.548436 7.955622
58.580503 7.950227
58.61248 8.063704
58.644374 6.746876
58.696879 6.768196
58.728956 6.757405
58.760895 7.253348
58.792878 7.646865
58.824938 7.404768
58.856978 7.33193
58.889089 6.600242
58.92109 6.535497
58.953186 6.718854
58.985149 7.451847
59.01712 9.62585
59.049261 9.640905
59.081601 7.312698
59.123821 7.445669
59.155931 7.594652
59.18806 7.948312
59.22042 8.29388
59.252615 8.073973
59.284617 8.181707
59.316818 8.352185
59.348769 7.748247
59.380656 7.53304
59.412814 7.534606
59.434751 7.81569
59.466736 7.763128
59.498556 7.267011
59.551445 7.585688
59.583705 7.410163
59.615956 7.505627
59.648372 7.37431
59.680559 7.959799
59.712543 7.782621
59.744462 7.592389
59.776413 7.705345
59.808598 7.668969
59.84042 8.001483
59.872167 7.954143
59.90406 7.299906
59.935939 6.576224
59.96798 6.564476
60.000062 6.574136
60.032411 7.106889
60.064864 9.198133
60.097019 9.117985
60.129304 6.888636
60.222873 7.24247
60.255288 7.195217
60.287548 7.069121
60.319542 7.249867
60.350702 7.442014
60.381922 7.062768
60.413081 7.337499
60.444174 7.777312
60.476457 7.797154
60.507696 7.828482
60.538905 8.512829
60.570145 8.65076
60.601269 8.598546
60.633576 8.589322
60.664808 8.412927
60.695871 6.793085
60.788141 7.982686
60.81926 8.472886
60.851617 8.494467
60.882725 8.032637
60.913969 8.204594
60.945073 8.548073
60.97624 8.461747
61.008529 8.347573
61.029465 8.746746
61.060676 7.930821
61.091777 7.757297
61.123118 9.024088
61.155426 9.772832
61.186475 10.15286
61.217437 10.442124
61.248549 10.487289
61.279696 9.466164
61.312049 7.476823
61.33379 7.966413
61.365756 8.361496
61.397713 7.912285
61.429723 8.28161
61.461729 7.992781
61.493678 7.780271
61.525671 7.402244
61.557698 7.786189
61.589863 6.753664
61.632013 6.864444
61.66392 7.563672
61.696052 7.50876
61.727911 7.419214
61.760014 7.671928
61.791954 7.502843
61.823861 6.873842
61.855929 6.861137
61.887905 6.78125
61.919775 6.662203
61.951816 6.739479
61.983752 6.255893
62.016082 5.912849
62.058709 5.62785
62.101216 5.692073
62.13321 5.439532
62.164238 5.271404
62.195319 5.310478
62.226517 5.580857
62.257653 5.429699
62.289962 5.152705
62.321265 5.046015
62.352529 5.147049
62.38383 5.314916
62.41515 5.279672
62.447692 5.274711
62.479017 5.21571
62.510329 4.834811
62.541695 4.974918
62.573045 4.793562
62.605637 4.842469
62.636944 4.168652
62.668277 4.286655
62.699598 4.300578
62.771483 4.147853
62.803772 4.197108
62.834925 4.053695
62.866055 4.327294
62.897104 4.500644
62.928271 4.319375
62.950473 4.25376
62.981688 4.252629
63.012821 4.374374
63.043986 4.392561
63.075179 4.172829
63.107451 4.212076
63.138606 4.64954
63.169641 4.980661
63.200795 5.236421
63.232041 5.446581
63.264315 5.572938
63.295419 3.865725
63.326501 3.904538
63.35758 4.335213
63.388644 4.274123
63.420906 4.311543
63.451898 4.368543
63.482949 4.359406
63.514059 4.37916
63.54511 4.310238
63.577319 4.357926
63.609308 5.438749
63.640363 5.979422
63.671395 5.952184
63.702413 6.482414
63.733527 6.979314
63.765706 7.569067
63.796731 8.010969
63.827767 8.646148
63.848655 7.936651
63.879702 8.263335
63.911871 8.572962
63.942889 8.707412
63.973917 8.607771
64.004882 8.462791
64.035924 6.979662
64.068135 6.885938
64.100196 6.75288
64.132225 8.297709
64.164156 8.75423
64.196106 8.618475
64.228056 8.55138
64.260243 8.202854
64.292166 8.132104
64.324219 8.037163
64.356055 8.036205
64.387883 8.838903
64.419748 9.017648
64.45173 9.095882
64.483746 8.51805
64.515831 8.32895
64.547657 8.494989
64.579481 8.517876
64.611315 8.944984
64.643184 9.046627
64.675067 9.143135
64.706858 7.890964
64.738839 7.16911
64.770643 8.59524
64.802388 9.395153
64.834496 9.42857
64.866569 9.547704
64.898507 9.468687
64.93041 9.187691
64.962255 7.968415
64.994256 8.280652
65.026254 9.424132
65.058359 9.385232
65.090253 9.399765
65.122139 9.626547
65.154057 9.661356
65.185986 8.248976
65.218025 8.817583
65.250257 9.942091
65.282255 10.007445
65.314141 10.081241
65.345975 10.001528
65.377953 7.921596
65.420174 7.876257
65.452121 8.578183
65.483913 9.559974
65.515747 9.524991
65.547784 9.111024
65.579898 9.522902
65.611778 8.974746
65.6436 9.125556
65.675383 9.650739
65.707323 10.831029
65.739322 10.835728
65.771206 10.736696
65.803105 7.985906
65.835065 8.099471
65.866967 8.048301
65.898816 8.746485
65.930808 8.768589
65.962802 8.962128
65.994798 9.233465
66.026756 9.426046
66.058784 9.481219
66.091011 8.948378
66.1537 9.240949
66.185559 9.373223
66.217423 9.275845
66.249569 9.02139
66.281707 8.885983
66.313738 8.740481
66.345615 8.875105
66.377475 8.683916
66.409306 8.726122
66.441316 8.34444
66.504035 8.488985
66.535904 8.47889
66.567832 8.564172
66.59962 7.997045
66.631583 7.847627
66.663489 7.90715
66.695296 8.02672
66.727176 7.987647
66.758937 7.955709
66.79072 8.227568
66.822566 8.335216
66.874945 8.692096
66.906919 8.743091
66.938935 8.725861
66.970731 8.668513
67.002535 8.560343
67.034867 8.394826
67.067232 7.747203
67.099244 8.086417
67.131297 8.858135
67.173258 10.210295
67.205138 9.579815
67.236983 8.45931
67.269282 8.418496
67.301213 8.693836
67.333313 9.021999
67.365392 9.197437
67.397531 9.046279
67.429386 9.230593
67.461286 8.700798
67.493243 9.113547
67.525166 8.408663
67.587881 8.451043
67.61982 8.422238
67.651709 7.959973
67.703922 8.424414
67.73593 8.482632
67.767731 8.253936
67.799595 8.913134
67.83149 8.202767
67.863381 8.325991
67.895368 8.047431
69.960955 6.552119
69.992974 6.686134
70.024893 6.403049
70.056921 6.311588
70.088752 6.805181
70.120716 6.889854
70.152751 7.333235
70.184793 7.751206
70.216694 8.810708
70.248511 4.792779
70.362317 4.978921
70.393322 5.031483
70.424278 4.903994
70.455311 4.863529
70.48637 4.646929
70.518708 4.624999
70.550817 4.601329
70.582837 5.185165
70.614773 5.580248
70.667174 8.60107
70.698196 9.101277
70.729184 9.118421
70.760206 9.492444
70.791354 7.044233
70.874416 7.653479
70.906385 8.112611
70.937394 7.635552
70.968373 7.280238
70.999379 7.017778
71.03045 6.810054
71.062835 6.757754
71.093956 6.929014
71.125014 6.861398
71.156064 6.743482
71.187163 7.129863
71.219484 7.560017
71.271045 6.478585
71.302317 6.654719
71.333367 6.551945
71.364495 6.695793
71.396837 7.364041
71.428883 7.22289
71.46092 7.241165
71.493035 7.076431
71.524994 5.339108
71.55719 7.71483
71.589369 7.888528
71.621332 8.306585
71.653248 8.550684
71.685195 8.817148
71.717266 8.892335
71.749117 8.537369
71.781069 8.443994
71.813084 8.093292
71.845017 7.384318
71.876869 7.224109
71.908836 8.173353
71.941079 8.306411
71.972977 8.098253
72.004881 8.165347
72.037163 8.19859
72.069577 8.199982
72.101546 8.459397
72.133531 8.552772
72.165835 8.59611
72.197717 8.427547
72.229487 6.793346
72.261441 6.871927
72.293807 6.78795
72.325649 6.850868
72.357585 7.186689
72.389562 7.210794
72.421588 7.528427
72.454043 7.320878
72.486092 7.012034
72.518091 7.192258
72.550226 7.210968
72.582365 6.986624
72.614228 7.385623
72.646187 7.600047
72.678174 7.722401
72.710303 8.08546
72.742356 8.404573
72.774284 7.790366
72.80632 8.119573
72.828044 7.556014
72.860099 6.058351
72.892015 6.462485
72.923881 7.481522
72.955688 7.518246
72.987619 7.503626
73.01946 7.490572
73.051482 7.46229
73.08341 7.692117
73.115423 7.292335
73.147484 8.271515
73.179385 8.478803
73.211223 8.839774
73.243077 9.183166
73.275077 9.106673
73.307361 8.387516
73.339261 8.158211
73.371142 8.287527
73.403055 8.761975
73.434997 9.163063
73.466885 9.301778
73.498799 9.308478
73.530724 9.281414
73.562695 9.120335
73.604893 9.202485
73.636774 9.267665
73.66873 9.296295
73.700653 9.082915
73.73273 9.056634
73.764954 8.997546
73.797004 8.418148
73.829088 8.67269
73.860968 8.684438
73.892957 8.315984
73.925112 8.740655
73.957234 9.144527
73.989402 9.148879
74.021404 9.116245
74.053599 9.0287
74.085815 9.030528
74.11791 9.150619
74.150262 9.464075
74.182322 8.629701
74.235052 8.679043
74.267308 8.63936
74.299534 8.897209
74.331371 8.901908
74.363188 8.907477
74.395043 8.975616
74.426848 8.978227
74.458658 8.972222
74.490668 8.787473
74.533374 8.786516
74.565584 8.727688
74.59755 8.657461
74.629662 8.491595
74.661536 8.473843
74.693533 8.451478
74.725618 8.251848
74.757569 8.169437
74.789882 8.583405
74.821856 8.863357
74.853939 8.273603
74.885792 8.477498
74.91781 8.452087
74.949905 8.362454
74.981791 8.37542
75.013777 8.382208
75.045812 8.435379
75.078089 8.121052
75.110046 8.203637
75.142077 8.350532
75.174247 8.565391
75.206495 8.56922
75.238856 8.583753
75.27101 8.32338
75.303481 8.260289
75.335795 8.480283
75.368042 8.817409
75.400151 8.992673
75.432163 8.05535
75.46411 8.027938
75.4858 8.211556
75.517788 8.738044
75.550024 8.801223
75.582246 8.343396
75.614354 8.864488
75.646287 8.890595
75.678442 8.741264
75.710639 8.443472
75.742756 8.696882
75.774712 8.955862
75.806562 6.854436
75.889662 7.082871
75.921765 7.273277
75.953754 7.46142
75.985923 7.64643
76.018119 7.625719
76.050332 7.556101
76.082611 7.710044
76.11484 8.11879
76.146951 8.408315
76.178966 8.845778
76.22137 8.993804
76.25343 8.945506
76.285761 8.586972
76.318046 8.743875
76.350223 8.753708
76.382496 8.799047
76.41473 8.783731
76.447161 9.105889
76.479466 8.662334
76.542413 8.884329
76.574625 8.775116
76.607112 8.525447
76.639438 8.895381
76.671536 8.874496
76.703502 8.655982
76.73557 8.491421
76.767848 8.60255
76.851067 8.886418
76.882094 9.146529
76.913196 8.727079
76.944298 8.803311
76.975404 8.503431
77.007621 8.457744
77.038812 8.63849
77.070036 8.543983
77.101145 8.595675
77.13229 8.776508
77.164666 8.511959
77.216204 8.515353
77.247251 8.096773
77.278372 7.671319
77.309513 6.731734
77.392656 7.074691
77.42505 6.801526
77.456107 6.880195
77.487192 6.342046
77.538625 6.895424
77.569683 7.036052
77.601928 7.976595
77.633021 8.410925
77.664121 8.42424
77.695234 8.139588
77.726606 4.930884
77.810004 4.672949
77.842023 5.547789
77.87319 6.517571
77.904306 6.258765
77.935376 6.17531
77.966639 6.454044
77.999002 6.924054
78.030128 7.489267
78.0613 8.197633
78.092454 10.8044
78.1237 10.801963
78.156159 11.387017
78.187247 9.036967
78.218342 8.924795
78.249346 9.154013
78.280348 9.222674
78.312706 8.614124
78.343873 8.390823
78.375024 8.535455
78.406111 7.911328
78.437207 8.334954
78.469432 8.735694
78.50052 8.090769
78.531525 8.430854
78.562558 9.209098
78.5936 9.487919
78.625943 9.229288
78.656969 9.326579
78.687978 9.389322
78.71902 7.299122
78.750131 7.379009
78.782409 7.528253
78.814416 8.009489
78.846421 9.117724
78.878353 9.411948
78.910354 9.244517
78.942609 9.56476
78.974813 9.728363
79.006791 8.387951
79.090021 9.525426
79.122249 9.514026
79.153303 9.459289
79.184336 9.157059
79.215326 8.784253
79.256619 8.972309
79.288856 8.955775
79.309757 7.558189
79.361281 7.467772
79.392399 7.734584
79.423526 7.801331
79.455783 7.809859
79.486787 7.86886
79.517801 7.866598
79.548872 8.091465
79.579954 8.135498
79.612298 8.300929
79.64334 8.532496
79.674358 8.505954
79.735886 8.633878
79.766946 8.58323
79.799105 8.53354
79.830097 8.775029
79.861165 8.96439
79.892197 9.052283
79.923301 9.047932
79.955571 9.257135
79.986533 8.852131
80.037971 8.992586
80.06901 8.919574
80.099993 8.837859
80.13221 8.602811
80.164446 8.393695
80.19646 8.364629
80.228443 8.214341
80.260241 8.158907
80.292092 7.982773
80.324531 8.867795
80.35658 9.043494
80.388316 8.446605
80.420273 9.25261
80.452252 9.453632
80.484308 9.415603
80.516441 9.083437
80.548567 7.528427
80.580837 7.750161
80.612692 8.481675
80.6445 9.967154
80.676426 9.81382
80.708372 9.492793
80.740618 8.28979
80.772681 8.515266
80.804848 8.762845
80.837221 8.828809
80.869239 9.074909
80.901123 9.191346
80.933213 9.579641
80.96564 9.415777
80.997917 7.86216
81.030209 8.647366
81.052406 9.454851
81.084808 9.134955
81.117299 9.022521
81.14934 8.761279
81.191833 9.761867
81.224051 9.840797
81.256303 9.074474
81.29896 9.115201
81.331449 9.142178
81.363829 9.351903
81.39611 9.449455
81.428558 8.396044
81.471131 9.390193
81.503544 9.575377
81.535999 8.993891
81.599042 8.868926
81.631386 8.76711
81.662585 8.560518
81.693793 6.52549
81.786165 7.384666
81.817428 7.910283
81.849984 7.909152
81.882361 8.618214
81.913703 8.866664
81.944957 8.981099
81.976266 8.806531
82.007519 9.286375
82.040063 9.709479
82.071363 9.56537
82.102578 6.931712
82.133727 7.00133
82.164979 9.043755
82.197387 8.516571
82.228636 8.693314
82.259856 8.63762
82.291119 8.661116
82.322437 8.905998
82.355027 9.055329
82.386305 8.880239
82.417532 9.65274
82.448721 9.937044
82.479938 10.057744
82.51244 9.990476
82.54377 10.133193
82.575067 7.312176
82.61657 7.471253
82.64783 7.579945
82.680303 9.783449
82.71154 9.496883
82.742774 9.399243
82.774029 9.690508
82.805295 9.661791
82.837816 9.574333
82.869084 9.099711
82.910426 9.366087
82.94163 9.599744
82.972879 9.504106
83.00538 9.274104
83.036713 9.513504
83.068021 9.753774
83.099253 9.903714
83.130568 7.950662
83.163003 7.78149
83.194278 8.263944
83.225511 8.939154
83.256704 9.936087
83.287953 9.114243
83.320414 8.219301
83.351723 8.282915
83.383044 8.430505
83.414363 8.297709
83.445622 8.443385
83.478076 8.497513
83.509437 8.364716
83.540683 8.500211
83.571827 7.630766
83.603187 7.837967
83.635771 8.508652
83.667026 9.136086
83.698313 9.670928
83.719311 10.027374
83.750556 6.719812
83.783079 6.949726
83.814356 7.211577
83.84551 8.619867
83.876735 9.872908
83.90803 10.097079
83.940528 10.433248
83.971855 10.534368
84.003114 9.45137
84.044551 9.602789
84.075829 9.846105
84.108281 9.878565
84.13949 9.638208
84.170689 9.544658
84.201947 9.593565
84.233158 9.396197
84.265589 9.235727
84.296786 9.18186
84.327973 9.149314
84.359249 8.794435
84.390583 8.7779
84.422948 9.299341
84.454156 9.661095
84.48531 9.989693
84.516585 10.010317
84.547858 9.908761
84.580278 10.101517
84.611447 10.255286
84.642628 9.35869
84.673837 9.414907
84.705172 9.554666
84.73764 9.088833
84.768933 9.084482
84.800115 9.21928
84.831219 9.222152
84.86251 9.15584
84.894886 9.609055
84.925999 9.055851
84.967358 9.372962
84.998566 9.600353
85.029739 9.785798
85.062221 9.730452
85.093391 10.484069
85.124562 10.855917
85.15571 6.853827
85.186908 7.016037
85.219326 7.498404
85.250561 10.422283
85.28175 10.703279
85.312962 10.793087
85.344241 10.994458
85.376743 7.621281
85.407943 7.795152
85.439072 9.668231
85.47022 10.744441
85.501356 10.804922
85.5337 10.811275
85.564805 10.039035
85.596092 9.982818
85.627268 8.248454
85.658516 8.468796
85.690956 8.930799
85.722164 9.823392
85.753385 9.900146
85.784578 9.651783
85.815732 9.619933
85.847982 8.236532
85.879146 8.597676
85.910306 8.925752
85.941392 9.108848
85.972687 8.817322
86.005148 8.918877
86.03645 9.181425
86.067651 7.294423
86.098882 7.239512
86.130073 7.28807
86.162447 7.783578
86.193633 8.559125
86.224911 8.913134
86.256123 8.96526
86.287355 8.832203
86.31975 8.477063
86.350905 7.635639
86.382193 9.700342
86.413318 10.161998
86.444486 10.477194
86.47691 9.46451
86.528482 10.714592
86.559593 6.171394
86.611177 7.408858
86.642424 8.432855
86.674817 8.381425
86.69567 8.276736
86.726932 8.252022
86.75813 8.544679
86.789392 8.301277
86.821845 8.429548
86.853094 8.486548
86.884274 8.315722
86.915405 8.312764
86.946621 7.959451
86.979034 8.332953
87.01024 8.468883
87.041424 8.823587
87.072669 9.04567
87.103872 8.479586
87.136287 8.578009
87.157233 8.152642
87.188487 7.764607
87.219612 7.593868
87.250822 6.846865
87.313743 6.305061
87.355139 6.286351
87.386496 6.222825
87.417694 6.019713
87.448936 5.833224
87.48149 6.089419
87.512644 6.299579
87.543871 6.439772
87.574977 6.131973
87.606303 6.279563
87.638714 5.882043
87.669847 6.091333
87.700995 4.946026
87.73217 4.752749
87.763435 4.842556
87.795917 6.227002
87.828394 6.303147
87.860877 6.164867
87.892088 6.038597
87.923306 6.115612
87.954505 4.699143
87.985656 7.027872
88.018036 7.581076
88.049315 7.656438
88.080579 7.949444
88.11186 8.226785
88.143124 8.634748
88.175637 8.851522
88.206828 9.204921
88.238049 9.4163
88.269239 9.462596
88.300516 9.835314
88.332873 10.179315
88.364085 10.446127
88.395294 11.038752
88.426557 7.302255
88.468033 7.408684
88.500468 7.778096
88.531737 9.654742
88.562905 9.776835
88.594123 9.762215
88.625381 10.121706
88.657833 9.559104
88.688969 8.156384
88.750704 8.632659
88.781831 8.29388
88.813011 9.222935
88.845345 9.308304
88.876567 8.840731
88.907786 8.009489
88.938978 7.257874
88.970243 7.453501
89.033235 8.257591
89.064489 8.667904
89.095612 9.056808
89.126794 6.095336
89.168227 6.375985
89.200636 8.422412
89.231736 9.227373
89.262839 9.23242
89.294052 9.747769
89.325253 9.573463
89.357622 7.415298
89.388861 7.572635
89.420038 8.061181
89.45117 10.453698
89.482375 11.379098
89.514874 7.845538
89.576772 8.281871
89.607861 8.439382
89.649189 8.860311
89.670223 9.128776
89.702465 9.208141
89.734757 9.603312
89.76583 9.121814
89.796941 9.17455
89.82809 8.607336
89.879663 8.95708
89.912 9.599221
89.943146 9.335281
89.974339 9.730887
90.005554 10.008925
90.036806 10.204639
90.069229 6.73652
90.100376 7.047017
90.131515 7.509717
90.162676 10.967046
90.193931 11.621718
90.22633 7.953708
90.29834 8.429896
90.329497 8.494554
90.360636 8.391954
90.391928 8.167523
90.424298 9.698079
90.455567 10.150163
90.486715 10.404791
90.517941 8.70132
90.589932 9.04828
90.62224 9.213362
90.653353 9.286375
90.684604 9.471733
90.715786 9.680153
90.747053 8.930538
90.779458 7.619627
90.810734 8.007749
90.841945 8.541721
90.873161 8.938806
90.904365 8.969177
90.93672 7.955448
90.967894 8.228265
90.99907 8.493162
91.030386 8.611861
91.061744 8.795479
91.094271 8.780424
91.12543 8.927232
91.156505 9.162106
91.187588 8.9489
91.218718 8.647714
91.251029 8.379162
91.282267 8.184405
91.31354 8.205029
91.344784 8.398046
91.376067 8.465837
91.408595 8.109478
91.439738 8.018801
91.470971 8.089985
91.502267 8.196414
91.533513 8.421716
91.565902 6.800569
91.597137 6.630352
91.628354 6.795173
91.659588 7.424696
91.690775 9.487397
91.723248 9.256352
91.754634 7.811251
91.785981 6.888201
91.817271 6.993672
91.84866 7.400504
91.881123 9.812862
91.912352 9.424306
91.943588 9.49375
91.974808 6.839729
92.006111 6.986275
92.038689 7.112545
92.070072 8.804442
92.101257 8.863357
92.132545 9.728537
92.163878 9.9883
92.196368 10.404356
92.22762 8.219214
92.258848 8.729864
92.290079 10.404704
92.321326 11.299473
92.353637 11.299299
92.384851 8.412318
92.41616 8.673299
92.457617 8.906259
92.488938 8.9033
92.52138 8.098078
92.562772 8.438512
92.59394 9.159669
92.625139 9.365652
92.656387 9.31048
92.688848 8.655198
92.720132 8.892683
92.751299 8.656765
92.78261 8.627786
92.824151 9.388191
92.856673 8.921401
92.887954 8.974572
92.919167 8.499776
92.950462 6.994282
92.981689 7.300428
93.014042 8.545376
93.045285 9.819128
93.076493 10.159039
93.10772 10.578054
93.138917 6.370328
93.171282 6.556122
93.202477 6.975311
93.233612 8.459658
93.264874 8.727601
93.296129 9.314918
93.328538 9.36426
93.359657 9.316745
93.391015 9.623849
93.412141 8.545463
93.473853 8.811056
93.50621 9.225198
93.537268 9.649782
93.568474 9.568328
93.599637 10.018497
93.63088 10.083068
93.663223 10.139633
93.684188 10.24815
93.715298 9.365739
93.776982 9.609403
93.808075 9.707478
93.830137 9.428309
93.871594 10.541678
93.902808 10.665163
93.934037 10.542984
93.96528 10.347791
93.997721 9.239991
94.059483 9.221369
94.090695 8.773114
94.12186 8.913917
94.153033 9.180468
94.185575 9.195262
94.216679 8.063095
94.27844 8.248019
94.309611 7.975724
94.330568 7.698818
94.373184 7.95101
94.404423 8.2468
94.435668 8.093727
94.466824 7.918637
94.497977 8.302408
94.530549 8.987016
94.561708 9.376269
94.592818 6.494336
94.644546 6.737477
94.675693 6.816929
94.708156 6.810663
94.73922 8.401266
94.770514 9.752295
94.801759 9.811644
94.832972 9.809381
94.865355 10.211427
94.896491 9.22337
94.937878 9.325274
94.969137 9.489399
95.000431 9.706172
95.03287 10.116659
95.065394 10.086984
95.096765 9.503061
95.128031 9.302648
95.159274 9.591999
95.190645 9.061595
95.233317 9.126862
95.264638 8.992499
95.29592 9.615321
95.32723 9.055155
95.368716 9.831224
95.401132 9.731844
95.432479 9.892749
95.463721 10.634009
95.484762 7.456198
95.566841 7.928993
95.599348 7.855894
95.671288 8.665989
95.702497 8.368197
95.733715 7.904105
95.764845 7.934476
95.797199 8.100167
95.828305 7.922205
95.859352 7.99252
95.890493 8.32251
95.921614 8.292661
95.954007 7.647823
95.985113 7.912372
96.016193 8.050042
96.047348 8.222521
96.078517 8.327296
96.110939 8.378553
96.142087 8.418409
96.17327 8.53006
96.204618 8.584362
96.235835 8.806705
96.268323 8.850129
96.299646 9.129734
96.330833 8.652501
96.36204 8.765021
96.393401 8.992673
96.425834 8.789997
96.456998 8.534063
96.488262 8.755971
96.519365 8.855264
96.550545 9.353034
96.582958 9.708609
96.614109 9.585733
96.645295 9.820694
96.676429 10.584493
96.707632 10.851218
96.740056 10.309066
96.771066 6.961561
96.791968 7.17964
96.823004 7.30095
96.854159 9.622718
96.886471 9.952882
96.917577 9.901713
96.948759 9.270623
96.979863 9.281936
97.011084 9.859158
97.043586 7.437489
97.074834 9.446235
97.105926 9.543353
97.13706 9.375747
97.168215 9.63873
97.200455 10.094642
97.231573 9.925383
97.262621 6.962692
97.293868 7.177987
97.325035 8.86501
97.35734 9.703475
97.378306 9.783884
97.409493 9.830876
97.440811 9.652392
97.47209 9.928777
97.504636 6.935715
97.535893 7.209924
97.567097 9.319095
97.598404 10.010926
97.629639 9.909371
97.662082 9.729146
97.693322 9.859681
97.724531 10.446823
97.75578 7.197219
97.787059 7.773048
97.819454 10.15286
97.850585 10.195502
97.881953 10.540199
97.913278 10.701452
97.944664 9.580338
97.977262 7.611708
98.00848 7.712916
98.039752 7.958407
98.071035 9.274104
98.102278 10.070015
98.134841 9.920336
98.166102 8.445734
98.197299 8.490725
98.228595 8.608032
98.259796 8.467403
98.292098 8.647975
98.323314 9.243646
98.354431 9.740372
98.385514 7.842057
98.416684 8.154991
98.449079 8.496469
98.480149 10.227874
98.511338 10.672299
98.542569 10.849652
98.573796 6.868621
98.606204 7.008988
98.637363 7.235509
98.668463 10.445779
98.699525 9.602093
98.730686 9.45633
98.763098 9.626373
98.794249 9.490791
98.825319 9.806597
98.856476 9.552664
98.887568 9.603747
98.919938 9.592173
98.950971 9.4344
98.982071 9.101451
99.013123 9.009729
99.044345 9.094402
99.076704 9.49462
99.107878 8.570786
99.139055 8.129755
99.170102 7.315309
99.201254 7.633812
99.233483 8.304845
99.264584 8.827852
99.295671 8.415364
99.326801 8.107042
99.357966 8.109043
99.390184 7.799155
99.421289 6.979749
99.452481 7.464901
99.483553 8.061268
99.514819 6.967827
99.648953 6.953294
99.679945 6.964259
99.711081 6.908042
99.74233 7.076083
99.773457 7.258918
99.805699 8.74283
99.836874 5.340936
99.918955 5.584251
99.950167 5.767869
99.981426 6.081935
100.01381 6.347354
