1.9e-05 311.841
0.276645 314.482
0.307758 316.814
0.338876 320.471
0.370061 322.069
0.401254 323.592
0.433608 324.769
0.464766 325.995
0.495873 326.854
0.527227 319.951
0.558445 318.542
0.590789 318.845
0.611741 318.395
0.642904 319.501
0.684308 318.239
0.715492 316.158
0.74796 314.938
0.779112 312.858
0.810329 310.677
0.841483 309.487
0.872702 311.635
0.905032 309.53
0.936208 307.884
0.967325 307.104
0.998391 305.99
1.029456 304.985
1.061779 304.359
1.092817 303.849
1.123826 303.264
1.154809 303.103
1.185878 302.86
1.21811 302.443
1.249139 302.278
1.280196 303.562
1.311322 303.07
1.342393 302.445
1.374451 303.688
1.405484 303.142
1.436514 302.489
1.46749 302.077
1.498477 301.697
1.530736 301.224
1.561777 300.772
1.592779 300.517
1.623816 300.483
1.654839 301.42
1.686996 300.595
1.718043 300.366
1.749056 299.98
1.780062 299.976
1.811066 305.807
1.843173 304.147
1.874203 303.34
1.905198 306.241
1.936292 304.22
1.967338 302.826
1.99953 302.256
2.030528 300.438
2.061651 299.564
2.092726 295.921
2.123863 293.476
2.156258 295.54
2.188179 293.909
2.220112 294.461
2.252028 294.971
2.284355 295.988
2.316281 296.831
2.348174 297.059
2.380048 299.796
2.411935 300.425
2.443794 298.7
2.47562 298.468
2.507601 296.984
2.539584 296.437
2.571497 295.987
2.603442 297.219
2.635277 296.474
2.66712 297.1
2.698967 296.863
2.730897 296.652
2.752612 296.176
2.784446 295.759
2.816318 296.944
2.848168 295.994
2.880014 295.389
2.912138 296.602
2.944218 297.401
2.976075 296.713
3.007925 297.884
3.039988 296.527
3.072211 295.651
3.10414 294.532
3.13621 293.978
3.168366 293.56
3.20045 292.913
3.232333 296.271
3.264318 295.78
3.2962 294.103
3.32801 294.731
3.359974 294.575
3.391834 293.681
3.42369 293.513
3.455518 292.504
3.487417 292.227
3.5193 290.318
3.541 292.452
3.572874 294.566
3.603916 293.519
3.634958 293.43
3.666 292.883
3.697023 292.06
3.729126 292.99
3.760158 292.188
3.79127 291.429
3.822352 291.041
3.853359 288.938
3.885447 289.301
3.916443 289.058
3.947648 289.486
3.978685 289.565
4.009759 289.594
4.042126 290.106
4.073243 289.975
4.104277 289.676
4.135338 289.721
4.166429 289.556
4.198607 289.181
4.229669 289.219
4.260688 290.076
4.291779 289.547
4.322841 289.053
4.35516 290.388
4.386222 289.567
4.417237 288.866
4.44829 288.874
4.479385 294.796
4.501542 292.325
4.532653 291.338
4.56378 293.434
4.594907 291.272
4.626051 290.299
4.65831 291.102
4.689425 293.71
4.720503 291.39
4.751566 289.673
4.782734 288.27
4.804795 288.824
4.835901 289.479
4.86696 288.878
4.89806 288.575
4.929186 288.373
4.9614 290.103
4.992455 288.924
5.02363 287.966
5.054983 287.938
5.086301 287.607
5.118563 287.103
5.149672 286.901
5.180687 286.758
5.211707 286.184
5.242897 286.773
5.275039 287.869
5.306151 287.102
5.337306 286.638
5.368447 285.991
5.399536 285.395
5.431786 285.393
5.4629 285.578
5.494041 285.637
5.52522 285.588
5.556378 285.759
5.588754 289.034
5.619938 287.729
5.651224 286.457
5.682298 287.273
5.713414 285.866
5.745551 285.323
5.777684 286.221
5.809825 285.272
5.841766 285.173
5.873731 284.421
5.905869 284.394
5.93813 284.351
5.970409 284.96
6.002741 284.64
6.034726 284.179
6.067021 284.171
6.099099 285.083
6.13124 284.572
6.163522 283.83
6.195492 285.348
6.227421 284.125
6.259427 283.252
6.291661 284.841
6.323579 283.665
6.355614 283.087
6.387691 284.657
6.419534 283.269
6.451588 282.368
6.483588 282.775
6.514776 282.534
6.545832 282.485
6.576934 282.098
6.608038 284.453
6.640425 283.86
6.672512 282.383
6.704475 283.744
6.736395 282.354
6.768154 281.895
6.800198 283.411
6.83212 282.193
6.863972 281.668
6.896072 280.198
6.928168 281.671
6.960575 281.436
6.992562 281.295
7.024729 281.783
7.057363 280.701
7.08962 281.882
7.121702 281.294
7.153803 280.559
7.186117 280.106
7.218135 280.827
7.250031 280.062
7.271895 279.583
7.304047 280.658
7.336002 279.895
7.368053 279.167
7.399943 279.505
7.431999 279.856
7.453831 278.943
7.485805 278.487
7.517877 279.08
7.549811 278.808
7.581668 278.411
7.613599 278.932
7.644695 284.434
7.675754 284.425
7.706795 281.135
7.737839 280.258
7.770107 279.448
7.802147 278.408
7.834191 278.71
7.866125 277.965
7.898135 276.676
7.930124 278.679
7.962565 278.227
7.994598 277.612
8.026643 279.39
8.058978 277.609
8.080703 277.435
8.112702 277.346
8.144607 279.062
8.176556 277.409
8.208517 276.786
8.240352 277.188
8.272186 277.84
8.304252 276.776
8.336205 277.611
8.368219 276.515
8.400196 276.153
8.432225 276.751
8.46418 276.039
8.496083 276.001
8.528373 276.603
8.560488 276.378
8.591542 275.829
8.622669 275.91
8.653762 276.057
8.684843 275.802
8.71712 276.077
8.748116 278.292
8.779112 276.243
8.810264 275.861
8.841381 275.949
8.873688 276.774
8.904793 275.677
8.935899 275.672
8.967046 277.783
8.998187 275.881
9.030504 275.858
9.062665 277.746
9.094918 275.909
9.127368 275.343
9.159584 276.055
9.19172 275.192
9.223876 274.713
9.25593 276.21
9.287993 275.369
9.320025 274.741
9.352137 274.789
9.38444 274.9
9.416526 274.628
9.448648 275.392
9.481026 276.58
9.513304 275.255
9.545566 275.033
9.577781 274.448
9.610046 274.581
9.642153 275.276
9.674096 275.45
9.706088 274.4
9.738079 274.372
9.770073 274.944
9.802172 274.084
9.834203 274.051
9.866143 274.497
9.898152 274.589
9.930225 274.631
9.962357 277.538
9.994448 283.468
10.026629 281.705
10.058963 277.898
10.091057 280.59
10.123371 286.081
10.155657 276.242
10.187729 275.313
10.219808 273.985
10.251882 273.855
10.284019 275.503
10.315952 274.151
10.347979 273.735
10.380263 274.152
10.412452 278.36
10.444527 274.211
10.47567 276.155
10.50679 274.221
10.538028 273.664
10.569178 275.874
10.601474 275.353
10.633619 277.9
10.66596 281.144
10.698056 279.543
10.730017 273.926
10.76214 273.825
10.794329 274.248
10.826364 278.124
10.858437 274.178
10.890408 276.135
10.922495 276.528
10.953553 273.725
10.984743 273.982
11.015788 275.863
11.046979 273.407
11.079444 272.991
11.11163 274.944
11.143646 273.292
11.175873 273.389
11.208075 274.894
11.240328 273.364
11.272327 274.468
11.304259 275.216
11.336131 273.662
11.368064 273.01
11.399896 274.877
11.43169 274.312
11.463547 273.182
11.495615 273.232
11.527573 275.825
11.559505 273.399
11.590559 273.56
11.621593 275.004
11.652653 273.109
11.683624 272.77
11.715974 275.111
11.747183 273.635
11.778367 272.727
11.809387 273.204
11.840554 274.384
11.872765 275.922
11.903776 274.564
11.934788 276.237
11.965944 273.45
11.997006 273.728
12.029174 275.697
12.060269 274.601
12.09137 272.684
12.122577 273.349
12.153739 279.634
12.175881 274.074
12.208044 273.261
12.240015 274.193
12.272031 272.581
12.304112 272.849
12.336009 273.44
12.367972 275.558
12.399873 273.336
12.431735 275.905
12.46365 278.58
12.495977 273.873
12.528001 277.083
12.560007 275.656
12.591884 274.999
12.623768 273.232
12.655682 277.018
12.687628 273.095
12.719841 273.056
12.751923 277.17
12.784215 274.12
12.816138 273.749
12.848114 274.955
12.879986 273.164
12.91202 272.695
12.943886 275.459
12.976253 272.537
13.008334 272.146
13.040444 274.177
13.072735 273.236
13.105021 272.753
13.137199 273.915
13.169204 282.578
13.201517 278.97
13.233493 274.469
13.26547 278.3
13.297608 275.022
13.329574 273.663
13.361631 275.181
13.392785 272.899
13.423852 272.503
13.454861 273.302
13.48593 273.183
13.518162 272.609
13.550178 273.541
13.582188 276.277
13.614191 274.151
13.646262 278.317
13.678368 279.407
13.710268 274.003
13.742125 275.309
13.77407 278.204
13.805826 274.027
13.837726 273.26
13.86962 274.929
13.901633 273.27
13.933555 272.996
13.96553 274.728
13.997704 274.019
14.029701 272.931
14.061981 276.342
14.093921 277.731
14.12582 274.527
14.157749 276.402
14.189631 284.905
14.22066 282.44
14.251763 276.209
14.282701 275.917
14.313803 280.163
14.345997 273.648
14.377029 274.176
14.408113 281.235
14.439227 275.821
14.470326 274.556
14.502742 282.25
14.53408 279.287
14.565203 275.107
14.596278 276.23
14.627434 275.307
14.659713 273.436
14.691825 279.8
14.723808 274.918
14.755803 273.353
14.787782 274.589
14.818955 273.47
14.850126 272.802
14.881201 274.593
14.912388 278.071
14.944735 274.415
14.975659 274.424
15.006849 282.2
15.038071 277.26
15.069281 274.754
15.101665 277.648
15.132831 274.648
15.163975 272.982
15.195108 273.446
15.226402 289.009
15.258849 282.533
15.290077 278.54
15.321311 287.109
15.35257 276.984
15.383813 274.57
15.416251 277.027
15.447446 274.002
15.478599 273.288
15.50971 277.071
15.54094 275.029
15.573277 273.498
15.604366 278.525
15.635454 277.29
15.666612 274.355
15.697751 275.35
15.730202 280.524
15.761286 275.35
15.792458 274.972
15.823605 284.238
15.85483 298.511
15.887083 300.511
15.918234 304.131
15.95955 311.421
15.990748 289.754
16.021951 288.245
16.054225 279.384
16.085286 274.54
16.116353 275.712
16.147449 275.724
16.178566 273.421
16.210955 273.065
16.243267 273.886
16.275524 273.554
16.307648 274.414
16.338736 275.47
16.369805 274.515
16.400841 274.574
16.431924 279.323
16.464219 279.859
16.495395 279.31
16.526624 283.482
16.557729 291.781
16.588859 303.337
16.621156 312.622
16.652297 320.944
16.683363 343.9
16.714616 346.811
16.745845 350.067
16.778266 354.77
16.799253 338.876
16.830404 331.723
16.861508 340.814
16.892642 312.44
16.924912 289.304
16.956953 277.842
16.989268 273.812
17.021606 273.79
17.054096 279.15
17.086377 279.015
17.118416 281.472
17.150607 293.686
17.183046 300.399
17.215418 299.426
17.24762 291.618
17.279705 281.118
17.311809 276.414
17.343965 275.007
17.376218 282.126
17.408417 275.895
17.440626 275.156
17.472712 276.057
17.504852 274.999
17.536916 275.543
17.569223 281.264
17.601342 282.979
17.633576 278.64
17.666047 278.409
17.698301 296.893
17.730561 300.982
17.762676 299.534
17.794973 296.764
17.827081 283.105
17.859198 280.366
17.891224 279.337
17.923282 277.402
17.955208 276.569
17.987152 275.608
18.019442 274.794
18.051498 274.746
18.083599 275.361
18.115581 275.373
18.147742 276.986
18.179787 283.937
18.211759 289.176
18.243787 281.646
18.275997 279.374
18.30786 279.201
18.339823 278.232
18.371886 278.758
18.403831 276.605
18.435727 275.677
18.467684 275.391
18.499582 280.767
18.531717 287.711
18.563619 283.558
18.595962 278.133
18.627955 276.884
18.660068 275.639
18.692121 282.642
18.724337 288.926
18.756391 281.76
18.787459 280.419
18.828741 276.39
18.859766 275.496
18.890954 280.971
18.923347 282.045
18.954369 279.639
18.985583 279.805
19.016847 282.014
19.048066 281.108
19.080332 281.186
19.112443 281.5
19.153606 282.424
19.184744 284.048
19.215952 288.175
19.247162 288.803
19.279332 288.871
19.310445 294.267
19.34151 297.315
19.372673 302.719
19.40379 312.675
19.436011 294.166
19.466995 285.179
19.49808 287.359
19.529278 290.267
19.560497 286.796
19.592891 287.196
19.624966 288.17
19.657031 301.606
19.689057 294.451
19.720108 291.58
19.76127 282.569
19.792298 281.897
19.81319 284.608
19.84557 287.397
19.876733 283.3
19.90786 283.73
19.938977 282.977
19.970087 280.151
20.002287 280.025
20.033473 278.801
20.064742 278.39
20.095907 280.584
20.127013 282.725
20.159365 283.374
20.191551 280.303
20.22347 287.761
20.255413 297.542
20.28737 299.503
20.319283 300.064
20.351228 287.465
20.383243 280.431
20.415187 281.204
20.447311 292.571
20.479228 304.428
20.510347 306.884
20.541388 316.993
20.572427 330.195
20.603499 332.827
20.635762 336.635
20.666802 346.929
20.697988 305.56
20.729187 303.113
20.760331 307.039
20.792737 304.049
20.823776 300.079
20.854753 311.606
20.906191 319.415
20.937321 319.915
20.969599 338.055
21.022268 364.012
21.064789 374.469
21.096793 391.195
21.128697 403.778
21.160674 417.482
21.192773 419.304
21.223904 443.653
21.255053 487.386
21.337048 435.681
21.368172 436.06
21.400408 456.448
21.431939 458.202
21.463117 463.314
21.494275 488.354
21.53555 497.057
21.567958 442.841
21.639797 401.784
21.670765 377.051
21.701751 347.48
21.732795 331.881
21.765008 311.615
21.796062 288.83
21.827104 278.279
21.858248 278.844
21.889323 282.747
21.921694 277.837
21.952879 277.685
21.98392 286.806
22.015055 299.793
22.046319 295.136
22.078673 302.652
22.110697 302.96
22.142868 294.539
22.164758 292.4
22.196715 303.306
22.228653 308.856
22.260582 304.722
22.313044 289.206
22.345071 280.749
22.377037 282.639
22.409126 306.2
22.441198 312.705
22.473126 314.14
22.505318 315.538
22.537523 317.951
22.569522 314.796
22.601543 316.134
22.633592 310.543
22.665693 299.119
22.697823 302.386
22.729964 310.617
22.78234 299.684
22.804017 298.257
22.835901 295.061
22.867693 293.302
22.89972 288.948
22.931605 288.326
22.963607 295.769
22.995443 308.455
23.027645 306.715
23.059959 293.211
23.092226 289.864
23.124489 287.389
23.156543 282.904
23.18865 287.462
23.220784 292.06
23.252786 292.74
23.284764 291.91
23.316682 290.825
23.379129 285.383
23.411093 294.675
23.44313 302.87
23.475252 303.668
23.507189 310.356
23.539127 318.981
23.570992 323.492
23.603316 316.921
23.645507 288.456
23.677394 281.716
23.709236 285.162
23.741102 284.234
23.772861 278.381
23.804701 285.284
23.836609 285.119
23.868475 279.924
23.900449 280.1
23.93232 286.633
23.964205 283.321
23.996121 282.195
24.028178 290.809
24.060217 291.906
24.092219 291.796
24.1243 295.85
24.156241 299.312
24.188087 300.073
24.219898 297.614
24.251785 294.36
24.314325 287.969
24.34623 297.043
24.378166 300.548
24.410122 298.789
24.441978 305.33
24.473913 308.682
24.50585 306.304
24.537973 321.364
24.56987 323.759
24.601811 311.737
24.643974 291.15
24.676008 287.267
24.70812 287.595
24.740247 281.652
24.77218 285.312
24.804294 284.36
24.836315 292.029
24.868341 294.853
24.90018 292.99
24.942527 287.229
24.974589 283.64
25.006785 282.331
25.039311 290.079
25.07171 292.655
25.103847 292.701
25.135943 299.25
25.168061 296.967
25.200158 293.817
25.232169 288.478
25.26426 292.638
25.296381 290.509
25.328367 287.702
25.360261 295.117
25.392346 303.611
25.424614 312.346
25.456575 321.574
25.509073 310.124
25.5412 301.825
25.573544 306.616
25.605715 311.833
25.638038 312.811
25.670421 323.504
25.702823 328.409
25.735209 329.554
25.767606 332.165
25.799886 337.648
25.831768 329.522
25.864185 309.264
25.896089 299.257
25.927961 285.267
25.959887 284.662
25.992379 281.656
26.024309 278.065
26.056567 279.489
26.088637 281.343
26.120551 281.359
26.152692 281.626
26.18469 284.616
26.216845 301.829
26.248819 290.395
26.280751 291.843
26.312584 294.286
26.344434 294.354
26.376502 299.605
26.408447 305.334
26.440296 307.353
26.472136 311.975
26.50401 305.59
26.535901 285.21
26.567848 283.345
26.599758 283.186
26.631588 286.555
26.663472 285.81
26.695309 293.349
26.727263 292.911
26.759233 292.643
26.801265 294.298
26.833169 298.207
26.865112 300.575
26.896935 308.972
26.928864 316.343
26.960774 319.425
26.992622 329.177
27.024504 303.728
27.056981 297.887
27.089153 298.601
27.110988 302.799
27.14301 304.527
27.174902 308.63
27.206979 304.088
27.239224 287.212
27.271201 282.049
27.303124 290.604
27.335057 296.767
27.366958 302.181
27.3988 305.374
27.430702 308.633
27.462697 305.623
27.494605 306.571
27.526598 296.251
27.558539 283.525
27.590544 284.973
27.622499 288.833
27.654333 284.73
27.686145 282.111
27.718076 285.098
27.749777 279.443
27.781596 278.019
27.813474 285.914
27.845344 291.702
27.877279 291.303
27.909188 296.219
27.941014 304.167
27.972924 294.273
28.004805 292.552
28.036696 291.831
28.068817 290.657
28.100719 291.076
28.13275 293.018
28.164499 295.422
28.196315 292.7
28.238311 295.838
28.270161 311.353
28.301996 314.593
28.333817 354.597
28.365603 363.8
28.397374 364.91
28.429203 372.381
28.461052 377.463
28.492071 375.81
28.523078 377.502
28.554149 381.899
28.585204 377.958
28.617286 384.329
28.648291 378.975
28.679251 355.717
28.710292 321.618
28.74144 315.456
28.773749 315.198
28.804835 315.354
28.835876 329.805
28.866931 334.444
28.898134 345.429
28.930419 349.56
28.961447 351.562
28.992441 332.77
29.023457 330.759
29.054739 345.829
29.086968 355.68
29.11805 357.628
29.149022 346.747
29.180023 297.183
29.211087 294.091
29.243268 295.553
29.274325 315.625
29.305341 335.943
29.336365 345.616
29.367387 353.275
29.399444 365.296
29.430535 368.462
29.461613 381.495
29.492642 331.163
29.523832 304.889
29.556106 313.325
29.58727 328.362
29.618397 338.311
29.649437 351.939
29.680558 308.518
29.712811 292.863
29.743888 293.776
29.775003 296.943
29.806103 300.325
29.837177 305.542
29.869388 320.449
29.900449 336.875
29.93148 311.497
29.962502 307.366
29.993525 311.33
30.025691 314.804
30.056859 322.397
30.088114 343.235
30.119155 357.531
30.150874 365.443
30.183097 375.607
30.215101 362.705
30.256367 335.279
30.287409 314.706
30.31843 313.646
30.349452 334.004
30.38159 335.928
30.412623 345.728
30.44382 351.092
30.474825 367.416
30.505886 345.785
30.538046 328.83
30.569069 336.025
30.600075 339.773
30.631045 341.468
30.662107 325.354
30.694118 307.387
30.725181 306.074
30.756254 305.91
30.787282 315.703
30.81843 322.655
30.85064 326.296
30.871511 326.796
30.902517 320.668
30.933543 311.278
30.964585 315.342
30.996788 327.772
31.0278 342.74
31.059019 345.455
31.090223 316.078
31.121399 295.221
31.153629 294.571
31.184647 307.743
31.215636 317.114
31.246667 327.672
31.277755 330.983
31.309956 347.788
31.341043 338.537
31.382252 317.765
31.413277 304.276
31.444419 312.321
31.476647 319.565
31.507759 323.496
31.538907 338.879
31.570005 389.937
31.611218 403.124
31.643331 356.708
31.674391 339.387
31.705394 352.639
31.736466 357.701
31.767581 369.861
31.799679 343.268
31.830677 328.876
31.86175 324.014
31.892802 324.156
31.923799 333.698
31.955921 307.923
31.987071 294.369
32.018089 297.566
32.049171 306.425
32.080347 306.758
32.112538 315.264
32.143687 324.302
32.174716 326.453
34.361858 318.006
34.392981 330.734
34.425026 343.456
34.456105 354.442
34.487133 373.629
34.51828 388.347
34.549423 388.16
34.581672 397.144
34.612765 387.542
34.643872 345.202
34.674971 355.627
34.746748 366.266
34.778934 373.988
34.809926 404.712
34.840931 427.9
34.871902 435.754
34.902999 444.681
34.935179 446.749
34.966279 376.471
34.997335 370.986
35.028354 371.455
35.059545 376.212
35.091968 381.084
35.123054 367.417
35.164428 314.118
35.195515 307.033
35.22667 300.657
35.258934 295.168
35.290182 302.845
35.321332 303.205
35.352462 306.647
35.373327 316.801
35.405683 333.818
35.446971 335.632
35.478107 328.178
35.519445 309.649
35.55056 312.368
35.58281 315.571
35.614062 327.59
35.645132 345.865
35.676141 362.363
35.707224 375.036
35.739498 385.991
35.770564 391.584
35.801638 413.868
35.83268 347.124
35.863717 331.943
35.895851 308.762
35.926853 312.566
35.958045 324.187
35.989056 343.64
36.020162 350.026
36.052403 362.879
36.083428 351.792
36.114575 343.122
36.145642 329.168
36.176738 331.887
36.208975 353.071
36.260426 366.323
36.291458 373.956
36.342872 411.628
36.373996 422.673
36.40625 431.864
36.437278 431.001
36.458291 429.313
36.499642 421.705
36.530755 421.445
36.562988 427.297
36.594043 430.718
36.625146 448.678
36.656315 356.257
36.687405 334.051
36.719681 332.113
36.750769 334.557
36.781874 353.993
36.813015 363.957
36.844138 370.67
36.876329 381.57
36.907446 397.216
37.020148 366.137
37.051302 363.988
37.082415 372.286
37.114744 379.909
37.145833 387.94
37.176939 401.642
37.208141 410.374
37.239335 423.783
37.271736 394.363
37.323266 366.594
37.354291 346.837
37.385288 348.198
37.416323 351.508
37.448575 365.394
37.479659 368.244
37.510687 406.448
37.541678 403.246
37.572717 413.542
37.604852 413.644
37.635941 429.561
37.66701 437.678
37.698076 439.475
37.7291 401.35
37.761325 316.886
37.792506 300.128
37.813441 300.542
37.844571 322.077
37.885796 298.878
37.917942 292.097
37.948975 298.564
37.979988 315.942
38.010966 334.998
38.042079 346.863
38.074261 354.469
38.105356 356.625
38.136394 322.32
38.167384 302.368
38.1984 302.039
38.230709 305.268
38.261719 314.333
38.292773 324.325
38.323768 352.498
38.364937 351.974
38.39717 313.808
38.428236 301.249
38.449133 305.946
38.48019 319.216
38.511347 327.436
38.543712 341.36
38.574781 354.59
38.605819 359.996
38.636825 411.155
38.678107 417.154
38.710256 377.206
38.741266 386.442
38.782447 392.083
38.813475 403.091
38.88532 441.438
38.917532 521.146
38.989375 540.836
39.020407 546.466
39.051512 567.219
39.082574 579.496
39.114889 522.694
39.145988 520.072
39.177029 541.724
39.218185 555.815
39.249203 507.51
39.281561 475.798
39.31265 434.064
39.343695 421.575
39.374821 421.057
39.405945 433.58
39.438149 414.353
39.470004 369.706
39.501867 349.937
39.533959 344.714
39.565875 342.111
39.597769 356.12
39.629641 335.985
39.661462 299.881
39.683217 300.166
39.715052 301.792
39.747138 294.433
39.779008 297.874
39.810163 308.473
39.841225 312.845
39.872288 300.9
39.923587 292.732
39.9557 294.072
39.986674 299.467
40.017643 307.57
40.048712 318.077
40.079757 324.028
40.112 317.193
40.18377 303.712
40.21479 305.985
40.245818 313.067
40.276834 323.745
40.309067 336.199
40.340053 340.537
40.371182 357.026
40.402202 381.676
40.474012 392.912
40.506268 425.803
40.537268 442.558
40.56829 430.507
40.599256 383.757
40.63029 382.346
40.662408 389.955
40.693435 393.112
40.724422 404.137
40.755447 406.927
40.78649 423.287
40.818776 435.888
40.849848 473.202
40.880852 415.636
40.911811 323.729
40.94288 317.485
40.975125 316.112
41.006198 322.708
41.037263 331.261
41.078548 324.921
41.109543 318.515
41.151924 304.088
41.183004 293.563
41.214079 294.131
41.245235 314.901
41.276326 328.776
41.308585 335.394
41.329553 344.414
41.360604 352.212
41.391535 353.811
41.422581 335.281
41.454884 300.834
41.485936 298.763
41.516971 305.42
41.548026 316.796
41.579089 338.352
41.611277 344.752
41.642343 353.284
41.673372 308.255
41.70439 302.452
41.735556 308.64
41.76768 326.966
41.798692 344.927
41.829695 345.804
41.860712 356.553
41.891814 319.026
41.924028 304.996
41.95505 315.464
41.986136 320.837
42.017165 321.613
42.048309 337.705
42.080568 359.385
42.111615 365.862
42.142669 354.028
42.184006 297.106
42.215156 289.199
42.247437 295.622
42.278464 304.619
42.309499 309.908
42.340445 314.753
42.371563 321.261
42.403782 324.876
42.43483 318.287
42.486254 293.195
42.517304 292.787
42.548305 299.132
42.580547 308.383
42.611583 338.074
42.642589 353.872
42.673613 373.998
42.704701 389.181
42.736911 401.419
42.767973 414.808
42.798993 363.27
42.830177 310.594
42.861282 309.002
42.893519 321.128
42.92454 328.999
42.955656 339.074
42.986704 330.601
43.027929 291.313
43.060207 287.667
43.091159 296.922
43.122392 307.075
43.153426 309.548
43.184462 322.851
43.216678 352.547
43.24771 362.332
43.278775 370.368
43.309806 320.646
43.340873 300.477
43.373134 312.466
43.404188 325.691
43.43526 333.657
43.466283 343.244
43.497389 353.988
43.529682 310.614
43.560693 297.2
43.591772 303.077
43.622811 308.019
43.653796 314.397
43.685995 315.782
43.717023 352.172
43.748065 368.858
43.779072 380.586
43.810138 403.061
43.842354 319.723
43.873405 316.448
43.904511 322.131
43.935627 333.349
43.966738 342.488
43.999122 362.985
44.030221 365.833
44.061361 337.028
44.10261 298.983
44.133784 296.989
44.166041 302.121
44.197041 308.202
44.228077 325.175
44.259132 333.398
44.290201 344.232
44.322426 355.716
44.353446 360.672
44.384564 351.849
44.415681 321.607
44.446701 320.426
44.478974 332.4
44.510129 346.638
44.54124 354.957
44.572596 364.285
44.603664 378.036
44.635878 360.372
44.667203 326.404
44.698285 327.838
44.729423 334.286
44.76052 339.449
44.792676 324.28
44.833916 299.378
44.865022 287.235
44.896 290.496
44.927062 297.103
44.959356 300.731
44.990351 310.746
45.021404 290.102
45.052464 287.347
45.083514 287.324
45.115735 295.522
45.146923 312.545
45.177958 321.678
45.198864 308.501
45.240084 304.286
45.272398 313.737
45.303377 325.066
45.334444 343.568
45.365579 352.4
45.396703 361.121
45.429023 374.176
45.461312 389.826
45.493527 375.337
45.524672 323.773
45.555793 314.091
45.58697 317.792
45.618148 323.57
45.650528 335.405
45.68162 348.238
45.712789 351.414
45.74394 306.758
45.775113 300.93
45.797189 295.019
45.828353 301.126
45.859577 314.028
45.890726 323.736
45.92195 317.33
45.954299 292.125
45.985388 291.313
46.016539 291.748
46.0477 306.846
46.07888 321.868
46.111233 327.257
46.14247 353.58
46.173592 352.072
46.204762 315.023
46.236008 319.821
46.278631 337.446
46.30982 341.67
46.340954 352.815
46.372193 379.642
46.403486 360.278
46.435941 325.041
46.467088 314.893
46.498273 315.585
46.529448 315.366
46.560744 329.849
46.593176 340.851
46.624414 350.06
46.655554 349.385
46.686607 304.972
46.717756 289.713
46.750104 292.378
46.781279 300.425
46.812459 302.673
46.843569 308.585
46.874761 313.827
46.906988 308.455
46.978912 288.831
47.010098 295.914
47.041286 296.427
47.072479 309.3
47.104777 317.274
47.135901 332.275
47.167088 342.599
47.198233 355.64
47.229361 368.018
47.261538 370.435
47.292665 347.764
47.323836 315.508
47.354875 303.351
47.385951 315.888
47.418219 327.104
47.44925 331.316
47.480381 346.427
47.511403 342.753
47.5426 317.82
47.574934 318.749
47.606019 327.728
47.637037 331.968
47.668035 333.616
47.699074 327.586
47.731308 304.196
47.76247 290.726
47.793518 300.435
47.824538 297.35
47.855568 303.813
47.88783 319.9
47.918855 334.395
47.949961 309.398
47.98107 309.424
48.012113 315.311
48.044363 320.147
48.07545 321.614
48.106654 361.654
48.147958 375.232
48.179216 378.067
48.211554 339.243
48.242759 326.022
48.273881 324.131
48.294823 337.35
48.325831 341.038
48.358216 332.983
48.419895 305.08
48.45094 296.586
48.482038 297.156
48.513213 312.683
48.545633 316.813
48.576871 321.614
48.597732 332.916
48.628782 340.493
48.659877 332.382
48.712526 302.153
48.743485 300.794
48.774614 305.946
48.806054 343.935
48.837286 358.214
48.869597 368.127
48.900656 413.246
48.962376 443.822
48.99347 469.442
49.024615 487.764
49.05683 475.755
49.087949 461.736
49.119115 472.231
49.150279 474.983
49.181528 355.417
49.315629 318.954
49.346674 322.026
49.387864 320.856
49.419045 324.964
49.450315 327.198
49.482673 329.72
49.656053 346.105
49.687191 359.598
49.718296 373.663
49.74941 396.255
49.781957 410.545
49.81304 412.881
49.844062 447.75
49.875165 460.012
49.906266 475.886
49.938567 522.405
49.96957 543.36
50.000573 549.033
50.031655 583.528
50.062771 595.321
50.095046 614.857
50.126268 611.718
50.157342 657.573
50.188424 669.782
50.21955 684.2
50.241591 633.129
50.547415 400.409
50.578499 319.342
50.599398 287.599
50.630495 287.079
50.66286 288.264
50.693881 279.376
50.725013 278.561
50.756103 282.105
50.787243 277.153
50.819454 276.521
50.850385 284.631
50.881404 300.31
50.912498 314.862
50.943779 323.369
50.97597 340.13
51.007936 359.079
51.040066 382.479
51.072307 393.782
51.104554 402.116
51.13659 391.875
51.168809 381.837
51.200778 380.339
51.231918 383.056
51.262907 389.664
51.294063 400.478
51.325267 384.878
51.35744 376.814
51.389446 359.703
51.421411 365.219
51.47412 357.985
51.506381 356.882
51.538641 343.442
51.570625 342.963
51.602698 340.836
51.634823 324.067
51.667083 318.741
51.698949 318.272
51.731017 334.421
51.773194 340.352
51.805474 332.21
51.837573 305.574
51.869606 302.412
51.90151 309.903
51.933619 384.066
52.057531 378.371
52.088685 386.367
52.119772 392.4
52.150911 391.069
52.182172 369.357
52.214424 348.434
52.245545 337.745
52.276576 339.226
52.307741 327.098
52.338758 308.788
52.432109 288.445
52.464395 283.384
52.495528 293.713
52.526737 297.996
52.557844 304.82
52.589042 307.976
52.621244 303.25
52.652314 296.442
52.683331 299.807
52.714443 315.821
52.745581 322.634
52.777975 324.598
52.809085 312.87
52.840126 293.986
52.871226 308.345
52.902323 313.503
52.934635 320.208
52.965647 345.883
52.996724 354.95
53.038213 361.217
53.069416 397.861
53.10184 410.118
53.132997 432.808
53.164068 440.215
53.195309 456.459
53.226492 477.436
53.268914 437.827
53.299981 398.923
53.330999 396.425
53.362185 400.142
53.393266 411.745
53.42547 415.55
53.457641 441.634
53.489828 454.489
53.522029 492.765
53.554007 501.799
53.585119 447.686
53.61624 382.131
53.647418 354.66
53.678422 343.237
53.710736 339.355
53.741832 342.529
53.77291 356.049
53.803916 336.305
53.835065 337.81
53.867293 337.742
53.898442 317.014
53.929478 318.553
53.960656 318.235
53.991724 366.445
54.074989 380.891
54.106083 397.388
54.137151 411.248
54.168221 425.797
54.19947 428.624
54.231699 437.601
54.262727 448.963
54.293802 428.594
54.324939 416.627
54.356103 414.017
54.388401 413.851
54.419408 412.191
54.45042 411.406
54.481441 315.968
54.512584 290.006
54.544893 298.696
54.577022 293.683
54.609198 285.714
54.641078 286.514
54.673198 280.388
54.705126 276.178
54.737118 286.808
54.769113 283.894
54.801169 282.369
54.833295 286.796
54.865279 295.063
54.897475 297.144
54.92953 293.999
54.961525 318.776
55.044876 322.432
55.077219 334.39
55.109318 339.223
55.140388 351.586
55.181818 361.695
55.213108 409.61
55.24439 421.54
55.276673 445.064
55.307894 465.857
55.339104 479.826
55.421125 439.288
55.452264 428.876
55.49495 419.964
55.526141 426.178
55.557304 428.569
55.588506 450.735
55.619716 457.251
55.652002 493.262
55.734085 541.477
55.765164 559.464
55.796383 583.452
55.847898 427.109
55.880193 419.485
55.911187 413.74
55.942331 408.316
55.973471 406.48
56.004549 344.356
56.036824 313.51
56.06791 313.715
56.099006 313.512
56.130103 309.323
56.161118 309.007
56.193372 321.289
56.22455 326.006
56.255566 326.124
56.286642 332.595
56.317677 329.792
56.350022 326.3
56.382247 329.287
56.414253 331.181
56.446439 334.622
56.478364 335.413
56.510581 310.805
56.542591 301.658
56.574563 297.216
56.606569 305.545
56.638653 313.238
56.670586 317.863
56.702446 350.142
56.734481 362.374
56.766755 370.078
56.798682 383.411
56.83055 389.711
56.862558 352.393
56.894726 353.321
56.926825 357.1
56.958807 369.168
56.990912 368.116
57.023312 389.066
57.055554 403.607
57.087755 364.46
57.160719 317.828
57.192928 313.651
57.225276 316.243
57.257323 317.285
57.289323 319.224
57.321486 348.035
57.353698 337.844
57.385772 329.563
57.428371 320.028
57.460379 293.928
57.492303 287.606
57.524299 304.655
57.556484 311.798
57.588492 319.073
57.6206 333.694
57.65281 359.363
57.685109 368.596
57.717258 400.197
57.74945 404.962
57.781711 380.281
57.814 359.791
57.846193 351.859
57.878223 349.721
57.910298 363.538
57.952625 374.885
57.984756 381.657
58.026828 348.032
58.058949 293.193
58.090964 284.549
58.122911 292.751
58.165327 306.971
58.197357 302.511
58.229669 316.877
58.272036 329.995
58.304115 336.844
58.346329 367.037
58.378414 371.28
58.410338 355.085
58.442306 363.003
58.484313 372.081
58.516406 373.021
58.548436 382.671
58.580503 382.785
58.61248 381.226
58.644374 358.125
58.696879 348.217
58.728956 338.036
58.760895 335.99
58.792878 332.008
58.824938 329.442
58.856978 329.22
58.889089 311.072
58.92109 307.32
58.953186 321.458
58.985149 324.139
59.01712 323.827
59.049261 325.843
59.081601 301.912
59.123821 301.419
59.155931 307.166
59.18806 302.946
59.22042 300.023
59.252615 307.564
59.284617 316.745
59.316818 330.104
59.348769 359.884
59.380656 369.783
59.412814 361.318
59.434751 341.635
59.466736 340.288
59.498556 370.943
59.551445 369.272
59.583705 372.213
59.615956 372.958
59.648372 381.857
59.680559 390.586
59.712543 405.084
59.744462 371.232
59.776413 341.437
59.808598 341.575
59.84042 334.281
59.872167 343.361
59.90406 325.786
59.935939 295.383
59.96798 293.533
60.000062 290.674
60.032411 286.974
60.064864 299.769
60.097019 305.242
60.129304 309.845
60.222873 307.243
60.255288 307.619
60.287548 321.221
60.319542 328.981
60.350702 331.452
60.381922 342.875
60.413081 353.264
60.444174 361.885
60.476457 369.895
60.507696 368.403
60.538905 338.272
60.570145 324.153
60.601269 320.274
60.633576 315.928
60.664808 320.656
60.695871 333.564
60.788141 353.715
60.81926 294.188
60.851617 292.402
60.882725 300.928
60.913969 314.086
60.945073 316.69
60.97624 318.244
61.008529 320.837
61.029465 332.458
61.060676 309.606
61.091777 303.383
61.123118 297.833
61.155426 296.145
61.186475 296.848
61.217437 302.239
61.248549 306.202
61.279696 311.069
61.312049 297.25
61.33379 286.153
61.365756 287.683
61.397713 304.657
61.429723 316.446
61.461729 318.864
61.493678 324.316
61.525671 346.088
61.557698 331.724
61.589863 342.072
61.632013 369.092
61.66392 380.162
61.696052 383.897
61.727911 414.412
61.760014 422.533
61.791954 424.639
61.823861 396.467
61.855929 390.386
61.887905 392.24
61.919775 410.316
61.951816 418.779
61.983752 431.444
62.016082 448.477
62.058709 455.762
62.101216 479.177
62.13321 502.061
62.164238 526.888
62.195319 540.125
62.226517 580.921
62.257653 594.938
62.289962 552.276
62.321265 512.423
62.352529 494.654
62.38383 491.094
62.41515 498.877
62.447692 516.095
62.479017 519.582
62.510329 524.594
62.541695 550.263
62.573045 566.681
62.605637 578.105
62.636944 580.956
62.668277 526.691
62.699598 529.075
62.771483 530.354
62.803772 534.052
62.834925 547.064
62.866055 560.294
62.897104 569.068
62.928271 576.46
62.950473 590.673
62.981688 598.79
63.012821 603.285
63.043986 605.993
63.075179 545.305
63.107451 521.259
63.138606 515.52
63.169641 515.328
63.200795 511.059
63.232041 506.076
63.264315 451.957
63.295419 332.444
63.326501 308.525
63.35758 289.136
63.388644 290.655
63.420906 292.038
63.451898 299.456
63.482949 316.223
63.514059 317.53
63.54511 320.573
63.577319 328.51
63.609308 333.633
63.640363 342.381
63.671395 354.777
63.702413 356.701
63.733527 355.056
63.765706 357.318
63.796731 358.981
63.827767 358.553
63.848655 315.069
63.879702 285.469
63.911871 279.271
63.942889 282.417
63.973917 283.559
64.004882 281.857
64.035924 278.927
64.068135 281.704
64.100196 280.694
64.132225 278.129
64.164156 286.859
64.196106 305.46
64.228056 310.029
64.260243 325.305
64.292166 338.306
64.324219 325.109
64.356055 332.716
64.387883 343.352
64.419748 352.095
64.45173 355.574
64.483746 360.57
64.515831 304.637
64.547657 302.14
64.579481 310.224
64.611315 307.756
64.643184 304.819
64.675067 307.623
64.706858 307.184
64.738839 284.13
64.770643 286.797
64.802388 289.534
64.834496 288.294
64.866569 288.522
64.898507 308.191
64.93041 301.284
64.962255 291.501
64.994256 299.627
65.026254 301.502
65.058359 302.591
65.090253 312.039
65.122139 319.274
65.154057 319.636
65.185986 290.774
65.218025 284.289
65.250257 280.129
65.282255 285.904
65.314141 288.395
65.345975 288.642
65.377953 286.914
65.420174 284.905
65.452121 281.713
65.483913 289.657
65.515747 291.528
65.547784 306.974
65.579898 306.39
65.611778 291.233
65.6436 284.089
65.675383 283.538
65.707323 293.738
65.739322 299.546
65.771206 300.315
65.803105 296.842
65.835065 284.647
65.866967 280.808
65.898816 285.679
65.930808 290.953
65.962802 289.182
65.994798 289.422
66.026756 291.448
66.058784 289.481
66.091011 287.103
66.1537 279.57
66.185559 279.909
66.217423 292.183
66.249569 296.168
66.281707 298.705
66.313738 304.543
66.345615 305.578
66.377475 308.661
66.409306 317.83
66.441316 312.046
66.504035 301.02
66.535904 299.303
66.567832 297.758
66.59962 309.904
66.631583 320.981
66.663489 325.588
66.695296 323.405
66.727176 325.817
66.758937 331.51
66.79072 331.071
66.822566 307.614
66.874945 285.338
66.906919 284.592
66.938935 292.821
66.970731 291.241
67.002535 281.328
67.034867 282.248
67.067232 278.262
67.099244 278.199
67.131297 296.778
67.173258 297.429
67.205138 310.661
67.236983 295.766
67.269282 288.748
67.301213 286.566
67.333313 290.311
67.365392 298.386
67.397531 307.769
67.429386 310.491
67.461286 332.306
67.493243 338.904
67.525166 331.112
67.587881 306.782
67.61982 302.805
67.651709 328.23
67.703922 326.919
67.73593 330.243
67.767731 339.077
67.799595 336.817
67.83149 329.183
67.863381 303.697
67.895368 282.925
69.960955 398.909
69.992974 399.846
70.024893 417.205
70.056921 392.841
70.088752 378.356
70.120716 377.837
70.152751 373.333
70.184793 374.712
70.216694 375.755
70.248511 362.665
70.362317 293.349
70.393322 292.716
70.424278 296.986
70.455311 297.136
70.48637 297.525
70.518708 300.822
70.550817 305.394
70.582837 303.163
70.614773 316.651
70.667174 314.326
70.698196 316.625
70.729184 323.544
70.760206 330.819
70.791354 333.637
70.874416 344.921
70.906385 341.341
70.937394 354.57
70.968373 371.614
70.999379 377.616
71.03045 394.748
71.062835 389.371
71.093956 386.501
71.125014 384.497
71.156064 391.225
71.187163 391.008
71.219484 407.533
71.271045 335.051
71.302317 310.593
71.333367 310.523
71.364495 314.127
71.396837 305.41
71.428883 307.074
71.46092 314.564
71.493035 308.217
71.524994 298.74
71.55719 287.609
71.589369 283.429
71.621332 281.643
71.653248 295.789
71.685195 302.208
71.717266 301.647
71.749117 316.578
71.781069 323.322
71.813084 317.235
71.845017 323.65
71.876869 351.889
71.908836 359.535
71.941079 365.156
71.972977 373.204
72.004881 354.598
72.037163 331.518
72.069577 332.112
72.101546 337.351
72.133531 345.447
72.165835 354.857
72.197717 365.878
72.229487 354.546
72.261441 332.576
72.293807 321.275
72.325649 324.759
72.357585 331.797
72.389562 337.588
72.421588 344.747
72.454043 353.753
72.486092 373.869
72.518091 379.884
72.550226 383.8
72.582365 404.467
72.614228 361.892
72.646187 348.2
72.678174 349.084
72.710303 348.944
72.742356 348.947
72.774284 366.936
72.80632 367.208
72.828044 343.948
72.860099 315.245
72.892015 299.083
72.923881 291.204
72.955688 290.986
72.987619 310.332
73.01946 317.077
73.051482 315.568
73.08341 323.027
73.115423 316.537
73.147484 305.942
73.179385 314.818
73.211223 324.813
73.243077 325.998
73.275077 331.872
73.307361 308.945
73.339261 283.929
73.371142 280.99
73.403055 278.362
73.434997 277.311
73.466885 281.715
73.498799 291.066
73.530724 290.521
73.562695 288.156
73.604893 280.21
73.636774 280.379
73.66873 284.841
73.700653 294.423
73.73273 298.35
73.764954 302.938
73.797004 310.507
73.829088 330.16
73.860968 339.107
73.892957 359.967
73.925112 320.509
73.957234 292.275
73.989402 296.757
74.021404 303.325
74.053599 305.475
74.085815 311.224
74.11791 319.204
74.150262 316.961
74.182322 311.469
74.235052 292.61
74.267308 288.707
74.299534 289.035
74.331371 288.333
74.363188 285.988
74.395043 285.778
74.426848 287.188
74.458658 285.842
74.490668 284.143
74.533374 285.974
74.565584 292.026
74.59755 296.739
74.629662 306.315
74.661536 306.597
74.693533 309.608
74.725618 320.462
74.757569 327.468
74.789882 323.919
74.821856 322.693
74.853939 316.228
74.885792 294.431
74.91781 290.16
74.949905 287.292
74.981791 281.898
75.013777 289.051
75.045812 298.762
75.078089 299.273
75.110046 298.397
75.142077 297.359
75.174247 293.974
75.206495 289.102
75.238856 293.029
75.27101 296.932
75.303481 303.713
75.335795 312.477
75.368042 314.463
75.400151 312.285
75.432163 327.311
75.46411 343.152
75.4858 343.846
75.517788 321.549
75.550024 305.258
75.582246 307.046
75.614354 300.007
75.646287 305.462
75.678442 311.23
75.710639 318.634
75.742756 320.827
75.774712 313.643
75.806562 308.271
75.889662 289.122
75.921765 283.107
75.953754 283.46
75.985923 280.76
76.018119 280.528
76.050332 287.538
76.082611 289.364
76.11484 285.437
76.146951 291.059
76.178966 288.395
76.22137 283.273
76.25343 289.051
76.285761 298.491
76.318046 300.471
76.350223 309.683
76.382496 316.886
76.41473 319.104
76.447161 313.551
76.479466 308.339
76.542413 295.262
76.574625 294.264
76.607112 297.529
76.639438 292.63
76.671536 283.043
76.703502 284.671
76.73557 282.228
76.767848 280.594
76.851067 286.616
76.882094 287.39
76.913196 282.662
76.944298 282.983
76.975404 284.402
77.007621 298.951
77.038812 296.877
77.070036 303.652
77.101145 316.337
77.13229 320.702
77.164666 311.138
77.216204 300.678
77.247251 300.798
77.278372 316.235
77.309513 375.921
77.392656 374.595
77.42505 387.667
77.456107 388.012
77.487192 427.729
77.538625 415.434
77.569683 388.995
77.601928 332.73
77.633021 302.034
77.664121 300.677
77.695234 300.672
77.726606 296.977
77.810004 280.987
77.842023 281.053
77.87319 279.15
77.904306 283.464
77.935376 279.509
77.966639 280.607
77.999002 288.375
78.030128 281.958
78.0613 280.916
78.092454 285.936
78.1237 300.99
78.156159 301.419
78.187247 297.53
78.218342 290.456
78.249346 286.075
78.280348 288.596
78.312706 308.818
78.343873 316.289
78.375024 313.83
78.406111 324.809
78.437207 344.085
78.469432 343.703
78.50052 353.822
78.531525 346.434
78.562558 283.966
78.5936 283.773
78.625943 299.865
78.656969 293.544
78.687978 292.972
78.71902 290.611
78.750131 282.802
78.782409 282.32
78.814416 287.768
78.846421 291.942
78.878353 289.432
78.910354 299.775
78.942609 304.823
78.974813 303.088
79.006791 305.938
79.090021 289.914
79.122249 300.073
79.153303 304.484
79.184336 308.373
79.215326 311.898
79.256619 321.578
79.288856 333.197
79.309757 325.995
79.361281 294.618
79.392399 284.72
79.423526 292.514
79.455783 298.386
79.486787 296.558
79.517801 296.594
79.548872 300.264
79.579954 320.542
79.612298 305.599
79.64334 303.475
79.674358 300.053
79.735886 293.062
79.766946 293.731
79.799105 286.757
79.830097 289.369
79.861165 291.178
79.892197 286.661
79.923301 289.749
79.955571 292.353
79.986533 289.616
80.037971 284.834
80.06901 285.508
80.099993 284.433
80.13221 294.416
80.164446 307.449
80.19646 306.422
80.228443 312.483
80.260241 315.956
80.292092 334.256
80.324531 313.206
80.35658 299.165
80.388316 297.894
80.420273 286.771
80.452252 293.009
80.484308 296.919
80.516441 299.411
80.548567 293.569
80.580837 283.432
80.612692 280.178
80.6445 287.212
80.676426 300.32
80.708372 304.851
80.740618 301.647
80.772681 290.305
80.804848 287.88
80.837221 288.287
80.869239 303.422
80.901123 315.64
80.933213 315.591
80.96564 319.332
80.997917 291.18
81.030209 281.409
81.052406 285.208
81.084808 289.714
81.117299 295.728
81.14934 312.484
81.191833 307.467
81.224051 305.349
81.256303 301.286
81.29896 285.018
81.331449 287.764
81.363829 292.623
81.39611 294.777
81.428558 320.438
81.471131 303.013
81.503544 298.66
81.535999 295.861
81.599042 290.481
81.631386 296.39
81.662585 302.453
81.693793 316.353
81.786165 358.359
81.817428 360.988
81.849984 340.962
81.882361 323.535
81.913703 306.739
81.944957 308.489
81.976266 316.374
82.007519 325.931
82.040063 326.132
82.071363 324.77
82.102578 302.052
82.133727 291.335
82.164979 291.381
82.197387 302.913
82.228636 314.653
82.259856 331.248
82.291119 347.499
82.322437 359.922
82.355027 341.236
82.386305 314.198
82.417532 312.836
82.448721 319.106
82.479938 323.838
82.51244 349.113
82.54377 357.901
82.575067 338.9
82.61657 303.034
82.64783 296.609
82.680303 295.897
82.71154 305.831
82.742774 331.739
82.774029 339.487
82.805295 351.799
82.837816 361.265
82.869084 321.977
82.910426 298.986
82.94163 298.493
82.972879 306.089
83.00538 318.313
83.036713 337.124
83.068021 346.085
83.099253 363.079
83.130568 323.938
83.163003 309.127
83.194278 313.927
83.225511 330.771
83.256704 346.111
83.287953 343.799
83.320414 326.379
83.351723 332.991
83.383044 342.268
83.414363 355.145
83.445622 372.081
83.478076 385.078
83.509437 401.846
83.540683 415.823
83.571827 330.088
83.603187 324.197
83.635771 338.407
83.667026 349.082
83.698313 353.203
83.719311 364.233
83.750556 315.022
83.783079 293.725
83.814356 289.091
83.84551 289.871
83.876735 293.755
83.90803 297.577
83.940528 310.445
83.971855 316.694
84.003114 311.128
84.044551 286.611
84.075829 287.231
84.108281 297.403
84.13949 313.781
84.170689 331.915
84.201947 342.747
84.233158 356.518
84.265589 373.029
84.296786 387.516
84.327973 400.11
84.359249 385.946
84.390583 323.602
84.422948 305.898
84.454156 315.362
84.48531 322.497
84.516585 328.298
84.547858 343.592
84.580278 349.601
84.611447 352.537
84.642628 342.42
84.673837 300.01
84.705172 297.166
84.73764 314.082
84.768933 336.373
84.800115 348.155
84.831219 355.174
84.86251 366.651
84.894886 372.352
84.925999 359.846
84.967358 301.655
84.998566 299.374
85.029739 303.351
85.062221 324.172
85.093391 334.992
85.124562 338.96
85.15571 308.507
85.186908 287.492
85.219326 289.135
85.250561 295.82
85.28175 309.043
85.312962 319.039
85.344241 325.044
85.376743 297.903
85.407943 284.562
85.439072 289.029
85.47022 296.314
85.501356 306.281
85.5337 312.236
85.564805 330.818
85.596092 350.129
85.627268 308.991
85.658516 302.995
85.690956 320.922
85.722164 337.681
85.753385 352.552
85.784578 365.469
85.815732 379.172
85.847982 343.012
85.879146 328.596
85.910306 330.557
85.941392 344.34
85.972687 357.803
86.005148 384.077
86.03645 398.117
86.067651 325.187
86.098882 302.602
86.130073 305.036
86.162447 311.919
86.193633 319.634
86.224911 344.484
86.256123 358.635
86.287355 367.144
86.31975 395.641
86.350905 311.968
86.382193 303.318
86.413318 306.997
86.444486 309.912
86.47691 352.433
86.528482 349.775
86.559593 340.058
86.611177 315.593
86.642424 299.714
86.674817 300.424
86.69567 317.482
86.726932 337.116
86.75813 341.784
86.789392 356.104
86.821845 362.534
86.853094 380.09
86.884274 390.121
86.915405 408.297
86.946621 326.623
86.979034 312.351
87.01024 313.673
87.041424 327.769
87.072669 334.068
87.103872 359.734
87.136287 366.212
87.157233 373.7
87.188487 400.405
87.219612 410.206
87.250822 441.216
87.313743 475.346
87.355139 519.68
87.386496 540.691
87.417694 540.421
87.448936 496.938
87.48149 476.363
87.512644 483.304
87.543871 487.491
87.574977 519.164
87.606303 520.188
87.638714 542.749
87.669847 580.865
87.700995 475.581
87.73217 414.274
87.763435 370.574
87.795917 352.609
87.828394 357.207
87.860877 363.122
87.892088 360.205
87.923306 367.096
87.954505 319.0
87.985656 290.145
88.018036 289.074
88.049315 295.456
88.080579 318.146
88.11186 328.421
88.143124 332.762
88.175637 343.66
88.206828 350.17
88.238049 310.21
88.269239 296.45
88.300516 295.982
88.332873 312.946
88.364085 324.48
88.395294 332.108
88.426557 324.416
88.468033 301.474
88.500468 293.159
88.531737 297.102
88.562905 310.345
88.594123 326.413
88.625381 330.056
88.657833 351.354
88.688969 344.229
88.750704 335.219
88.781831 353.269
88.813011 363.74
88.845345 369.041
88.876567 387.027
88.907786 367.487
88.938978 336.156
88.970243 355.627
89.033235 352.85
89.064489 359.381
89.095612 363.321
89.126794 351.912
89.168227 292.117
89.200636 282.056
89.231736 284.145
89.262839 291.053
89.294052 309.724
89.325253 304.642
89.357622 288.896
89.388861 287.377
89.420038 290.404
89.45117 300.496
89.482375 309.384
89.514874 305.296
89.576772 297.027
89.607861 309.085
89.649189 311.514
89.670223 326.695
89.702465 342.849
89.734757 349.053
89.76583 361.549
89.796941 379.774
89.82809 366.243
89.879663 311.633
89.912 297.312
89.943146 303.282
89.974339 308.063
90.005554 319.816
90.036806 321.35
90.069229 302.509
90.100376 288.47
90.131515 289.094
90.162676 291.684
90.193931 301.976
90.22633 300.752
90.29834 305.491
90.329497 314.972
90.360636 319.607
90.391928 339.56
90.424298 337.716
90.455567 344.967
90.486715 347.214
90.517941 325.428
90.589932 300.712
90.62224 303.125
90.653353 305.108
90.684604 320.104
90.715786 334.243
90.747053 324.242
90.779458 312.67
90.810734 312.902
90.841945 328.816
90.873161 330.619
90.904365 345.085
90.93672 335.948
90.967894 304.143
90.99907 300.593
91.030386 311.784
91.061744 321.572
91.094271 329.44
91.12543 346.769
91.156505 354.965
91.187588 368.843
91.218718 390.438
91.251029 400.555
91.282267 417.938
91.31354 360.893
91.344784 344.924
91.376067 345.977
91.408595 360.285
91.439738 373.917
91.470971 393.694
91.502267 407.965
91.533513 422.514
91.565902 384.803
91.597137 327.143
91.628354 326.932
91.659588 341.96
91.690775 345.722
91.723248 361.284
91.754634 299.527
91.785981 291.453
91.817271 297.12
91.84866 305.099
91.881123 304.075
91.912352 313.436
91.943588 327.676
91.974808 320.592
92.006111 307.989
92.038689 300.257
92.070072 304.674
92.101257 316.674
92.132545 319.323
92.163878 329.061
92.196368 333.814
92.22762 300.36
92.258848 297.765
92.290079 297.471
92.321326 309.794
92.353637 317.293
92.384851 296.472
92.41616 307.547
92.457617 309.564
92.488938 316.049
92.52138 340.21
92.562772 359.5
92.59394 369.713
92.625139 380.891
92.656387 385.086
92.688848 351.064
92.720132 324.952
92.751299 329.235
92.78261 354.594
92.824151 356.067
92.856673 376.497
92.887954 390.509
92.919167 365.11
92.950462 335.269
92.981689 321.1
93.014042 319.276
93.045285 334.726
93.076493 344.003
93.10772 347.945
93.138917 332.527
93.171282 307.99
93.202477 296.609
93.233612 298.389
93.264874 314.355
93.296129 323.482
93.328538 332.238
93.359657 341.604
93.391015 354.783
93.412141 344.293
93.473853 296.627
93.50621 291.296
93.537268 292.95
93.568474 315.387
93.599637 327.469
93.63088 333.854
93.663223 339.95
93.684188 347.776
93.715298 330.346
93.776982 294.629
93.808075 292.666
93.830137 314.322
93.871594 315.782
93.902808 323.148
93.934037 335.628
93.96528 341.019
93.997721 328.01
94.059483 308.398
94.090695 309.722
94.12186 313.026
94.153033 321.854
94.185575 336.502
94.216679 343.254
94.27844 340.662
94.309611 350.793
94.330568 369.797
94.373184 379.803
94.404423 391.851
94.435668 342.44
94.466824 303.327
94.497977 297.322
94.530549 301.789
94.561708 301.872
94.592818 298.016
94.644546 285.149
94.675693 290.273
94.708156 299.286
94.73922 300.737
94.770514 308.431
94.801759 320.256
94.832972 330.181
94.865355 330.734
94.896491 323.226
94.937878 296.837
94.969137 297.697
95.000431 313.156
95.03287 320.228
95.065394 328.811
95.096765 345.139
95.128031 368.072
95.159274 380.1
95.190645 366.588
95.233317 346.635
95.264638 309.028
95.29592 308.579
95.32723 335.654
95.368716 334.058
95.401132 340.045
95.432479 347.642
95.463721 349.014
95.484762 339.359
95.566841 297.12
95.599348 334.378
95.671288 334.213
95.702497 346.8
95.733715 362.039
95.764845 370.434
95.797199 379.756
95.828305 391.508
95.859352 399.452
95.890493 401.364
95.921614 416.099
95.954007 369.848
95.985113 317.373
96.016193 310.216
96.047348 309.959
96.078517 313.228
96.110939 322.129
96.142087 329.849
96.17327 337.683
96.204618 337.069
96.235835 321.902
96.268323 297.146
96.299646 294.005
96.330833 301.487
96.36204 326.759
96.393401 338.425
96.425834 354.873
96.456998 369.657
96.488262 380.307
96.519365 393.909
96.550545 304.3
96.582958 293.266
96.614109 301.088
96.645295 313.806
96.676429 330.577
96.707632 333.907
96.740056 352.019
96.771066 299.957
96.791968 285.92
96.823004 291.679
96.854159 306.399
96.886471 314.991
96.917577 316.157
96.948759 345.152
96.979863 363.992
97.011084 367.597
97.043586 317.68
97.074834 305.336
97.105926 310.258
97.13706 328.012
97.168215 343.605
97.200455 355.361
97.231573 359.683
97.262621 319.251
97.293868 293.809
97.325035 292.548
97.35734 308.189
97.378306 321.935
97.409493 333.712
97.440811 343.841
97.47209 355.852
97.504636 322.796
97.535893 302.313
97.567097 304.039
97.598404 311.665
97.629639 322.469
97.662082 340.1
97.693322 355.628
97.724531 356.915
97.75578 315.186
97.787059 296.518
97.819454 299.385
97.850585 310.638
97.881953 322.517
97.913278 332.353
97.944664 322.091
97.977262 305.052
98.00848 306.044
98.039752 310.162
98.071035 323.16
98.102278 334.358
98.134841 347.868
98.166102 333.257
98.197299 328.704
98.228595 332.118
98.259796 353.53
98.292098 362.835
98.323314 370.173
98.354431 375.906
98.385514 302.621
98.416684 293.502
98.449079 297.375
98.480149 311.153
98.511338 318.54
98.542569 324.816
98.573796 318.155
98.606204 287.461
98.637363 282.154
98.668463 286.537
98.699525 299.703
98.730686 322.647
98.763098 337.617
98.794249 357.499
98.825319 363.022
98.856476 326.602
98.887568 297.286
98.919938 300.068
98.950971 309.492
98.982071 324.367
99.013123 342.356
99.044345 360.708
99.076704 362.078
99.107878 398.889
99.139055 381.244
99.170102 356.345
99.201254 357.451
99.233483 364.051
99.264584 368.457
99.295671 375.905
99.326801 401.185
99.357966 430.146
99.390184 449.999
99.421289 403.825
99.452481 381.955
99.483553 387.701
99.514819 370.352
99.648953 335.021
99.679945 331.37
99.711081 333.924
99.74233 362.318
99.773457 368.862
99.805699 379.545
99.836874 366.083
99.918955 314.99
99.950167 296.421
99.981426 296.917
100.01381 317.118
