0.339074 212.0
0.495213 841.64
0.651429 3316.0615999999995
0.807839 12501.552231999998
0.964231 48005.960570879986
1.120671 186263.12701501435
1.276891 198.0
1.433459 196.0
1.589917 196.0
1.746246 344.96
1.90265 503.6416
2.059187 770.571648
2.216037 196.0
2.372418 297.92
2.518948 446.88
2.675546 670.32
2.923722 978.6672
3.080277 1370.13408
3.226376 2000.3957568
3.382738 2980.589677632
3.539101 210.0
3.685348 294.0
3.842156 408.66
3.998481 218.0
4.154934 218.0
4.311168 228.0
4.467728 303.24
4.61393 433.6332
4.770542 240.0
4.926881 328.8
5.083025 440.59200000000004
5.239281 240.0
5.395879 312.0
5.552628 402.48
5.709407 531.2736
5.866152 680.030208
6.043038 890.83957248
6.219841 274.0
6.397132 278.0
6.594485 286.0
6.793511 354.64
6.960346 290.0
7.116864 296.0
7.273246 399.6
7.490826 479.52
7.647373 318.0
7.834642 445.2
8.001389 320.0
8.168185 422.4
8.33499 332.0
8.49134 454.84
8.64777 318.0
8.804348 422.94
8.950773 334.0
9.107143 450.9
9.253857 350.0
9.410342 472.5
9.56701 350.0
9.723815 490.0
9.880343 366.0
10.03673 490.44
10.193251 372.0
10.349634 461.28
10.505901 386.0
10.662028 386.0
10.818404 517.24
10.974977 404.0
11.121399 408.0
11.277763 563.04
11.434773 408.0
11.591392 534.48
11.738134 424.0
11.894915 559.68
12.041537 710.7936
12.198685 444.0
12.355401 586.08
12.512382 832.2336
12.669038 472.0
12.815434 646.64
12.972427 476.0
13.129938 642.6
13.287214 506.0
13.444109 693.22
13.611187 845.7284
13.768139 520.0
13.925497 728.0
14.082096 516.0
14.23907 538.0
14.396283 544.0
14.553359 777.92
14.700058 546.0
14.856841 769.86
15.013446 578.0
15.170058 572.0
15.326296 766.48
15.482752 1034.748
15.659345 1241.6976000000002
15.815937 592.0
16.119467 714.0
16.275667 1092.42
16.432204 654.0
16.578404 948.3
16.734813 1394.001
16.891384 2077.06149
17.047778 686.0
17.203958 980.98
17.360279 1383.1817999999998
17.516419 1950.286338
17.6626 718.0
17.829318 983.66
17.986027 1357.4507999999998
18.142585 754.0
18.299158 1025.44
18.455484 1456.1248
18.61178 2082.258464
18.768055 790.0
18.924969 1034.9
19.08131 788.0
19.237424 1063.8
19.394106 1478.6819999999998
19.550497 2025.7943399999997
19.706826 830.0
19.853138 1162.0
20.009636 872.0
20.165957 1185.92
20.322424 918.0
20.468822 1285.2
20.625386 912.0
20.781762 1331.52
20.938634 962.0
21.084905 1327.56
21.241103 966.0
21.397816 1333.08
21.554387 1014.0
21.711106 1419.6
21.867884 1008.0
22.024707 1370.88
22.18117 1823.2704
22.337645 2643.7420800000004
22.494321 3595.489228800001
22.650809 4997.730028032001
22.807257 6946.844738964482
22.963762 9447.708844991696
23.120266 12848.884029188706
23.276943 18116.926481156075
23.433362 26088.37413286475
23.589707 1228.0
23.746178 1694.64
23.902997 2423.3352
24.049595 3319.969224
24.206257 1280.0
24.362544 1792.0
24.519492 1282.0
24.665796 1769.16
24.822299 1346.0
24.978991 1911.32
25.135792 1418.0
25.282057 1999.38
25.438266 1418.0
25.594898 2056.1
25.751653 1492.0
25.908519 2103.72
26.064981 1486.0
26.221331 2050.68
26.377638 1596.0
26.533972 2266.32
26.690312 1578.0
26.836543 1648.0
26.993004 1662.0
27.149398 2376.66
27.306169 3232.2576
27.462586 4525.16064
27.619195 6199.4700768
27.77628 8927.236910592
27.933215 1868.0
28.293955 1838.0
28.451099 2426.16
28.607796 1904.0
28.764739 2589.44
28.921712 1916.0
29.078259 1992.0
29.234684 2004.0
29.391574 2725.44
29.548238 3733.8528
29.705068 5227.3939199999995
29.861724 2128.0
30.018639 3064.32
30.175417 4228.761600000001
30.321824 2202.0
30.478165 2260.0
30.869541 2350.0
31.026154 3243.0
31.182414 2340.0
31.339062 3182.4
31.49548 2480.0
31.672567 3546.4
33.921928 3546.4
34.078931 3156.2960000000003
34.235945 6186.0
34.403077 6622.0
34.570336 7296.0
34.727736 8682.24
34.885263 3180.0
35.147677 2512.2
35.304176 4900.0
35.460584 4796.0
35.67073 5563.36
35.827083 6286.596799999999
35.973718 8109.7098719999985
36.129943 3810.0
36.286403 4533.9
37.111609 3916.0
37.267935 4699.2
37.424393 3896.0
37.580912 3810.0
38.493253 4694.0
38.713602 5532.0
38.869903 4591.56
39.026569 5404.0
39.182852 5836.32
39.413603 4718.0
39.761379 4246.2
40.000871 4373.585999999999
40.157194 7126.0
40.323554 4916.94
40.49004 3343.5191999999997
40.646289 5444.0
41.462985 5062.92
41.61928 4911.0324
41.871526 6030.0
42.315094 6816.0
42.599477 7270.0
43.331416 5816.0
43.488344 7324.0
43.676792 5273.28
43.833376 3638.5632
43.990545 2874.464928
44.157508 6910.0
44.314705 5113.4
44.461334 3732.7819999999997
44.618032 2762.2586799999995
44.774912 1629.7326211999998
44.932068 1043.0288775679999
45.089169 10752.0
45.266371 5913.6
45.423162 10392.0
45.580213 11088.0
45.995491 6985.44
46.172735 3283.1567999999997
46.329794 12388.0
46.486734 12306.0
46.643588 6891.36
46.800576 10420.0
47.022313 9930.0
47.179178 7447.5
47.336285 3798.225
47.493544 14740.0
47.737367 11086.0
47.894624 6873.32
48.051466 11144.0
48.208107 7132.16
48.44648 2995.5071999999996
48.623886 12322.0
48.780842 4805.58
48.938071 2210.5668
49.094887 11452.0
49.251738 6184.08
49.408684 13098.0
49.565516 5239.2
49.722046 1833.72
49.878816 13838.0
50.05603 15272.0
50.213145 12582.0
50.370104 3900.42
50.516746 16790.0
50.673615 4533.3
50.830749 18548.0
50.987977 4822.48
51.144895 20346.0
51.301884 16508.0
51.459325 14156.0
51.637236 4246.8
51.79468 18260.0
51.952286 19880.0
52.130531 22768.0
52.288173 5692.0
52.435541 19134.0
52.603154 5166.18
52.760531 12534.0
52.917972 3509.52
53.065448 15286.0
53.222927 4738.66
53.380353 1232.0516
53.537506 23862.0
53.704965 5965.5
53.872587 28422.0
54.050065 19538.0
54.207397 15256.0
54.364504 3814.0
54.511698 19792.0
54.780841 18252.0
54.938117 4563.0
55.095465 22042.0
55.253057 16996.0
55.410163 19480.0
55.567392 18038.0
55.73468 4509.5
55.892109 1127.375
56.049398 19278.0
56.21669 4819.5
56.374018 1204.875
56.531015 30626.0
56.688064 7656.5
56.845057 1914.125
57.002084 478.53125
57.159018 23670.0
57.31618 21810.0
57.473198 22826.0
57.629972 5706.5
57.787013 1426.625
57.944268 23976.0
58.101667 25696.0
58.258809 6424.0
58.416134 1606.0
58.573286 21254.0
58.730634 20334.0
58.918579 21138.0
59.075931 5284.5
59.233086 26258.0
59.390298 22448.0
59.547502 26900.0
59.705182 26192.0
59.852644 6548.0
60.040492 1637.0
60.197862 24728.0
60.355303 6182.0
60.51257 22982.0
60.680152 5745.5
60.847201 1436.375
61.003752 359.09375
61.160498 27434.0
61.317763 24234.0
61.474584 29640.0
61.631671 7410.0
61.77874 29312.0
61.936098 29772.0
62.093361 25966.0
62.250679 6491.5
62.407254 1622.875
62.563719 36238.0
62.720379 9059.5
62.897036 32494.0
63.0539 30634.0
63.210742 7658.5
63.367077 1914.625
63.523468 43312.0
63.690364 51592.0
63.846854 12898.0
64.003488 45524.0
64.160269 11381.0
64.317093 44178.0
64.483969 11044.5
64.64059 32746.0
64.797103 8186.5
64.984366 2046.625
65.141147 65232.0
65.297873 16308.0
65.454598 78730.0
65.611228 19682.5
65.767957 68320.0
65.945433 17080.0
68.152263 4270.0
68.308819 1067.5
68.465705 266.875
68.622267 66.71875
68.768543 16.6796875
68.925441 4.169921875
69.082013 53706.0
69.238529 48218.0
69.395103 39460.0
69.551542 37116.0
69.698 42820.0
69.854665 10705.0
70.011276 2676.25
70.167659 669.0625
70.324121 59002.0
70.551785 57322.0
70.70811 14330.5
70.864757 3582.625
71.021517 895.65625
71.188427 223.9140625
71.406419 55.978515625
71.563188 13.99462890625
71.801504 3.4986572265625
71.979105 142162.0
72.167209 164664.0
72.354952 41166.0
72.511877 10291.5
72.668314 169584.0
72.917032 42396.0
73.287804 10599.0
73.445009 209796.0
73.602325 52449.0
73.963293 13112.25
74.151068 212876.0
74.348868 180396.0
74.505947 45099.0
74.663253 11274.75
74.850805 2818.6875
75.262237 177972.0
75.429142 44493.0
75.89113 241708.0
76.706713 60427.0
76.863519 15106.75
77.152677 139004.0
77.299096 170748.0
77.455564 42687.0
77.622355 10671.75
77.768783 142560.0
77.925446 35640.0
78.183904 8910.0
78.360893 157230.0
78.578869 155350.0
78.847702 38837.5
79.004623 165902.0
79.171675 150742.0
79.511785 37685.5
79.688617 187044.0
79.845277 154520.0
80.246201 194420.0
80.515299 48605.0
80.967572 12151.25
81.460194 3037.8125
81.932415 3037.8125
82.08916 102340.0
82.246111 25585.0
86.683978 73294.0
86.850862 18323.5
87.007744 110758.0
87.194899 91306.0
87.351385 79622.0
87.507497 84552.0
87.704275 66136.0
87.860594 16534.0
88.027219 77772.0
88.183606 19443.0
88.34007 4860.75
88.506727 1215.1875
88.693866 87896.0
88.850386 21974.0
89.00696 5493.5
89.224722 79210.0
89.38107 19802.5
89.527294 4950.625
89.795887 83888.0
91.017845 76772.0
91.174659 19193.0
91.331321 4798.25
91.488074 81724.0
91.6651 20431.0
91.82139 5107.75
91.988133 1276.9375
92.145279 90280.0
92.322582 22570.0
92.479157 92502.0
92.635631 23125.5
92.791896 5781.375
92.948316 68492.0
93.104905 79326.0
93.26121 19831.5
93.448397 68014.0
93.604672 64634.0
93.750989 57546.0
93.907448 14386.5
94.063895 3596.625
94.220156 899.15625
94.376601 224.7890625
94.533022 75588.0
94.699722 81352.0
94.85628 75118.0
95.012766 18779.5
95.159082 64446.0
95.315667 16111.5
95.472002 70972.0
95.628182 17743.0
95.784658 4435.75
95.941188 1108.9375
96.127928 90158.0
96.284297 22539.5
96.440783 85842.0
96.59723 21460.5
96.753402 5365.125
96.909679 1341.28125
97.055976 335.3203125
97.22249 71548.0
97.378929 17887.0
97.535174 4471.75
97.691342 1117.9375
97.847701 87730.0
98.004057 88460.0
98.160241 22115.0
98.316908 79346.0
98.473043 90402.0
98.629432 22600.5
98.785513 5650.125
98.931739 97674.0
99.088113 90246.0
99.24442 22561.5
99.40076 5640.375
99.557328 1410.09375
99.713647 352.5234375
99.890422 69960.0
