1.4e-05 0.034809
0.032384 0.050212
0.317915 0.050212
0.349046 0.033764
0.38013 0.039508
0.421492 0.044294
0.453841 0.047601
0.48499 0.050473
0.516054 0.052822
0.547188 0.075361
0.588645 0.083802
0.620956 0.090851
0.652152 0.095986
0.68338 0.099205
0.714547 0.103905
0.745759 0.108082
0.778095 0.112781
0.809206 0.120091
0.84034 0.126183
0.871548 0.14585
0.902708 0.160644
0.934962 0.16221
0.966023 0.173262
0.997143 0.18501
1.028267 0.201022
1.059431 0.212944
1.091743 0.221995
1.122892 0.237659
1.154022 0.253236
1.185216 0.271772
1.216381 0.289002
1.24863 0.31041
1.279739 0.330425
1.310861 0.355836
1.342033 0.382291
1.373209 0.409181
1.405434 0.432764
1.436574 0.446861
1.467669 0.448167
1.498805 0.450429
1.529956 0.455912
1.56219 0.463744
1.593306 0.456608
1.624387 0.466442
1.65564 0.462352
1.686767 0.461394
1.71912 0.475666
1.750289 0.478451
1.781316 0.478016
1.812412 0.473839
1.843568 0.52466
1.875815 0.5834
1.906996 0.637615
1.927899 0.686783
1.959056 0.769803
1.990227 0.846731
2.022444 0.924007
2.053611 1.042097
2.084748 1.145828
2.115925 1.197259
2.147075 1.258871
2.179366 1.321963
2.210452 1.397672
2.241462 1.495312
2.272711 1.595475
2.304028 1.682324
2.336378 1.789014
2.367528 1.926684
2.398633 2.058871
2.429772 2.147722
2.460947 2.087415
2.493227 2.495291
2.524419 2.657936
2.55565 2.868618
2.586817 3.047798
2.618059 3.210879
2.650384 3.329752
2.681558 3.553227
2.712688 3.933951
2.743882 4.075798
2.775062 4.384903
2.80742 4.791735
2.838576 5.02748
2.869746 5.285154
2.900985 5.761256
2.932163 5.969501
2.964382 6.248409
2.995546 6.853914
3.02671 7.508934
3.057935 7.779749
3.089172 7.727448
3.121549 8.000265
3.152774 8.204855
3.183978 7.670449
3.215188 8.057787
3.246308 8.525099
3.278527 8.564782
3.300616 8.049259
3.33173 8.383948
3.362872 8.388909
3.394227 8.039164
3.425482 8.024109
3.458022 7.71074
3.489264 7.411121
3.520432 6.82685
3.551647 6.815102
3.582791 6.571873
3.625401 6.264595
3.656621 6.229525
3.687832 6.289571
3.719124 6.461006
3.750351 6.554555
3.782692 6.181489
3.825263 6.069839
3.856562 6.086634
3.887863 5.316134
3.919198 5.442317
3.950482 5.407334
3.982967 5.590256
4.015418 7.050411
4.047779 6.797784
4.079161 4.844993
4.110413 4.786165
4.141605 4.95995
4.17284 6.585274
4.205168 6.621998
4.236395 6.621128
4.267534 6.792128
4.298717 6.962953
4.329935 6.788821
4.362209 6.738783
4.393315 7.044668
4.424526 8.932975
4.455749 9.235553
4.486889 9.319617
4.51931 9.167066
4.551563 9.106934
4.583874 9.05968
4.616228 9.391933
4.647436 9.796415
4.678436 10.088551
4.709647 9.811035
4.740779 10.212558
4.773021 7.843711
4.804144 8.018714
4.835368 7.95336
4.866617 9.121292
4.897912 10.309588
4.919924 9.438664
4.962506 9.797894
4.994979 9.606879
5.027437 7.887831
5.059793 8.569046
5.092175 10.304019
5.124653 9.829658
5.167281 10.450478
5.19983 8.140807
5.252622 8.223739
5.284903 8.363933
5.317118 8.041253
5.41034 9.133737
5.441522 8.493075
5.472744 8.452174
5.503976 8.870667
5.535273 10.213341
5.56764 10.776553
5.599966 6.983404
5.683214 6.824935
5.714452 7.641122
5.745665 8.013318
5.776789 8.415973
5.808014 8.253414
5.840429 8.426589
5.871629 8.75745
5.902819 9.108326
5.933968 9.505063
5.965184 8.654676
6.06881 8.857787
6.101244 8.685395
6.132579 8.852479
6.163822 8.520139
6.195047 8.175181
6.226263 8.356188
6.258655 7.812992
6.289973 7.667229
6.32116 7.72536
6.352423 8.011143
6.383701 8.179358
6.416223 8.929059
6.447384 9.201527
6.478662 9.391063
6.509911 9.142874
6.541103 9.064205
6.573431 9.1199
6.605909 9.402289
6.638427 9.376965
6.670861 9.383579
6.703255 9.405248
6.735623 9.56624
6.767965 9.610708
6.800437 9.39759
6.822531 9.430136
6.854698 8.508478
6.897138 7.034747
7.021071 9.670493
7.052332 9.775878
7.083633 9.33006
7.114875 7.849802
7.146061 8.110349
7.178498 8.282915
7.209865 8.717855
7.241061 9.166544
7.272302 7.925947
7.303622 8.075453
7.33604 8.016625
7.367237 8.203985
7.39846 8.790084
7.429562 10.194631
7.460825 10.459616
7.493276 10.758713
7.525651 8.638577
7.55775 8.970656
7.589959 9.843842
7.622232 10.028505
7.654713 8.429548
7.697246 9.792934
7.729596 8.465141
7.762022 8.600026
7.794166 8.749096
7.826574 9.732801
7.858899 10.206292
7.891192 10.572658
7.923364 10.84591
7.955629 8.116788
7.988086 8.409446
8.020508 9.075866
8.05296 10.093424
8.08515 10.645844
8.117524 10.712156
8.149669 7.934824
8.182156 8.155949
8.214438 8.309892
8.246844 8.87554
8.279245 10.285744
8.311576 10.589976
8.344017 8.956732
8.376314 9.11024
8.408641 9.123729
8.440981 8.308064
8.473447 9.009555
8.505772 10.065751
8.538166 10.545942
8.570864 8.053001
8.613473 8.03577
8.645955 8.720901
8.678434 8.8577
8.710867 9.042624
8.743324 9.399243
8.775842 9.928516
8.808107 7.780793
8.850809 8.084938
8.882964 10.446475
8.915313 10.145202
8.947485 10.123708
8.979847 9.901887
9.012094 7.589952
9.044638 7.839795
9.077128 7.937695
9.109406 8.242971
9.141861 8.923403
9.174078 9.210752
9.206577 9.086657
9.238814 9.355732
9.27115 9.145659
9.303467 9.131909
9.335631 8.96848
9.368024 9.33502
9.400171 9.45311
9.432385 9.867948
9.464764 10.138502
9.497121 9.722707
9.529608 8.478281
9.562012 8.827068
9.594374 10.46649
9.626675 11.309828
9.659048 8.463922
9.691542 8.802267
9.723876 8.895729
9.75607 8.900864
9.788432 9.153143
9.820503 9.784232
9.852944 10.094816
9.885396 10.429332
9.917511 8.141068
9.980462 8.58645
10.012931 9.584254
10.045363 9.085613
10.077749 9.365304
10.110114 9.574768
10.142325 7.937783
10.174734 8.331648
10.207146 8.427373
10.239592 8.543461
10.272139 8.779815
10.304601 10.492684
10.337032 7.29364
10.379637 7.369002
10.412143 7.388756
10.44431 8.824632
10.476763 8.988234
10.509152 9.03601
10.541473 9.044538
10.573939 9.037663
10.606389 8.870058
10.65916 8.891465
10.691533 9.002071
10.723711 9.217975
10.755962 8.625698
10.78816 8.721423
10.820545 8.855351
10.852866 8.863183
10.885076 9.106585
10.917406 9.160801
10.949866 9.176291
10.982177 8.907303
11.014466 8.970221
11.046885 8.88694
11.079253 9.305084
11.111622 9.211361
11.144018 9.189953
11.176356 9.09388
11.218895 9.105628
11.251165 8.224958
11.334474 8.445212
11.365631 8.292139
11.396886 8.217213
11.428137 8.260724
11.459396 7.751989
11.491878 7.853718
11.524237 8.196066
11.556646 8.020976
11.588919 8.016364
11.621101 8.636314
11.653621 8.894076
11.6861 8.948378
11.718497 8.937761
11.750911 8.759974
11.783264 8.452609
11.815453 9.140002
11.847727 9.228591
11.880163 9.094402
11.912395 9.010077
11.944681 9.150967
11.976972 9.662313
12.009421 9.767611
12.042023 9.857244
12.074594 10.000832
12.107092 10.048607
12.139473 7.869731
12.171902 8.057961
12.204347 8.527362
12.226507 10.65037
12.258962 10.904128
12.291351 10.908479
12.323637 8.601418
12.356239 8.852131
12.388724 9.152446
12.42101 9.304214
12.453417 10.447084
12.485981 10.610513
12.518413 10.959823
12.550748 8.356884
12.583023 8.570873
12.615466 9.562846
12.647856 10.313853
12.680307 10.574921
12.712527 10.702583
12.744761 10.829985
12.776947 8.206857
12.809215 8.202419
12.841598 8.521618
12.873936 9.995001
12.906155 9.996393
12.928172 10.052088
12.960427 10.150598
12.992741 8.640491
13.025135 8.642232
13.057506 8.948465
13.089755 9.811905
13.121924 11.313309
13.154176 7.782969
13.217124 7.79376
13.24937 7.987211
13.281748 9.42944
13.313989 9.772919
13.34628 9.794414
13.378489 9.792586
13.410777 9.748901
13.442942 9.037228
13.505906 9.255307
13.537997 9.132257
13.570285 9.15584
13.602608 9.111024
13.634849 8.871363
13.66715 8.998242
13.699516 9.047149
13.731922 8.654676
13.764359 8.987451
13.796722 9.294555
13.828968 8.771374
13.861192 8.83551
13.893511 8.981273
13.925599 9.166457
13.958082 9.095882
13.990653 9.050717
14.023292 9.139741
14.055902 9.113721
14.088488 9.21023
14.151772 8.989192
14.184454 9.187778
14.216969 9.515506
14.249574 9.381055
14.28223 9.462161
14.314773 9.646562
14.347209 9.772136
14.379546 9.674235
14.412025 8.402484
14.474957 8.569481
14.507343 8.606814
14.539713 8.86736
14.572135 8.704366
14.604464 8.523098
14.636696 8.591933
14.669037 8.820629
14.701314 9.046453
14.733604 9.135912
14.76596 8.417974
14.859365 8.600374
14.890564 8.525708
14.921754 8.600635
14.952897 8.574528
14.984095 8.611165
15.016439 8.727514
15.047694 8.935325
15.078876 9.279761
15.110041 8.787212
15.192203 8.954383
15.224571 9.023044
15.255794 9.213624
15.286943 8.941155
15.318182 8.846039
15.349334 9.275236
15.381676 9.377574
15.414005 9.296034
15.446309 9.9085
15.478799 8.859789
15.541739 9.07839
15.57293 8.791998
15.6042 8.368632
15.635398 8.595936
15.666603 8.801745
15.698962 8.664945
15.731227 9.20788
15.76362 9.13452
15.795752 9.751859
15.82811 8.821586
15.860493 7.580206
15.913199 7.711349
15.945307 7.753555
15.977581 7.932996
16.009891 7.906541
16.042277 7.757297
16.074595 7.686548
16.106813 7.92177
16.139109 8.592716
16.171296 9.062726
16.20361 12.224351
16.235888 8.470188
16.309044 8.650412
16.341479 8.693488
16.373785 8.70541
16.406117 8.876062
16.438488 8.501951
16.470824 8.510218
16.503217 8.845082
16.535457 8.890595
16.567801 8.943331
16.600071 9.525687
16.632249 8.00479
16.7155 7.923946
16.747726 8.051695
16.78003 7.917158
16.812317 8.039512
16.844607 7.803593
16.876743 8.484634
16.909131 8.041253
16.941502 7.893053
16.973792 8.449476
17.005973 8.41136
17.048493 8.743875
17.08079 8.720813
17.113135 8.939241
17.14541 8.974572
17.177765 8.471319
17.210046 8.964651
17.242264 9.31457
17.264271 9.11903
17.296572 8.682872
17.359477 8.973876
17.391664 9.359126
17.423858 9.315005
17.445931 9.192651
17.478312 9.795023
17.510752 9.037489
17.543149 9.329103
17.575475 8.316245
17.597519 8.193717
17.629839 8.524925
17.662299 9.828352
17.694646 11.401985
17.727006 8.482545
17.759293 8.583143
17.791611 8.872581
17.82394 9.045408
17.856081 9.357385
17.888427 10.178184
17.92082 10.108479
17.953219 8.151162
17.98557 8.411535
18.017941 9.035836
18.05025 10.404791
18.082669 10.591368
18.114996 8.654067
18.157686 8.810708
18.189979 8.788343
18.222381 9.461899
18.254978 10.90378
18.287323 10.913352
18.319572 10.756624
18.351937 7.932126
18.384207 8.145332
18.416498 8.696534
18.44897 9.794675
18.481309 9.933215
18.513626 10.00527
18.546074 9.738371
18.578396 9.182469
18.610857 8.488376
18.64319 8.800961
18.675567 8.111393
18.707829 9.60862
18.750267 9.837055
18.782557 8.531017
18.814986 8.772592
18.847197 9.032616
18.879543 9.619237
18.911827 10.254329
18.944105 10.613994
18.976323 7.301994
19.029104 7.482914
19.061532 7.787929
19.093728 9.217888
19.126009 9.399156
19.15835 9.16463
19.19072 8.971787
19.222969 9.057244
19.255187 8.559821
19.287503 8.277084
19.340186 8.378118
19.372482 8.470188
19.404666 7.970416
19.457375 8.182491
19.489578 8.418148
19.521985 9.03279
19.554359 8.997111
19.586721 8.587669
19.649792 8.744484
19.682071 8.802354
19.714255 8.862051
19.746628 8.829244
19.77887 8.050738
19.821297 8.649803
19.853433 8.47306
19.885668 7.28546
19.91798 9.165761
19.950309 9.719487
19.982648 9.832442
20.014965 9.448933
20.047403 9.664402
20.079781 9.651348
20.112152 10.110393
20.144569 6.113872
20.197353 7.582556
20.229758 7.873299
20.262086 8.011665
20.294484 8.575921
20.326777 8.676606
20.359178 8.741438
20.391626 8.975007
20.423966 8.868839
20.456304 9.248955
20.488695 8.316593
20.551726 8.427721
20.584124 8.369415
20.616662 8.410403
20.649133 7.450542
20.681641 8.406661
20.714103 8.603768
20.746453 8.858658
20.778921 8.995109
20.811356 9.030615
20.843688 8.483937
20.916862 8.614124
20.959564 8.816452
20.991792 8.553991
21.024191 8.0007
21.056575 8.435379
21.088977 8.238272
21.121259 8.296316
21.184179 8.514657
21.216715 8.645278
21.249147 8.761888
21.281542 7.895489
21.31388 8.294576
21.346261 8.63527
21.378837 8.397176
21.411278 8.718203
21.443552 8.580707
21.516663 8.645017
21.549129 8.381164
21.581527 8.932366
21.614088 9.004073
21.646519 8.840818
21.678884 8.827852
21.711282 8.340524
21.763924 7.805334
21.857481 7.949095
21.88963 8.044385
21.920838 7.556101
21.952004 7.495185
21.98316 7.67741
22.014513 6.846604
22.046943 6.918485
22.078164 7.293901
22.109313 7.765042
22.140465 7.642253
22.171652 9.265228
22.204088 9.597742
22.236372 9.819041
22.268847 9.702692
22.301278 9.899972
22.333588 9.884482
22.365942 6.764541
22.398293 6.99959
22.430558 7.033703
22.462854 8.850564
22.49535 9.285417
22.52766 9.285765
22.560065 9.243298
22.592478 8.845082
22.6247 9.261834
22.65698 9.091356
22.699676 9.425524
22.732028 9.755775
22.76444 9.660224
22.79659 9.872734
22.828834 9.814255
22.860915 9.966719
22.893224 10.300103
22.925454 8.764934
22.99841 9.056982
23.030688 9.115549
23.063025 8.863444
23.095299 8.680174
23.127552 8.583666
23.159854 9.270623
23.191984 9.512808
23.224058 9.213972
23.256295 8.862574
23.309039 9.005813
23.341381 9.19326
23.373616 9.389148
23.40591 9.149749
23.438247 9.481828
23.470731 9.245909
23.503084 7.433834
23.535401 7.813601
23.567782 6.434464
23.691797 8.962215
23.72301 8.656939
23.754199 8.650064
23.785391 8.65633
23.816635 8.353751
23.849009 8.610556
23.881187 8.097208
23.91236 8.158211
23.943527 8.385254
23.974738 8.547725
24.005929 8.681218
24.03835 9.029222
24.069475 9.342504
24.100606 10.054264
24.131727 8.893902
24.162882 9.773441
24.195281 6.418365
24.246877 6.452739
24.278161 6.404267
24.309484 6.433072
24.34076 6.513481
24.373263 6.08324
24.426019 6.122487
24.458431 5.616972
24.49065 5.487917
24.521765 5.40542
24.552994 5.151922
24.584185 5.207617
24.615369 5.057241
24.64777 5.222672
24.67896 5.224934
24.710186 5.026348
24.751653 5.152705
24.782856 5.775527
24.825361 6.314808
24.856495 6.429852
24.887795 6.456307
24.918998 6.477279
24.950187 6.350139
24.982529 3.549659
25.023905 3.547396
25.055081 3.438096
25.086414 3.524074
25.117606 5.134344
25.149917 5.443361
25.181106 5.577028
25.212213 5.680325
25.243386 5.857764
25.274607 6.19637
25.306954 9.191259
25.338098 9.31135
25.369341 9.798852
25.400535 9.920248
25.431787 10.352404
25.464303 10.95173
25.49552 9.152534
25.547057 9.170373
25.57833 9.094054
25.609583 9.641863
25.642014 10.147204
25.674433 10.009708
25.717025 10.437686
25.7494 8.442515
25.781911 8.797655
25.814252 8.547551
25.846665 10.294272
25.879176 10.532454
25.911554 9.880131
25.943979 8.152468
25.976426 8.533192
26.008961 8.247932
26.041371 8.262465
26.063591 9.273669
26.095966 9.291248
26.128441 9.435445
26.160887 10.061051
26.193377 8.585232
26.246165 8.784949
26.278623 9.188561
26.311082 9.406466
26.343387 9.647693
26.375955 9.385755
26.408333 8.096512
26.440679 8.098862
26.472927 8.116266
26.505005 8.509174
26.537138 10.543158
26.569585 11.316529
26.60201 8.080413
26.654852 8.295272
26.687226 8.533192
26.71972 8.767284
26.751923 8.796697
26.78433 8.820368
26.816586 8.556689
26.848734 8.201375
26.881069 8.333388
26.913104 8.381512
26.945235 8.501864
26.97737 8.629875
27.009538 8.765543
27.041945 8.168045
27.074295 9.344854
27.106536 9.712177
27.138625 9.469732
27.171035 8.333214
27.20307 7.003158
27.23544 7.052761
27.267743 7.222977
27.299921 8.856221
27.33215 8.732039
27.364308 6.877845
27.437427 6.539936
27.480123 6.510696
27.512472 5.345374
27.625132 5.262006
27.656296 4.40109
27.768918 4.563387
27.800073 4.433723
27.842631 4.501688
27.873877 4.189189
27.93558 4.267684
27.966794 4.271339
27.998064 4.222084
28.030478 4.181183
28.061707 4.091724
28.09285 4.314328
28.124027 4.545286
28.155175 4.303885
28.197766 4.457306
28.229 4.60307
28.260114 4.694356
28.29128 4.072927
28.322551 3.797935
28.365107 3.870338
28.396312 3.925336
28.427438 3.978681
28.468878 3.970849
28.500108 3.937954
28.532531 3.881303
28.573932 3.799762
28.604966 3.637204
28.636173 3.968847
28.738689 3.69899
28.770944 3.646428
28.802117 3.501448
28.833229 3.526772
28.864465 4.192148
28.895721 3.338193
29.080628 3.516503
29.111768 3.793845
29.142957 3.968935
29.174175 4.069446
29.205293 4.240446
29.237699 4.471665
29.26887 4.927055
29.300082 4.806007
29.331263 4.854217
29.362509 4.543894
29.395 4.69775
29.426197 4.821062
29.457368 4.966477
29.488486 5.054718
29.519783 4.352531
29.664148 4.197804
29.695279 4.259852
29.726358 4.43616
29.757541 4.87197
29.788698 4.936367
29.820911 4.937237
29.852098 4.829851
29.94434 4.834637
29.975628 5.059069
30.006909 5.30952
30.039366 5.392975
30.070649 5.486264
30.101792 5.739326
30.133041 5.862898
30.164173 6.438293
30.196586 6.74792
30.227776 7.562105
30.258898 10.202986
30.2901 8.827068
30.331562 8.636314
30.363795 8.691748
30.395042 8.929842
30.426175 8.28248
30.457293 8.487592
30.488506 8.901386
30.520779 8.390649
30.551928 8.075453
30.58313 8.193804
30.614312 8.766849
30.645486 10.073235
30.677889 10.598678
30.709062 10.554383
30.740114 6.821454
30.771215 6.969393
30.802331 7.137347
30.834737 7.159364
30.865888 8.407357
30.89694 8.208771
30.928096 8.436684
30.959229 8.40962
30.991567 8.39413
31.022725 8.227307
31.064036 8.82411
31.09518 9.195088
31.11614 9.235118
31.148369 8.875366
31.179546 9.097535
31.210729 8.990932
31.241862 8.868839
31.272988 8.01445
31.305269 8.403877
31.337426 7.512676
31.370009 7.291551
31.402082 7.045538
31.434214 7.55114
31.466498 7.757123
31.498661 8.007836
31.531061 7.967631
31.563234 7.639991
31.595708 7.98756
31.627969 8.051956
31.660422 8.258897
31.692749 7.586646
31.724984 6.27617
31.757227 6.351531
31.789421 6.503386
31.821848 7.832311
31.854211 8.337913
31.886726 8.357232
31.919282 8.481849
31.951574 7.904192
31.983959 7.906019
32.01628 8.925578
32.048604 8.812536
32.091294 9.018605
32.123751 8.789213
32.156151 8.198242
32.208803 6.292878
32.251395 6.389647
32.283748 6.912219
32.316167 7.038576
32.348429 6.201765
32.391232 7.372483
32.423655 8.099123
32.455921 8.235749
32.488324 8.266206
32.520894 8.394739
32.553203 8.43738
32.585519 8.680435
32.618029 9.140263
32.650409 9.489573
32.682808 8.97814
32.715335 8.313373
32.747705 8.269339
32.77992 8.405269
32.812006 8.60516
32.844427 8.915919
32.876831 8.949335
32.909085 10.540721
32.941208 8.39091
32.993923 8.636314
33.026407 8.707064
33.058877 8.997894
33.091329 8.657287
33.123571 8.801223
33.155869 8.916006
33.188107 8.356275
33.220649 8.62709
33.252913 8.987799
33.285095 8.718116
33.317407 8.946812
33.349754 9.119117
33.38215 9.328929
33.414488 9.245909
33.446831 9.321271
33.479213 9.170373
33.511466 8.937587
33.543643 7.166239
33.576113 7.417038
33.608659 9.431616
33.640869 9.312133
33.673226 9.186733
33.705492 8.820281
33.73787 9.710524
33.770286 7.602745
33.833103 8.656156
33.865469 8.981882
33.898031 9.211535
33.930544 9.467469
33.96319 9.744201
33.995483 7.834399
34.027966 8.08372
34.0603 8.085721
34.092701 8.361322
34.125189 10.586582
34.157292 10.334825
34.189572 7.777922
34.221833 8.077715
34.254222 8.031071
34.286585 7.901668
34.318887 8.427199
34.351181 8.591759
34.383438 8.769111
34.415755 8.779728
34.448217 8.659549
34.480622 8.322597
34.513049 9.56389
34.545513 9.839926
36.794576 8.068317
36.827293 8.325469
36.859869 9.875258
36.892359 9.885178
36.924876 10.228483
36.957396 9.751772
36.990025 10.362933
37.022639 8.716462
37.096156 8.932192
37.128706 9.144353
37.161401 8.891465
37.193914 9.214407
37.226496 8.816277
37.259068 9.572418
37.291631 9.208663
37.32416 8.861355
37.407438 9.169416
37.439711 9.201875
37.472062 8.924447
37.504493 9.586081
37.536886 9.232333
37.569147 8.818192
37.601433 8.98632
37.633849 9.448411
37.666139 10.362411
37.698539 12.587236
37.730898 8.589931
37.814178 8.615864
37.846572 8.309022
37.877761 5.024695
38.061494 6.889941
38.092718 2.946591
38.337703 0.692266
38.370098 1.63742
38.4014 2.211771
38.432548 2.943197
38.463656 3.805941
38.494831 4.311456
38.527172 4.629263
38.558395 5.16045
38.589658 5.614535
38.620949 5.784839
38.652306 11.254569
38.684721 7.86068
38.756669 8.168045
38.787855 8.48855
38.818948 8.684612
38.850097 8.76241
38.882372 8.921662
38.913614 9.115462
38.94472 8.849607
38.975824 9.426829
39.00691 8.445299
39.100309 8.619606
39.131477 8.002005
39.162568 7.731539
39.193661 8.148378
39.224791 7.957711
39.246958 8.251587
39.278164 8.305193
39.309253 7.864509
39.340271 7.933344
39.371377 8.068926
39.403775 7.279107
39.455286 7.407118
39.486433 7.415733
39.517574 7.550531
39.548715 7.353076
39.581071 7.395195
39.612217 7.428003
39.643439 7.505105
39.674582 7.52338
39.705735 7.924294
39.738055 8.273952
39.770524 11.452546
39.801717 8.276997
39.86346 8.308413
39.89461 8.20999
39.925767 8.098949
39.95813 8.544157
39.990415 8.972483
40.02286 8.576008
40.055307 8.536847
40.087411 8.570786
40.119475 7.80777
40.172017 7.891747
40.204072 7.961279
40.236275 8.017147
40.268584 8.046909
40.300876 7.975724
40.333295 8.075104
40.365475 7.997654
40.397583 8.053697
40.429636 8.299101
40.461903 8.530147
40.494215 8.995109
40.526303 9.3365
40.558403 9.580773
40.590597 9.571896
40.623035 9.71383
40.655444 9.508022
40.687761 10.072451
40.720091 10.197503
40.752536 7.490833
40.784943 9.294729
40.81718 10.117181
40.849441 10.012667
40.881575 9.971157
40.913642 9.860812
40.945934 9.828004
40.978347 7.983121
41.020706 8.030114
41.053014 8.336608
41.085276 9.240078
41.11738 9.383492
41.149458 9.283503
41.181493 9.354078
41.213729 7.851978
41.246103 8.246278
41.278423 8.622913
41.310719 10.10465
41.342922 10.222392
41.375276 10.440645
41.407589 8.10417
41.439769 8.07084
41.472193 7.971808
41.504468 7.938218
41.536705 8.943853
41.56878 8.554774
41.600975 8.20033
41.633268 8.625349
41.665685 8.790867
41.698004 8.358625
41.730313 8.442167
41.76274 8.249585
41.795161 8.003572
41.827616 8.051347
41.859956 8.781729
41.892426 8.452174
41.924856 7.668186
41.956959 7.085655
41.989192 7.225501
42.021571 8.663291
42.053962 9.205617
42.07593 9.345898
42.108315 9.491052
42.140532 9.594609
42.172699 6.310892
42.204863 7.594913
42.237048 8.469057
42.269438 8.587669
42.301639 8.836902
42.333736 8.993891
42.365777 9.048106
42.398113 8.430941
42.430155 8.847432
42.462416 8.944723
42.494879 9.174202
42.527261 9.243907
42.559528 9.384275
42.591822 9.291683
42.623968 9.625937
42.656396 9.776748
42.68855 9.781882
42.720746 8.874583
42.753069 7.701168
42.785561 8.648672
42.817701 9.84332
42.849897 9.821565
42.882056 9.853676
42.914219 9.642037
42.946361 10.088551
42.978626 9.097883
43.011204 8.334258
43.043755 10.220825
43.076061 10.588932
43.108289 10.887072
43.140542 8.295446
43.172748 8.366457
43.204896 8.624392
43.237236 8.607684
43.269374 9.75125
43.301653 10.348575
43.333896 10.509915
43.36607 8.448345
43.408439 8.802963
43.44043 9.299515
43.472772 10.061399
43.504947 9.875432
43.537091 9.517159
43.569099 9.083786
43.601258 8.298144
43.633386 8.262987
43.665754 8.307194
43.698333 8.482371
43.730576 8.962302
43.752463 9.308043
43.784708 9.673974
43.816864 9.893184
43.849052 7.131081
43.881197 8.60342
43.913599 8.949857
43.945751 8.830636
43.977845 8.989105
44.010188 8.89016
44.042582 9.050543
44.074859 9.08335
44.107107 9.00268
44.139415 9.101364
44.171617 9.348509
44.203927 9.48644
44.23609 9.869427
44.258029 10.028679
44.290278 10.09647
44.322677 10.112482
44.354984 7.41904
44.387351 7.687766
44.419642 8.946551
44.451938 10.21543
44.4843 9.078129
44.55762 10.156602
44.590026 8.965086
44.621202 8.75336
44.652424 9.290987
44.683679 11.360388
44.714877 5.993607
44.838793 6.234138
44.870965 6.429765
44.90213 6.466836
44.933226 6.823369
44.964371 7.09984
44.995581 7.141176
45.027856 7.232898
45.059029 7.843189
45.09022 8.310762
45.121374 8.799395
45.152544 8.205639
45.235733 8.362193
45.266913 8.366196
45.298093 8.386559
45.329265 8.331648
45.360382 8.232094
45.392607 8.20912
45.423729 8.197197
45.454828 8.621085
45.485991 9.052805
45.517184 9.019128
45.600405 9.299863
45.631502 9.413515
45.662655 9.001114
45.70409 9.242341
45.735348 9.004247
45.767616 9.04506
45.798737 9.22337
45.829892 8.722032
45.871237 9.408903
45.902493 7.826567
45.975604 7.946137
46.006835 7.845886
46.038002 7.903147
46.069145 7.947355
46.100273 8.024022
46.132488 8.267077
46.163709 7.941524
46.194874 8.323467
46.22596 8.521618
46.257123 8.550858
46.310035 8.645104
46.341172 8.93167
46.372287 8.752751
46.403493 8.576791
46.434682 7.601788
46.497462 8.222086
46.529621 8.243668
46.560727 7.825784
46.591868 8.294663
46.623101 8.29153
46.654323 8.613079
46.686753 9.007031
46.717913 8.970482
46.749049 8.007488
46.790486 8.803311
46.821641 8.503082
46.853942 7.031614
46.885124 9.209707
46.916242 9.978206
46.94736 10.186364
46.978473 10.564391
47.010782 7.100362
47.082661 7.280673
47.113759 8.193455
47.144884 9.364782
47.176023 9.722533
47.208236 10.245627
47.239395 9.708957
47.270501 8.854306
47.301652 8.99685
47.332691 9.242167
47.364909 10.837904
47.395998 8.883372
47.457697 9.034966
47.488889 9.129647
47.520141 9.363825
47.552425 9.133563
47.583505 8.944984
47.65537 10.512874
47.686589 9.060724
47.748403 9.045234
47.780734 8.961431
47.812877 9.04506
47.845122 9.076389
47.877283 9.403333
47.909502 8.932279
47.941747 8.662856
47.974062 8.687223
48.006516 7.841013
48.03881 7.977552
48.071187 8.191454
48.103359 9.738806
48.135609 8.197981
48.167827 8.221738
48.199931 8.564521
48.232269 8.796088
48.264657 8.887288
48.296781 9.058897
48.328864 6.691268
48.361097 6.852695
48.393209 6.992454
48.42536 9.764565
48.457691 9.899798
48.489894 9.860725
48.522141 8.835684
48.554389 8.946899
48.586713 8.998503
48.618926 8.513786
48.671714 11.341505
48.704086 8.556602
48.756819 8.820629
48.789165 7.607705
48.831794 8.967784
48.863986 9.460855
48.906429 10.24641
48.938642 10.556646
48.97069 8.987886
49.05387 8.847954
49.086239 8.603507
49.118427 9.211535
49.149673 8.140894
49.191044 8.416495
49.222211 8.461312
49.253349 7.870253
49.285681 7.705432
49.31677 9.154796
49.347918 9.266185
49.379098 9.3821
49.410268 9.198569
49.442617 8.779554
49.47383 8.805748
49.504972 9.135738
49.536191 9.882568
49.567447 9.672321
49.599932 9.137566
49.631131 9.102756
49.66243 8.999112
49.693637 8.994848
49.724877 8.831768
49.757303 8.56104
49.78955 8.429461
49.821966 8.674865
49.844168 8.242014
49.886798 8.538762
49.919435 9.099014
49.951843 9.171504
49.984228 9.53117
50.016738 9.701299
50.049195 9.65509
50.081607 9.225023
50.114089 9.209185
50.146666 6.908912
50.179133 7.012295
50.211555 7.758951
50.243947 8.582012
50.276366 8.076845
50.318907 8.249324
50.351332 8.540241
50.383646 8.487941
50.416121 8.33217
50.448387 8.658331
50.480725 10.348227
50.513063 10.513831
50.545446 6.957297
50.628562 7.074255
50.661041 7.121596
50.692255 7.191475
50.72348 8.284394
50.754698 8.545376
50.785901 8.716375
50.818281 8.726383
50.849448 9.098405
50.880694 9.666403
50.911878 8.730821
50.983804 8.830027
51.016255 8.527014
51.048647 9.055242
51.081002 8.907129
51.113322 9.030963
51.145684 9.152969
51.178038 9.263226
51.210357 9.203181
51.242779 9.537957
51.27517 8.260115
51.348278 8.623783
51.380679 8.509435
51.413019 8.528406
51.445365 8.323206
51.477739 8.328254
51.510157 8.421716
51.542679 8.364281
51.575172 8.782948
51.607603 8.886418
51.640026 8.62622
51.672352 9.583296
51.704728 8.701233
51.737128 8.455307
51.779667 9.015647
51.811658 9.297165
51.843905 9.305607
51.876223 8.555035
51.908385 9.081523
51.940699 9.443016
51.973159 8.549205
52.056485 8.654589
52.088903 8.675649
52.120062 9.066729
52.151163 9.329712
52.182441 9.401158
52.213631 9.094576
52.246098 7.894532
52.278444 8.022195
52.310685 7.947877
52.343056 8.382034
52.375385 10.368938
52.407577 9.897274
52.43989 9.011644
52.472365 8.408489
52.504759 8.463661
52.537165 8.595675
52.569524 9.144179
52.612097 10.039644
52.644416 8.678259
52.676813 8.201287
52.698753 8.718551
52.731256 10.027112
52.763669 9.494794
52.796108 10.540808
52.828554 7.189561
52.881342 6.807444
52.913716 6.907955
52.946187 8.234965
52.978452 8.869187
53.010967 8.670253
53.053584 9.571374
53.086001 9.890139
53.118392 9.68111
53.150454 8.98867
53.213322 9.13304
53.245615 9.17864
53.278004 9.459115
53.310474 8.554165
53.352986 9.265576
53.385207 8.969438
53.4175 8.344788
53.44982 8.620737
53.482166 8.908696
53.514592 11.203486
53.546954 6.814841
53.630223 7.112632
53.662533 7.192955
53.684727 7.249345
53.717068 6.963301
53.769883 7.870862
53.802133 8.345049
53.834618 8.134019
53.866974 8.226089
53.899438 8.155252
53.931799 7.992346
53.964188 6.330211
54.037285 6.477366
54.069785 6.308542
54.102112 6.399742
54.134667 6.365281
54.167035 5.426044
54.199622 5.647082
54.230813 5.464769
54.262056 5.196652
54.29326 5.739065
54.324532 6.131538
54.356913 6.285307
54.38804 6.32351
54.419228 6.584491
54.45046 7.565586
54.481691 6.531146
54.514107 6.556644
54.545355 6.687265
54.576584 6.513742
54.607754 6.333431
54.638937 6.256676
54.671395 6.35623
54.703808 6.423934
54.736297 6.159907
54.768646 8.529886
54.800959 8.613688
54.833351 9.003812
54.865836 9.29264
54.898276 9.554579
54.930801 9.598786
54.963053 9.733846
54.995453 11.176944
55.027824 8.935325
55.10096 9.121292
55.133169 8.913917
55.165533 8.188756
55.218316 8.5888
55.250506 8.980141
55.271459 8.962737
55.302644 8.737609
55.333893 8.868056
55.405835 9.138697
55.438286 9.095447
55.469532 9.605661
55.500713 9.396023
55.531854 8.920705
55.563049 7.324185
55.595423 7.397719
55.627667 7.352206
55.659989 7.834661
55.692408 8.581664
55.72485 10.083329
55.757297 9.756646
55.78977 8.928972
55.822036 8.861355
55.854369 9.228591
55.886827 10.056439
55.918968 9.771178
55.951242 9.911111
55.983794 7.549835
56.036584 7.744505
56.069068 8.146376
56.101397 7.179901
56.194811 8.339567
56.2272 8.383165
56.25842 8.387516
56.289599 7.905845
56.320804 7.977291
56.352089 8.075278
56.384427 9.149749
56.415669 9.330234
56.436666 6.76576
56.478024 6.867663
56.509351 6.845211
56.541707 6.805355
56.572855 6.999851
56.604231 7.931517
56.635488 8.071972
56.666784 8.181881
56.699278 8.20268
56.730561 8.066402
56.761894 8.186581
56.793106 8.771113
56.824393 9.094141
56.856792 9.38384
56.887845 9.327449
56.919074 8.945767
56.95034 9.149401
56.981588 9.672495
57.014046 9.833487
57.046406 9.076563
57.088967 9.307434
57.12134 9.537783
57.153615 9.611318
57.18593 9.089703
57.218295 9.264184
57.250674 8.79661
57.282896 8.839077
57.315234 9.12399
57.347539 8.945767
57.37981 9.342591
57.412142 6.944243
57.49566 8.435205
57.528018 9.302213
57.559158 9.586603
57.59039 7.461768
57.6216 7.828395
57.652799 9.819041
57.685089 9.903105
57.716341 10.373028
57.747676 7.640252
57.778889 7.963106
57.810096 8.206074
57.842467 8.155078
57.873697 9.333541
57.904889 10.121793
57.936022 9.357124
57.967157 10.455178
57.999608 8.773201
58.031879 9.063944
58.064345 9.944963
58.096821 10.186799
58.129319 9.666403
58.171995 10.06314
58.204412 7.37109
58.247088 7.430527
58.279721 8.235226
58.31221 9.008859
58.344473 9.068644
58.377022 9.108413
58.40949 9.310654
58.441903 9.695121
58.474357 8.742134
58.537281 8.469405
58.569748 7.389974
58.663261 7.487092
58.695649 7.396327
58.726901 7.48918
58.758152 7.517898
58.789349 7.226284
58.8205 7.364041
58.852987 7.092008
58.884217 6.46031
58.935821 6.619735
58.967082 6.632267
58.998438 6.63888
59.030962 6.586841
59.062279 6.559951
59.093567 6.758189
59.124889 6.923358
59.156163 6.670557
59.188526 6.507215
59.219806 6.61025
59.250993 8.225132
59.282329 7.98521
59.313557 7.957972
59.346004 8.430593
59.377281 8.36489
59.4084 8.805748
59.439545 9.667795
59.470746 9.750032
59.503202 8.698971
59.595462 8.858222
59.626724 8.87058
59.657989 8.732736
59.689217 8.616647
59.721659 8.088245
59.743932 7.92995
59.776283 7.784622
59.808638 7.193564
59.841141 7.398763
59.873461 8.026894
59.905902 8.526492
59.938238 8.472189
59.960389 8.671036
59.992858 8.845691
60.02525 9.06786
60.057671 9.080044
60.090121 9.046627
60.112167 6.750705
60.144527 6.761583
60.176916 7.839795
60.209287 9.503757
60.241785 9.030615
60.263724 8.950031
60.296041 8.456177
60.328456 8.096947
60.360722 7.958842
60.39311 7.538087
60.425496 8.201113
60.457836 9.424045
60.4903 10.406532
60.522754 7.251173
60.585774 7.483263
60.618193 7.990344
60.650884 8.567479
60.683407 8.774333
60.715868 8.612122
60.748418 8.562606
60.78098 8.453654
60.813475 8.144026
60.845791 8.389431
60.878348 8.430854
60.910829 9.737588
60.94327 10.603551
60.96554 8.305367
60.997939 8.62622
61.030447 8.865097
61.062959 8.795914
61.095314 8.959082
61.127608 8.270993
61.160211 8.366979
61.1926 9.219193
61.224895 9.584254
61.257317 8.970395
61.289646 9.164543
61.322093 9.032094
61.354532 9.069688
61.386995 9.153578
61.419496 9.338762
61.451947 9.664837
61.484344 9.874562
61.516771 7.635813
61.549206 7.912111
61.581625 9.350945
61.614126 10.087941
61.646555 10.241972
61.678808 10.852088
61.711168 7.661833
61.743466 7.900189
61.775929 7.811164
61.808462 7.779227
61.84105 8.321901
61.873594 8.402136
61.906173 8.838033
61.93874 9.262443
61.971323 8.253936
62.003877 8.528145
62.036403 9.929473
62.06891 9.552142
62.101389 9.875693
62.13404 10.150076
62.166477 6.297142
62.209036 6.344308
62.241301 6.514786
62.273704 6.173483
62.377517 6.28026
62.408856 6.258765
62.440201 6.446212
62.471534 6.857308
62.502758 7.041187
62.535107 6.883066
62.56627 7.009772
62.597408 6.071231
62.648953 6.212469
62.680159 6.239707
62.712585 6.120747
62.743594 5.925903
62.774763 6.066097
62.805928 5.981771
62.83711 5.788059
62.869479 5.217015
62.961759 5.709999
62.99293 6.135367
63.024093 7.419388
63.055378 7.367783
63.087835 7.238729
63.108802 7.542003
63.140022 6.859918
63.222141 7.621716
63.253361 7.800635
63.285764 6.407313
63.316937 6.557775
63.347966 7.416081
63.389294 7.413035
63.420427 7.653305
63.452693 8.044211
63.483933 8.235749
63.515051 7.857025
63.546155 8.56774
63.577403 8.665119
63.609882 7.612056
63.641042 7.834399
63.672109 8.172222
63.703277 8.106172
63.734445 8.072755
63.766896 8.065271
63.798085 8.060137
63.82929 6.440207
63.901165 6.564128
63.932419 5.394542
64.036008 5.518984
64.06839 5.760908
64.099559 5.9789
64.130662 5.828611
64.161784 5.541001
64.192943 5.554054
64.225325 5.547441
64.256381 5.141305
64.307921 4.812794
64.349217 4.420496
64.400823 4.122269
64.483983 4.167956
64.516309 4.083282
64.557589 3.975548
64.619312 4.347397
64.640306 4.204853
64.671422 4.178659
64.703696 4.185621
64.734878 4.300839
64.766067 4.306496
64.797304 4.346613
64.828461 4.07606
64.860704 3.835355
64.92246 3.736497
64.953585 3.680802
64.984797 3.762516
65.016024 3.894095
65.048423 3.632766
65.07964 3.645819
65.110914 3.564366
65.142193 3.625543
65.173389 3.67619
65.205541 3.667227
65.236721 4.31311
65.278124 4.514219
65.309244 4.707584
65.340496 3.628762
65.372874 3.700469
65.404078 3.783315
65.424995 3.848495
65.537569 3.78871
65.568767 3.777832
65.621453 3.810292
65.652707 3.720746
65.744942 3.626152
65.776212 3.613185
65.807372 3.682717
65.839648 3.432439
65.870799 3.472992
65.901921 3.506844
65.933037 3.430002
65.964182 3.508062
65.996507 3.323922
66.027526 3.268662
66.058602 3.249691
66.089737 3.294769
66.120977 3.304951
66.153257 3.377354
66.184392 3.319919
66.215523 3.557839
66.246758 3.693507
66.278023 3.797065
66.371366 3.86268
66.453415 3.958753
66.484584 3.994432
66.546314 3.375874
66.608048 3.324879
66.640371 3.275537
66.671433 3.330448
66.702618 3.264311
66.733736 3.318787
66.764945 3.267618
66.868576 3.346112
66.890519 3.348636
66.972686 3.398413
67.003809 3.199305
67.035048 3.115328
67.076449 3.179377
67.108656 3.177288
67.139789 3.204352
67.170877 3.35934
67.202059 3.427218
67.233273 3.503102
67.26558 4.068663
67.296682 3.767129
67.337992 3.830829
67.369015 3.959101
67.400177 3.674536
67.483494 2.928403
67.524842 3.004722
67.556057 3.027348
67.587245 3.091658
67.618433 3.095574
67.650967 3.053368
67.682209 3.649039
67.723515 3.657045
67.764889 3.627196
67.796169 3.340456
67.828534 3.165714
67.859713 3.206267
67.890993 3.376744
67.922335 3.418951
67.953536 3.30878
67.99617 4.203113
68.0275 5.086742
68.058714 4.45017
68.161178 3.722138
68.192417 3.797413
68.224906 3.902101
68.317147 3.730666
68.409416 3.872339
68.440489 3.746243
68.471709 3.531906
68.504103 3.438792
68.535175 3.656784
68.56642 3.855544
68.597672 4.164475
68.62888 3.974852
68.661191 4.061092
68.692404 4.295531
68.72368 4.365062
68.75486 4.414926
68.786135 4.588276
68.818542 4.872144
68.84972 4.912523
68.880869 3.892006
68.912061 3.539825
68.963612 3.652955
68.996064 3.549398
69.027241 3.521637
69.058481 3.597173
69.089638 3.479954
69.120916 3.521811
69.153231 3.607355
69.184405 5.351639
69.367919 6.178965
69.399065 6.7105
69.430231 5.585209
69.493077 6.739392
69.524195 7.539479
69.555382 7.963715
69.586507 8.203463
69.617768 6.339261
69.650207 6.299666
69.681341 6.68918
69.712505 7.129689
69.743709 7.420519
69.774914 6.544809
69.807373 6.414188
69.838485 5.906497
69.86965 5.921726
69.900753 6.81223
69.93196 10.217257
69.964359 10.184711
69.995589 10.077412
70.026802 8.815929
70.058037 8.694968
70.089268 8.767545
70.121608 9.330321
70.152831 9.87491
70.184022 10.088464
70.215201 9.936435
70.246423 9.695817
70.278751 9.80242
70.309923 8.882415
70.341057 8.415277
70.392616 8.306063
70.423749 8.358451
70.456063 7.981381
70.48827 6.98906
70.540953 7.55584
70.573288 7.75399
70.605515 8.293445
70.636671 8.635879
70.667831 8.261594
70.698976 8.450086
70.730185 8.668861
70.762565 8.84221
70.793795 9.248433
70.825043 6.883414
70.866464 6.91892
70.897683 6.871405
70.96052 7.087657
70.991682 9.618889
71.02286 9.701299
71.054062 9.281327
71.095448 8.679739
71.127787 8.170133
71.158886 8.015668
71.190123 7.480913
71.22129 8.448606
71.25251 8.004877
71.284886 7.874952
71.316128 7.386232
71.347225 7.493357
71.378424 7.550618
71.409638 6.684741
71.44211 6.482936
71.47314 6.760886
71.494023 6.968697
71.525187 6.584752
71.586819 7.15362
71.619224 6.913002
71.651637 7.15771
71.68398 5.870904
71.725416 5.540653
71.766909 5.568326
71.798142 6.030678
71.82947 6.408357
71.862017 6.352053
71.893254 6.22996
71.924351 6.182881
71.955557 5.863595
71.986733 5.162713
72.120946 6.033115
72.15221 5.908237
72.183488 6.0312
72.21463 6.133017
72.245853 5.352249
72.298672 5.376441
72.329923 4.754663
72.391541 4.936367
72.422662 4.457132
75.352878 3.559405
75.385107 3.441663
75.436625 3.743458
75.46779 3.971458
75.499043 3.958492
75.530325 3.908889
75.562671 3.870512
75.593901 4.048473
75.625072 3.863898
75.656296 3.742327
75.687444 3.475863
75.781023 3.462114
75.85453 3.583598
75.88572 3.661135
75.916872 3.707518
75.948017 3.747723
75.979341 3.779399
76.011902 3.875211
76.043123 3.710564
76.125064 3.362995
76.20736 3.269881
76.309792 3.47421
76.342148 3.133951
76.373325 3.005418
76.404482 3.096705
76.435587 3.928121
76.466967 4.115307
76.499221 4.144459
76.530316 4.181879
76.561467 3.979986
76.592563 3.32601
76.623764 3.458807
76.656096 3.515894
76.687275 3.673579
76.718376 3.619451
76.749505 4.081977
76.984259 5.241295
77.016526 5.624456
77.04776 5.878911
77.07895 6.095597
77.11011 6.164519
77.202342 6.117005
77.244859 6.176528
77.276038 6.184012
77.307164 5.050454
77.338356 4.948637
77.369511 4.977006
77.391698 5.228415
77.42284 5.438836
77.454032 5.423433
77.485176 5.840359
77.516411 6.355882
77.548619 6.678563
77.579765 7.013688
77.610852 6.708847
77.70301 6.64445
77.734249 6.652717
77.766515 6.718941
77.797696 6.491725
77.828911 6.22996
77.860139 6.084458
77.89131 6.014144
77.923476 6.358841
77.955931 7.279194
77.988305 10.777249
78.020447 10.841211
78.052975 8.35906
78.085325 8.661638
78.117531 9.023827
78.150022 8.917485
78.182481 8.045952
78.215001 7.746158
78.267682 8.893815
78.300016 8.603246
78.33231 8.52127
78.364586 8.650412
78.397078 9.22337
78.429095 9.026437
78.461403 9.544223
78.493603 10.087506
78.526011 10.576748
78.558252 7.67158
78.590448 7.865728
78.622584 7.919682
78.654679 9.388278
78.717355 10.822675
78.749312 10.64628
78.78135 8.425458
78.813384 8.61804
78.845636 9.79363
78.877889 9.947313
78.91005 10.148074
78.942081 9.763085
78.974318 10.178097
79.006269 9.198743
79.038437 9.628461
79.070748 11.370309
79.102914 11.414256
79.134967 8.524838
79.187525 8.780772
79.219535 9.020259
79.251609 8.879804
79.28361 9.541177
79.315576 10.250152
79.347674 10.446736
79.379614 10.274605
79.41152 9.364956
79.474146 9.556841
79.506357 9.032094
79.538387 9.504628
79.570476 9.723403
79.602637 9.549618
79.634653 9.271842
79.666766 8.509957
79.699074 8.804703
79.720877 9.115375
79.753094 10.101952
79.78531 11.207838
79.817357 8.47715
79.849668 8.68731
79.882164 7.829178
79.924785 7.99661
79.956874 8.195457
79.989329 7.798285
80.021795 7.725534
80.054299 8.044908
80.086618 7.981207
80.119171 7.756427
80.151502 7.581424
80.193971 7.752598
80.226275 7.725447
80.25822 7.735977
80.290393 7.86538
80.322871 7.702473
80.354988 7.672015
80.387003 7.84754
80.419242 7.957276
80.451285 8.839687
80.48325 8.585754
80.515401 8.461486
80.547504 8.71507
80.579548 8.736913
80.611807 8.698623
80.644152 8.087723
80.676386 8.05448
80.708681 8.084764
80.740913 8.493684
80.773211 8.790432
80.805413 8.89747
80.837609 8.048475
80.869999 8.280565
80.902146 8.435379
80.934237 8.686178
80.966431 8.726383
80.988242 8.615864
81.0204 8.553295
81.062961 6.770372
81.095216 7.029265
81.127399 9.901452
81.159431 10.701626
81.191442 10.29784
81.223591 8.120269
81.266091 8.427286
81.298234 8.746311
81.330512 8.630049
81.362637 9.381664
81.39465 9.926514
81.426816 10.004922
81.459034 10.308805
81.491274 8.586189
81.523525 8.983709
81.555713 10.511916
81.587805 10.661596
81.620017 10.723469
81.652263 10.605466
81.684351 8.238533
81.716541 8.349226
81.748739 8.088419
81.780921 9.344854
81.812957 9.568067
81.845102 9.477999
81.877512 9.329277
81.909761 9.068731
81.942262 7.804899
81.974772 9.281501
82.007106 10.005966
82.039605 9.822609
82.071956 9.59165
82.104185 9.672582
82.136376 8.245147
82.168671 7.125251
82.201066 7.288854
82.233149 7.376312
82.285897 8.325382
82.318024 8.923577
82.350205 8.335303
82.382666 8.228003
82.414994 8.344179
82.447101 9.065424
82.479591 8.690094
82.512043 8.791128
82.533936 8.710458
82.566082 8.996937
82.598315 9.377313
82.630398 7.576116
82.66241 7.796893
82.694757 8.127927
82.726986 7.659136
82.759092 9.702779
82.79123 8.394217
82.823271 8.470362
82.855374 8.632659
82.887816 8.488898
82.920008 9.629244
82.952058 10.136761
82.984315 10.133106
83.016479 10.14207
83.048626 9.085091
83.091231 9.172723
83.123308 9.572505
83.155497 9.616626
83.187558 9.760997
83.219676 9.62324
83.251769 8.462704
83.283867 8.551293
83.315874 8.720813
83.347948 9.115897
83.380068 10.67082
83.412224 8.141764
83.485152 8.382121
83.517233 8.563998
83.549329 9.611927
83.581387 9.335194
83.613493 9.19648
83.645575 9.141221
83.677676 8.482023
83.70991 8.432594
83.74208 7.748073
83.79478 8.46427
83.827055 8.541982
83.8591 8.452522
83.891399 7.663052
83.923514 8.011578
83.955758 8.247323
83.987878 8.133323
84.020013 8.51396
84.052305 6.607552
84.084461 6.796566
84.116518 6.838946
84.148563 8.125317
84.180562 8.047866
84.212612 7.895925
84.244797 7.71718
84.276926 8.389431
84.308953 8.040469
84.341185 7.949531
84.373549 6.563954
84.42619 6.529145
84.458429 5.933909
84.51122 6.6582
84.54352 6.895859
84.574707 7.364912
84.605756 6.583534
84.657261 6.263899
84.688367 6.27295
84.761407 7.203745
84.793718 7.318267
84.824843 6.909434
84.855935 5.088396
84.887113 5.332233
84.918503 6.247713
84.950935 7.21062
84.982145 7.305562
85.013168 7.425131
85.044372 6.208814
85.075682 6.400873
85.108123 6.469186
85.13923 8.606466
85.170266 8.959517
85.20149 8.62944
85.232702 8.901386
85.264927 6.515395
85.387631 8.146202
85.418732 8.888854
85.449835 9.00268
85.481015 9.453719
85.513281 3.932298
85.666501 3.943959
85.697551 4.245406
85.728633 4.405267
85.759724 4.547984
85.873379 5.980466
85.905689 6.416537
85.936794 6.615906
85.967823 9.216582
85.998905 5.472688
86.152234 5.483305
86.184528 5.533343
86.215616 5.915547
86.246857 6.30715
86.278327 6.170002
86.309724 6.537934
86.342328 7.049193
86.373625 7.348464
86.404916 7.66923
86.436233 7.818996
86.467629 9.448672
86.500122 8.270035
86.553007 8.238968
86.585391 8.141329
86.617773 8.196675
86.650069 8.230092
86.682297 8.371156
86.704228 8.444603
86.736155 8.470797
86.768062 8.335651
86.800242 8.133236
86.832243 8.0691
86.864323 8.127492
86.886195 8.475148
86.918395 6.685003
87.021952 7.415385
87.053101 8.033682
87.084211 7.879303
87.115246 8.061877
87.146392 7.764346
87.178758 7.697426
87.209869 7.870079
87.24091 5.635334
87.322889 5.327795
87.354063 5.097794
87.457593 5.479302
87.490066 5.736454
87.521184 5.838271
87.552428 5.934866
87.583658 6.164867
87.61489 5.844537
87.64732 6.064095
87.678395 6.212817
87.709526 7.112894
87.740646 6.536629
87.771793 6.603984
87.804186 5.849323
87.92688 6.375114
87.958108 6.200895
87.989257 5.908672
88.020465 5.98299
88.052807 5.673798
88.083934 5.442578
88.115088 4.445384
88.248052 3.7747
88.41198 3.840924
88.454465 3.952139
88.48561 3.548266
88.51672 3.609791
88.547943 3.845449
88.579099 3.882173
88.611357 3.992344
88.642485 4.125401
88.673578 4.398218
88.704764 4.07049
88.796893 3.676712
88.900391 3.747462
88.932553 3.570631
88.98402 3.55079
89.04573 3.610575
89.076907 3.758426
89.108124 3.753292
89.181169 3.830655
89.212279 3.74868
89.24329 3.632156
89.274357 3.358209
89.325944 3.296422
89.35821 3.358122
89.389322 3.238987
89.471251 3.249256
89.533041 3.159971
89.564283 3.445754
89.596623 3.941087
89.62777 3.869554
89.658848 3.87817
89.690016 3.949006
89.721182 3.989559
89.753387 4.104864
89.784548 2.934669
89.927577 2.936409
89.958818 3.402155
90.020649 3.71213
90.114099 3.035789
90.216469 2.897162
90.318901 3.331058
90.349997 3.384315
90.421916 3.544263
90.454211 3.673231
90.485245 3.659656
90.526634 3.718396
90.557762 3.696553
90.60942 3.927512
90.641733 3.808377
90.693227 3.945525
90.724373 3.376657
90.755451 3.379181
90.796763 3.434702
90.829007 3.526946
90.870288 3.2208
91.033629 3.153444
91.064707 3.14918
91.095804 3.162146
91.127963 3.208878
91.158975 2.845731
91.556253 3.403983
91.750018 4.211293
91.781135 4.03542
91.85418 4.004353
91.895414 4.113392
91.926492 3.992605
91.9575 4.022976
91.988706 3.986165
92.020865 3.320093
92.051965 3.337236
92.123736 3.445405
92.164939 3.511108
92.196029 3.607442
92.330112 3.51337
92.361169 3.700817
92.392226 3.836921
92.4233 3.62972
92.545983 3.969544
92.578184 4.048734
92.609271 4.028458
92.640437 4.570523
92.691803 4.972307
92.722846 4.976832
92.75493 5.111805
92.785972 5.156447
92.81698 4.754576
92.847999 3.104102
92.89942 3.266052
92.931764 3.604309
92.962917 3.709259
92.994096 4.417711
93.086393 4.486111
93.117567 5.867598
93.149737 7.8297
93.180829 7.92995
93.222153 7.222629
93.253413 7.171199
93.294762 8.551902
93.327041 8.351228
93.358098 8.779554
93.389137 8.825241
93.420237 8.814885
93.45132 8.884242
93.483459 9.63725
93.514535 9.007815
93.545533 9.603747
93.586692 10.465359
93.617699 7.45176
93.649902 7.484829
93.680945 9.559626
93.711952 9.235901
93.742954 8.720552
93.774015 8.838642
93.806328 8.436423
93.838453 7.296599
93.90104 7.399721
93.933109 8.815146
93.965134 6.996022
94.119402 8.901821
94.150428 8.596371
94.181371 7.881566
94.212387 7.087222
94.263596 6.146941
94.326151 5.974462
94.368292 5.792932
94.410337 6.109956
94.442259 6.135106
94.474195 5.768392
94.506047 5.132255
94.619408 4.777463
94.701307 3.902014
94.813517 4.654065
94.844566 4.736649
94.875624 4.669381
94.907832 4.602025
94.938934 3.855022
95.132839 3.747287
95.235073 3.967629
95.266263 3.94918
95.298449 4.079453
95.37022 4.351835
95.401302 4.201982
95.442637 3.761907
95.473828 3.775222
95.506102 3.789842
95.537087 3.894965
95.568193 3.990081
95.639953 3.844405
95.742134 3.918026
95.774311 3.820822
95.805354 3.774874
95.836405 3.792539
95.867411 3.897663
95.898434 3.694378
95.93058 3.806289
95.961712 3.879214
95.992678 3.691506
96.023738 3.712652
96.054812 3.647994
96.148102 3.7244
96.180037 3.696814
96.21107 3.526163
96.242089 3.672535
96.273093 3.769304
96.375307 3.782706
96.458081 3.875994
96.489875 3.922029
96.520905 4.066313
96.551875 4.198849
96.582921 4.223563
96.614039 4.023237
96.737612 4.364105
96.768608 4.525706
96.799649 4.571915
96.830663 3.125336
96.861702 3.77061
96.893694 4.092333
96.924688 4.159862
96.955752 4.323813
96.986745 4.504473
97.017856 4.673384
97.050188 4.509868
97.081264 4.417102
97.112423 4.15438
97.143507 4.986927
97.17475 6.770981
97.207105 7.137173
97.238419 7.487614
97.269611 7.72449
97.300747 7.617365
97.331817 7.283458
97.363949 7.822042
97.394956 8.161431
97.426066 8.754578
97.457112 8.786516
97.498386 8.149074
97.550965 8.900951
97.583074 7.51111
97.614096 7.781838
97.645072 8.376116
97.676092 8.856395
97.707162 8.996676
97.739203 9.226503
97.770228 9.580686
97.801254 9.496709
97.832294 8.634574
97.883678 8.819758
97.915785 8.612557
97.947814 8.631615
97.979627 8.660246
98.011465 8.258461
98.043358 8.166217
98.075247 8.471406
98.107115 8.187538
98.138967 5.569109
98.273186 7.631375
98.304518 6.799525
98.345992 6.936498
98.37711 6.957036
98.408307 7.059288
98.440584 7.16824
98.471623 7.605268
98.502682 7.863813
98.533726 8.019497
98.564814 6.218038
98.597108 6.367543
98.628247 8.133323
98.659346 8.889551
98.690409 8.898253
98.721525 8.621608
98.753732 9.424567
98.784763 10.391999
98.815793 7.508325
98.846836 9.050456
98.877875 9.002071
98.90993 9.535521
98.94096 9.903105
98.972006 10.231007
99.003005 10.39313
99.034026 9.815908
99.066195 7.628939
99.097233 8.676258
99.12825 10.076889
99.159263 10.157037
99.190292 10.205335
99.222469 10.397394
99.253532 9.146094
99.284608 8.479238
99.315666 8.692966
99.346713 8.899645
99.378776 9.361649
99.409875 8.924273
99.440917 8.867708
99.472057 8.656243
99.50307 8.461921
99.535068 7.799503
99.567014 7.090616
99.608948 7.991127
99.640847 8.09103
99.672681 7.819867
99.704458 7.463508
99.736232 7.888876
99.768198 8.040643
99.800013 8.152816
99.83194 8.441383
99.8637 8.628134
99.895589 8.653371
99.927493 8.457483
99.959645 6.038771
100.001774 6.115612
