1.4e-05 291.942
0.032384 298.989
0.317915 305.187
0.349046 310.926
0.38013 314.715
0.421492 316.546
0.453841 318.163
0.48499 319.586
0.516054 321.187
0.547188 315.068
0.588645 311.153
0.620956 311.649
0.652152 312.005
0.68338 312.404
0.714547 311.913
0.745759 311.337
0.778095 310.062
0.809206 309.702
0.84034 308.605
0.871548 306.999
0.902708 306.095
0.934962 304.283
0.966023 302.122
0.997143 299.275
1.028267 296.916
1.059431 294.999
1.091743 293.716
1.122892 293.74
1.154022 291.201
1.185216 289.393
1.216381 287.844
1.24863 286.103
1.279739 285.026
1.310861 284.791
1.342033 283.261
1.373209 282.063
1.405434 281.485
1.436574 277.868
1.467669 275.573
1.498805 273.503
1.529956 274.626
1.56219 272.912
1.593306 273.503
1.624387 275.385
1.65564 273.601
1.686767 273.315
1.71912 274.149
1.750289 273.079
1.781316 272.465
1.812412 272.501
1.843568 277.289
1.875815 276.664
1.906996 276.7
1.927899 279.352
1.959056 276.793
1.990227 275.862
2.022444 275.726
2.053611 277.501
2.084748 275.179
2.115925 275.18
2.147075 278.163
2.179366 275.87
2.210452 275.08
2.241462 278.672
2.272711 274.306
2.304028 273.799
2.336378 274.929
2.367528 274.136
2.398633 273.407
2.429772 273.824
2.460947 282.848
2.493227 276.022
2.524419 273.811
2.55565 273.841
2.586817 272.785
2.618059 273.995
2.650384 275.821
2.681558 280.598
2.712688 273.909
2.743882 276.91
2.775062 280.419
2.80742 275.055
2.838576 275.59
2.869746 278.852
2.900985 276.704
2.932163 279.321
2.964382 280.86
2.995546 277.54
3.02671 276.51
3.057935 281.256
3.089172 288.572
3.121549 296.071
3.152774 300.165
3.183978 307.54
3.215188 318.359
3.246308 309.643
3.278527 311.127
3.300616 339.057
3.33173 346.668
3.362872 348.763
3.394227 371.715
3.425482 377.412
3.458022 397.192
3.489264 401.506
3.520432 419.065
3.551647 478.019
3.582791 498.007
3.625401 435.303
3.656621 422.853
3.687832 428.526
3.719124 434.884
3.750351 445.498
3.782692 460.666
3.825263 499.175
3.856562 510.582
3.887863 475.147
3.919198 406.237
3.950482 379.576
3.982967 380.527
4.015418 378.125
4.047779 369.83
4.079161 350.607
4.110413 299.893
4.141605 283.508
4.17284 279.491
4.205168 289.157
4.236395 288.961
4.267534 284.979
4.298717 288.269
4.329935 295.484
4.362209 294.192
4.393315 309.384
4.424526 316.071
4.455749 316.812
4.486889 325.835
4.51931 339.4
4.551563 316.262
4.583874 293.191
4.616228 297.551
4.647436 304.412
4.678436 305.443
4.709647 314.498
4.740779 327.559
4.773021 299.678
4.804144 293.29
4.835368 295.215
4.866617 300.502
4.897912 294.051
4.919924 309.68
4.962506 318.3
4.994979 325.561
5.027437 305.166
5.059793 292.154
5.092175 288.975
5.124653 307.929
5.167281 309.469
5.19983 300.879
5.252622 294.222
5.284903 295.693
5.317118 350.959
5.41034 312.232
5.441522 299.069
5.472744 301.581
5.503976 295.583
5.535273 298.445
5.56764 303.979
5.599966 299.929
5.683214 285.8
5.714452 285.502
5.745665 290.659
5.776789 293.37
5.808014 291.839
5.840429 301.578
5.871629 297.993
5.902819 295.838
5.933968 298.731
5.965184 296.395
6.06881 292.824
6.101244 293.298
6.132579 296.001
6.163822 300.558
6.195047 317.933
6.226263 316.45
6.258655 331.401
6.289973 340.286
6.32116 352.995
6.352423 361.79
6.383701 366.69
6.416223 294.06
6.447384 297.187
6.478662 301.291
6.509911 307.564
6.541103 309.605
6.573431 317.198
6.605909 320.645
6.638427 317.298
6.670861 299.857
6.703255 280.991
6.735623 281.063
6.767965 288.146
6.800437 306.193
6.822531 315.752
6.854698 326.376
6.897138 347.231
7.021071 328.954
7.052332 324.743
7.083633 341.448
7.114875 299.269
7.146061 291.752
7.178498 294.402
7.209865 300.007
7.241061 295.832
7.272302 290.169
7.303622 282.528
7.33604 282.323
7.367237 291.324
7.39846 298.968
7.429562 299.123
7.460825 303.258
7.493276 304.208
7.525651 288.013
7.55775 284.742
7.589959 301.095
7.622232 301.812
7.654713 333.056
7.697246 329.989
7.729596 316.617
7.762022 291.386
7.794166 294.052
7.826574 297.196
7.858899 300.285
7.891192 307.735
7.923364 314.232
7.955629 295.244
7.988086 292.146
8.020508 293.306
8.05296 292.064
8.08515 293.627
8.117524 297.457
8.149669 291.589
8.182156 289.45
8.214438 299.592
8.246844 298.848
8.279245 302.785
8.311576 310.665
8.344017 296.184
8.376314 287.421
8.408641 291.159
8.440981 321.044
8.473447 322.058
8.505772 331.272
8.538166 332.712
8.570864 321.418
8.613473 304.375
8.645955 299.76
8.678434 304.779
8.710867 307.811
8.743324 318.387
8.775842 325.095
8.808107 309.963
8.850809 292.407
8.882964 285.171
8.915313 302.207
8.947485 314.309
8.979847 322.362
9.012094 307.888
9.044638 285.639
9.077128 286.394
9.109406 293.069
9.141861 303.858
9.174078 307.462
9.206577 310.604
9.238814 312.542
9.27115 307.58
9.303467 295.359
9.335631 294.307
9.368024 292.713
9.400171 293.919
9.432385 306.353
9.464764 308.084
9.497121 305.444
9.529608 294.091
9.562012 300.212
9.594374 300.195
9.626675 309.163
9.659048 304.502
9.691542 287.407
9.723876 289.782
9.75607 296.812
9.788432 297.159
9.820503 301.632
9.852944 307.307
9.885396 308.04
9.917511 311.499
9.980462 318.061
10.012931 322.617
10.045363 334.008
10.077749 347.098
10.110114 353.65
10.142325 348.241
10.174734 319.163
10.207146 316.165
10.239592 321.987
10.272139 327.442
10.304601 330.657
10.337032 324.488
10.379637 290.334
10.412143 281.244
10.44431 281.512
10.476763 280.8
10.509152 281.768
10.541473 286.979
10.573939 291.241
10.606389 289.041
10.65916 285.074
10.691533 286.244
10.723711 288.581
10.755962 300.72
10.78816 312.575
10.820545 315.394
10.852866 322.79
10.885076 329.822
10.917406 336.487
10.949866 341.432
10.982177 319.146
11.014466 297.009
11.046885 297.942
11.079253 299.577
11.111622 298.959
11.144018 301.325
11.176356 317.61
11.218895 307.22
11.251165 302.847
11.334474 284.846
11.365631 294.873
11.396886 306.843
11.428137 307.265
11.459396 312.736
11.491878 331.965
11.524237 334.881
11.556646 336.74
11.588919 341.736
11.621101 325.537
11.653621 297.625
11.6861 301.212
11.718497 306.895
11.750911 311.867
11.783264 323.103
11.815453 329.709
11.847727 328.508
11.880163 328.564
11.912395 304.825
11.944681 293.839
11.976972 297.044
12.009421 302.211
12.042023 299.988
12.074594 304.391
12.107092 318.902
12.139473 292.288
12.171902 285.195
12.204347 297.324
12.226507 298.755
12.258962 297.418
12.291351 305.513
12.323637 290.346
12.356239 281.805
12.388724 288.866
12.42101 293.766
12.453417 295.233
12.485981 302.093
12.518413 312.883
12.550748 292.533
12.583023 287.061
12.615466 290.083
12.647856 290.8
12.680307 295.299
12.712527 303.28
12.744761 303.558
12.776947 299.364
12.809215 296.643
12.841598 300.931
12.873936 302.788
12.906155 309.836
12.928172 317.127
12.960427 316.02
12.992741 298.537
13.025135 298.849
13.057506 299.386
13.089755 303.835
13.121924 306.207
13.154176 299.348
13.217124 292.715
13.24937 287.536
13.281748 285.237
13.313989 288.58
13.34628 294.136
13.378489 299.968
13.410777 303.244
13.442942 299.386
13.505906 288.831
13.537997 293.643
13.570285 293.223
13.602608 296.855
13.634849 312.416
13.66715 319.456
13.699516 323.046
13.731922 335.31
13.764359 343.294
13.796722 343.554
13.828968 322.024
13.861192 287.466
13.893511 285.491
13.925599 291.751
13.958082 292.743
13.990653 289.575
14.023292 291.289
14.055902 292.327
14.088488 288.222
14.151772 290.323
14.184454 289.28
14.216969 292.434
14.249574 300.377
14.28223 299.92
14.314773 298.172
14.347209 301.11
14.379546 306.776
14.412025 302.538
14.474957 285.839
14.507343 287.603
14.539713 294.274
14.572135 302.407
14.604464 301.314
14.636696 305.125
14.669037 305.638
14.701314 304.73
14.733604 310.486
14.76596 304.081
14.859365 292.216
14.890564 286.938
14.921754 285.591
14.952897 288.699
14.984095 285.714
15.016439 282.134
15.047694 288.628
15.078876 292.378
15.110041 289.931
15.192203 283.498
15.224571 284.653
15.255794 287.153
15.286943 286.559
15.318182 290.186
15.349334 291.256
15.381676 300.759
15.414005 310.887
15.446309 307.999
15.478799 303.541
15.541739 287.809
15.57293 291.597
15.6042 302.657
15.635398 303.583
15.666603 307.519
15.698962 315.212
15.731227 312.038
15.76362 310.796
15.795752 311.287
15.82811 316.062
15.860493 310.509
15.913199 288.677
15.945307 282.049
15.977581 288.752
16.009891 294.49
16.042277 292.006
16.074595 296.731
16.106813 299.884
16.139109 295.719
16.171296 293.671
16.20361 296.586
16.235888 293.554
16.309044 285.148
16.341479 284.343
16.373785 294.509
16.406117 299.591
16.438488 305.111
16.470824 303.747
16.503217 306.51
16.535457 308.796
16.567801 323.223
16.600071 322.178
16.632249 309.995
16.7155 301.263
16.747726 298.546
16.78003 303.155
16.812317 305.907
16.844607 312.273
16.876743 310.935
16.909131 319.397
16.941502 332.973
16.973792 333.383
17.005973 325.674
17.048493 287.16
17.08079 286.983
17.113135 296.699
17.14541 302.676
17.177765 310.106
17.210046 309.083
17.242264 311.78
17.264271 305.877
17.296572 301.499
17.359477 288.357
17.391664 286.951
17.423858 297.865
17.445931 305.603
17.478312 300.836
17.510752 319.055
17.543149 321.522
17.575475 309.126
17.597519 313.835
17.629839 316.821
17.662299 320.507
17.694646 317.419
17.727006 306.944
17.759293 291.007
17.791611 290.546
17.82394 294.87
17.856081 295.885
17.888427 286.302
17.92082 287.368
17.953219 285.873
17.98557 284.931
18.017941 291.865
18.05025 302.913
18.082669 309.037
18.114996 304.445
18.157686 288.328
18.189979 285.919
18.222381 289.217
18.254978 292.421
18.287323 293.393
18.319572 294.956
18.351937 289.734
18.384207 281.678
18.416498 285.287
18.44897 297.029
18.481309 298.684
18.513626 300.783
18.546074 309.116
18.578396 317.444
18.610857 300.6
18.64319 299.772
18.675567 329.687
18.707829 345.904
18.750267 349.241
18.782557 289.474
18.814986 284.039
18.847197 289.39
18.879543 293.839
18.911827 284.571
18.944105 288.824
18.976323 286.47
19.029104 281.93
19.061532 291.268
19.093728 295.85
19.126009 297.716
19.15835 307.968
19.19072 323.98
19.222969 327.554
19.255187 334.906
19.287503 327.048
19.340186 311.325
19.372482 303.167
19.404666 316.734
19.457375 320.715
19.489578 329.067
19.521985 320.942
19.554359 322.439
19.586721 316.131
19.649792 301.164
19.682071 299.407
19.714255 301.136
19.746628 312.029
19.77887 328.319
19.821297 337.924
19.853433 341.981
19.885668 375.197
19.91798 301.354
19.950309 290.287
19.982648 293.983
20.014965 305.919
20.047403 309.371
20.079781 325.607
20.112152 324.865
20.144569 318.213
20.197353 284.758
20.229758 283.66
20.262086 289.16
20.294484 291.027
20.326777 292.122
20.359178 295.342
20.391626 299.353
20.423966 306.408
20.456304 305.17
20.488695 300.97
20.551726 288.521
20.584124 293.297
20.616662 296.336
20.649133 325.397
20.681641 310.804
20.714103 320.451
20.746453 317.143
20.778921 312.04
20.811356 314.703
20.843688 307.486
20.916862 307.592
20.959564 295.116
20.991792 296.633
21.024191 304.742
21.056575 302.386
21.088977 307.187
21.121259 302.867
21.184179 295.108
21.216715 298.633
21.249147 296.94
21.281542 308.24
21.31388 314.264
21.346261 313.985
21.378837 315.278
21.411278 313.872
21.443552 300.167
21.516663 296.623
21.549129 297.074
21.581527 289.231
21.614088 292.854
21.646519 292.316
21.678884 294.838
21.711282 322.344
21.763924 315.973
21.857481 299.509
21.88963 291.8
21.920838 306.397
21.952004 320.541
21.98316 326.931
22.014513 339.53
22.046943 344.069
22.078164 361.899
22.109313 362.035
22.140465 365.904
22.171652 294.401
22.204088 288.507
22.236372 288.141
22.268847 290.515
22.301278 291.533
22.333588 292.85
22.365942 290.341
22.398293 284.388
22.430558 290.586
22.462854 292.989
22.49535 293.347
22.52766 299.589
22.560065 306.022
22.592478 323.851
22.6247 317.461
22.65698 311.79
22.699676 286.697
22.732028 290.755
22.76444 296.519
22.79659 295.267
22.828834 301.594
22.860915 311.402
22.893224 312.956
22.925454 307.811
22.99841 288.051
23.030688 287.147
23.063025 304.112
23.095299 307.552
23.127552 312.165
23.159854 316.222
23.191984 315.508
23.224058 316.754
23.256295 311.027
23.309039 288.494
23.341381 296.3
23.373616 296.392
23.40591 311.024
23.438247 310.032
23.470731 315.622
23.503084 290.392
23.535401 285.191
23.567782 376.863
23.691797 307.133
23.72301 293.45
23.754199 298.163
23.785391 306.134
23.816635 315.1
23.849009 326.75
23.881187 340.677
23.91236 362.729
23.943527 373.912
23.974738 370.319
24.005929 328.581
24.03835 308.387
24.069475 307.968
24.100606 310.876
24.131727 317.238
24.162882 335.06
24.195281 328.103
24.246877 313.993
24.278161 314.604
24.309484 316.807
24.34076 332.188
24.373263 351.953
24.426019 380.727
24.458431 417.188
24.49065 441.663
24.521765 467.588
24.552994 482.866
24.584185 494.013
24.615369 508.993
24.64777 522.976
24.67896 531.831
24.710186 575.177
24.751653 579.413
24.782856 537.792
24.825361 456.153
24.856495 391.289
24.887795 393.483
24.918998 388.46
24.950187 382.037
24.982529 368.191
25.023905 304.745
25.055081 281.893
25.086414 281.939
25.117606 287.704
25.149917 282.274
25.181106 286.161
25.212213 288.9
25.243386 280.073
25.274607 281.234
25.306954 279.18
25.338098 281.481
25.369341 288.087
25.400535 289.882
25.431787 297.399
25.464303 296.622
25.49552 293.622
25.547057 289.903
25.57833 289.627
25.609583 299.659
25.642014 312.286
25.674433 324.174
25.717025 323.119
25.7494 286.814
25.781911 284.222
25.814252 302.451
25.846665 305.703
25.879176 311.375
25.911554 320.32
25.943979 301.896
25.976426 292.44
26.008961 301.64
26.041371 317.929
26.063591 312.055
26.095966 315.048
26.128441 321.13
26.160887 323.045
26.193377 316.501
26.246165 289.293
26.278623 281.876
26.311082 285.951
26.343387 294.683
26.375955 295.472
26.408333 290.506
26.440679 293.984
26.472927 294.889
26.505005 301.935
26.537138 303.173
26.569585 303.181
26.60201 299.35
26.654852 286.004
26.687226 285.261
26.71972 298.867
26.751923 311.171
26.78433 326.621
26.816586 336.83
26.848734 357.021
26.881069 362.683
26.913104 368.995
26.945235 350.94
26.97737 313.774
27.009538 305.56
27.041945 330.521
27.074295 325.722
27.106536 327.718
27.138625 332.737
27.171035 325.28
27.20307 312.98
27.23544 311.993
27.267743 325.894
27.299921 323.826
27.33215 330.1
27.364308 390.966
27.437427 406.633
27.480123 419.584
27.512472 510.851
27.625132 522.669
27.656296 569.229
27.768918 595.127
27.800073 616.269
27.842631 641.406
27.873877 653.402
27.93558 698.188
27.966794 729.698
27.998064 773.621
28.030478 706.317
28.061707 666.08
28.09285 643.682
28.124027 643.09
28.155175 648.362
28.197766 670.953
28.229 685.304
28.260114 694.906
28.29128 594.688
28.322551 550.553
28.365107 532.894
28.396312 523.521
28.427438 529.4
28.468878 533.166
28.500108 547.077
28.532531 566.402
28.573932 570.233
28.604966 573.196
28.636173 618.458
28.738689 558.374
28.770944 556.353
28.802117 551.154
28.833229 550.467
28.864465 548.065
28.895721 611.467
29.080628 694.854
29.111768 646.45
29.142957 592.654
29.174175 581.287
29.205293 567.931
29.237699 549.69
29.26887 543.133
29.300082 549.127
29.331263 561.765
29.362509 517.61
29.395 517.323
29.426197 516.067
29.457368 506.34
29.488486 508.76
29.519783 479.724
29.664148 433.588
29.695279 421.791
29.726358 410.356
29.757541 393.296
29.788698 380.415
29.820911 367.66
29.852098 347.011
29.94434 301.193
29.975628 287.137
30.006909 283.439
30.039366 278.404
30.070649 277.499
30.101792 284.869
30.133041 292.867
30.164173 286.326
30.196586 288.291
30.227776 292.683
30.258898 301.863
30.2901 298.297
30.331562 298.154
30.363795 307.89
30.395042 310.107
30.426175 330.534
30.457293 351.734
30.488506 357.383
30.520779 374.922
30.551928 354.024
30.58313 316.434
30.614312 316.615
30.645486 323.281
30.677889 323.846
30.709062 323.965
30.740114 317.346
30.771215 289.739
30.802331 285.192
30.834737 293.302
30.865888 297.122
30.89694 304.258
30.928096 304.71
30.959229 307.195
30.991567 309.617
31.022725 316.342
31.064036 304.465
31.09518 294.9
31.11614 293.476
31.148369 310.198
31.179546 319.352
31.210729 329.844
31.241862 334.389
31.272988 368.528
31.305269 358.1
31.337426 353.009
31.370009 354.121
31.402082 372.449
31.434214 384.152
31.466498 392.659
31.498661 411.958
31.531061 378.107
31.563234 353.962
31.595708 344.807
31.627969 350.035
31.660422 349.899
31.692749 313.956
31.724984 297.423
31.757227 296.33
31.789421 293.608
31.821848 286.362
31.854211 298.144
31.886726 302.989
31.919282 307.142
31.951574 346.098
31.983959 338.882
32.01628 298.943
32.048604 308.064
32.091294 332.481
32.123751 351.895
32.156151 378.837
32.208803 365.501
32.251395 331.581
32.283748 310.869
32.316167 306.624
32.348429 333.48
32.391232 321.049
32.423655 318.802
32.455921 321.901
32.488324 329.995
32.520894 329.16
32.553203 322.175
32.585519 293.378
32.618029 285.38
32.650409 286.309
32.682808 297.066
32.715335 285.477
32.747705 284.78
32.77992 296.102
32.812006 295.917
32.844427 298.454
32.876831 315.154
32.909085 328.882
32.941208 308.148
32.993923 299.93
33.026407 293.641
33.058877 294.951
33.091329 311.61
33.123571 326.742
33.155869 327.065
33.188107 336.466
33.220649 347.438
33.252913 363.707
33.285095 353.454
33.317407 287.427
33.349754 284.345
33.38215 294.729
33.414488 310.804
33.446831 315.554
33.479213 321.821
33.511466 324.912
33.543643 292.144
33.576113 285.738
33.608659 304.327
33.640869 308.588
33.673226 310.237
33.705492 337.206
33.73787 341.621
33.770286 331.284
33.833103 308.396
33.865469 303.968
33.898031 311.88
33.930544 320.798
33.96319 322.983
33.995483 311.695
34.027966 295.514
34.0603 291.026
34.092701 296.671
34.125189 303.023
34.157292 309.896
34.189572 298.633
34.221833 286.926
34.254222 293.676
34.286585 300.119
34.318887 310.235
34.351181 327.323
34.383438 332.588
34.415755 336.22
34.448217 338.915
34.480622 314.871
34.513049 314.712
34.545513 326.457
36.794576 280.927
36.827293 286.308
36.859869 287.044
36.892359 293.237
36.924876 293.301
36.957396 306.814
36.990025 305.324
37.022639 301.164
37.096156 284.143
37.128706 283.876
37.161401 291.411
37.193914 294.482
37.226496 302.28
37.259068 300.367
37.291631 302.352
37.32416 295.785
37.407438 288.634
37.439711 283.087
37.472062 300.776
37.504493 299.99
37.536886 296.442
37.569147 287.924
37.601433 290.103
37.633849 288.031
37.666139 293.88
37.698539 295.444
37.730898 294.446
37.814178 294.743
37.846572 297.514
37.877761 418.738
38.061494 338.673
38.092718 330.379
38.337703 292.619
38.370098 283.108
38.4014 294.915
38.432548 303.234
38.463656 298.249
38.494831 302.496
38.527172 308.885
38.558395 306.256
38.589658 303.926
38.620949 307.405
38.652306 307.13
38.684721 302.692
38.756669 284.432
38.787855 289.29
38.818948 288.933
38.850097 285.575
38.882372 287.051
38.913614 291.24
38.94472 300.17
38.975824 288.553
39.00691 286.996
39.100309 286.486
39.131477 300.615
39.162568 314.878
39.193661 309.593
39.224791 317.327
39.246958 322.117
39.278164 322.315
39.309253 328.76
39.340271 340.736
39.371377 343.878
39.403775 334.87
39.455286 292.175
39.486433 285.975
39.517574 290.504
39.548715 292.249
39.581071 287.363
39.612217 287.36
39.643439 293.24
39.674582 302.543
39.705735 296.026
39.738055 305.293
39.770524 307.651
39.801717 305.879
39.86346 306.942
39.89461 304.574
39.925767 309.289
39.95813 318.904
39.990415 321.886
40.02286 329.651
40.055307 334.014
40.087411 337.743
40.119475 329.618
40.172017 292.754
40.204072 287.296
40.236275 290.187
40.268584 299.47
40.300876 301.026
40.333295 307.521
40.365475 318.197
40.397583 325.715
40.429636 329.95
40.461903 338.503
40.494215 305.217
40.526303 290.101
40.558403 295.497
40.590597 300.968
40.623035 301.831
40.655444 313.967
40.687761 321.799
40.720091 322.454
40.752536 296.121
40.784943 285.727
40.81718 283.477
40.849441 293.065
40.881575 306.077
40.913642 314.976
40.945934 320.152
40.978347 318.014
41.020706 312.201
41.053014 316.625
41.085276 324.716
41.11738 327.708
41.149458 335.38
41.181493 338.876
41.213729 295.614
41.246103 283.752
41.278423 293.034
41.310719 301.362
41.342922 308.564
41.375276 310.256
41.407589 284.738
41.439769 285.558
41.472193 292.38
41.504468 314.076
41.536705 319.536
41.56878 331.877
41.600975 348.576
41.633268 362.843
41.665685 364.504
41.698004 344.698
41.730313 319.956
41.76274 322.498
41.795161 342.061
41.827616 360.963
41.859956 366.133
41.892426 383.629
41.924856 332.226
41.956959 311.996
41.989192 310.423
42.021571 312.006
42.053962 313.015
42.07593 316.469
42.108315 325.764
42.140532 328.057
42.172699 315.791
42.204863 289.285
42.237048 282.964
42.269438 282.183
42.301639 297.544
42.333736 307.418
42.365777 310.217
42.398113 322.05
42.430155 331.151
42.462416 337.057
42.494879 304.096
42.527261 289.16
42.559528 289.101
42.591822 297.29
42.623968 306.138
42.656396 316.247
42.68855 320.411
42.720746 310.444
42.753069 299.275
42.785561 301.115
42.817701 306.218
42.849897 307.511
42.882056 309.007
42.914219 324.891
42.946361 334.322
42.978626 310.277
43.011204 296.487
43.043755 293.082
43.076061 294.952
43.108289 298.434
43.140542 286.477
43.172748 284.403
43.204896 289.706
43.237236 292.274
43.269374 290.586
43.301653 293.992
43.333896 302.03
43.36607 296.529
43.408439 292.633
43.44043 305.04
43.472772 310.754
43.504947 320.057
43.537091 333.667
43.569099 336.868
43.601258 323.103
43.633386 316.283
43.665754 317.593
43.698333 321.049
43.730576 332.555
43.752463 340.704
43.784708 345.757
43.816864 347.907
43.849052 316.399
43.881197 294.852
43.913599 289.425
43.945751 307.36
43.977845 312.474
44.010188 314.199
44.042582 323.037
44.074859 326.981
44.107107 328.871
44.139415 301.18
44.171617 284.091
44.203927 284.191
44.23609 287.485
44.258029 291.451
44.290278 284.415
44.322677 283.561
44.354984 282.137
44.387351 280.143
44.419642 281.008
44.451938 288.365
44.4843 315.1
44.55762 308.045
44.590026 294.979
44.621202 297.528
44.652424 299.738
44.683679 298.055
44.714877 294.359
44.838793 294.57
44.870965 294.893
44.90213 302.021
44.933226 314.574
44.964371 313.498
44.995581 312.627
45.027856 316.663
45.059029 317.038
45.09022 319.61
45.121374 319.146
45.152544 313.325
45.235733 289.453
45.266913 289.108
45.298093 283.603
45.329265 287.385
45.360382 293.814
45.392607 295.519
45.423729 288.718
45.454828 287.677
45.485991 294.263
45.517184 291.451
45.600405 283.792
45.631502 285.759
45.662655 303.547
45.70409 305.634
45.735348 307.874
45.767616 311.744
45.798737 313.999
45.829892 330.148
45.871237 328.121
45.902493 321.717
45.975604 297.285
46.006835 291.778
46.038002 285.81
46.069145 288.523
46.100273 292.555
46.132488 292.102
46.163709 305.472
46.194874 305.575
46.22596 305.081
46.257123 301.042
46.310035 287.304
46.341172 282.416
46.372287 288.804
46.403493 302.124
46.434682 347.685
46.497462 350.313
46.529621 353.475
46.560727 366.253
46.591868 344.7
46.623101 299.54
46.654323 291.97
46.686753 291.002
46.717913 304.5
46.749049 311.357
46.790486 334.02
46.821641 319.889
46.853942 289.254
46.885124 285.681
46.916242 293.115
46.94736 289.708
46.978473 287.314
47.010782 285.444
47.082661 281.326
47.113759 286.875
47.144884 286.332
47.176023 289.671
47.208236 289.138
47.239395 301.395
47.270501 291.74
47.301652 294.124
47.332691 299.197
47.364909 301.158
47.395998 297.64
47.457697 284.353
47.488889 282.676
47.520141 284.693
47.552425 297.241
47.583505 316.031
47.65537 309.765
47.686589 301.361
47.748403 290.414
47.780734 290.874
47.812877 297.225
47.845122 308.808
47.877283 310.717
47.909502 326.617
47.941747 336.943
47.974062 349.879
48.006516 345.578
48.03881 350.913
48.071187 354.249
48.103359 355.152
48.135609 326.425
48.167827 299.98
48.199931 293.708
48.232269 291.268
48.264657 289.161
48.296781 285.921
48.328864 284.973
48.361097 282.821
48.393209 284.087
48.42536 286.659
48.457691 292.643
48.489894 292.599
48.522141 285.302
48.554389 282.724
48.586713 286.198
48.618926 315.861
48.671714 303.437
48.704086 299.469
48.756819 290.698
48.789165 315.865
48.831794 294.139
48.863986 304.0
48.906429 294.797
48.938642 296.917
48.97069 292.293
49.05387 291.869
49.086239 307.354
49.118427 294.902
49.149673 309.582
49.191044 326.338
49.222211 332.686
49.253349 341.152
49.285681 344.093
49.31677 322.185
49.347918 299.348
49.379098 302.08
49.410268 305.769
49.442617 310.095
49.47383 318.229
49.504972 323.336
49.536191 329.241
49.567447 330.958
49.599932 292.347
49.631131 286.185
49.66243 292.94
49.693637 307.143
49.724877 316.259
49.757303 323.192
49.78955 338.331
49.821966 341.537
49.844168 360.211
49.886798 344.7
49.919435 299.936
49.951843 296.4
49.984228 301.126
50.016738 312.965
50.049195 318.643
50.081607 332.789
50.114089 348.923
50.146666 331.171
50.179133 317.579
50.211555 315.759
50.243947 313.712
50.276366 324.256
50.318907 348.433
50.351332 349.978
50.383646 359.423
50.416121 367.132
50.448387 298.32
50.480725 290.382
50.513063 290.303
50.545446 288.015
50.628562 281.541
50.661041 281.891
50.692255 291.253
50.72348 298.169
50.754698 291.488
50.785901 291.228
50.818281 291.858
50.849448 293.103
50.880694 292.014
50.911878 290.191
50.983804 287.858
51.016255 304.29
51.048647 296.192
51.081002 297.418
51.113322 298.233
51.145684 295.703
51.178038 296.233
51.210357 306.748
51.242779 307.65
51.27517 303.194
51.348278 286.449
51.380679 285.339
51.413019 289.86
51.445365 293.281
51.477739 291.268
51.510157 297.745
51.542679 312.416
51.575172 316.197
51.607603 317.773
51.640026 338.294
51.672352 335.851
51.704728 317.256
51.737128 300.904
51.779667 289.999
51.811658 294.994
51.843905 298.871
51.876223 322.971
51.908385 310.584
51.940699 311.508
51.973159 307.007
52.056485 292.476
52.088903 288.577
52.120062 288.078
52.151163 292.734
52.182441 298.823
52.213631 306.507
52.246098 301.961
52.278444 298.482
52.310685 312.412
52.343056 315.819
52.375385 323.618
52.407577 316.247
52.43989 306.503
52.472365 314.009
52.504759 315.286
52.537165 324.945
52.569524 329.971
52.612097 324.973
52.644416 313.418
52.676813 297.638
52.698753 285.779
52.731256 288.847
52.763669 313.515
52.796108 308.275
52.828554 303.581
52.881342 286.132
52.913716 285.583
52.946187 291.649
52.978452 294.704
53.010967 307.44
53.053584 306.167
53.086001 308.838
53.118392 312.461
53.150454 304.867
53.213322 293.908
53.245615 293.329
53.278004 293.3
53.310474 314.831
53.352986 315.172
53.385207 314.985
53.4175 296.452
53.44982 300.073
53.482166 312.557
53.514592 312.634
53.546954 307.691
53.630223 291.729
53.662533 295.429
53.684727 304.074
53.717068 321.386
53.769883 318.654
53.802133 320.882
53.834618 322.473
53.866974 328.229
53.899438 338.801
53.931799 357.145
53.964188 346.509
54.037285 330.513
54.069785 322.292
54.102112 322.414
54.134667 325.647
54.167035 358.267
54.199622 367.747
54.230813 383.667
54.262056 399.95
54.29326 406.377
54.324532 406.976
54.356913 412.484
54.38804 419.472
54.419228 428.107
54.45046 428.087
54.481691 378.074
54.514107 318.87
54.545355 289.468
54.576584 287.805
54.607754 282.89
54.638937 280.11
54.671395 284.232
54.703808 286.662
54.736297 298.56
54.768646 295.461
54.800959 287.427
54.833351 284.078
54.865836 290.727
54.898276 293.028
54.930801 295.683
54.963053 302.266
54.995453 301.873
55.027824 298.099
55.10096 287.348
55.133169 290.782
55.165533 318.325
55.218316 316.155
55.250506 312.073
55.271459 320.545
55.302644 321.075
55.333893 314.999
55.405835 293.441
55.438286 286.162
55.469532 283.07
55.500713 286.56
55.531854 286.722
55.563049 281.305
55.595423 292.387
55.627667 294.179
55.659989 298.2
55.692408 307.206
55.72485 321.422
55.757297 316.345
55.78977 296.935
55.822036 297.843
55.854369 311.855
55.886827 312.027
55.918968 326.767
55.951242 338.877
55.983794 326.413
56.036584 302.212
56.069068 299.049
56.101397 358.415
56.194811 352.49
56.2272 353.904
56.25842 361.037
56.289599 335.153
56.320804 338.249
56.352089 341.915
56.384427 347.03
56.415669 354.809
56.436666 344.759
56.478024 307.13
56.509351 293.816
56.541707 295.736
56.572855 302.398
56.604231 295.854
56.635488 305.839
56.666784 313.093
56.699278 314.528
56.730561 317.482
56.761894 317.683
56.793106 293.522
56.824393 289.906
56.856792 298.078
56.887845 298.806
56.919074 307.979
56.95034 317.174
56.981588 321.684
57.014046 322.067
57.046406 315.918
57.088967 285.903
57.12134 288.675
57.153615 292.442
57.18593 308.46
57.218295 308.45
57.250674 320.296
57.282896 344.856
57.315234 350.827
57.347539 323.674
57.37981 313.182
57.412142 357.305
57.49566 324.141
57.528018 326.989
57.559158 328.08
57.59039 290.976
57.6216 282.361
57.652799 285.69
57.685089 294.574
57.716341 292.59
57.747676 289.893
57.778889 280.983
57.810096 280.59
57.842467 288.831
57.873697 290.921
57.904889 292.997
57.936022 318.08
57.967157 310.845
57.999608 292.156
58.031879 285.209
58.064345 293.059
58.096821 306.433
58.129319 326.961
58.171995 329.841
58.204412 322.932
58.247088 297.492
58.279721 293.272
58.31221 293.623
58.344473 297.938
58.377022 304.979
58.40949 319.638
58.441903 322.935
58.474357 316.706
58.537281 308.263
58.569748 349.026
58.663261 350.368
58.695649 358.621
58.726901 363.84
58.758152 373.406
58.789349 399.008
58.8205 404.391
58.852987 415.004
58.884217 397.139
58.935821 315.302
58.967082 303.104
58.998438 300.292
59.030962 298.973
59.062279 302.307
59.093567 308.2
59.124889 315.635
59.156163 310.856
59.188526 312.853
59.219806 324.129
59.250993 317.881
59.282329 314.955
59.313557 321.332
59.346004 316.531
59.377281 318.854
59.4084 321.053
59.439545 321.605
59.470746 321.853
59.503202 304.389
59.595462 307.124
59.626724 315.152
59.657989 312.216
59.689217 315.94
59.721659 335.496
59.743932 346.515
59.776283 351.385
59.808638 371.867
59.841141 371.667
59.873461 359.831
59.905902 335.286
59.938238 313.178
59.960389 300.393
59.992858 299.915
60.02525 303.425
60.057671 302.227
60.090121 301.587
60.112167 291.458
60.144527 287.561
60.176916 290.285
60.209287 293.02
60.241785 306.965
60.263724 323.121
60.296041 331.736
60.328456 329.175
60.360722 315.687
60.39311 326.273
60.425496 324.997
60.457836 326.993
60.4903 325.122
60.522754 318.541
60.585774 292.143
60.618193 291.959
60.650884 301.251
60.683407 302.68
60.715868 305.226
60.748418 312.771
60.78098 323.671
60.813475 305.384
60.845791 318.967
60.878348 323.197
60.910829 329.88
60.94327 333.968
60.96554 307.247
60.997939 293.232
61.030447 294.883
61.062959 308.461
61.095314 310.992
61.127608 319.86
61.160211 331.683
61.1926 331.361
61.224895 334.386
61.257317 314.493
61.289646 297.618
61.322093 298.363
61.354532 306.381
61.386995 317.673
61.419496 320.103
61.451947 323.462
61.484344 325.57
61.516771 305.082
61.549206 302.822
61.581625 308.38
61.614126 314.837
61.646555 318.051
61.678808 319.039
61.711168 303.136
61.743466 295.947
61.775929 297.051
61.808462 315.33
61.84105 319.178
61.873594 335.592
61.906173 344.986
61.93874 344.641
61.971323 332.969
62.003877 313.691
62.036403 315.452
62.06891 327.628
62.101389 338.604
62.13404 338.75
62.166477 330.444
62.209036 298.526
62.241301 291.76
62.273704 366.76
62.377517 375.225
62.408856 381.765
62.440201 387.175
62.471534 394.776
62.502758 394.234
62.535107 396.766
62.56627 404.63
62.597408 373.942
62.648953 341.835
62.680159 311.222
62.712585 286.868
62.743594 300.17
62.774763 308.773
62.805928 324.318
62.83711 325.26
62.869479 401.618
62.961759 388.689
62.99293 387.566
63.024093 380.827
63.055378 352.136
63.087835 358.967
63.108802 360.085
63.140022 421.177
63.222141 428.073
63.253361 412.066
63.285764 332.426
63.316937 290.81
63.347966 294.745
63.389294 290.118
63.420427 287.464
63.452693 282.662
63.483933 288.77
63.515051 296.231
63.546155 293.267
63.577403 291.168
63.609882 306.35
63.641042 316.57
63.672109 321.685
63.703277 331.191
63.734445 335.208
63.766896 343.933
63.798085 348.491
63.82929 410.719
63.901165 422.1
63.932419 498.592
64.036008 533.401
64.06839 511.025
64.099559 490.387
64.130662 482.919
64.161784 478.872
64.192943 487.193
64.225325 492.084
64.256381 537.631
64.307921 546.134
64.349217 565.58
64.400823 637.4
64.483983 664.999
64.516309 683.066
64.557589 740.657
64.619312 702.994
64.640306 649.488
64.671422 631.701
64.703696 624.23
64.734878 616.117
64.766067 624.928
64.797304 625.783
64.828461 633.845
64.860704 686.206
64.92246 700.113
64.953585 716.324
64.984797 732.995
65.016024 741.223
65.048423 691.442
65.07964 666.578
65.110914 640.491
65.142193 632.165
65.173389 618.076
65.205541 621.58
65.236721 630.024
65.278124 628.805
65.309244 627.255
65.340496 591.158
65.372874 576.379
65.404078 555.914
65.424995 589.659
65.537569 593.722
65.568767 623.193
65.621453 628.821
65.652707 704.724
65.744942 719.242
65.776212 732.988
65.807372 736.138
65.839648 700.601
65.870799 686.261
65.901921 681.22
65.933037 688.636
65.964182 696.239
65.996507 709.389
66.027526 722.427
66.058602 728.343
66.089737 740.248
66.120977 752.748
66.153257 755.664
66.184392 759.171
66.215523 641.263
66.246758 628.03
66.278023 653.921
66.371366 683.62
66.453415 683.289
66.484584 707.864
66.546314 662.559
66.608048 645.968
66.640371 634.136
66.671433 631.175
66.702618 629.226
66.733736 642.423
66.764945 679.707
66.868576 689.318
66.890519 741.892
66.972686 746.241
67.003809 762.681
67.035048 778.915
67.076449 790.609
67.108656 743.814
67.139789 701.602
67.170877 672.804
67.202059 668.29
67.233273 664.573
67.26558 659.813
67.296682 676.511
67.337992 692.995
67.369015 698.505
67.400177 757.029
67.483494 653.946
67.524842 608.649
67.556057 578.531
67.587245 575.882
67.618433 570.835
67.650967 571.633
67.682209 586.267
67.723515 579.345
67.764889 569.184
67.796169 546.373
67.828534 528.06
67.859713 477.648
67.890993 473.561
67.922335 469.299
67.953536 482.733
67.99617 469.261
68.0275 476.195
68.058714 480.261
68.161178 468.957
68.192417 450.473
68.224906 489.166
68.317147 531.304
68.409416 546.381
68.440489 570.031
68.471709 576.611
68.504103 613.393
68.535175 613.387
68.56642 614.13
68.597672 618.39
68.62888 626.066
68.661191 613.316
68.692404 609.981
68.72368 615.694
68.75486 620.124
68.786135 639.251
68.818542 641.569
68.84972 645.042
68.880869 408.658
68.912061 352.825
68.963612 302.095
68.996064 284.81
69.027241 292.348
69.058481 293.18
69.089638 280.842
69.120916 286.948
69.153231 287.043
69.184405 417.044
69.367919 394.657
69.399065 385.093
69.430231 391.856
69.493077 390.852
69.524195 398.509
69.555382 407.388
69.586507 408.176
69.617768 377.985
69.650207 315.099
69.681341 286.517
69.712505 280.99
69.743709 282.125
69.774914 279.476
69.807373 278.664
69.838485 279.134
69.86965 278.098
69.900753 279.894
69.93196 284.4
69.964359 290.255
69.995589 295.759
70.026802 293.835
70.058037 292.473
70.089268 294.661
70.121608 297.127
70.152831 301.163
70.184022 305.591
70.215201 318.586
70.246423 335.921
70.278751 339.126
70.309923 318.996
70.341057 312.708
70.392616 312.775
70.423749 312.819
70.456063 322.18
70.48827 370.785
70.540953 366.293
70.573288 367.426
70.605515 368.527
70.636671 368.322
70.667831 329.598
70.698976 293.897
70.730185 291.597
70.762565 294.352
70.793795 293.712
70.825043 291.626
70.866464 285.404
70.897683 298.305
70.96052 291.587
70.991682 296.714
71.02286 305.947
71.054062 323.294
71.095448 307.374
71.127787 309.509
71.158886 313.34
71.190123 343.854
71.22129 358.808
71.25251 369.845
71.284886 378.446
71.316128 409.882
71.347225 434.587
71.378424 446.035
71.409638 420.726
71.44211 408.197
71.47314 405.571
71.494023 408.635
71.525187 449.506
71.586819 448.909
71.619224 469.208
71.651637 472.198
71.68398 459.78
71.725416 410.231
71.766909 393.631
71.798142 399.414
71.82947 398.4
71.862017 393.858
71.893254 403.789
71.924351 409.757
71.955557 431.23
71.986733 523.824
72.120946 477.906
72.15221 462.246
72.183488 445.727
72.21463 444.315
72.245853 481.42
72.298672 485.157
72.329923 497.063
72.391541 528.391
72.422662 574.284
75.352878 589.366
75.385107 606.888
75.436625 597.901
75.46779 600.202
75.499043 601.499
75.530325 608.164
75.562671 627.592
75.593901 635.332
75.625072 645.728
75.656296 667.078
75.687444 734.723
75.781023 796.147
75.85453 697.672
75.88572 662.982
75.916872 636.968
75.948017 625.091
75.979341 626.34
76.011902 627.535
76.043123 675.971
76.125064 703.616
76.20736 767.22
76.309792 769.636
76.342148 694.459
76.373325 644.543
76.404482 610.96
76.435587 596.112
76.466967 591.425
76.499221 590.595
76.530316 587.028
76.561467 560.677
76.592563 538.651
76.623764 481.392
76.656096 454.437
76.687275 434.357
76.718376 428.25
76.749505 448.888
76.984259 316.266
77.016526 311.537
77.04776 313.556
77.07895 313.425
77.11011 381.916
77.202342 408.248
77.244859 426.796
77.276038 427.864
77.307164 382.796
77.338356 371.086
77.369511 369.252
77.391698 376.593
77.42284 380.582
77.454032 396.788
77.485176 405.318
77.516411 405.212
77.548619 407.062
77.579765 410.458
77.610852 331.436
77.70301 309.258
77.734249 307.342
77.766515 307.111
77.797696 293.473
77.828911 293.552
77.860139 292.441
77.89131 279.253
77.923476 283.339
77.955931 281.804
77.988305 284.284
78.020447 283.557
78.052975 281.067
78.085325 279.266
78.117531 283.702
78.150022 290.212
78.182481 295.12
78.215001 338.391
78.267682 335.513
78.300016 348.234
78.33231 352.093
78.364586 342.4
78.397078 309.323
78.429095 302.866
78.461403 306.741
78.493603 310.642
78.526011 311.76
78.558252 290.067
78.590448 282.405
78.622584 283.786
78.654679 306.86
78.717355 293.081
78.749312 294.133
78.78135 286.841
78.813384 283.561
78.845636 291.18
78.877889 300.035
78.91005 301.603
78.942081 317.302
78.974318 314.985
79.006269 284.816
79.038437 285.064
79.070748 287.066
79.102914 289.001
79.134967 286.827
79.187525 281.171
79.219535 285.123
79.251609 295.961
79.28361 298.467
79.315576 294.496
79.347674 295.425
79.379614 301.966
79.41152 291.059
79.474146 288.687
79.506357 295.866
79.538387 296.047
79.570476 302.695
79.602637 310.482
79.634653 313.492
79.666766 298.3
79.699074 297.068
79.720877 299.234
79.753094 299.31
79.78531 310.582
79.817357 302.014
79.849668 296.274
79.882164 305.446
79.924785 330.483
79.956874 337.445
79.989329 347.589
80.021795 358.119
80.054299 360.088
80.086618 366.12
80.119171 382.542
80.151502 368.805
80.193971 297.79
80.226275 286.435
80.25822 283.793
80.290393 281.307
80.322871 278.874
80.354988 278.036
80.387003 284.144
80.419242 287.06
80.451285 285.195
80.48325 288.559
80.515401 293.829
80.547504 296.694
80.579548 300.758
80.611807 310.511
80.644152 332.436
80.676386 341.749
80.708681 351.735
80.740913 358.226
80.773211 366.342
80.805413 368.172
80.837609 331.003
80.869999 300.019
80.902146 296.971
80.934237 294.635
80.966431 302.412
80.988242 299.381
81.0204 316.681
81.062961 288.738
81.095216 286.051
81.127399 284.264
81.159431 288.812
81.191442 302.129
81.223591 298.504
81.266091 284.341
81.298234 290.603
81.330512 305.175
81.362637 304.345
81.39465 305.543
81.426816 311.415
81.459034 310.153
81.491274 288.926
81.523525 290.39
81.555713 290.749
81.587805 297.587
81.620017 307.462
81.652263 318.401
81.684351 292.843
81.716541 294.691
81.748739 304.089
81.780921 298.374
81.812957 304.414
81.845102 318.991
81.877512 331.899
81.909761 338.567
81.942262 301.576
81.974772 289.233
82.007106 292.923
82.039605 308.34
82.071956 326.619
82.104185 329.473
82.136376 316.93
82.168671 296.056
82.201066 290.001
82.233149 316.934
82.285897 318.704
82.318024 316.206
82.350205 329.996
82.382666 337.348
82.414994 371.036
82.447101 370.916
82.479591 310.314
82.512043 299.315
82.533936 303.696
82.566082 309.452
82.598315 311.709
82.630398 297.541
82.66241 288.154
82.694757 280.465
82.726986 283.341
82.759092 284.719
82.79123 281.285
82.823271 281.931
82.855374 286.628
82.887816 299.61
82.920008 295.452
82.952058 297.65
82.984315 300.809
83.016479 301.191
83.048626 297.551
83.091231 287.246
83.123308 283.634
83.155497 291.678
83.187558 302.681
83.219676 304.555
83.251769 297.283
83.283867 296.104
83.315874 299.919
83.347948 301.201
83.380068 306.212
83.412224 301.903
83.485152 285.33
83.517233 285.977
83.549329 288.477
83.581387 301.3
83.613493 304.686
83.645575 310.228
83.677676 327.748
83.70991 348.925
83.74208 371.2
83.79478 345.065
83.827055 315.937
83.8591 318.201
83.891399 337.777
83.923514 352.393
83.955758 364.632
83.987878 373.372
84.020013 370.052
84.052305 338.854
84.084461 330.616
84.116518 328.626
84.148563 336.498
84.180562 338.19
84.212612 344.44
84.244797 373.495
84.276926 374.838
84.308953 394.931
84.341185 405.204
84.373549 419.37
84.42619 412.711
84.458429 436.499
84.51122 434.785
84.54352 445.469
84.574707 446.236
84.605756 475.975
84.657261 455.164
84.688367 413.943
84.761407 404.736
84.793718 404.117
84.824843 333.988
84.855935 289.595
84.887113 289.545
84.918503 282.361
84.950935 279.385
84.982145 281.964
85.013168 285.93
85.044372 278.867
85.075682 278.419
85.108123 289.663
85.13923 290.96
85.170266 298.063
85.20149 307.787
85.232702 317.675
85.264927 426.191
85.387631 321.44
85.418732 324.772
85.449835 341.65
85.481015 345.011
85.513281 313.211
85.666501 288.695
85.697551 289.166
85.728633 297.426
85.759724 323.876
85.873379 302.562
85.905689 298.73
85.936794 299.855
85.967823 305.579
85.998905 298.873
86.152234 284.944
86.184528 289.513
86.215616 290.844
86.246857 298.547
86.278327 300.011
86.309724 299.195
86.342328 303.212
86.373625 307.663
86.404916 315.136
86.436233 326.028
86.467629 329.269
86.500122 312.268
86.553007 290.84
86.585391 290.516
86.617773 290.891
86.650069 303.345
86.682297 307.55
86.704228 309.616
86.736155 315.928
86.768062 324.059
86.800242 341.407
86.832243 352.54
86.864323 363.494
86.886195 323.856
86.918395 331.212
87.021952 352.495
87.053101 350.994
87.084211 357.354
87.115246 361.73
87.146392 379.411
87.178758 389.327
87.209869 404.208
87.24091 388.538
87.322889 342.598
87.354063 366.413
87.457593 360.047
87.490066 360.874
87.521184 365.378
87.552428 376.071
87.583658 377.75
87.61489 383.933
87.64732 389.631
87.678395 395.644
87.709526 402.875
87.740646 363.397
87.771793 337.61
87.804186 397.14
87.92688 395.552
87.958108 405.63
87.989257 426.314
88.020465 431.121
88.052807 453.456
88.083934 465.314
88.115088 576.47
88.248052 688.945
88.41198 731.659
88.454465 736.887
88.48561 658.68
88.51672 620.782
88.547943 607.879
88.579099 608.97
88.611357 612.699
88.642485 615.062
88.673578 622.19
88.704764 672.01
88.796893 701.375
88.900391 713.049
88.932553 775.085
88.98402 854.31
89.04573 861.49
89.076907 816.38
89.108124 677.437
89.181169 666.298
89.212279 657.79
89.24329 656.256
89.274357 677.324
89.325944 683.885
89.35821 685.995
89.389322 721.061
89.471251 738.419
89.533041 701.666
89.564283 495.602
89.596623 474.103
89.62777 438.01
89.658848 435.847
89.690016 445.988
89.721182 459.725
89.753387 454.401
89.784548 432.752
89.927577 429.528
89.958818 448.143
90.020649 472.052
90.114099 553.367
90.216469 657.66
90.318901 654.392
90.349997 685.472
90.421916 679.287
90.454211 680.423
90.485245 694.993
90.526634 701.361
90.557762 751.461
90.60942 751.965
90.641733 784.046
90.693227 785.746
90.724373 598.64
90.755451 564.166
90.796763 531.131
90.829007 512.6
90.870288 570.408
91.033629 559.772
91.064707 560.422
91.095804 555.09
91.127963 548.935
91.158975 788.121
91.556253 631.65
91.750018 596.764
91.781135 616.557
91.85418 628.145
91.895414 637.049
91.926492 664.172
91.9575 668.954
91.988706 680.561
92.020865 571.152
92.051965 523.478
92.123736 508.684
92.164939 507.74
92.196029 570.396
92.330112 556.567
92.361169 561.91
92.392226 563.23
92.4233 634.965
92.545983 587.675
92.578184 589.339
92.609271 589.747
92.640437 536.965
92.691803 522.409
92.722846 521.214
92.75493 517.892
92.785972 525.876
92.81698 475.337
92.847999 459.375
92.89942 300.62
92.931764 288.182
92.962917 287.429
92.994096 348.084
93.086393 303.448
93.117567 295.669
93.149737 282.95
93.180829 287.017
93.222153 290.751
93.253413 335.302
93.294762 331.959
93.327041 340.573
93.358098 344.523
93.389137 312.203
93.420237 303.85
93.45132 303.811
93.483459 301.543
93.514535 319.204
93.545533 341.7
93.586692 338.151
93.617699 304.656
93.649902 294.514
93.680945 295.642
93.711952 305.341
93.742954 315.77
93.774015 323.093
93.806328 346.442
93.838453 356.695
93.90104 314.523
93.933109 310.196
93.965134 385.384
94.119402 380.547
94.150428 359.675
94.181371 349.009
94.212387 348.864
94.263596 379.21
94.326151 393.022
94.368292 432.018
94.410337 439.759
94.442259 450.992
94.474195 470.337
94.506047 569.728
94.619408 623.754
94.701307 641.627
94.813517 631.76
94.844566 632.944
94.875624 657.706
94.907832 663.251
94.938934 821.537
95.132839 678.258
95.235073 654.776
95.266263 628.819
95.298449 635.048
95.37022 628.046
95.401302 641.518
95.442637 627.929
95.473828 625.723
95.506102 628.397
95.537087 622.21
95.568193 648.298
95.639953 696.403
95.742134 713.004
95.774311 727.987
95.805354 735.553
95.836405 773.534
95.867411 782.18
95.898434 607.129
95.93058 589.683
95.961712 581.256
95.992678 567.666
96.023738 571.805
96.054812 603.871
96.148102 601.707
96.180037 604.372
96.21107 574.515
96.242089 567.0
96.273093 614.055
96.375307 675.278
96.458081 680.925
96.489875 677.823
96.520905 614.31
96.551875 580.299
96.582921 563.225
96.614039 610.042
96.737612 602.088
96.768608 597.143
96.799649 591.135
96.830663 424.926
96.861702 390.676
96.893694 373.919
96.924688 361.241
96.955752 341.859
96.986745 345.175
97.017856 347.785
97.050188 337.923
97.081264 335.389
97.112423 329.774
97.143507 316.294
97.17475 315.839
97.207105 320.35
97.238419 325.785
97.269611 333.031
97.300747 340.226
97.331817 343.552
97.363949 314.423
97.394956 312.456
97.426066 315.168
97.457112 330.136
97.498386 345.1
97.550965 349.695
97.583074 318.958
97.614096 303.938
97.645072 297.223
97.676092 299.037
97.707162 309.62
97.739203 310.974
97.770228 310.708
97.801254 314.0
97.832294 308.698
97.883678 294.636
97.915785 303.786
97.947814 308.76
97.979627 314.762
98.011465 327.354
98.043358 343.147
98.075247 344.906
98.107115 354.631
98.138967 429.973
98.273186 383.975
98.304518 358.643
98.345992 307.806
98.37711 289.938
98.408307 294.745
98.440584 308.2
98.471623 316.75
98.502682 318.292
98.533726 334.218
98.564814 292.029
98.597108 285.993
98.628247 297.473
98.659346 304.777
98.690409 313.972
98.721525 325.21
98.753732 331.984
98.784763 329.647
98.815793 322.442
98.846836 293.428
98.877875 292.754
98.90993 294.506
98.94096 305.658
98.972006 309.436
99.003005 310.241
99.034026 309.398
99.066195 284.483
99.097233 285.378
99.12825 293.523
99.159263 297.557
99.190292 303.178
99.222469 307.044
99.253532 296.852
99.284608 285.1
99.315666 283.678
99.346713 295.464
99.378776 316.776
99.409875 331.174
99.440917 340.707
99.472057 366.566
99.50307 360.05
99.535068 351.338
99.567014 366.746
99.608948 362.251
99.640847 368.876
99.672681 380.925
99.704458 401.318
99.736232 405.864
99.768198 345.407
99.800013 301.588
99.83194 299.692
99.8637 305.437
99.895589 297.644
99.927493 291.035
99.959645 288.583
100.001774 281.756
