1.3e-05 0.051343
0.032264 0.037158
0.329012 0.04647
0.360037 0.054041
0.391186 0.059697
0.422345 0.065876
0.453543 0.069444
0.48577 0.063091
0.547411 0.079625
0.609073 0.092853
0.640162 0.103034
0.671266 0.102251
0.703444 0.113129
0.73455 0.120004
0.755424 0.140019
0.786539 0.139236
0.848258 0.190666
0.890666 0.184401
0.921769 0.164647
0.962951 0.181181
0.993968 0.202502
1.025093 0.221821
1.057281 0.193625
1.139204 0.20459
1.170343 0.221211
1.201359 0.196845
1.23247 0.219471
1.264853 0.21364
1.295835 0.213379
1.326866 0.226781
1.357903 0.221908
1.43992 0.231915
1.47215 0.236179
1.533803 0.261764
1.564827 0.254889
1.595917 0.235918
1.627056 0.238181
1.649302 0.087457
1.843065 0.05639
1.904752 0.03594
1.966504 0.038115
2.150256 0.040987
2.192772 0.019057
2.437778 0.020537
2.468911 0.030457
2.500109 0.029326
2.73489 0.029326
2.777506 0.010355
3.052804 0.032198
3.084022 0.035244
3.39018 0.015403
3.462222 0.018187
3.708451 0.011748
3.832408 0.01314
3.904187 0.018187
3.986273 0.027325
4.017558 0.027499
4.119973 0.026367
4.213498 0.038203
4.295767 0.027586
4.357583 0.030457
4.44994 0.037767
4.521915 0.046644
4.554351 0.047688
4.595748 0.050125
4.647262 0.054911
4.678655 0.037245
4.821829 0.043424
4.894965 0.047949
4.927368 0.051604
4.958561 0.046731
4.989657 0.050125
5.031023 0.0
5.0626 0.072664
5.115284 0.056477
5.177002 0.068573
5.208128 0.082236
5.239415 0.091373
5.270714 0.090155
5.303167 0.099031
5.334544 0.09468
5.406388 0.093636
5.457946 0.09938
5.499308 0.092853
5.531752 0.091112
5.562999 0.076841
5.624791 0.078146
5.655973 0.089198
5.687191 0.116088
5.71955 0.146111
5.750818 0.179963
5.782125 0.191363
5.813339 0.216164
5.844604 0.197889
5.876971 0.205634
5.908214 0.258544
5.939532 0.314239
5.970751 0.341651
6.002084 0.353138
6.034375 0.331556
6.065588 0.505689
6.09682 0.62169
6.128068 0.691395
6.159343 0.702621
6.191792 0.89529
6.223043 1.064375
6.254375 1.315262
6.285732 1.128076
6.367915 1.318917
6.400308 1.665354
6.422469 1.955227
6.454772 2.132319
6.486001 2.174264
6.517334 2.353705
6.548609 2.685784
6.579888 2.938759
6.612413 3.092093
6.644822 3.785142
6.677293 1.419863
6.881745 1.255825
6.913036 1.193865
6.944298 1.092658
6.975612 1.236332
7.007977 1.572675
7.039156 1.81164
7.070452 2.616862
7.173135 2.587187
7.204497 2.396607
7.237042 2.306712
7.26967 1.837399
7.302424 1.779963
7.335098 1.585816
7.366519 1.741499
7.397926 1.93147
7.429328 2.109606
7.460743 2.616862
7.493219 2.697097
7.525721 2.877582
7.558323 3.142044
7.589664 3.341413
7.621091 2.714762
7.662767 2.72799
7.684035 2.777506
7.716612 2.883325
7.747963 2.200719
7.901789 2.60024
7.933044 2.92997
7.964327 3.177375
7.996702 3.119418
8.027879 2.902122
8.059026 2.921702
8.090211 2.764191
8.121404 2.122311
8.194496 1.805113
8.225699 1.793452
8.25689 1.933211
8.288109 2.032852
8.319303 2.302622
8.351746 2.495378
8.384063 2.569347
8.416343 2.731122
8.437325 3.096444
8.478715 3.045884
8.509946 2.862875
8.541228 2.867313
8.573559 2.761058
8.605835 2.768107
8.638148 2.881585
8.669248 3.03518
8.700386 3.133429
8.731574 2.914218
8.762779 3.56715
8.795156 3.062331
8.846754 3.161363
8.878 2.995759
8.909204 3.032047
8.940518 2.59441
8.972989 2.602416
9.005331 2.706843
9.036545 2.6441
9.067867 2.637573
9.129683 2.591625
9.160928 2.691092
9.193241 2.415143
9.225539 2.432721
9.257849 2.675428
9.289046 2.719113
9.320234 2.556816
9.351497 2.621213
9.382681 2.6099
9.435555 2.543501
9.467944 2.425324
9.500125 2.418102
9.531238 2.483543
9.562433 2.299751
9.593614 2.304102
9.624809 2.372328
9.657111 2.268335
9.689363 2.285392
9.721652 2.925357
9.753956 3.287894
9.785152 3.39032
9.816324 2.873753
9.847527 2.891767
9.878741 2.979747
9.911046 2.995759
9.943406 3.271882
9.97573 3.679671
10.008136 3.515372
10.040399 3.473775
10.07164 3.342196
10.102734 3.468728
10.133948 3.413903
10.165213 3.454195
10.197661 3.599001
10.230095 3.616231
10.261361 3.553575
10.292546 3.570283
10.32362 3.711434
10.354792 3.675929
10.387342 4.306061
10.418545 4.529361
10.449747 4.256719
10.480944 4.434332
10.512144 4.314589
10.54452 4.166389
10.575791 4.330079
10.607007 4.322247
10.638213 4.074058
10.669438 3.705081
10.701817 3.910629
10.733009 4.186927
10.764374 4.542328
10.795637 5.197522
10.826828 5.593824
10.859177 5.570067
10.890292 5.831396
10.92146 6.016581
10.952699 6.258939
10.983931 6.770372
11.01623 7.32288
11.048573 7.990344
11.080874 8.219562
11.113139 8.292052
11.145337 8.318855
11.177689 8.110001
11.209954 8.284133
11.242383 8.217909
11.274636 7.970242
11.307017 7.493966
11.339386 8.02759
11.371649 8.818279
11.4039 9.157842
11.435172 8.142112
11.466427 8.311284
11.497642 8.156993
11.528849 7.693248
11.561192 7.46551
11.592379 7.204093
11.623627 7.346289
11.654882 7.506324
11.686125 7.388582
11.718426 7.466206
11.749663 8.037511
11.780815 8.107042
11.812043 8.053436
11.843353 8.299797
11.875713 8.555035
11.906888 8.732997
11.938106 8.745267
11.969264 8.54233
12.000551 8.570786
12.032958 8.083111
12.064224 8.7323
12.09547 8.75423
12.126718 8.913482
12.157998 9.668927
12.190329 8.109043
12.222753 8.555035
12.255117 8.719943
12.287599 8.544592
12.330321 9.890661
12.362738 9.862465
12.395013 9.727058
12.427306 6.55821
12.459689 6.646103
12.492206 6.78943
12.524452 7.477084
12.556789 8.415451
12.589019 8.2971
12.620246 7.929428
12.651382 7.989735
12.682595 7.733714
12.713806 7.248562
12.746217 7.728667
12.778479 7.999134
12.809629 8.173527
12.8408 8.700885
12.872055 7.02239
12.913478 7.254306
12.945912 7.666358
12.978416 8.002614
13.010745 8.392128
13.041978 8.699058
13.073368 9.171591
13.104603 9.244256
13.135784 8.298144
13.168169 6.987581
13.199285 8.009489
13.250915 9.493489
13.282148 9.906934
13.313428 9.271755
13.345839 8.038555
13.376955 7.067903
13.408156 7.022216
13.449492 7.061898
13.480756 6.218038
13.543739 5.910326
13.576056 6.298795
13.607366 6.215515
13.638511 5.123205
13.710415 4.99093
13.741619 5.033223
13.773987 5.878823
13.805131 6.121704
13.836331 6.370415
13.867512 6.10604
13.898772 6.220475
13.931191 6.631658
13.962497 0.047166
17.410937 0.047166
17.46264 0.047166
17.514252 0.04734
17.567074 0.04734
17.628917 0.047166
17.670379 0.047427
17.721904 0.047949
17.783529 0.104688
17.84648 0.412662
17.877678 0.53519
17.959743 0.634135
17.990931 0.545719
18.123888 0.546503
18.166365 0.587229
18.207738 0.343304
18.238927 0.679908
18.270226 1.548831
18.301485 2.375373
18.333919 2.850953
18.365012 3.450453
18.396232 3.938302
18.427401 4.404571
18.458638 4.51274
18.490976 4.71472
18.522205 4.976832
18.553441 6.864531
18.58468 5.080389
18.656646 5.141479
18.689022 4.862136
18.721365 4.115655
18.752535 3.761298
18.783736 3.315393
18.814898 3.113936
18.846113 3.149963
18.878451 3.880258
19.011478 5.246429
19.042683 8.71185
19.073955 9.129298
19.105191 8.980228
19.137583 7.928036
19.168797 3.980422
19.291402 1.711564
19.322664 2.267117
19.353963 2.320984
19.386279 2.401828
19.417465 2.713109
19.448631 3.01151
19.479851 3.624585
19.511008 4.335649
19.543343 4.549115
19.574485 5.176637
19.605619 7.485438
19.636796 8.022108
19.667976 8.142895
19.700296 8.014885
19.731477 8.496208
19.762731 8.559212
19.793954 8.450347
19.825157 8.628656
19.857498 8.350619
19.888601 8.306672
19.919719 8.915832
19.950927 8.979358
19.982153 8.795392
20.014362 8.742395
20.045519 8.618562
20.076655 8.933236
20.107792 8.768241
20.13893 9.628548
20.171319 9.679979
20.202449 9.961584
20.23364 10.388953
20.26488 9.666403
20.29609 6.49042
20.328566 6.593455
20.350911 6.644015
20.383333 6.411403
20.415693 6.671688
20.448107 8.916093
20.480446 8.794696
20.501434 8.307107
20.532627 7.916114
20.563849 8.131495
20.595068 8.53006
20.627476 9.104497
20.65985 10.121619
20.692161 7.515722
20.755172 7.343852
20.806748 6.326121
20.899188 6.921095
20.930378 6.732169
20.961575 6.945114
20.994077 7.135868
21.026485 7.00368
21.057756 6.72747
21.08903 5.911892
21.120221 5.886482
21.182113 7.748073
21.214597 8.253414
21.247088 5.781706
21.279473 5.82252
21.311801 5.893269
21.344231 5.569719
21.376774 5.747767
21.409197 6.163301
21.441523 6.369632
21.473865 6.606769
21.506349 5.619844
21.537547 7.280064
21.568799 8.722554
21.60011 8.785471
21.631417 8.771896
21.663849 9.003202
21.696167 8.917224
21.728562 8.8349
21.76108 8.098253
21.793498 8.218779
21.825974 7.912981
21.858309 8.102952
21.890643 8.0349
21.923081 7.921509
21.955567 7.958668
21.987957 7.58212
22.019207 7.239077
22.050466 7.062246
22.081718 6.675256
22.112985 6.627829
22.145352 6.997414
22.177721 7.436009
22.210131 8.06823
22.242577 8.174397
22.27381 5.584077
22.325468 5.753859
22.346536 6.030939
22.377834 6.199589
22.410228 7.436705
22.441407 7.369959
22.472597 7.485873
22.503834 7.545658
22.535166 7.207574
22.567664 6.729123
22.599968 6.800569
22.632451 7.005072
22.664727 7.705258
22.69713 8.63205
22.729552 8.565217
22.761905 7.799851
22.793142 7.706911
22.8243 8.065097
22.855529 8.268904
22.886863 9.111546
22.919351 9.137479
22.951715 8.991106
22.984056 9.2339
23.015142 6.449258
23.046341 6.658809
23.077531 8.946551
23.108676 9.355123
23.141098 9.308478
23.173428 9.642646
23.205694 9.906325
23.236934 7.516331
23.268218 7.76539
23.299426 8.006792
23.330727 8.78434
23.363198 9.436924
23.395609 9.642646
23.428031 9.456156
23.460167 9.082393
23.492587 7.76948
23.523841 7.125077
23.555009 7.130733
23.586377 7.382577
23.617625 8.089463
23.650071 8.033246
23.682299 8.181707
23.713434 8.017495
23.744692 7.433398
23.775808 7.348986
23.80704 7.612056
23.839431 7.779923
23.870727 7.951184
23.902027 7.929515
23.933297 7.301646
23.964568 7.059201
23.98677 7.289289
24.01917 7.097229
24.051585 6.896294
24.083917 8.580707
24.115161 9.332758
24.146451 9.304301
24.167513 6.999938
24.239612 6.924315
24.272068 6.955469
24.303245 7.220454
24.334653 7.496229
24.355628 7.320095
24.386921 7.315309
24.419401 7.706476
24.450621 7.32288
24.522575 7.849106
24.574239 7.962236
24.605525 7.946572
24.63793 8.264901
24.669208 8.269687
24.700398 8.23601
24.731731 8.090682
24.763031 7.706215
24.795403 7.752337
24.82673 7.820128
24.857922 7.989648
24.889154 8.570264
24.920327 8.525969
24.952677 8.216691
24.983913 8.445038
25.015057 8.72882
25.046327 8.883981
25.077622 8.603594
25.110004 7.804638
25.141269 8.213471
25.172452 9.048541
25.203703 9.466773
25.235017 9.773441
25.267558 9.783275
25.298811 9.188648
25.31988 9.514983
25.351054 8.731865
25.412785 8.621869
25.445267 8.603159
25.47635 8.712546
25.507551 8.263161
25.538794 8.217474
25.570118 8.308935
25.602522 7.9209
25.634924 8.001744
25.66739 7.836836
25.699907 8.81036
25.732216 8.924186
25.763576 8.577313
25.794758 8.125926
25.825964 8.14159
25.857138 8.534324
25.889424 9.355906
25.920633 6.015014
25.951862 6.126664
25.983069 7.145266
26.014337 8.301451
26.046718 8.433203
26.077906 8.729342
26.109075 8.63849
26.140252 8.569829
26.171475 8.727949
26.203775 8.750227
26.234991 7.729711
26.266238 7.157275
26.297507 8.605334
26.328826 8.172657
26.361294 8.446605
26.393794 8.91209
26.426324 8.171439
26.45873 7.880347
26.491304 7.893053
26.523815 7.849541
26.556172 7.894445
26.578417 8.322771
26.610847 9.254959
26.643339 9.105802
26.67574 6.421846
26.708217 6.523053
26.740718 8.41458
26.773043 8.857004
26.805497 8.795827
26.837936 8.495947
26.870476 9.107804
26.902989 9.125643
26.935337 8.362976
26.97806 8.520226
27.010618 8.606204
27.043065 8.634052
27.074344 8.849259
27.105465 8.770852
27.1367 8.521531
27.167888 8.680609
27.200156 8.972831
27.23141 8.624392
27.262714 8.612818
27.293966 8.800613
27.32521 8.977966
27.357628 9.274539
27.388876 9.485048
27.420047 9.599047
27.451259 9.761258
27.482532 9.616017
27.514986 8.624566
27.588196 8.773984
27.620704 8.852479
27.65203 9.133911
27.683245 8.660768
27.7145 7.635204
27.756062 7.204355
27.788519 7.358994
27.819751 7.384927
27.840887 7.341763
27.872182 7.629635
27.90345 8.192933
27.935979 8.481414
27.967101 8.220781
27.998334 8.841079
28.029503 8.716288
28.060704 9.90998
28.093072 10.14207
28.124271 5.75325
28.165712 5.842013
28.196931 5.987167
28.228235 8.72882
28.260856 8.546681
28.292295 8.680609
28.323617 8.589409
28.354898 8.196762
28.38626 7.859288
28.41875 7.003593
28.449991 7.148312
28.481234 8.156123
28.51243 9.600179
28.543687 9.50106
28.576192 9.52473
28.607385 7.292944
28.638663 7.474386
28.669894 7.87208
28.701113 8.261246
28.733565 8.520835
28.76479 8.828461
28.795964 7.579162
28.857651 7.637728
28.888858 7.513372
28.921274 7.507107
28.953719 7.682806
28.986238 8.601418
29.018627 8.161518
29.071475 8.874931
29.102661 5.440664
29.194952 5.687025
29.226233 6.113176
29.257518 6.836074
29.289922 6.538282
29.321163 6.604158
29.35237 6.872537
29.383574 5.586514
29.44548 5.917288
29.477704 7.757471
29.549645 7.781403
29.580859 7.792716
29.612043 7.296686
29.663744 6.916831
29.696153 6.734693
29.72733 7.007944
29.758546 7.070165
29.789788 7.179466
29.821048 7.19426
29.853443 0.020363
30.12915 0.020624
30.414873 0.021842
30.456252 0.013488
30.731916 0.012705
30.876375 0.011574
30.968846 0.013314
31.061257 0.014097
31.143335 0.054041
31.205116 0.047253
31.319156 0.050038
31.361708 0.161427
31.423548 0.110605
31.536411 0.104427
31.577756 0.187273
31.619129 0.605417
31.65153 1.374698
31.682788 2.305146
31.713931 3.783837
31.745203 4.566955
31.776496 5.007377
31.808799 5.37209
31.840062 6.221084
31.871315 7.596566
31.902588 9.660921
31.933808 8.910697
32.027416 9.205356
32.0586 9.061421
32.089807 9.492183
32.121019 9.04976
32.182784 7.591084
32.215236 7.910109
32.266748 8.405791
32.297943 9.099276
32.329224 9.463031
32.36047 7.610055
32.403132 7.895141
32.43558 8.641536
32.46682 9.180729
32.498051 9.637773
32.529275 7.280151
32.631708 7.466989
32.664063 7.900798
32.695273 8.285003
32.726652 9.64778
32.758071 7.416081
32.789518 7.739806
32.822145 8.183535
32.853562 8.661725
32.884942 9.04976
32.916272 7.275278
32.95794 7.439316
32.99062 7.293988
33.02204 7.27493
33.043158 7.643123
33.074516 8.021411
33.105889 9.337544
33.138463 10.066186
33.171038 9.382622
33.203512 7.682284
33.236098 8.176399
33.26862 9.326927
33.301219 9.77405
33.333781 9.686157
33.366447 7.799068
33.397862 7.839795
33.429355 7.58212
33.460739 7.869644
33.492012 8.683046
33.524331 9.106585
33.556591 9.212753
33.588878 8.587059
33.620092 9.33824
33.651282 8.179619
33.702868 8.252196
33.734159 8.206857
33.766617 8.154295
33.798974 8.006618
33.831425 7.837271
33.863873 8.314156
33.894976 7.861899
33.926086 7.980337
33.967475 8.831245
33.998708 8.539284
34.031051 8.07232
34.062247 8.058831
34.093371 8.212774
34.124492 8.219127
34.155608 8.528493
34.187886 8.257156
34.220339 7.52512
34.251496 7.434356
34.282666 7.657395
34.313764 7.641992
34.34508 8.197284
34.377555 8.742308
34.408713 9.118856
34.439984 9.357124
34.47117 9.932606
34.50233 10.032508
34.534494 10.232573
34.56561 5.610184
34.637437 5.809205
34.668586 7.018909
34.699712 8.172918
34.732141 8.257678
34.764605 8.276214
34.795736 8.110784
34.826956 8.016712
34.858228 7.804377
34.889348 7.822129
34.921653 8.536238
34.964163 8.843429
34.995348 9.169851
35.026535 9.479652
35.057674 9.5712
35.088749 9.759169
35.120904 9.956015
35.153171 10.008838
35.175114 8.772157
35.267326 8.732649
35.298531 8.498209
35.329653 8.349487
35.360804 8.392302
35.393099 8.58558
35.425462 7.389278
35.487221 7.676453
35.51853 7.729363
35.549627 7.326796
35.580622 7.261441
35.612938 9.101625
35.644061 8.496121
35.675208 8.062486
35.706358 8.002876
35.737566 8.093553
35.769886 6.259809
35.800993 6.050171
35.832106 6.247974
35.863294 6.079411
35.894522 6.695532
35.926799 6.630439
35.958974 7.413818
35.991029 6.973309
36.023204 6.678911
36.054332 6.774723
36.0855 7.655742
36.116659 7.798111
36.147812 7.580554
36.18012 7.566195
36.212502 7.7204
36.243639 7.549487
36.274804 7.713351
36.305945 8.143591
36.337112 8.22461
36.369453 8.4064
36.401792 7.646082
36.424004 7.209402
36.476836 7.160843
36.508012 7.605007
36.539132 7.573157
36.570355 7.917854
36.601608 8.209207
36.634131 8.011752
36.665254 8.369067
36.696419 8.838903
36.727529 8.98397
36.758718 9.492532
36.791109 10.044256
36.812166 7.022303
36.904498 7.228634
36.935808 7.230635
36.967003 7.045886
36.999395 7.135868
37.03053 7.472298
37.061731 7.618235
37.092885 7.723706
37.124038 7.616842
37.156388 7.502059
37.188657 7.35238
37.22088 8.64902
37.253112 8.944114
37.2842 9.101712
37.315325 9.299254
37.346534 10.352404
37.377635 6.069316
37.420153 6.285916
37.451377 6.399568
37.482579 6.272428
37.513751 8.839426
37.544955 8.511176
37.567084 8.357319
37.618595 7.436531
37.649742 7.301559
37.691033 7.866337
37.722256 8.242188
37.754595 7.705519
37.795963 9.073517
37.827103 9.102843
37.858274 8.232964
37.889405 7.318615
37.921583 7.19922
37.95379 6.339435
37.996178 7.016559
38.028263 7.512502
38.060591 7.590475
38.092938 7.868338
38.125069 7.97381
38.157303 6.909521
38.189346 7.311044
38.221604 7.813079
38.253969 8.438163
38.286329 6.360059
38.328642 6.433594
38.360864 6.206638
38.391995 5.829917
38.423161 5.638118
38.454572 6.016058
38.485794 7.873734
38.518076 7.574549
38.549198 6.960865
38.580333 6.453174
38.611469 7.880522
38.642653 9.321097
38.674889 9.389671
38.705964 9.489747
38.737147 9.680588
38.768322 7.133605
38.830123 7.159016
38.862504 7.103147
38.893693 7.129341
38.924883 7.184426
38.95605 7.288331
38.987249 7.901581
39.019711 8.208423
39.051913 8.223043
39.084187 8.664336
39.116447 7.938653
39.169074 8.072146
39.201221 8.278129
39.232352 8.716027
39.263461 8.700189
39.294576 8.93489
39.325762 8.807488
39.358215 8.814363
39.389269 8.638316
39.420418 8.49264
39.451609 8.383774
39.482795 8.263683
39.515201 8.242014
39.546488 8.472886
39.577744 8.757711
39.608901 9.17603
39.640262 9.214407
39.672571 8.968306
39.703691 9.313004
39.7246 8.871537
39.755823 6.731734
39.787 7.272754
39.819339 7.62189
39.85051 8.075017
39.881721 8.999373
39.912825 9.36339
39.94402 7.315918
39.97641 6.933017
40.007459 7.029352
40.038592 7.594304
40.069758 8.111306
40.100901 8.754839
40.153537 6.412882
40.185667 6.663769
40.217857 6.729558
40.248974 7.783491
40.280173 8.579924
40.311364 8.720378
40.342606 8.647975
40.375046 8.658418
40.40621 8.780337
40.437375 6.009445
40.468623 8.419018
40.499826 9.066033
40.532185 9.088746
40.563355 8.888854
40.594413 9.905368
40.625497 10.100038
40.656687 7.25387
40.689124 7.207487
40.720211 7.200961
40.751584 8.649107
40.782867 9.523425
40.814239 9.852458
40.846646 10.168786
40.879036 8.046387
40.910188 8.344266
40.941413 8.805226
40.972532 9.462596
41.003612 9.109631
41.035994 10.624611
41.067124 7.313133
41.098334 7.526078
41.129567 7.727274
41.160738 7.72771
41.19298 8.215994
41.224127 9.512547
41.255308 9.781534
41.286567 8.470275
41.317787 6.4302
41.350112 6.815102
41.381195 8.782774
41.412353 9.490791
41.443505 9.934607
41.474733 9.330669
45.321662 1.208746
45.343719 1.190993
45.374796 1.29368
45.405948 1.407941
45.437063 1.415164
45.468273 1.427608
45.500677 1.425607
45.531849 1.456761
45.563071 1.473469
45.594342 1.49392
45.625608 1.448842
45.658068 1.411074
45.689312 2.062091
45.720545 2.820408
45.751733 3.861287
45.793144 5.045406
45.825589 5.596957
45.846716 6.293226
45.877951 6.646016
45.909211 8.621172
45.980977 8.412666
46.013383 7.643297
46.044614 3.994171
46.086 3.726402
46.117213 2.746003
46.14838 2.418015
46.180736 2.475537
46.211997 2.82006
46.243324 3.095922
46.27456 6.2478
46.305867 6.310892
46.338253 6.532016
46.369749 7.981729
46.40103 8.156384
46.432358 8.553643
46.463661 8.965086
46.496087 9.044799
46.527313 8.89103
46.558607 9.243298
46.589833 10.012667
46.621086 9.927558
46.653358 10.197416
46.685733 9.755166
46.718134 10.648194
46.750543 7.552881
46.783012 7.343765
46.81423 8.587582
46.84545 8.992238
46.87667 8.802441
46.907854 8.631093
46.940208 8.772766
46.97257 5.82104
47.005041 6.025109
47.037492 6.414884
47.06995 7.446452
47.102302 7.504757
47.134638 7.588212
47.167062 7.85894
47.199344 8.009402
47.231733 8.422064
47.262836 7.746419
47.29404 7.854589
47.325266 8.121314
47.356542 9.088572
47.388916 9.886397
47.420135 6.74061
47.471588 6.87976
47.502796 7.186689
47.533983 6.768544
47.566418 7.023782
47.597578 7.61223
47.628771 7.963976
47.659987 7.601701
47.691182 7.926295
47.733779 7.872428
47.775201 8.536151
47.806409 10.404269
47.837602 7.714395
47.909478 8.091639
47.941917 8.794435
47.97302 9.232769
48.004093 9.332497
48.035204 9.630811
48.066423 7.61632
48.098657 8.075191
48.129751 8.41458
48.161008 8.460789
48.192156 8.723598
48.223358 9.024871
48.255783 9.162628
48.287031 7.778009
48.318243 8.322423
48.349454 8.223652
48.380563 8.329994
48.412896 8.568698
48.454289 8.962389
48.485419 8.915832
48.516625 7.192693
48.547867 7.219758
48.580091 8.543896
48.611254 8.760148
48.683115 9.838969
48.714346 6.952946
48.796362 6.636009
48.818591 7.290246
48.85093 7.432006
48.88209 7.504931
48.913265 6.634616
48.944434 0.013227
49.209638 0.013053
49.333608 0.011922
49.415678 0.013401
49.538626 0.015664
49.580093 0.03916
49.631732 0.130708
49.66401 0.116958
49.756356 0.11983
49.828355 0.228521
49.859474 0.330251
49.890655 0.168563
49.973814 0.131404
50.076229 0.538409
50.127761 1.079343
50.158825 1.774481
50.189962 2.356925
50.222422 2.952769
50.253561 3.317917
50.284861 3.589776
50.316052 4.028197
50.347251 4.281346
50.379618 4.304581
50.410711 4.440859
50.441823 4.477322
50.472979 4.423977
50.514407 4.586796
50.546654 6.293748
50.608382 7.095576
50.639672 7.661572
50.670842 7.547398
50.712248 5.985513
50.74471 5.11311
50.777076 5.249388
50.799326 5.468685
50.83189 5.725228
50.864192 6.213165
50.896634 5.948616
50.92787 6.189234
50.959038 6.274777
50.99023 6.721378
51.021507 7.006378
51.053786 9.059419
51.084877 9.634466
51.116133 10.166262
51.147292 6.57109
51.188688 6.808314
51.220946 8.104605
51.252186 9.313874
51.303785 10.017627
51.334907 9.417344
51.366091 8.006356
51.39848 8.395696
51.429637 8.836728
51.460935 9.290117
51.481895 9.433791
51.513223 9.594
51.54553 7.863378
51.587991 8.214341
51.711807 9.803464
51.743192 9.504019
51.774469 9.622195
51.805615 7.351684
51.836742 7.498056
51.868996 9.595828
51.900206 10.265033
51.931393 10.310807
51.962706 10.312286
51.993957 7.046582
52.056803 7.193825
52.08792 7.47195
52.119064 7.964498
52.150226 8.461399
52.181464 8.082501
52.213824 7.815428
52.24497 7.723793
52.276147 7.449411
52.307399 6.35214
52.36917 6.992454
52.401531 7.473342
52.432729 8.283002
52.46388 7.811861
52.495062 7.838315
52.526274 7.877476
52.558691 8.16204
52.589957 8.399438
52.621083 6.453261
52.67269 6.582055
52.704008 6.690224
52.736397 7.177813
52.767659 8.436771
52.798943 8.479151
52.830112 8.035074
52.861383 7.822651
52.89378 8.053088
52.925066 8.357319
52.956224 8.206683
52.987504 8.810447
53.018775 9.035401
53.051053 8.55547
53.092409 9.290117
53.123494 9.411948
53.154709 9.352077
53.185911 9.524991
53.218414 6.515047
53.250783 6.981837
53.283014 7.450629
53.315099 7.741372
53.34711 9.043146
53.378282 9.456765
53.409501 9.074822
53.440609 9.603399
53.461502 6.247974
53.49379 7.492052
53.52617 9.524121
53.558348 9.220237
53.590628 9.006161
53.62285 8.686614
53.655142 8.679043
53.687448 8.648062
53.719583 6.189843
53.751833 6.054
53.784027 7.809772
53.816253 9.064292
53.848291 8.108782
53.931501 8.780946
53.962613 8.376029
53.993799 8.594021
54.024916 9.74803
54.056047 10.5308
54.088207 10.713026
54.120464 6.557949
54.213893 6.120051
54.245121 6.797958
54.276282 6.919181
54.307427 6.996022
54.338734 7.336281
54.371118 7.412687
54.402317 7.325229
54.433621 7.480043
54.464919 7.360734
54.496072 7.554186
54.528589 7.653653
54.56095 8.129755
54.59327 7.479434
54.625683 7.656351
54.6579 0.0
54.750157 7.793499
54.781357 8.213384
54.812542 8.335825
54.843756 7.062159
54.876025 6.214818
54.907181 7.754687
54.938349 10.603899
54.969482 10.60886
55.000638 10.519313
55.033012 7.412252
55.054124 7.880173
55.085243 8.223043
55.116473 8.573571
55.147737 8.953425
55.179998 9.031224
55.211155 9.138175
55.242393 9.603573
55.27355 9.26401
55.304755 8.624218
55.337043 8.50491
55.369178 8.701756
55.401338 8.306759
55.4336 9.019824
55.465911 8.51074
55.498153 7.559233
55.530529 7.764259
55.562957 7.746419
55.595365 7.878085
55.627463 8.965348
55.658781 9.462161
55.689796 9.266968
55.720916 6.250324
55.752244 7.935607
55.784622 8.506128
55.815799 8.420585
55.846998 8.138109
55.878242 7.995305
55.909381 8.059788
55.941717 8.08694
55.972929 8.085721
55.993896 8.022978
56.025097 7.821433
56.056277 7.406508
56.088665 7.662442
56.120938 7.761735
56.15204 8.72325
56.183279 8.958386
56.214492 9.166718
56.24577 8.419541
56.329275 9.444582
56.370893 6.19228
56.463392 7.658352
56.494801 8.762758
56.526173 8.962389
56.558752 8.403702
56.621856 9.234248
56.654221 6.450911
56.686624 6.989843
56.719148 7.496577
56.761819 10.417149
56.794242 11.468645
56.826593 5.613839
56.909925 5.695815
56.941161 5.692769
56.972432 7.259614
57.003669 7.27258
57.034929 7.008118
57.067358 6.989669
57.099757 7.087222
57.132305 6.530798
57.16473 6.356317
57.197186 6.66168
57.228469 6.699187
57.259777 6.694314
57.291041 6.737651
57.322373 6.65263
57.354779 7.115852
57.385989 7.679673
57.407079 7.813514
57.438223 8.043254
57.469488 8.181707
57.502073 8.323293
57.5344 8.381599
57.566887 8.422064
57.599395 5.240685
57.630635 5.270795
57.661885 5.915721
57.693152 8.24828
57.724445 8.176747
57.756861 7.843972
57.788125 7.640948
57.819343 6.986711
57.850677 6.611294
57.881922 6.683871
57.914277 6.180793
57.955616 6.193324
57.976706 6.260592
58.007992 6.453435
58.039389 6.559864
58.072051 6.676474
58.103459 6.206116
58.13476 6.69588
58.166213 7.008901
58.19757 6.964259
58.230144 6.859831
58.261515 7.368741
58.292826 4.606202
58.324175 6.133104
58.355597 6.56552
58.388203 6.083936
58.420633 5.182554
58.453056 4.824107
58.485615 4.602373
58.518029 4.638575
58.550462 4.069707
58.581691 5.443187
58.612941 7.65696
58.644199 7.683154
58.675443 7.574898
58.707834 9.008598
58.740334 9.720531
58.771481 9.729408
58.802714 8.332344
58.83395 8.496991
58.86523 8.980402
58.897608 9.231985
58.930072 9.463292
58.962506 9.16141
58.995056 9.147051
59.026293 8.558255
59.057491 8.293097
59.08865 7.811077
59.119859 8.178836
59.152196 8.813058
59.184552 9.354774
59.216861 9.299776
59.249202 8.544853
59.281596 8.815929
59.314113 9.424828
59.345322 9.848455
59.376543 9.373136
59.407809 9.495229
59.439154 7.956405
59.471505 8.232268
59.504032 8.335303
59.536342 9.087092
59.568772 9.355993
59.590998 9.069688
59.622334 9.972723
59.653608 10.495208
59.684815 7.367609
59.716092 7.654958
59.748543 9.850108
59.780964 10.189497
59.813305 9.702082
59.845544 9.575116
59.876652 7.445147
59.907824 7.556536
59.938979 7.674974
59.970145 8.045082
60.002508 8.415886
60.034945 9.618018
60.067328 9.940873
60.098535 7.14544
60.150106 7.2416
60.181235 7.63825
60.212424 8.836119
60.244802 9.072995
60.277197 9.160279
60.309493 9.121989
60.341644 8.384383
60.372736 7.673842
60.403846 8.077976
60.434961 8.69314
60.466222 10.656374
60.498497 7.649563
60.561332 7.8867
60.592496 7.946746
60.623669 8.080152
60.654868 8.476279
60.686147 8.973789
60.718461 9.159582
60.750839 9.147573
60.783096 9.192912
60.815298 8.862574
60.868022 8.9603
60.900332 9.379054
60.932652 9.537348
60.964754 9.649782
61.007437 10.324817
61.039609 10.212906
61.07188 7.298861
61.094 7.724316
61.126283 8.128623
61.158558 10.659594
61.190927 7.557145
61.253946 7.815951
61.286203 7.911154
61.31845 7.503191
61.350877 7.531473
61.383243 8.018975
61.415765 9.096317
61.448076 8.2515
61.480225 8.216952
61.512408 8.565652
61.544641 8.532322
61.576986 8.627351
61.609353 8.686265
61.641604 9.019128
61.673842 9.221543
61.706049 9.300559
61.738341 9.230854
61.770612 8.011143
61.802926 7.034921
61.835321 7.430701
61.867706 10.045735
61.900154 10.231442
61.932427 10.415408
61.964768 7.911676
61.997061 7.990431
62.029237 8.100863
62.061535 8.31259
62.093818 9.785972
62.12608 10.378859
62.158275 10.483982
62.190494 8.196675
62.222903 8.410751
62.255211 9.101886
62.287533 10.667774
62.319854 10.636185
62.352097 10.673344
62.384368 8.446257
62.416648 8.582969
62.448905 8.786168
62.480975 9.05794
62.513204 10.021369
62.545557 10.835554
62.577926 8.426676
62.610193 8.612731
62.642575 8.551989
62.674873 8.984231
62.707103 9.483394
62.749558 10.573964
62.781626 7.35238
62.824065 7.622238
62.856338 7.933257
62.878315 8.684351
62.910592 9.767959
62.942826 9.762128
62.97513 10.178967
63.007271 10.111002
63.039464 8.366892
63.071459 8.734824
63.103688 9.289507
63.135911 11.415387
63.168224 8.273864
63.210938 8.446605
63.24343 8.458005
63.275875 8.466359
63.308085 8.65311
63.340284 8.881196
63.372488 9.102756
63.404783 8.784688
63.436986 8.688789
63.469256 8.550249
63.50152 8.831245
63.532623 8.626655
63.563773 9.014341
63.595021 8.99685
63.626265 9.014863
63.658661 9.287506
63.691025 9.177857
63.723278 9.147399
63.754515 7.835879
63.826394 8.029853
63.857672 8.35497
63.888919 8.345136
63.921475 8.769198
63.9538 9.197089
63.984967 9.284808
64.016175 9.129908
64.047394 8.769807
64.07861 9.173767
64.111054 7.709
64.172817 7.924033
64.204006 7.903583
64.255523 8.097295
64.28672 7.703517
64.319088 7.761822
64.351251 7.630505
64.382401 8.1603
64.413508 8.591324
64.454836 6.973744
64.547096 7.212883
64.579472 7.138652
64.610679 7.119333
64.641853 6.64532
64.703599 6.74296
64.734798 7.015254
64.767136 7.27902
64.798403 7.100275
64.829674 5.684763
64.952465 6.105257
64.9837 7.024565
65.015963 7.559843
65.047064 7.900624
65.078182 8.139675
65.099073 8.152816
65.130231 6.536368
65.16247 6.583795
65.214053 6.80988
65.24524 6.882979
65.276388 7.079825
65.307533 8.27604
66.387695 8.304758
66.418883 8.448432
66.450213 8.763368
66.481539 8.891204
66.512828 8.891987
66.545088 8.171091
66.576309 8.087723
66.607515 8.309979
66.638722 8.405704
66.669918 8.325295
66.702332 8.488028
66.733367 8.721597
66.764472 0.407005
67.029489 0.197715
67.060676 0.072751
67.092934 0.009311
67.378289 0.010529
67.480679 0.012183
67.552546 0.018535
67.695665 0.017404
67.799226 0.023409
67.83036 0.023148
68.013992 0.020363
68.126583 0.024279
68.178166 0.050821
68.230963 0.035853
68.424899 0.04647
68.47645 0.044729
68.507549 0.047427
68.55912 0.064396
68.591477 0.062395
68.724375 0.068312
68.755503 0.103121
68.786617 0.067007
68.838156 0.062395
68.870418 0.05056
68.902467 0.053083
68.933635 0.055085
68.974886 0.056825
69.01619 0.083454
69.047303 0.095812
69.079438 0.102425
69.110534 0.117045
69.141624 0.122702
69.182956 0.122615
69.224335 0.131926
69.25665 0.146894
69.28775 0.161427
69.3494 0.167866
69.380543 0.188578
69.411637 0.194234
69.443884 0.188839
69.475016 0.167344
69.526587 0.216077
69.557801 0.243576
69.589031 0.260198
69.621403 0.275601
69.652598 0.277167
69.683792 0.271511
69.715027 0.321984
69.7463 0.382117
69.778627 0.457913
69.809815 0.467747
69.840933 0.340085
69.882278 0.438246
69.91349 0.459393
69.945928 0.488371
69.977208 0.504732
70.008431 0.478277
70.039649 0.620124
70.070918 0.778505
70.103296 0.800435
70.134462 0.762493
70.165647 0.741869
70.207017 0.908952
70.238314 0.942282
70.270688 0.954552
70.301956 0.99467
70.33314 0.743087
70.364325 0.92392
70.395594 1.308909
70.427897 1.308909
70.45909 1.322311
70.510616 1.306473
70.54183 1.724008
70.572946 1.900142
70.605131 1.909366
70.636305 1.83766
70.667321 1.695551
70.698423 1.489655
70.729508 1.508713
70.761819 1.437529
70.793045 1.847667
70.824285 1.914327
70.855351 1.731492
70.906941 1.979159
70.939222 1.865507
70.970376 2.310367
71.001559 3.048843
71.032674 3.813338
71.063843 4.405789
71.096076 4.873101
71.127074 3.75773
71.279996 3.425216
71.311146 2.672121
71.34241 2.494072
71.374697 2.557077
71.405853 2.613729
71.437066 3.107583
71.468266 3.278583
71.499391 3.507279
71.531656 3.861548
71.562811 4.281259
71.593965 6.04173
71.625136 6.491377
71.656325 6.718767
71.688536 7.120726
71.719696 8.027242
71.750757 8.271689
71.781829 8.306759
71.813 7.829526
71.845327 7.758429
71.876481 7.959451
71.907584 8.486113
71.948947 9.570765
71.9801 9.107108
72.012393 8.466446
72.043445 7.611534
72.074599 8.112089
72.105621 8.54146
72.136739 9.630115
72.189318 7.259266
72.250948 7.422869
72.282189 7.809337
72.313289 8.017234
72.354643 8.335041
72.386962 8.459484
72.418181 9.110327
72.449364 5.85933
72.48055 6.063051
72.511646 6.390343
72.544059 8.018801
72.575289 9.137479
72.60642 9.283416
72.637753 9.278368
72.668992 6.543939
72.721648 6.590496
72.753887 7.086787
72.785919 9.789627
72.8182 9.738893
72.850239 9.976813
72.882484 10.158256
72.914529 5.967065
72.957047 6.557427
72.989135 7.192258
73.02126 7.612056
73.05348 9.27132
73.085536 9.884569
73.117693 8.962215
73.149806 7.519986
73.182061 7.44184
73.214328 7.726491
73.287394 9.854024
73.318478 9.581121
73.34959 6.684045
73.380689 6.782816
73.411859 7.158493
73.444144 8.696708
73.476378 8.609511
73.508548 9.039839
73.54075 8.895555
73.572894 9.252784
73.604878 9.515419
73.637258 7.909413
73.699968 7.988169
73.731966 8.369938
73.764189 8.219127
73.796239 8.2126
73.828382 7.873299
73.860463 7.648867
73.8925 7.816908
73.924559 7.557667
73.956759 7.472037
73.988929 7.470557
74.021109 8.483154
74.052304 8.432159
74.083432 8.754839
74.114534 8.799569
74.145689 8.85039
74.177934 8.921749
74.21033 9.231724
74.242655 5.91781
74.285315 6.142503
74.31762 8.673212
74.349717 8.998416
74.380932 9.308478
74.412148 9.557015
74.44325 9.290117
74.474428 9.180903
74.50677 9.397851
74.539235 8.198416
74.60094 8.444864
74.632136 8.623957
74.663321 8.681392
74.694461 8.80218
74.726751 9.029918
74.758932 8.545463
74.791226 8.281522
74.822353 8.54407
74.853404 8.775203
74.884474 8.759191
74.915685 8.837163
74.947999 8.228787
74.980061 8.551641
75.012257 8.741525
75.043305 8.895903
75.074483 9.057592
75.105556 9.038447
75.136612 6.65176
75.168896 6.762453
75.201001 9.477128
75.233216 10.540025
75.265365 10.546725
75.297558 10.809273
75.329718 6.651151
75.372107 6.969654
75.403213 7.041361
75.434334 9.126253
75.465415 8.436336
75.557736 9.037228
75.589991 8.240796
75.622377 8.821151
75.654849 10.699276
75.687316 10.975052
75.719421 5.075516
75.842213 4.810967
75.873356 5.549181
75.904524 6.371459
75.935664 6.212904
75.968053 6.138412
76.0003 6.281478
76.032462 6.566913
76.064856 6.818931
76.096151 7.16824
76.127363 7.423565
76.158632 7.663835
76.189854 7.567501
76.22223 7.588386
76.264863 7.728058
76.296135 7.854154
76.327328 8.023848
76.358586 8.083372
76.389788 8.063966
76.422274 8.25646
76.453466 8.456612
76.484673 8.344788
76.515819 8.387342
76.547024 8.431376
76.579414 8.198677
76.610531 8.60342
76.641671 9.0515
76.672917 9.338588
76.704169 9.584602
76.736438 9.570939
76.767596 9.069601
76.798696 9.045234
76.829722 6.440033
76.860827 6.740262
76.893069 8.20033
76.924224 9.988039
76.955284 10.155123
76.986391 9.95967
77.01757 7.678542
77.049727 7.899231
77.080755 8.002527
77.111757 8.087114
77.142817 8.921314
77.173872 9.621847
77.205986 9.647345
77.237236 8.505258
77.268341 8.055785
77.299436 8.105301
77.320393 8.745093
77.3526 9.388626
77.383668 9.256874
77.414808 9.136347
77.445975 8.189975
77.477104 7.786363
77.509333 7.771743
77.540405 8.221912
77.571525 9.054807
77.602631 9.161497
77.633715 9.352773
77.666151 9.219106
77.697187 8.405356
77.728259 8.657374
77.759391 8.899993
77.790517 8.934019
77.822781 9.724534
77.854109 9.949053
77.885194 7.506498
77.936768 7.560365
77.967968 7.633899
78.000266 9.321445
78.041641 10.099515
78.072794 10.314462
78.103884 6.664813
78.145285 6.906388
78.177679 7.273015
78.208817 7.979466
78.24 8.821325
78.271279 10.370156
78.302551 7.903147
78.345087 8.337043
78.377388 8.589148
78.408493 8.952033
78.43955 9.453371
78.470815 9.601832
78.501889 7.877824
78.544277 7.991563
78.576456 8.066489
78.608383 8.238968
78.640318 8.566261
78.672535 8.574354
78.704429 9.915636
78.736478 7.468904
78.778628 7.674713
78.810699 7.83701
78.843102 7.814384
78.87535 8.223391
78.907545 8.556514
78.939788 8.671733
78.971958 6.161909
79.003069 6.272341
79.034249 6.658374
79.065325 7.922902
79.096505 8.414754
79.128741 8.042384
79.160769 8.3266
79.1929 8.602637
79.22499 7.864596
79.257173 6.469447
79.28929 6.481195
79.321227 6.71694
79.353265 7.315222
79.385497 7.671145
79.417468 7.536172
79.448557 7.625197
79.479733 7.431049
79.510825 7.131603
79.541897 7.157101
79.57424 6.866097
79.605283 6.7105
79.636369 6.49216
79.667567 5.503755
79.719117 5.131646
79.79218 5.259221
79.8233 5.348507
79.854431 4.337737
79.967026 4.94446
79.998113 4.97779
80.030375 5.317875
80.061364 5.410119
80.092376 5.355294
80.123483 5.272623
80.164754 5.512022
80.196952 5.688853
80.228121 2.868009
80.259288 3.161798
80.290412 3.402068
80.331772 3.172328
80.364225 2.964344
80.395256 3.059372
80.42632 3.124988
80.457485 2.914741
80.488657 2.95773
80.520907 3.035093
80.552011 7.736151
80.583148 7.292422
80.614239 7.300428
80.645389 7.535389
80.677741 7.993303
80.708969 8.448171
80.740197 8.875453
80.771494 8.471493
80.802732 8.664771
80.834985 9.334759
80.866102 9.675453
80.897192 8.5318
80.928209 8.508652
80.959319 5.855501
81.052779 5.0602
81.084173 5.484784
81.115262 0.04821
81.410742 0.016534
81.472773 0.021233
81.525795 0.025062
81.577611 0.027847
81.639663 0.030196
81.691462 0.052126
81.74316 0.049602
81.795993 0.094767
81.828222 0.092766
81.889915 0.126792
81.941464 0.154552
81.972622 0.155857
82.054739 0.236876
82.087084 0.675644
82.118205 1.382879
82.149317 2.160688
82.180442 3.244557
82.211696 4.061092
82.244101 4.674689
82.275323 5.410815
82.306521 6.344656
82.337611 6.728514
82.368738 6.94581
82.400882 7.229156
82.431944 7.210272
82.463055 7.384057
82.494269 8.224436
82.525413 8.26055
82.557721 8.247671
82.588836 8.822978
82.619867 8.983274
82.650887 9.293162
82.682186 9.481567
82.71451 8.556514
82.746612 6.137542
82.778815 6.273124
82.809921 6.638445
87.416094 1.393843
87.447239 1.406288
87.478504 1.411422
87.510861 1.413772
87.542049 1.467117
87.573233 1.458849
87.604288 1.396193
87.635477 1.38662
87.667721 1.397672
87.698936 1.420646
87.730208 1.357207
87.761316 1.649168
87.79264 2.083673
87.824938 2.153813
87.856135 2.094116
87.887296 2.567172
87.918436 3.425129
87.959821 4.191713
87.992174 4.628915
88.023391 5.054805
88.054529 5.537433
88.085663 6.064704
88.11689 6.091855
88.179717 6.455436
88.21076 7.4468
88.242049 8.052392
88.273289 6.330994
88.304469 5.149573
88.336757 4.744656
88.367928 5.268185
88.399023 5.791888
88.430118 6.254936
88.461292 7.265183
88.524256 8.570612
88.55533 9.046366
88.586561 8.924534
88.627874 10.170787
88.658946 9.948966
88.691233 10.062618
88.722379 10.146856
88.753601 5.681456
88.805066 5.316482
88.836236 5.414383
88.868494 6.989669
88.899622 7.753555
88.930728 7.734062
88.961899 7.443145
88.993042 6.584926
89.02523 6.707106
89.056334 6.763671
89.087427 6.913089
89.118484 7.006204
89.159746 7.45411
89.192046 7.813079
89.223206 7.706563
89.254377 8.166478
89.285423 8.555818
89.316514 9.243385
89.348832 9.644908
89.379875 6.193498
89.441536 6.339609
89.47263 6.47667
89.503691 6.172525
89.535967 6.327948
89.566996 8.967001
89.598114 8.652936
89.629184 8.326339
89.660291 8.543983
89.682285 8.500646
89.714468 7.0639
89.746647 7.496229
89.778622 7.551923
89.810611 7.697426
89.842749 8.566522
89.874809 8.791824
89.906933 9.267491
89.939039 9.760562
89.971256 9.889616
90.003379 9.971592
90.035533 10.038948
90.067608 7.357515
90.099604 7.43453
90.131794 7.421563
90.163991 7.545658
90.196035 8.864401
90.217779 8.460441
90.249861 8.241579
90.28204 8.47976
90.314177 8.058657
90.346146 6.79265
90.378254 7.196087
90.41026 8.316071
90.442366 8.381425
90.474363 8.517441
90.50643 8.918181
90.538534 8.254894
90.570611 7.414689
90.602661 7.429918
90.634786 7.671841
90.66697 9.327536
90.699191 9.349466
90.731474 9.086135
90.763755 8.046126
90.795917 7.252739
90.827977 7.329058
90.860025 7.573157
90.892163 8.737522
90.924102 9.01495
90.956187 8.795479
90.988413 9.109022
91.020554 7.312524
91.052656 7.442362
91.084714 7.973984
91.116738 8.8121
91.148648 8.721858
91.180716 9.074474
91.212907 8.878673
91.24517 7.892531
91.2772 7.581685
91.309203 7.60492
91.341331 7.850934
91.373396 7.812122
91.405517 8.473582
91.437619 8.527101
91.469726 8.225828
91.501687 8.12523
91.53367 8.164042
91.565615 8.342438
91.597574 8.714722
91.6295 8.855351
91.661375 8.786342
91.693266 7.282153
91.725356 7.505018
91.757698 7.669056
91.789674 7.637467
91.821735 8.776421
91.853586 8.741786
91.875357 8.95943
91.907351 8.999722
91.9395 8.595066
91.971635 7.286765
92.003675 7.899841
92.035614 8.52858
92.067601 8.60516
92.099429 9.240165
92.13162 9.099102
92.163665 7.774963
92.195851 7.952663
92.228066 7.956405
92.260129 8.137761
92.292256 8.832638
92.324301 9.611927
92.356547 9.626547
92.388537 7.233942
92.420691 7.304779
92.45289 8.752055
92.484936 8.103387
92.517118 7.386841
92.651186 8.965957
92.682368 8.95534
92.713471 9.05237
92.74468 8.531713
92.775851 8.553382
92.808143 8.418322
92.839285 9.052196
92.870437 9.006248
92.901556 8.823413
92.93267 6.574919
92.964932 6.587537
92.996031 7.469339
93.027058 8.426067
93.058207 8.38273
93.089375 8.524229
93.121606 8.818279
93.152699 9.161149
93.183869 7.145092
93.215034 7.316266
93.246269 8.790606
93.278641 8.725861
93.30975 8.58384
93.340822 8.906346
93.372044 8.591933
93.403238 6.817538
93.43544 6.632354
93.466547 6.482936
93.49762 6.695184
93.528698 7.693684
93.559832 8.015233
93.59217 8.429809
93.623228 8.655633
93.654258 7.387886
93.685357 7.683067
93.716506 8.274039
93.74895 9.036184
93.780087 9.000418
93.811321 9.077172
93.84251 9.262182
93.87367 6.846169
93.905918 6.919616
93.937084 7.030831
93.968184 7.588647
94.019737 8.360887
94.040751 8.775116
94.07301 8.753882
94.104134 8.079282
94.135221 7.831441
94.166316 8.346877
94.197469 8.286657
94.229777 8.770765
94.271086 6.633311
94.342849 6.833115
94.373973 6.546636
94.405202 8.383078
94.437603 8.627264
94.468811 8.697926
94.500041 9.157146
94.531276 9.018518
94.562535 9.432225
94.595036 8.85596
94.668116 9.073604
94.700532 8.97083
94.731763 8.900341
94.763069 9.211883
94.794285 9.542396
94.825492 9.390802
94.857912 9.271842
94.889134 8.993978
94.92039 8.944114
94.951664 8.81941
94.98286 8.842123
95.015183 9.139567
95.046458 9.383318
95.077715 9.653263
95.108984 9.707565
95.140272 9.433878
95.172596 9.37801
95.203809 9.300559
95.235037 8.849781
95.286564 8.634661
95.317783 8.460006
95.350091 8.228961
95.381287 8.602375
95.412491 9.03514
95.443693 8.76798
95.47492 8.956645
95.507324 9.222326
95.538569 9.161497
95.579941 9.14592
95.611072 9.231289
95.642312 9.577553
95.674624 9.527689
95.705817 9.747508
95.736867 6.639403
95.768136 6.93937
95.799325 7.040839
95.831531 7.101668
95.86252 7.517985
95.89353 10.656026
95.924576 11.358822
95.955648 7.935607
95.998044 8.3199
96.029081 8.784253
96.060198 9.325796
96.091284 9.78954
96.12239 9.253741
96.154697 9.623153
96.185727 9.202485
96.21681 9.325448
96.247903 8.646322
96.289238 8.43068
96.321501 8.412666
96.352702 7.972157
96.383934 8.232355
96.415192 8.737174
96.446475 9.028874
96.478826 9.076389
96.511023 7.204093
96.543288 7.036052
96.575635 7.670449
96.606866 8.303017
96.637967 8.572788
96.669161 7.50789
96.700364 7.731626
96.732521 7.852152
96.764802 8.147072
96.796969 7.907325
96.829046 8.655285
96.861098 9.34555
96.893159 9.372962
96.925275 8.767806
96.998302 8.67034
97.030594 8.838207
97.062672 8.990497
97.094611 9.349466
97.126536 9.626982
97.158665 9.781273
97.180376 9.928951
97.212344 8.314939
97.315886 8.15943
97.346901 8.12784
97.377915 7.672624
97.408952 7.755209
97.439988 7.354904
97.472244 7.736238
97.504217 7.248736
97.536039 7.314525
97.567928 7.617452
97.598968 7.468904
97.629975 7.81012
97.660978 7.557319
97.702254 7.953099
97.734429 8.543809
97.766588 9.206053
97.798565 9.351119
97.830458 9.534389
97.862408 9.576421
97.894351 6.530276
97.925384 6.815711
97.956457 7.139261
97.987503 7.52338
98.018513 9.119639
98.050757 10.030767
98.081768 7.864857
98.112821 8.047257
98.143853 8.262813
98.17491 8.280478
98.207041 9.967676
98.239073 11.061552
98.271143 6.581271
98.344167 6.726077
98.375297 7.152576
98.416603 8.46575
98.447636 8.591063
98.47872 8.490116
98.510864 8.356014
98.541913 8.795566
98.572958 8.586624
98.60396 8.310414
98.635113 8.401353
98.667392 8.055959
98.6984 8.301016
98.729523 8.351489
98.760664 8.604725
98.791901 8.430418
98.824218 8.841949
98.855412 9.041492
98.886599 0.004438
99.182329 0.007832
99.223733 0.009224
99.327226 0.010442
99.409233 0.011312
99.501542 0.013836
99.58365 0.05552
99.635203 0.05317
99.738706 0.063265
99.811758 0.132274
99.844039 0.146285
99.956615 0.118263
100.038673 0.216599
