1.7e-05 343.095
0.225723 337.902
0.266982 337.705
0.297986 337.8
0.339359 338.461
0.380632 338.411
0.412726 338.138
0.443725 340.206
0.495074 340.048
0.526119 338.699
0.557117 335.007
0.589161 334.848
0.620177 332.868
0.651169 331.179
0.682169 330.266
0.713139 327.33
0.745265 326.062
0.777204 323.456
0.809336 322.211
0.840525 322.885
0.871552 323.518
0.902614 319.584
0.933645 315.014
0.965862 311.728
0.996982 312.974
1.02793 310.647
1.058957 305.854
1.079785 303.642
1.111906 300.448
1.143036 301.24
1.18427 306.626
1.255996 301.467
1.287139 290.649
1.319319 283.574
1.350316 282.747
1.381339 280.34
1.412338 278.586
1.453507 276.346
1.485533 275.473
1.526723 277.734
1.557697 274.269
1.588677 272.865
1.619677 271.135
1.651756 269.879
1.68275 269.585
1.713711 269.945
1.744711 269.819
1.928477 272.199
1.960717 271.522
1.991739 273.53
2.022837 278.634
2.053831 280.606
2.085014 281.847
2.117155 282.058
2.148196 279.864
2.199709 276.929
2.230794 277.559
2.261846 279.056
2.283938 276.818
2.315906 280.457
2.347878 277.693
2.380031 272.076
2.411996 272.327
2.443913 272.046
2.474943 271.185
2.505961 271.134
2.53702 272.149
2.568008 271.452
2.600276 271.617
2.632267 273.783
2.663259 273.443
2.694251 272.277
2.725201 271.841
2.756198 274.341
2.788365 270.869
2.820375 272.036
2.852394 271.656
2.884394 271.371
2.916564 270.885
2.948597 271.129
2.98075 270.587
3.013337 270.902
3.045635 276.266
3.07791 275.019
3.110046 271.781
3.142308 272.818
3.174282 272.61
3.206244 270.866
3.227138 270.709
3.258092 273.157
3.28917 271.566
3.320268 272.942
3.352429 275.422
3.384612 274.702
3.416688 270.763
3.448673 271.459
3.480511 271.634
3.512321 271.469
3.544217 272.652
3.576036 271.763
3.607924 270.043
3.639812 270.303
3.671731 269.875
3.703662 270.016
3.735525 269.316
3.766514 272.36
3.79749 270.985
3.828532 268.955
3.859528 270.331
3.891606 270.011
3.923542 270.762
3.955453 271.708
3.987287 271.039
4.019329 270.071
4.051165 269.696
4.083083 269.961
4.115118 271.313
4.147098 273.964
4.178925 269.678
4.210795 268.458
4.241858 268.778
4.272868 271.604
4.303909 270.16
4.334921 272.275
4.367081 277.114
4.398918 285.953
4.420638 303.615
4.452498 305.837
4.48432 309.487
4.51627 311.629
4.548141 311.998
4.579961 314.607
4.61204 330.002
4.643886 297.044
4.675719 299.663
4.728042 283.929
4.759916 275.616
4.791984 276.951
4.824112 278.129
4.856145 282.145
4.898514 280.871
4.930434 274.19
4.96246 270.63
4.994406 271.425
5.026662 269.675
5.058716 269.299
5.090536 273.635
5.122391 271.021
5.15429 270.651
5.186267 273.139
5.218129 271.006
5.249158 271.443
5.280217 272.135
5.311268 276.959
5.342295 271.153
5.374429 269.865
5.405508 275.318
5.436534 279.148
5.467603 311.269
5.54961 308.331
5.591932 303.159
5.622961 300.94
5.654016 282.541
5.685054 289.532
5.736495 297.163
5.768712 294.815
5.840492 289.298
5.871509 281.368
5.902506 281.265
5.933509 279.142
5.965719 272.726
5.997702 272.501
6.029948 271.648
6.061913 270.895
6.093704 269.688
6.125505 270.621
6.157413 268.898
6.189255 269.381
6.221151 270.553
6.252971 270.575
6.284766 269.856
6.316524 271.435
6.348272 276.737
6.380579 270.483
6.41266 271.0
6.443766 272.09
6.474767 270.657
6.505775 271.02
6.536761 270.753
6.568819 270.023
6.600681 272.67
6.632515 272.132
6.664429 280.287
6.696193 273.994
6.728102 286.265
6.770053 274.775
6.801927 271.761
6.833802 269.726
6.865721 269.026
6.897625 270.228
6.929615 274.569
6.961487 273.761
6.993291 271.763
7.024366 270.968
7.055364 276.496
7.086367 273.768
7.117401 274.688
7.149499 281.087
7.181334 273.816
7.213205 271.265
7.244988 295.339
7.287124 273.829
7.319128 276.221
7.351144 277.004
7.383318 275.222
7.405102 278.399
7.436993 282.25
7.468826 287.952
7.500589 289.794
7.532387 297.446
7.564381 282.817
7.596288 274.721
7.628172 276.483
7.659977 280.672
7.691901 279.23
7.722965 276.493
7.754029 276.154
7.785049 280.406
7.816096 301.428
7.848267 288.131
7.86919 283.764
7.900207 280.317
7.93128 290.038
7.962352 296.063
7.994462 300.741
8.025471 339.257
8.087127 340.705
8.118131 349.492
8.149137 339.655
8.18127 338.036
8.21225 338.448
8.243341 338.775
8.274401 337.263
8.305435 341.266
8.337588 337.877
8.369757 335.337
8.401704 280.307
8.433583 272.483
8.465521 271.332
8.497472 273.571
8.529385 276.711
8.561202 293.288
8.593071 309.789
8.624861 320.704
8.656678 338.97
8.688562 370.071
8.750924 393.391
8.823597 397.787
8.855953 430.538
8.886993 436.994
8.918016 448.487
8.949055 475.497
8.990269 478.244
9.022361 483.947
9.054543 487.312
9.085548 486.311
9.1267 485.999
9.157689 453.651
9.18876 453.052
9.231153 446.335
9.262971 419.812
9.294792 409.616
9.326659 410.199
9.35852 404.543
9.390348 413.983
9.462015 419.416
9.493058 425.344
9.524121 427.546
9.555166 425.735
9.587311 408.804
9.619259 407.274
9.650259 410.001
9.681223 408.414
9.712231 409.837
9.743296 415.646
9.775403 420.016
9.807246 419.043
9.839222 405.954
9.860997 395.398
9.892847 393.634
9.924694 393.758
9.956504 394.879
9.988313 398.28
10.020142 401.511
10.052218 405.819
10.084585 392.334
10.116793 382.438
10.148653 356.396
10.180474 345.732
10.212538 348.913
10.2549 353.435
10.286978 346.743
10.319079 343.76
10.351129 332.712
10.382973 302.389
10.41487 301.34
10.446752 300.103
10.478616 287.091
10.51045 276.59
10.542279 281.288
10.574051 275.188
10.606239 274.926
10.638174 284.077
10.670061 296.153
10.701911 300.934
10.734033 301.639
10.766172 305.747
10.798177 318.079
10.830137 320.909
10.862138 324.983
10.89449 330.12
10.926644 332.675
10.958726 337.042
10.990691 340.408
11.022899 328.067
11.055241 326.151
11.087134 333.188
11.119011 334.508
11.151076 332.787
11.183044 350.795
11.225306 351.273
11.257213 358.811
11.289068 364.73
11.320959 373.29
11.352946 375.901
11.385383 378.01
11.417356 378.684
11.449351 381.235
11.471184 390.013
11.513216 390.872
11.545128 391.816
11.576999 379.433
11.598783 363.946
11.630602 359.639
11.662517 357.859
11.69442 368.303
11.726318 372.416
11.758059 378.704
11.789834 375.857
11.821717 382.034
11.853845 368.41
11.88487 367.232
11.915894 376.319
11.967479 380.249
11.998509 389.879
12.051112 378.279
12.08311 371.543
12.114194 367.576
12.145206 368.37
12.17636 372.459
12.20745 372.125
12.239582 358.734
12.270578 331.339
12.30155 288.685
12.332528 274.932
12.363625 278.847
12.3959 280.19
12.428153 275.199
12.459353 272.479
12.49043 275.149
12.52152 272.433
12.55256 273.831
12.584674 276.173
12.616695 275.714
12.648578 284.201
12.680433 286.782
12.712348 287.61
12.744295 287.467
12.776231 292.533
12.808358 292.775
12.840407 300.242
12.872488 300.651
12.90445 302.662
12.936222 313.454
12.96801 317.508
12.999834 320.9
13.031801 329.611
13.063915 326.969
13.095776 329.099
13.127608 339.192
13.159485 327.162
13.19123 320.945
13.223032 320.458
13.254895 319.044
13.286724 316.496
13.318617 315.508
13.35053 324.487
13.382309 325.082
13.414172 338.309
13.446012 341.17
13.477759 328.372
13.509474 322.586
13.541205 321.373
13.573216 321.847
13.605139 320.036
13.637053 319.117
13.668864 321.561
13.700807 325.512
13.732721 333.898
13.764612 337.683
13.796473 339.262
13.82847 344.201
13.860494 346.823
13.892498 423.282
14.005876 398.053
14.036967 386.013
14.068205 388.68
14.099311 392.984
14.130412 393.032
14.162554 383.199
14.193571 377.417
14.2246 385.029
14.265782 369.832
14.296819 345.314
14.328945 320.525
14.360049 316.443
14.391196 317.611
14.422336 327.896
14.453434 333.872
14.485622 339.168
14.516695 345.675
14.557904 357.482
14.599149 361.767
14.630195 373.811
14.662338 397.571
14.694346 403.424
14.72626 413.621
14.758137 420.875
14.789998 425.94
14.821931 438.419
14.854074 454.934
14.886252 451.232
14.918154 451.007
14.950079 450.787
14.982057 455.035
15.014033 464.26
15.046055 461.01
15.078441 463.834
15.110312 471.387
15.142262 478.619
15.174297 489.012
15.206311 503.885
15.238595 521.907
15.270655 497.03
15.302599 487.016
15.334596 486.375
15.36664 488.179
15.3986 495.459
15.430762 500.782
15.462684 510.456
15.494699 521.694
15.526681 524.583
15.558615 538.093
15.590564 551.93
15.622492 505.416
15.654526 503.622
15.686407 494.988
15.718327 493.488
15.750222 498.849
15.782197 506.286
15.81412 504.731
15.846354 506.978
15.878571 510.714
15.910729 509.681
15.942685 494.551
15.974728 459.173
16.006704 453.342
16.038856 452.285
16.071164 457.279
16.103142 459.661
16.135143 454.539
16.167116 451.512
16.199004 419.691
16.230939 401.613
16.262847 391.562
16.294751 389.284
16.326608 392.899
16.35852 414.162
16.40049 423.046
16.431546 429.066
16.462617 483.711
16.534403 500.718
16.565463 519.053
16.597755 500.425
16.629621 472.467
16.671656 472.122
16.703464 470.665
16.735301 470.24
16.767412 466.962
16.799204 475.994
16.831212 484.141
16.863179 487.558
16.895127 491.161
16.927256 498.343
16.95912 440.991
16.991011 412.336
17.022762 381.194
17.055024 361.69
17.087375 360.79
17.118408 361.43
17.149483 367.75
17.180503 378.285
17.211511 387.377
17.24368 411.474
17.275564 413.409
17.307486 425.351
17.339351 405.366
17.371383 402.555
17.403462 395.854
17.435552 392.535
17.467511 385.674
17.499454 379.926
17.531322 390.452
17.563204 389.266
17.595186 398.251
17.637361 404.136
17.669396 360.022
17.691049 350.667
17.722995 346.014
17.755152 336.717
17.787243 340.299
17.819275 342.732
17.851436 337.887
17.883402 334.245
17.91533 332.895
17.947268 330.647
17.979348 322.66
18.011279 323.322
18.043122 322.135
18.074913 327.661
18.107205 326.73
18.13918 328.793
18.171056 346.003
18.203043 347.151
18.234851 364.751
18.287084 353.107
18.319022 355.74
18.35109 349.826
18.382968 341.236
18.415117 341.632
18.447042 338.038
18.478924 337.008
18.510816 327.875
18.542733 325.181
18.574594 319.303
18.60647 329.275
18.68932 319.879
18.720329 317.239
18.751347 308.295
18.782311 304.976
18.813317 302.952
18.84561 332.263
18.897142 323.099
18.92814 302.118
18.959252 289.407
18.990319 280.29
19.022453 281.599
19.054399 288.132
19.086639 291.361
19.118715 305.502
19.150619 309.75
19.182546 331.567
19.214381 352.915
19.246271 359.701
19.278247 405.36
19.340655 389.358
19.371661 386.254
19.402623 389.075
19.433595 386.794
19.464637 390.522
19.496835 394.728
19.528724 403.694
19.56058 409.76
19.592565 429.128
19.62448 431.221
19.656482 437.681
19.688375 392.366
19.720412 354.717
19.752354 347.173
19.784407 340.214
19.816285 342.187
19.848485 345.423
19.880732 349.673
19.911865 361.852
19.942919 375.348
19.984148 377.174
20.015236 363.076
20.047475 350.819
20.078494 334.51
20.099421 344.696
20.140646 335.908
20.171681 335.96
20.20389 336.384
20.235771 333.282
20.267697 332.314
20.299852 329.903
20.331793 300.267
20.364015 299.906
20.396045 317.184
20.489412 298.152
20.520466 330.692
20.622869 308.524
20.653928 307.73
20.684883 308.034
20.716955 310.327
20.748857 291.682
20.780786 279.61
20.812726 273.364
20.844695 274.207
20.876789 274.432
20.908765 283.985
20.940647 287.388
20.972555 303.674
21.004623 307.748
21.036671 318.103
21.068653 324.401
21.100849 340.135
21.132757 351.069
21.16453 353.72
21.196295 370.425
21.228174 389.729
21.260118 394.059
21.291945 411.271
21.323817 420.856
21.355693 453.725
21.387491 472.321
21.419376 438.371
21.451161 426.971
21.482897 411.711
21.514701 410.401
21.546519 413.623
21.578399 421.457
21.610162 442.078
21.641942 447.733
21.673831 461.053
21.705673 471.945
21.73751 482.561
21.769336 422.922
21.801277 400.416
21.833251 392.355
21.86516 379.983
21.897099 378.561
21.928921 383.926
21.96087 380.957
21.992777 369.767
22.02467 367.419
22.056657 354.88
22.08852 344.025
22.120688 337.497
22.152507 338.954
22.184326 338.259
22.216197 365.863
22.299095 325.421
22.330146 326.014
22.361228 328.531
22.392308 329.378
22.423432 342.785
22.455599 345.951
22.487493 341.174
22.518616 341.888
22.549564 351.685
22.580633 373.095
22.611652 382.019
22.64383 396.003
22.674876 408.464
22.705914 409.022
22.736896 400.199
22.767927 394.133
22.799942 397.97
22.832015 418.494
22.87426 421.835
22.906334 436.907
22.948687 405.735
22.980831 338.478
23.013111 325.595
23.045372 320.517
23.077588 320.81
23.109884 326.077
23.140955 332.202
23.172026 350.766
23.203283 355.899
23.234424 362.391
23.266706 381.855
23.298684 360.786
23.330489 354.431
23.361637 352.919
23.382467 358.776
23.413537 359.782
23.444683 367.877
23.476844 399.374
23.507989 410.02
23.539092 424.639
23.570181 452.191
23.784479 459.199
23.816709 458.747
23.847748 461.264
23.878857 468.994
23.90992 484.628
23.94099 487.956
23.973156 511.822
24.005046 517.544
24.036965 516.822
24.068835 519.98
24.099901 486.239
24.131033 386.01
24.162114 345.22
24.193181 342.389
24.225366 321.546
24.247115 305.453
24.279109 297.533
24.310916 296.712
24.341922 307.573
24.413702 326.894
24.475403 339.727
24.506693 357.314
24.538903 382.802
24.570901 382.161
24.602786 389.753
24.633781 389.867
24.664711 399.062
24.695748 399.011
24.726799 455.274
24.820091 364.432
24.851213 352.844
24.882353 344.227
24.913388 331.01
24.944424 327.969
24.976632 338.205
25.008678 341.87
25.040602 348.402
25.072535 355.48
25.104411 366.199
25.136756 355.879
25.168833 357.788
25.200707 348.201
25.232556 342.108
25.264455 344.457
25.296388 346.831
25.328201 352.438
25.349917 358.268
25.381824 369.882
25.413847 373.242
25.446019 382.819
25.478126 365.914
25.510078 353.592
25.542068 335.856
25.574183 338.393
25.606161 344.641
25.6383 345.238
25.670314 345.678
25.702181 347.399
25.723938 348.771
25.75581 350.985
25.787768 324.875
25.819685 309.806
25.851866 300.883
25.88392 304.091
25.916086 308.961
25.948156 325.801
25.98012 332.687
26.011987 335.738
26.043992 312.69
26.075982 309.457
26.107872 318.943
26.140069 328.216
26.172026 357.522
26.214014 368.396
26.245942 382.074
26.277773 397.673
26.308786 405.77
26.339852 414.637
26.371031 377.174
26.402069 372.785
26.43424 372.908
26.466185 385.252
26.498069 386.086
26.529101 388.031
26.560108 387.51
26.591197 396.993
26.622311 401.999
26.654514 335.682
26.696661 331.694
26.72867 323.546
26.760798 320.169
26.791871 322.543
26.822863 332.447
26.85397 339.791
26.885094 357.935
26.917313 381.146
26.948325 401.4
26.979396 426.105
27.010452 445.623
27.041485 451.786
27.073523 443.332
27.105497 441.883
27.1377 444.519
27.169582 475.674
27.221927 478.411
27.25378 489.384
27.284816 482.226
27.315897 483.945
27.346917 497.89
27.398503 466.672
27.430657 416.799
27.461703 385.828
27.492732 366.393
27.523694 359.187
27.554737 351.905
27.586905 342.646
27.618835 338.45
27.650634 318.994
27.682439 274.729
27.713523 275.855
27.744534 278.463
27.77562 286.409
27.806706 289.99
27.838815 288.085
27.870785 288.421
27.902985 294.175
27.934957 301.505
27.96687 307.939
27.998921 313.461
28.030879 316.85
28.062793 345.279
28.11502 354.452
28.147178 366.36
28.179027 354.541
28.210021 349.676
28.24103 330.999
28.272048 322.539
28.303202 320.646
28.335334 328.668
28.367453 360.635
28.429888 340.094
28.461814 340.365
28.493726 354.71
28.535749 345.627
28.567642 349.979
28.599536 361.859
28.631331 375.222
28.663569 386.027
28.695536 391.928
28.727412 430.144
28.75925 435.481
28.791033 442.388
28.822799 468.131
28.854758 479.59
28.886717 491.529
28.918599 514.884
28.950417 478.437
28.982295 465.964
29.014115 463.315
29.046027 472.827
29.077879 484.04
29.109678 488.299
29.141646 514.025
29.173414 517.119
29.205286 534.121
29.237196 558.675
29.268899 576.876
29.321019 598.627
29.352846 612.927
29.384646 526.449
29.41654 486.925
29.468816 474.488
29.500809 462.246
29.532661 464.562
29.574748 465.128
29.606829 467.495
29.638716 478.434
29.670581 449.004
29.702452 394.28
29.734291 361.186
29.766135 347.922
29.797971 357.771
29.870785 353.689
29.901834 356.765
29.932867 343.294
29.963826 316.564
29.994877 306.317
30.026898 304.828
30.058885 308.02
30.09077 309.392
30.122632 320.763
30.154705 330.959
30.186584 333.915
30.218375 344.042
30.301128 349.083
30.332257 355.74
30.363316 358.603
30.394406 366.283
30.425402 378.223
30.457565 384.686
30.488562 425.548
30.550028 352.625
30.581033 321.707
30.612094 298.363
30.644242 295.441
30.675254 295.012
30.706278 299.081
30.737342 283.389
30.768359 279.009
30.800312 280.093
30.83142 282.854
30.862459 333.452
31.005334 329.932
31.036335 324.968
31.068434 325.687
31.100408 325.603
31.132264 328.356
31.164353 337.648
31.196236 344.926
31.228173 320.061
31.300767 303.851
31.321673 294.808
31.352648 292.503
31.383749 295.427
31.414792 301.856
31.446757 307.452
31.478606 317.638
31.510448 327.611
31.54224 402.166
31.614846 407.577
31.645909 417.875
31.676882 429.491
31.707906 434.623
31.739018 456.751
31.781176 447.994
31.812164 441.186
31.843145 455.148
31.884245 488.268
31.925423 517.686
32.028786 538.218
32.059777 554.8
32.090801 565.326
32.121799 550.343
32.15291 538.87
32.185041 503.819
32.216068 481.045
32.24734 484.376
32.278332 510.799
32.3297 504.934
32.361839 513.374
32.392856 522.032
32.423868 497.951
32.515985 474.529
32.547021 471.835
32.579121 464.612
32.610179 470.796
32.651407 471.71
32.682562 485.637
32.713598 489.828
32.74575 496.746
32.776756 502.197
32.807754 498.931
32.838732 497.581
32.869865 491.969
32.90207 423.565
32.953458 419.551
32.984476 407.336
33.015516 395.915
33.046532 398.786
33.07858 393.249
33.110461 386.167
33.142562 384.537
33.174831 380.163
33.20677 366.602
33.23882 351.56
33.269833 339.98
33.30086 341.273
33.331828 342.717
33.362896 345.956
33.394912 351.737
33.425959 354.451
33.456983 354.209
33.487932 353.126
33.518974 355.617
33.551106 375.318
33.582978 386.511
33.614907 398.77
33.646841 405.086
33.678687 417.645
33.710582 429.515
33.742652 437.18
33.774513 446.066
33.796139 431.267
33.828099 428.498
33.86014 426.414
33.892004 428.92
33.923815 486.708
36.251452 280.014
36.283309 272.499
36.314311 274.131
36.345299 270.995
36.376406 270.523
36.407397 275.032
36.439512 274.085
36.470528 271.58
36.501553 271.099
36.532558 272.984
36.563636 271.935
36.59574 272.889
36.626763 280.036
36.647641 316.442
36.68885 341.313
36.71989 371.243
36.752005 389.866
36.783911 397.907
36.815821 404.214
36.846906 410.165
36.878069 439.111
36.909149 464.543
36.950476 477.727
36.982625 488.284
37.014488 523.339
37.046424 548.418
37.078208 458.869
37.110048 415.527
37.141947 420.955
37.184269 426.001
37.216157 443.085
37.248021 449.951
37.280025 467.654
37.312177 476.935
37.344029 497.128
37.386384 500.714
37.417462 524.549
37.448524 510.424
37.479638 502.294
37.510663 506.251
37.542767 509.984
37.57465 518.517
37.606486 528.125
37.638302 531.711
37.670217 536.932
37.702189 563.02
37.734206 590.87
37.766132 604.667
37.797921 582.502
37.829862 535.862
37.862079 530.555
37.894087 527.105
37.925998 575.399
38.008954 570.814
38.040016 568.209
38.071152 484.646
38.102139 419.672
38.133118 404.408
38.165335 395.68
38.197406 388.97
38.229406 389.524
38.261292 389.765
38.293232 386.518
38.325111 393.989
38.357104 401.176
38.389066 398.66
38.431104 376.677
38.462201 368.669
38.49329 372.444
38.524433 379.94
38.555567 444.646
38.648696 448.923
38.679706 457.377
38.731191 491.229
38.813068 477.018
38.844144 470.883
38.876469 475.776
38.90755 485.285
38.93868 507.453
38.969777 516.715
39.0009 521.481
39.033149 534.195
39.065125 508.222
39.09694 470.308
39.12895 437.924
39.160899 458.649
39.254291 457.7
39.285322 462.906
39.316349 471.585
39.347395 479.739
39.378396 481.582
39.410639 489.158
39.441661 480.935
39.472651 459.544
39.503616 466.738
39.555008 463.77
39.5871 466.306
39.619024 491.497
39.681394 471.026
39.712411 438.062
39.743479 424.108
39.764325 422.771
39.79537 423.259
39.827453 424.127
39.859395 425.447
39.89156 423.809
39.923516 408.279
39.955461 384.227
39.97705 382.298
40.008836 388.562
40.039805 391.779
40.070842 392.143
40.101919 397.692
40.132928 401.279
40.165071 408.556
40.216541 404.405
40.247558 396.693
40.278575 400.347
40.309593 403.938
40.341678 408.606
40.373897 413.185
40.405837 414.676
40.437875 433.843
40.469769 442.083
40.501616 451.415
40.533515 464.603
40.565468 476.702
40.59722 469.056
40.628966 454.184
40.660848 435.992
40.692687 440.452
40.724525 448.304
40.756355 469.368
40.788218 475.386
40.820148 494.077
40.852129 516.701
40.88423 526.394
40.916287 555.031
40.948231 571.147
40.980324 583.087
41.012238 550.151
41.043319 540.699
41.074357 538.246
41.105391 546.802
41.136454 545.215
41.168661 577.797
41.25185 582.515
41.283787 621.722
41.314849 634.427
41.345842 651.069
41.376881 592.863
41.407902 539.951
41.480655 509.254
41.51247 490.405
41.544373 490.395
41.576431 498.356
41.61865 500.333
41.650542 501.29
41.682467 505.845
41.714409 505.701
41.746262 487.173
41.778135 458.422
41.851048 455.799
41.882974 453.946
41.935325 456.931
41.96728 473.232
42.019541 461.731
42.051517 453.802
42.083514 443.157
42.115705 442.913
42.14774 434.976
42.179685 434.185
42.21189 442.946
42.243911 450.213
42.275884 451.267
42.307827 499.444
42.391235 526.895
42.422387 468.362
42.453499 449.172
42.4845 443.199
42.515583 450.082
42.54785 455.64
42.579807 450.941
42.61165 452.607
42.643637 467.668
42.685793 478.563
42.716812 481.139
42.74783 401.507
42.768884 362.601
42.799997 359.052
42.832268 359.685
42.86435 380.007
42.896671 368.628
42.927874 380.81
42.969286 349.626
43.00038 340.803
43.031582 358.618
43.104561 350.182
43.135776 351.432
43.166888 365.508
43.198031 364.962
43.229208 412.973
43.322484 399.669
43.353575 379.936
43.37454 380.635
43.405667 392.613
43.436884 400.636
43.469001 415.03
43.500152 425.841
43.531257 404.158
43.562337 375.877
43.59351 361.64
43.625764 360.817
43.658033 377.384
43.690391 379.305
43.731708 346.268
43.762798 319.507
43.793831 317.165
43.824989 313.735
43.857229 324.866
43.889321 329.822
43.921319 330.135
43.95333 340.295
43.985462 350.512
44.048304 383.545
44.079421 418.678
44.11049 442.921
44.141502 458.013
44.172612 471.801
44.20485 473.403
44.23608 485.826
44.267311 497.728
44.298421 506.65
44.329516 524.351
44.361804 529.538
44.394067 550.006
44.426297 569.729
44.468549 607.059
44.50057 631.069
44.531605 646.599
44.583052 666.929
44.603908 679.18
44.635068 649.115
44.667236 607.663
44.73905 543.065
44.770193 534.534
44.821684 522.497
44.85289 511.413
44.885189 404.124
44.958095 386.928
44.990357 364.565
45.022369 351.272
45.054315 344.401
45.086493 340.935
45.118594 335.834
45.149695 329.215
45.180795 331.047
45.211808 341.404
45.293962 385.645
45.3263 395.326
45.367616 417.185
45.398618 429.336
45.48072 478.668
45.511899 489.972
45.544207 498.349
45.576435 531.763
45.608308 549.824
45.640133 568.941
45.671936 579.848
45.70383 592.76
45.734884 603.709
45.765855 612.984
45.796916 642.009
45.828066 660.833
45.860167 677.806
45.891309 621.704
45.922307 520.955
45.953403 482.368
45.984513 454.073
46.016685 434.856
46.048721 436.412
46.080922 439.028
46.112799 443.489
46.144778 444.354
46.176711 442.977
46.208585 426.602
46.240722 407.393
46.272693 384.579
46.304737 395.218
46.418509 392.694
46.449734 360.814
46.480805 332.24
46.511922 335.728
46.542962 339.383
46.575169 341.319
46.60707 343.704
46.638952 357.35
46.680998 354.722
46.712076 297.438
46.743104 285.05
46.774129 290.059
46.805186 296.287
46.837348 331.953
46.889985 327.663
46.921021 366.225
46.992883 365.522
47.023835 362.84
47.054858 360.949
47.08692 360.233
47.118 369.384
47.148985 379.781
47.179983 393.937
47.211055 405.741
47.243298 362.256
47.274311 350.06
47.315518 341.302
47.346569 334.892
47.377656 336.259
47.409846 339.203
47.440848 346.556
47.471879 376.662
47.543868 390.371
47.57486 403.227
47.607009 422.055
47.63892 442.499
47.670801 449.518
47.702627 447.721
47.734506 440.016
47.766239 437.507
47.798199 432.377
47.829934 433.192
47.861827 441.546
47.893684 443.65
47.925607 454.35
47.957527 466.454
47.989466 495.375
48.021417 523.06
48.053297 538.13
48.085107 538.64
48.116927 478.885
48.147955 474.018
48.179056 448.997
48.210064 446.028
48.241217 449.075
48.273377 446.905
48.30525 451.579
48.336297 459.667
48.367426 467.391
48.449474 452.612
48.480623 432.34
48.512843 428.532
48.544741 430.072
48.576701 438.969
48.608574 452.65
48.650641 459.793
48.682485 495.328
48.714336 505.822
48.746384 514.507
48.777373 533.984
48.828839 523.149
48.859822 494.47
48.890813 465.02
48.922979 454.175
48.954075 453.405
48.985131 456.736
49.016194 460.987
49.047226 475.405
49.079357 476.429
49.110372 476.273
49.141375 486.015
49.172535 492.143
49.203664 507.855
49.235933 516.275
49.268077 494.617
49.300046 454.095
49.331971 445.6
49.363893 485.657
49.48771 456.52
49.518786 404.799
49.549815 389.669
49.580935 380.56
49.612168 350.48
49.644333 343.909
49.676184 345.378
49.708054 349.232
49.739919 359.049
49.771787 318.019
49.803832 298.695
49.83577 290.897
49.868301 290.768
49.900394 295.76
49.932293 303.79
49.964286 316.403
49.995365 327.044
50.026312 328.243
50.057319 340.43
50.088335 349.345
50.120544 346.433
50.152551 346.688
50.183606 352.16
50.21463 366.728
50.245748 371.467
50.276769 393.296
50.308841 406.494
50.340805 418.832
50.372991 429.242
50.405071 432.274
50.437211 386.514
50.469101 376.231
50.501212 378.244
50.532997 375.056
50.564822 381.37
50.596768 388.132
50.628746 392.565
50.660652 391.843
50.692524 390.184
50.724323 346.925
50.756212 321.713
50.78813 317.44
50.820132 320.83
50.862548 297.856
50.8945 293.688
50.926328 280.73
50.958152 281.837
50.990057 288.035
51.0219 293.377
51.053976 298.375
51.086391 326.516
51.118324 332.659
51.150188 338.056
51.182038 344.009
51.213886 352.734
51.245751 352.769
51.277941 398.603
51.330361 391.545
51.36149 393.337
51.392477 395.342
51.423536 406.159
51.454674 426.378
51.486977 410.383
51.51804 403.52
51.549068 402.566
51.580094 382.827
51.611178 383.536
51.643341 386.481
51.675263 387.138
51.707335 393.032
51.739305 407.535
51.77032 408.816
51.801329 414.403
51.832366 415.436
51.863513 405.107
51.895632 394.399
51.926657 394.552
51.957638 393.14
51.988656 385.506
52.019735 387.025
52.051807 388.015
52.08364 388.196
52.115557 370.805
52.147573 356.787
52.179576 343.864
52.21143 342.804
52.243537 341.588
52.275645 343.947
52.307515 350.451
52.339366 366.593
52.371627 378.378
52.403617 407.581
52.435521 407.774
52.46753 406.312
52.499541 421.494
52.53153 421.944
52.563667 423.022
52.595671 445.655
52.627619 450.468
52.659483 465.41
52.691446 464.971
52.723395 467.478
52.755839 441.054
52.81868 412.29
52.850794 407.532
52.882983 374.966
52.915087 371.74
52.947048 383.279
53.009593 377.003
53.040673 346.674
53.06165 337.934
53.092687 330.213
53.13393 329.161
53.166157 325.644
53.198081 341.327
53.229977 346.113
53.262106 343.139
53.294058 332.318
53.325932 330.497
53.357935 366.153
53.440956 371.962
53.472022 391.845
53.51325 383.849
53.544321 369.282
53.616163 342.583
53.648393 338.997
53.680363 353.299
53.741881 351.259
53.772916 363.731
53.814132 348.632
53.845218 339.197
53.887606 312.568
53.919643 299.561
53.951658 297.241
53.983844 303.21
54.01497 320.286
54.046011 323.949
54.077061 339.268
54.108161 358.515
54.140308 357.541
54.171359 368.928
54.212569 386.279
54.243644 403.156
54.274823 413.369
54.29683 408.832
54.328862 412.723
54.371269 483.826
54.474834 510.039
54.505931 530.571
54.537056 575.669
54.578293 591.048
54.60935 610.933
54.641535 617.848
54.672589 674.723
54.744295 699.237
54.785536 664.732
54.816605 629.978
54.86924 615.888
54.901284 614.721
54.93324 614.083
54.965236 631.526
55.007261 604.563
55.059922 560.558
55.092015 558.89
55.123923 561.563
55.155869 554.392
55.187792 496.292
55.219674 432.887
55.251658 427.882
55.283876 411.015
55.315737 408.169
55.347626 407.198
55.379554 422.419
55.442122 396.861
55.473157 394.054
55.504277 400.015
55.535331 402.821
55.566334 407.56
55.598481 418.052
55.630409 434.483
55.662364 451.611
55.694214 458.543
55.726122 481.181
55.757128 480.78
55.788197 479.35
55.819247 480.657
55.850388 489.381
55.882545 494.93
55.914573 513.746
55.946408 522.766
55.968162 529.498
56.000143 566.907
56.032167 580.385
56.064553 550.871
56.096757 489.45
56.128778 445.098
56.160692 434.765
56.192695 434.78
56.224654 442.431
56.256516 451.283
56.288691 454.75
56.320729 463.031
56.352668 489.479
56.383872 496.671
56.415001 417.846
56.446035 400.426
56.507697 385.856
56.539957 389.444
56.571022 399.439
56.60207 401.31
56.63311 419.19
56.664138 427.491
56.696257 448.946
56.728114 476.038
56.770261 500.371
56.802123 503.437
56.834193 521.768
56.866225 484.166
56.898151 470.086
56.930091 475.348
56.961963 480.586
56.993802 489.4
57.025652 511.619
57.057469 517.11
57.089324 539.698
57.121146 583.844
57.203898 597.305
57.235733 613.071
57.266781 625.989
57.297881 651.363
57.328916 625.748
57.360079 608.292
57.392374 572.552
57.424252 571.154
57.456245 569.563
57.488259 584.404
57.530236 582.167
57.562019 655.956
57.695743 676.042
57.726733 691.095
57.757712 699.223
57.788715 714.727
57.819745 720.837
57.8519 676.224
57.88291 592.691
57.913973 595.73
58.036659 579.462
58.067795 585.077
58.100047 597.915
58.131988 600.686
58.164016 613.428
58.195945 633.046
58.227863 647.732
58.25967 650.454
58.291829 578.987
58.323755 566.479
58.355798 523.513
58.387607 491.468
58.419391 442.515
58.451227 423.809
58.503459 449.965
58.605684 462.684
58.636703 473.475
58.66768 486.828
58.698708 505.083
58.730832 516.032
58.761895 519.59
58.792957 549.719
58.834158 556.222
58.865272 579.45
58.90764 586.306
58.960026 567.883
58.991986 560.498
59.023978 563.951
59.055897 577.128
59.097128 584.507
59.128088 605.968
59.169317 617.372
59.200364 637.774
59.232452 646.838
59.26433 629.038
59.296431 551.438
59.328439 504.721
59.36033 487.221
59.392288 482.256
59.424083 482.011
59.455981 496.755
59.487915 491.942
59.51979 473.981
59.551794 463.448
59.583714 461.845
59.615668 468.875
59.64763 483.801
59.679466 530.191
59.772702 537.1
59.803739 558.811
59.834817 568.119
59.865983 569.365
59.897158 572.76
59.929459 454.334
59.961401 463.359
60.034288 460.273
60.065346 458.068
60.096379 461.301
60.127496 474.408
60.15858 480.779
60.190698 487.115
60.222601 528.263
60.25363 541.45
60.28471 518.243
60.336136 470.993
60.367265 467.681
60.399527 471.038
60.43163 483.595
60.473952 491.915
60.526249 514.883
60.558093 517.829
60.590067 536.772
60.621891 559.887
60.653854 580.404
60.685678 591.026
60.717549 598.038
60.74956 629.938
60.781396 607.581
60.813254 583.289
60.845168 583.374
60.877161 583.966
60.909162 589.507
60.941147 609.61
60.973098 616.217
61.004892 643.076
61.036663 661.135
61.068573 672.671
61.100538 679.538
61.132456 694.179
61.164315 711.771
61.196367 725.472
61.228383 750.219
61.260334 778.434
61.29237 815.717
61.324496 839.42
61.355493 841.114
61.386448 836.149
61.417485 806.802
61.448563 777.269
61.480721 776.848
61.513021 784.683
61.545199 785.276
61.577098 805.145
61.609218 811.103
61.641036 876.995
61.754524 892.473
61.785622 906.376
61.816726 923.804
61.84788 837.646
61.878958 778.577
61.91124 771.376
62.013565 767.906
62.044608 783.228
62.085837 785.275
62.116984 811.975
62.189743 815.724
62.22162 818.707
62.252655 830.954
62.283671 833.611
62.314842 790.079
62.345899 759.007
62.378256 737.668
62.409469 726.423
62.440498 720.398
62.461384 713.474
62.492393 692.968
62.524565 680.663
62.555627 681.895
62.586703 682.674
62.617733 676.625
62.648776 652.671
62.680897 643.304
62.712863 602.976
62.744842 571.691
62.776767 571.598
62.808795 569.612
62.840933 569.501
62.873079 569.452
62.905181 572.096
62.927147 559.374
62.959343 516.853
62.991453 493.592
63.023573 482.185
63.127289 470.978
63.148245 458.157
63.179406 450.385
63.21056 457.158
63.241743 438.903
63.273989 434.816
63.304986 455.785
63.346378 458.766
63.377504 467.887
63.408555 470.773
63.440761 493.257
63.471783 505.331
63.502783 515.601
63.533834 526.267
63.564898 527.75
63.617497 495.607
63.648483 485.754
63.679488 498.504
63.710432 499.819
63.741467 512.428
63.773559 516.489
63.805405 537.538
63.837535 598.41
63.941014 546.938
63.972031 509.155
64.003095 487.32
64.034124 470.352
64.065149 471.566
64.097318 477.904
64.129097 483.579
64.161121 483.608
64.193167 487.564
64.225156 354.652
64.256144 341.142
64.327998 320.254
64.359055 315.872
64.390126 322.44
64.422288 326.269
64.453335 328.236
64.484498 336.234
64.515587 338.532
64.546656 359.14
64.609605 325.746
64.640737 319.289
64.671802 325.952
64.702866 333.526
64.733885 354.094
64.766044 359.03
64.797214 393.746
64.828307 398.734
64.859497 426.107
64.89077 434.809
64.923035 400.384
64.954086 388.135
64.985295 366.587
65.016361 363.197
65.047452 376.774
65.079737 391.543
65.110825 396.788
65.141949 413.575
65.173022 410.439
65.204084 394.287
65.236262 379.269
65.267274 339.832
65.298284 333.366
65.329381 333.562
65.36047 365.173
65.413169 355.379
65.445332 387.865
65.518227 354.378
65.550307 334.686
65.582295 349.211
65.644867 352.341
65.676859 357.44
65.708749 363.893
65.739808 381.676
65.770797 374.141
65.801789 372.771
65.832879 356.389
65.865112 334.154
65.897063 330.429
65.928966 334.543
65.960815 334.76
65.991816 339.293
66.022849 341.659
66.053887 343.995
66.084917 340.067
66.117099 334.559
66.149019 328.162
66.181204 327.475
66.213079 329.734
66.245123 344.587
66.277039 368.208
66.308849 377.65
66.340876 383.139
66.373051 412.485
66.40515 478.643
66.539121 477.623
66.570154 477.608
66.601231 497.817
66.632256 508.04
66.653135 515.31
66.68522 520.793
66.716245 499.166
66.747317 455.959
66.778358 452.787
66.809405 450.178
66.841649 457.228
66.872796 465.67
66.903987 470.404
66.935173 461.812
66.956107 452.525
66.988285 427.556
67.020327 377.957
67.052414 366.355
67.084277 356.789
67.116251 332.849
67.148212 324.96
67.180201 328.771
67.211254 333.711
67.242274 338.991
67.273329 361.604
67.324793 353.285
67.357132 349.595
67.389154 375.251
67.440628 378.551
67.471641 402.838
67.523019 412.388
67.554028 425.386
67.586189 449.629
67.618084 467.081
67.649874 475.899
67.681743 479.581
67.713593 434.443
67.74546 415.001
67.777426 417.821
67.808446 432.643
67.839575 434.561
67.870603 444.679
67.90161 451.511
67.93386 460.838
67.965972 484.79
67.997901 497.753
68.029753 476.887
68.071843 462.707
68.103672 451.871
68.135627 451.768
68.167638 509.77
68.270836 510.836
68.301919 518.021
68.332895 520.354
68.364057 507.59
68.39514 473.979
68.427501 465.044
68.458537 453.255
68.48955 444.634
68.52053 443.4
68.551672 443.253
68.583879 444.37
68.615869 452.19
68.647864 461.443
68.679894 400.999
68.711827 379.579
68.743643 352.431
68.77576 321.25
68.807756 315.362
68.838854 422.953
69.002243 450.483
69.033245 508.033
69.105007 475.564
69.137141 439.317
69.16816 444.215
69.199264 447.675
69.220036 466.295
69.251067 472.377
69.283158 485.801
69.314158 504.957
69.345228 508.051
69.376254 525.615
69.407273 493.403
69.663281 289.772
69.695197 280.634
69.726266 285.982
69.757266 270.737
69.788318 269.631
69.819386 272.809
69.851541 270.642
69.882575 272.13
69.913598 299.326
69.964961 292.697
69.995965 293.856
70.028083 298.698
70.059074 311.107
70.090122 342.238
70.131368 376.306
70.192918 374.35
70.225042 333.217
70.256084 312.368
70.287196 311.684
70.318301 324.024
70.349569 335.836
70.381766 350.502
70.412835 361.582
70.443866 381.325
70.474919 357.846
70.506101 323.606
70.538303 311.332
70.569428 309.777
70.600502 329.043
70.631554 341.883
70.66263 350.123
70.694722 337.74
70.725746 328.642
70.756744 331.094
70.78775 341.215
70.818787 341.732
70.851083 355.336
70.882188 370.271
70.913347 378.28
70.944523 394.407
70.985834 393.646
71.007864 372.555
71.039873 377.846
71.071771 380.83
71.103608 402.945
71.145632 404.962
71.177424 416.361
71.209263 427.465
71.241137 436.678
71.272945 414.638
71.304744 399.095
71.33656 398.092
71.368577 397.573
71.400406 406.516
73.707968 274.278
73.739984 272.126
73.770993 271.31
73.801941 272.54
73.833004 273.925
73.864 269.291
73.896136 269.146
73.927179 271.458
73.958203 270.194
73.989267 271.6
74.020303 272.017
74.052359 282.754
74.083429 297.151
74.114554 321.6
74.145567 345.345
74.176615 357.299
74.208754 378.413
74.239737 414.871
74.270718 436.731
74.301687 445.281
74.332747 424.057
74.487001 338.108
74.519017 325.253
74.549969 286.631
74.580978 272.521
74.61202 271.16
74.6432 271.953
74.675344 271.06
74.70641 269.936
74.737408 272.17
74.768413 271.983
74.799488 269.617
74.831696 278.001
74.863897 282.507
74.895966 291.545
74.927831 294.288
74.959666 300.588
74.991561 305.53
75.023471 329.112
75.075721 293.313
75.107494 292.009
75.139324 304.345
75.171469 322.587
75.203419 326.607
75.235331 355.396
75.27752 372.535
75.319724 380.634
75.351615 386.859
75.383689 406.753
75.415587 377.404
75.447498 377.154
75.479447 378.261
75.511442 389.982
75.543339 399.431
75.575194 419.725
75.60712 430.717
75.639554 430.713
75.671507 375.419
75.703492 394.529
75.82763 360.521
75.858701 363.352
75.900146 380.351
75.931259 379.598
75.962331 342.121
75.994722 337.69
76.02602 328.414
76.057327 325.373
76.088589 325.707
76.11985 327.603
76.152389 315.521
76.183611 303.997
76.214768 293.339
76.245892 296.755
76.277021 304.096
76.309308 300.694
76.340388 295.074
76.371429 292.744
76.40253 276.447
76.433597 273.234
76.465798 278.61
76.49683 291.305
76.527854 313.324
76.558897 324.724
76.58997 332.122
76.622098 328.08
76.653137 313.679
76.684169 311.913
76.715236 323.164
76.746317 332.262
76.778407 338.991
76.809433 359.031
76.840462 379.907
76.871506 380.777
76.902593 393.054
76.934712 357.872
76.966621 353.946
76.998647 362.308
77.030532 375.934
77.062498 393.906
77.094293 411.019
77.126062 429.853
77.157833 452.295
77.189777 433.899
77.221657 411.722
77.253586 408.89
77.285499 411.921
77.317332 427.652
77.348388 437.923
77.379487 446.91
77.410603 396.964
77.441694 356.595
77.473828 336.296
77.505715 330.74
77.537657 324.74
77.569695 327.086
77.6017 340.221
77.633655 360.01
77.696125 334.21
77.728 323.962
77.759926 324.24
77.791801 323.708
77.823841 328.032
77.855969 331.485
77.887892 344.96
77.919852 335.208
77.972136 293.697
78.004067 294.886
78.036081 297.597
78.067993 297.467
78.099941 311.288
78.14203 304.964
78.174151 312.051
78.216631 302.62
78.248689 298.705
78.280759 295.953
78.312822 286.503
78.344728 285.913
78.376822 295.378
78.409036 297.669
78.441008 304.194
78.472961 303.402
78.504839 337.87
78.567363 337.653
78.589143 329.267
78.62125 303.317
78.653265 301.93
78.685353 297.168
78.717184 299.076
78.749039 306.169
78.780926 307.289
78.81289 302.17
78.86553 280.965
78.897549 278.08
78.929792 287.389
78.962001 299.295
78.993974 302.951
79.025935 311.334
79.057832 320.897
79.089672 333.465
79.121562 343.172
79.153329 348.254
79.185124 360.057
79.217005 355.758
79.248932 335.577
79.280944 336.955
79.312826 343.509
79.344652 343.7
79.376843 351.587
79.409093 360.283
79.441277 345.343
79.473392 284.044
79.505409 274.384
79.537477 275.32
79.569373 287.558
79.601238 278.353
79.633045 276.676
79.664888 275.238
79.696888 274.714
79.728796 274.339
79.76045 296.274
79.802774 286.068
79.834832 286.003
79.866916 325.152
79.929625 316.634
79.961629 305.777
79.993653 302.317
80.025904 299.502
80.058069 303.863
80.090013 319.873
80.121849 326.676
80.153673 343.773
80.185539 307.052
80.217411 292.999
80.249248 291.154
80.281026 300.262
80.31286 341.188
80.385753 333.356
80.418105 328.798
80.450182 321.236
80.482198 326.746
80.514573 303.095
80.546771 285.957
80.578752 340.633
80.672005 299.794
80.703115 290.943
80.734118 290.596
80.765157 338.578
80.8371 344.466
80.86928 349.598
80.900347 357.068
80.93141 363.336
80.962428 368.707
80.993449 380.579
81.02556 377.236
81.057532 356.018
81.089514 361.532
81.12136 372.822
81.153237 379.168
81.185115 385.375
81.216948 385.376
81.248864 320.079
81.280708 311.373
81.312566 308.14
81.344388 312.406
81.375417 311.826
81.406516 317.301
81.437537 327.197
81.468613 329.939
81.500741 333.958
81.531769 312.38
81.562843 302.909
81.593889 304.331
81.624998 314.923
81.657126 321.319
81.689078 321.429
81.720133 329.282
81.751207 291.353
81.782208 286.547
81.813234 286.009
81.845283 292.917
81.877211 301.318
81.908995 308.178
81.940834 298.092
81.972608 285.875
82.004505 289.133
82.03653 291.818
82.068424 291.492
82.100219 299.292
82.121789 303.408
82.153602 306.432
82.18545 301.231
82.217482 285.81
82.249317 284.484
82.281115 289.83
82.312892 297.471
82.344763 320.576
82.376763 337.0
82.408571 343.022
82.4406 323.165
82.47252 305.841
82.504342 307.134
82.52611 313.708
82.557994 326.815
82.58995 329.813
82.621835 341.421
82.653763 311.077
82.685664 290.208
82.717583 286.647
82.749647 291.635
82.781571 281.715
82.813439 283.129
82.845504 296.486
82.877428 310.738
82.909627 315.947
82.941719 299.647
82.973795 294.589
83.005878 297.691
83.038041 303.283
83.070325 320.055
83.102421 337.256
83.134751 346.779
83.166889 362.141
83.199295 341.928
83.231697 343.213
83.263918 351.619
83.296006 356.641
83.328076 362.956
83.360102 365.166
83.392102 312.368
83.424315 301.537
83.456513 302.269
83.488416 298.556
83.520675 299.173
83.552773 302.786
83.584806 284.936
83.616729 282.45
83.648641 287.226
83.68048 297.227
83.712338 301.553
83.744153 307.859
83.775923 312.745
83.807779 303.257
83.839975 292.715
83.87212 297.081
83.904069 311.924
83.936049 312.674
83.967925 329.758
83.999786 334.628
84.031594 340.206
84.063592 312.042
84.095461 296.685
84.127363 292.774
84.159208 301.723
84.191034 307.219
84.222919 330.58
84.25488 330.724
84.28691 319.72
84.318759 298.431
84.350656 296.192
84.38257 299.389
84.414336 304.26
84.436198 309.211
84.468102 326.645
84.510245 324.269
84.542116 326.663
84.574019 304.483
84.605941 287.363
84.637753 299.466
84.66956 297.951
84.701423 296.99
84.733157 301.948
84.765094 312.728
84.796955 284.368
84.8289 278.83
84.861037 280.944
84.893097 294.225
84.924878 309.681
84.966946 308.275
84.999015 303.025
85.041204 284.764
85.073112 290.483
85.1049 301.052
85.13687 304.303
85.168752 306.0
85.200649 314.784
85.232543 327.116
85.264403 341.714
85.296185 340.108
85.327974 343.518
85.359861 328.84
85.422417 297.926
85.453546 289.807
85.484563 298.779
85.515618 306.905
85.546723 309.038
85.578964 319.181
85.610031 325.256
85.641063 312.297
85.672111 314.155
85.703257 324.104
85.735399 334.306
85.767459 343.022
85.799353 354.315
85.831296 338.842
85.863252 311.388
85.895189 310.676
85.926859 311.008
85.958631 329.982
85.990475 338.323
86.022318 340.516
86.054117 342.229
86.086044 349.079
86.11804 312.332
86.149889 279.963
86.181677 284.057
86.213459 295.01
86.244487 303.052
86.275488 305.34
86.306479 308.382
86.3375 291.994
86.369594 285.958
86.401441 288.26
86.433428 296.396
86.465224 302.038
86.497111 317.721
86.529047 325.547
86.560929 335.654
86.592837 336.549
86.624736 327.857
86.656544 288.538
86.688346 292.186
86.719393 297.115
86.750416 304.055
86.781469 336.302
86.812517 348.64
86.844577 355.51
86.875597 358.181
86.906616 357.409
86.988568 338.202
87.019633 344.317
87.051813 354.961
87.083786 334.574
87.115881 303.04
87.147759 298.238
87.179657 285.603
87.211535 284.344
87.243409 283.411
87.275356 274.711
87.307775 274.426
87.339702 285.59
87.372111 296.958
87.445175 347.752
87.476223 377.58
87.507261 396.212
87.538224 401.877
87.569253 421.314
87.601415 447.099
87.632453 410.156
87.663439 407.507
87.694511 415.426
87.725557 427.695
87.757668 440.308
87.788683 458.868
87.819664 465.089
87.850674 476.214
87.881806 477.854
87.913938 420.269
87.945018 350.928
87.976031 319.284
88.007067 301.315
88.038136 308.018
88.100802 288.043
88.132881 284.123
88.164841 293.018
88.196725 290.305
88.22856 283.697
88.260425 291.835
88.292426 299.58
88.324276 306.769
88.356225 313.277
88.388149 316.921
88.420078 315.292
88.452208 325.453
88.484121 332.908
88.515963 353.407
88.547817 357.696
88.57961 362.757
88.6115 396.807
88.643311 409.342
88.664936 422.938
88.696865 430.672
88.728601 389.945
88.760418 386.542
88.792391 386.954
88.824285 388.519
88.856397 402.898
88.888276 417.362
88.920253 434.848
88.952205 435.485
88.984036 375.274
89.01593 367.901
89.047753 336.024
89.079633 334.871
89.111566 350.506
89.143457 350.316
89.17539 322.299
89.207316 294.598
89.23931 294.028
89.261038 297.76
89.29288 299.444
89.324739 299.823
89.356601 297.968
89.388432 287.169
89.420392 281.727
89.452631 287.932
89.484473 299.752
89.516368 306.174
89.548192 311.841
89.580126 324.474
89.611921 344.6
89.643819 360.289
89.67567 328.866
89.70763 313.326
89.739659 306.869
89.771603 309.616
89.803611 316.91
89.835569 330.033
89.867705 345.949
89.8998 327.302
89.931787 293.822
89.964061 280.823
89.996387 281.635
90.028369 287.391
90.060464 290.013
90.092453 297.565
90.124357 305.377
90.156357 310.385
90.188306 304.819
90.220241 293.506
90.252097 285.539
90.284185 295.256
90.316241 304.422
90.348094 317.583
90.380022 322.882
90.411963 334.564
90.443942 337.731
90.47645 363.185
90.508406 354.047
90.540312 301.673
90.572676 296.692
90.604656 303.628
90.636487 318.07
90.668466 333.229
90.700382 341.851
90.732354 351.553
90.76427 375.871
90.796171 322.833
90.828116 295.64
90.860113 284.547
90.892251 286.59
90.924188 292.557
90.966239 307.951
90.998181 309.56
91.030132 310.366
91.062096 283.516
91.094055 279.569
91.125926 288.544
91.157862 290.609
91.189938 331.763
91.221818 336.476
91.253799 346.532
91.285556 356.738
91.317488 364.242
91.349601 341.869
91.38175 322.19
91.413605 319.322
91.445414 331.269
91.477567 337.54
91.509402 345.214
91.541308 352.604
91.573156 301.493
91.605019 299.73
91.636859 303.488
91.668761 309.733
91.700561 313.742
91.732381 316.352
91.764373 308.465
91.79628 281.415
91.828167 281.328
91.860146 281.293
91.89204 291.601
91.923853 285.734
91.955749 294.076
91.9876 290.486
92.029691 283.037
92.061588 283.351
92.093526 288.369
92.125574 289.978
92.157551 307.021
92.189525 314.201
92.221432 322.502
92.253385 336.555
92.285312 349.039
92.306972 329.545
92.338768 311.291
92.370811 307.745
92.402741 310.499
92.434571 315.397
92.466602 328.142
92.498615 343.16
92.530501 353.399
92.562417 360.587
92.594285 373.445
92.626189 372.987
92.658147 354.68
92.689982 341.844
92.721863 325.504
92.753784 318.305
92.785854 329.239
92.817788 329.343
92.850323 335.748
92.882505 338.11
92.914637 341.944
92.946517 317.071
92.978542 299.383
93.010412 298.071
93.042326 298.096
93.074176 319.097
93.106017 324.968
93.137876 326.766
93.169812 332.183
93.201697 320.095
93.233658 307.538
93.265547 315.302
93.29755 319.541
93.329487 323.653
93.361562 332.363
93.393415 307.486
93.425339 280.039
93.457189 285.413
93.489362 297.414
93.521341 304.116
93.553224 310.03
93.585377 305.238
93.617211 303.428
93.649122 304.304
93.68108 313.678
93.712905 329.037
93.744884 338.274
93.776781 350.932
93.808769 306.592
93.840831 284.295
93.872769 290.248
93.904646 295.312
93.936575 302.531
93.96847 313.27
94.000329 322.475
94.032295 345.421
94.064197 406.007
94.136953 370.126
94.167958 337.908
94.198978 339.567
94.229987 349.516
94.26111 356.865
94.293507 371.15
94.324553 378.919
94.35559 394.735
94.386623 370.433
94.41765 301.19
94.4498 281.548
94.482046 283.408
94.514175 304.996
94.546051 308.117
94.577897 310.588
94.609769 319.197
94.641644 323.729
94.673467 330.468
94.705449 332.232
94.737363 328.321
94.768354 335.25
94.799423 338.174
94.830494 395.419
94.89221 391.945
94.924425 408.24
94.956338 409.727
94.988308 408.7
95.020254 383.955
95.052055 371.423
95.08394 369.117
95.115976 378.429
95.147974 386.891
95.179863 408.192
95.21177 429.074
95.264407 457.722
95.296321 444.496
95.328257 421.823
95.359394 446.534
95.441299 459.657
95.472339 466.783
95.503486 466.192
95.535693 478.958
95.566751 485.098
95.597744 488.864
95.628777 503.274
95.659823 440.561
95.691954 419.139
95.723087 414.374
95.75414 415.895
95.785169 419.544
95.816176 424.185
95.848472 450.747
95.879583 457.827
95.910624 460.174
95.941611 380.154
95.97262 367.226
96.00475 360.469
96.035732 361.249
96.066733 368.048
96.097764 364.225
96.128867 369.213
96.160879 374.326
96.192801 345.952
96.224641 330.213
96.256617 316.108
96.288552 315.868
96.320528 312.08
96.352515 314.329
96.384514 316.481
96.416334 314.033
96.448183 306.845
96.480053 296.112
96.512203 295.568
96.544332 300.739
96.576221 314.299
96.607998 323.773
96.639829 332.295
96.671803 342.103
96.703717 320.452
96.73572 309.794
96.767689 318.489
96.789528 339.875
96.821705 348.077
96.853952 355.337
96.88604 376.788
96.917987 404.476
96.950046 419.888
96.981876 424.119
97.01377 383.769
97.045643 379.221
97.077529 373.981
97.109346 379.001
97.141214 388.592
97.172993 410.61
97.204848 415.975
97.236685 421.215
97.268508 346.722
97.300344 315.21
97.332215 307.342
97.364207 317.109
97.396166 322.528
97.428029 337.153
97.459904 344.367
97.492168 354.598
97.524053 365.465
97.555949 371.104
97.577688 357.85
97.609493 356.552
97.641395 356.758
97.673253 364.093
97.705129 372.668
97.737051 380.631
97.768962 383.772
97.800841 411.004
97.832749 433.899
97.864673 406.017
97.896501 368.59
97.928384 338.527
97.96026 331.023
97.992139 344.113
98.023951 349.583
98.055797 353.886
98.087803 362.769
98.119705 373.272
98.151522 321.515
98.183325 336.572
98.255857 336.672
98.286893 341.576
98.317905 353.679
98.34885 353.764
98.3901 344.596
98.422132 347.229
98.45313 357.128
98.484092 364.861
98.515108 374.29
98.54624 397.97
98.578293 412.396
98.629641 443.261
98.660705 465.067
98.691668 468.934
98.722804 437.188
98.754919 434.511
98.786015 439.821
98.817062 457.311
98.848159 479.99
98.889354 492.282
98.931657 504.243
98.962718 478.143
98.993766 474.784
99.024856 478.065
99.055924 483.595
99.088134 486.983
99.120143 505.007
99.151213 517.708
99.172077 526.647
99.203135 530.944
99.234214 457.144
99.266345 438.068
99.297369 429.56
99.328416 427.292
99.359447 407.164
99.390511 400.134
99.422801 397.196
99.45394 398.756
99.484889 339.849
99.516039 313.042
99.547068 313.127
99.579331 306.598
99.610363 306.64
99.641452 305.303
99.672555 308.123
99.703614 295.38
99.735854 286.002
99.767001 289.841
99.798071 295.061
99.81888 313.394
99.849976 322.134
99.882229 328.488
99.914225 361.431
99.956401 366.681
99.988321 334.052
100.020495 330.097
