0.0 273.943
0.031785 271.141
0.063389 272.074
0.095002 269.809
0.126734 268.951
0.158426 267.567
0.190101 268.665
0.221803 267.201
0.253411 266.721
0.28494 277.248
0.316551 272.291
0.348104 271.029
0.379598 271.171
0.411306 268.912
0.442864 268.417
0.474531 271.18
0.506036 269.752
0.537504 268.306
0.569007 269.963
0.600571 269.764
0.632107 269.264
0.663844 270.195
0.69532 276.601
0.72677 277.077
0.758167 275.473
0.789467 277.233
0.82082 271.257
0.8521 269.444
0.883653 271.205
0.915201 269.848
0.946802 267.92
0.978603 267.632
1.010223 270.324
1.041838 270.292
1.073351 281.258
1.104698 289.105
1.136315 279.51
1.167975 269.729
1.199576 271.424
1.231318 271.986
1.263012 270.2
1.294818 272.945
1.326539 271.962
1.378689 270.194
1.410443 274.626
1.442196 271.906
1.474115 270.597
1.505852 270.511
1.53759 281.774
1.569137 280.649
1.600654 288.606
1.64244 296.344
1.67421 274.925
1.705898 275.374
1.737563 283.848
1.769341 290.093
1.801107 283.209
1.832844 287.493
1.864547 294.785
1.896246 291.423
1.927912 292.993
1.959721 276.574
1.991333 272.815
2.022911 277.853
2.054391 273.739
2.086039 270.034
2.11775 273.839
2.149333 273.496
2.180976 271.647
2.21277 275.24
2.244424 298.632
2.306696 302.415
2.338498 345.951
2.431344 357.148
2.473294 389.383
2.535703 415.87
2.567613 442.755
2.599136 471.307
2.630761 491.305
2.662446 516.558
2.694157 548.557
2.746192 564.314
2.777975 646.186
2.891165 654.126
2.923103 661.505
2.965069 674.988
2.996897 717.407
3.028576 722.779
3.060128 731.423
3.091612 740.267
3.133264 760.881
3.205668 762.022
3.237105 720.246
3.268721 716.074
3.341222 718.327
3.372834 720.13
3.404252 690.137
3.435826 673.628
3.467278 673.126
3.508863 671.602
3.540208 673.691
3.571627 680.036
3.613187 693.047
3.675114 705.229
3.706576 722.174
3.737877 756.931
3.779419 765.967
3.810661 774.371
3.841935 777.158
3.873288 790.747
3.914939 804.341
3.946363 778.661
3.97771 739.408
4.009042 736.021
4.040357 713.831
4.071651 711.288
4.113223 715.311
4.154737 717.279
4.186077 737.746
4.217428 752.933
4.248743 755.516
4.280159 762.293
4.321724 778.275
4.363567 777.761
4.394947 782.4
4.447096 769.428
4.478571 748.511
4.509939 740.981
4.541373 718.131
4.572793 736.224
4.675666 719.463
4.707033 713.875
4.738435 687.468
4.800447 679.955
4.852197 681.439
4.893766 672.616
4.925253 672.653
4.956543 672.012
4.987867 673.986
5.019252 675.199
5.050595 676.47
5.071732 685.792
5.103069 716.752
5.185417 742.521
5.298597 744.029
5.330035 728.591
5.361294 712.487
5.392673 701.978
5.424032 670.487
5.455648 673.666
5.517942 698.697
5.580292 702.215
5.61227 718.234
5.694911 724.787
5.726761 745.541
5.758505 776.265
5.790276 795.585
5.822039 816.825
5.853909 829.513
5.885797 832.508
5.917703 850.378
5.949566 820.022
5.981315 738.512
6.043706 667.306
6.075539 653.759
6.107465 640.672
6.139186 635.695
6.171048 629.808
6.202734 628.115
6.234502 638.73
6.296977 633.66
6.328775 632.764
6.360585 765.027
6.585926 672.727
6.617582 564.739
6.649363 530.815
6.681217 510.204
6.713161 490.164
6.745089 484.527
6.77694 461.935
6.808727 457.826
6.850776 451.485
6.882623 414.771
6.914452 364.055
6.946361 322.382
6.978137 316.98
7.010044 316.792
7.04191 325.153
7.073765 352.17
7.126182 352.27
7.158025 365.178
7.189738 375.553
7.221645 384.455
7.253509 387.367
7.285238 407.391
7.317095 414.136
7.349038 418.419
7.370595 424.378
7.412592 430.064
7.444523 454.666
7.476383 462.678
7.508067 466.848
7.539856 381.844
7.571573 367.342
7.603284 400.828
7.634952 370.492
7.666864 441.843
7.739419 421.638
7.771225 429.358
7.803052 281.623
7.834837 275.091
7.866735 280.563
7.898536 275.514
7.930399 274.333
8.013129 274.388
8.045003 284.566
8.076892 294.541
8.108647 305.983
8.140379 308.028
8.172077 315.26
8.203793 330.715
8.235436 341.075
8.26734 364.075
8.309341 363.722
8.341144 368.487
8.372928 379.776
8.404648 344.707
8.436537 335.847
8.468384 343.003
8.530731 338.652
8.562532 338.468
8.594345 341.496
8.626221 344.729
8.658032 346.09
8.689871 348.202
8.721564 356.091
8.753396 346.786
8.785268 344.96
8.817046 343.885
8.848991 332.961
8.880983 317.338
8.902848 320.752
8.934906 322.415
8.967063 316.475
8.999139 315.074
9.031171 289.952
9.063249 280.531
9.095221 283.024
9.127292 290.043
9.169579 318.768
9.201618 316.094
9.233714 311.839
9.265418 305.668
9.297259 300.828
9.329133 300.4
9.361055 297.921
9.392909 301.081
9.424684 287.419
9.456521 280.097
9.488419 281.072
9.520202 292.052
9.552037 293.179
9.583837 289.85
9.615687 289.728
9.647492 292.111
9.669128 288.039
9.700945 290.444
9.732718 296.331
9.764461 295.084
9.796131 286.767
9.827836 312.376
9.900387 314.58
9.932226 320.029
9.963975 328.691
9.995634 336.312
10.027552 357.826
10.079745 370.86
10.111533 376.44
10.14323 394.777
10.174866 402.182
10.20665 411.159
10.23843 418.355
10.270332 427.527
10.302142 433.153
10.333964 420.655
10.36575 412.492
10.397568 399.491
10.429454 398.036
10.461395 394.53
10.493277 377.671
10.525244 375.876
10.556938 380.696
10.58878 370.934
10.620451 336.575
10.65233 334.146
10.684106 328.334
10.715946 316.355
10.74767 296.289
10.779399 287.875
10.8112 290.977
10.843067 293.135
10.874862 307.589
10.90662 306.565
10.938481 320.303
10.980428 338.851
11.042808 321.713
11.074528 326.085
11.106295 322.239
11.138006 324.651
11.169777 329.839
11.201548 336.093
11.23323 337.832
11.26503 346.992
11.296818 339.062
11.328592 338.158
11.36026 335.075
11.392127 348.236
11.434145 348.589
11.465928 359.191
11.497743 368.076
11.529489 372.265
11.550966 374.213
11.582757 393.263
11.614539 395.669
11.646313 402.785
11.678085 409.216
11.709871 420.902
11.741714 429.374
11.773479 443.738
11.805377 408.499
11.837216 395.895
11.868916 393.823
11.900728 427.893
11.983654 418.266
12.025627 415.941
12.057371 421.987
12.089071 429.383
12.120803 429.437
12.152641 431.408
12.184273 422.023
12.216035 409.932
12.247685 407.319
12.279387 411.276
12.311106 419.245
12.342764 427.859
12.374512 420.992
12.457227 409.288
12.48902 408.448
12.520706 408.584
12.552363 402.133
12.584247 400.659
12.616033 393.64
12.647747 390.68
12.679542 391.329
12.711336 390.315
12.742972 351.15
12.77487 335.368
12.806689 314.726
12.838409 289.811
12.870225 294.296
12.902058 299.671
12.933924 297.366
12.975956 298.049
13.007634 301.266
13.039325 298.408
13.071078 296.966
13.102813 308.101
13.134627 277.208
13.166359 276.203
13.442368 280.632
45.025728 289.58
45.07783 287.901
45.119776 289.364
45.151634 292.369
45.183523 296.381
45.215238 304.84
45.247 301.81
45.278692 277.168
45.310447 274.153
45.342254 274.873
45.374044 274.254
45.405896 274.021
45.427213 285.01
45.458728 287.465
45.490594 288.387
58.460515 290.068
58.492395 285.135
58.524338 284.755
58.556244 288.351
58.588131 289.216
58.619955 289.893
58.651718 290.28
58.683506 291.848
58.715397 291.617
58.747309 297.889
58.779058 313.137
58.800553 354.394
58.832337 350.461
58.864096 325.944
59.069081 327.182
59.100992 342.156
59.133631 368.13
59.165376 369.813
59.197074 301.764
59.40213 267.593
59.433871 267.125
59.465648 267.338
61.402222 267.363
61.434137 272.278
61.466045 269.732
61.497839 272.021
61.529689 271.799
61.561422 269.097
61.593176 268.932
61.625093 273.773
61.656872 274.119
61.688686 283.555
61.720514 349.318
61.752415 373.834
61.784364 377.502
61.816259 360.862
62.05207 319.315
62.083892 309.611
65.219865 281.227
65.251679 275.276
65.283411 275.732
65.315235 281.933
65.347033 277.598
65.378675 275.157
65.410544 272.562
65.442215 271.708
65.474013 275.001
65.505707 295.249
65.537422 291.425
65.569153 285.486
81.556869 271.02
81.588663 268.322
81.620427 267.949
81.652207 268.259
81.684024 270.766
81.7158 269.674
81.747621 270.438
81.779456 270.068
81.811295 280.671
81.843302 285.236
81.875251 280.175
81.906987 288.272
81.938878 312.734
81.97076 331.078
82.002558 367.469
82.024002 390.319
82.055604 415.293
82.087385 440.928
82.119269 462.462
82.15133 499.72
82.183022 515.921
82.214705 284.973
82.236149 295.907
82.267845 310.53
82.299597 328.377
82.331387 344.802
82.363242 316.143
82.394989 274.29
82.426849 269.522
82.448568 268.145
82.480434 267.594
82.512294 296.848
82.849201 366.811
82.881082 404.751
82.90256 409.781
82.934314 432.625
82.966104 434.482
82.997702 435.126
83.02945 464.802
83.061212 474.09
83.092977 477.623
83.124691 499.413
83.156429 514.792
83.188026 536.593
83.219832 529.436
83.251461 578.862
83.28327 586.378
83.315123 592.747
83.346906 519.509
83.673808 444.323
83.705589 395.897
83.737401 381.183
83.779255 376.543
83.821202 383.695
83.883538 392.963
83.915352 395.066
83.947231 402.045
83.978938 411.414
84.010743 398.559
84.042475 374.855
84.074222 352.002
84.105986 336.57
84.137715 335.28
84.169455 347.618
84.20134 355.743
84.233213 358.382
84.26504 367.807
84.296784 375.548
84.328585 388.734
84.360492 406.987
84.402472 416.789
84.434252 422.657
84.506772 439.72
84.538473 456.872
84.5703 469.311
84.602048 476.028
84.633777 477.74
84.665536 492.24
84.717714 516.994
84.749474 522.128
84.781291 558.677
84.813061 583.584
84.844872 595.182
84.876611 614.659
84.918659 608.754
84.95046 557.956
84.982244 537.964
85.013844 512.893
85.045563 492.814
85.077301 488.012
85.109056 485.812
85.140821 486.18
85.172479 490.626
85.204174 501.374
85.235967 515.462
85.267682 519.354
85.299435 536.343
85.331222 543.182
85.363044 484.705
91.940044 471.661
91.971919 464.425
92.115678 449.012
92.147415 416.117
92.260579 395.479
92.292451 404.09
92.405614 369.984
92.437458 364.777
92.469267 358.972
92.501082 361.1
92.532941 376.231
92.564762 420.215
92.606766 430.375
92.638625 464.938
92.670378 538.682
92.763267 557.247
92.79504 580.686
92.826757 471.909
92.858582 445.897
92.890468 453.067
92.922385 458.979
92.95419 466.964
92.985996 533.516
93.038171 548.388
93.070024 559.843
93.101862 577.968
93.133684 398.487
93.155335 379.619
93.187059 386.27
93.218807 403.097
93.250648 423.591
93.282378 438.77
93.314127 460.793
93.345883 486.529
93.377642 490.774
93.40941 454.761
93.441241 408.167
93.473059 399.606
93.504838 415.551
93.536627 412.734
93.568478 419.571
93.600346 421.419
93.632194 413.776
93.664012 430.436
93.71624 445.845
93.74795 431.245
93.779705 393.543
93.8117 383.298
93.843477 369.335
93.875232 359.636
93.906997 341.2
93.938832 328.671
93.970571 291.983
94.002282 273.018
94.033948 270.81
94.065577 270.407
94.097274 277.139
94.128897 272.16
94.160612 273.044
94.192288 272.162
94.223983 270.476
94.255848 270.772
94.287717 271.902
94.319495 269.171
94.351287 273.705
94.606755 274.951
100.31497 276.84
