0.0 0.409442
0.031785 0.447906
0.063389 0.462613
0.095002 0.461046
0.126734 0.450081
0.158426 0.467399
0.190101 0.481584
0.221803 0.479843
0.253411 0.48141
0.28494 0.748134
0.316551 1.001806
0.348104 0.98501
0.379598 0.96456
0.411306 0.993278
0.442864 1.006592
0.474531 1.198825
0.506036 1.301251
0.537504 1.339367
0.569007 0.992668
0.600571 1.078908
0.632107 1.556402
0.663844 1.818166
0.69532 2.054085
0.72677 2.415752
0.758167 2.257719
0.789467 2.320288
0.82082 2.48537
0.8521 2.706843
0.883653 2.339694
0.915201 2.128577
0.946802 2.113348
0.978603 2.103079
1.010223 2.091766
1.041838 2.111607
1.073351 2.128229
1.104698 2.349876
1.136315 2.54794
1.167975 2.865573
1.199576 3.294595
1.231318 3.495008
1.263012 3.651127
1.294818 3.741979
1.326539 3.001154
1.378689 3.103928
1.410443 3.100273
1.442196 2.98636
1.474115 3.044492
1.505852 3.001676
1.53759 2.854521
1.569137 3.113152
1.600654 2.995846
1.64244 3.185991
1.67421 4.313632
1.705898 4.330079
1.737563 4.181966
1.769341 4.52736
1.801107 4.91931
1.832844 4.836552
1.864547 4.649801
1.896246 4.36367
1.927912 4.290397
1.959721 4.285871
1.991333 4.398827
2.022911 4.571219
2.054391 4.36045
2.086039 4.597413
2.11775 4.739173
2.149333 4.83133
2.180976 5.488265
2.21277 5.627502
2.244424 5.152966
2.306696 5.478693
2.338498 4.200502
2.431344 4.051519
2.473294 3.634419
2.535703 3.558187
2.567613 3.522247
2.599136 3.295117
2.630761 3.269881
2.662446 3.217232
2.694157 3.011945
2.746192 2.919962
2.777975 2.593888
2.891165 2.717199
2.923103 2.601284
2.965069 2.645144
2.996897 2.642098
3.028576 2.748266
3.060128 2.596324
3.091612 2.564822
3.133264 2.456827
3.205668 2.86888
3.237105 3.02613
3.268721 3.059111
3.341222 3.13369
3.372834 3.188775
3.404252 3.253085
3.435826 3.381444
3.467278 3.269968
3.508863 3.325749
3.540208 3.255174
3.571627 3.076429
3.613187 2.867139
3.675114 2.832156
3.706576 2.858611
3.737877 2.85835
3.779419 2.933624
3.810661 2.93815
3.841935 3.005592
3.873288 2.898293
3.914939 2.904907
3.946363 2.855826
3.97771 2.923356
4.009042 2.915437
4.040357 2.855913
4.071651 2.81127
4.113223 2.649321
4.154737 2.698054
4.186077 2.588231
4.217428 2.636442
4.248743 2.798478
4.280159 2.772719
4.321724 2.793344
4.363567 3.020473
4.394947 2.750529
4.447096 2.687002
4.478571 2.685784
4.509939 2.630872
4.541373 2.64262
4.572793 2.612423
4.675666 2.965736
4.707033 2.972089
4.738435 2.628436
4.800447 2.611901
4.852197 2.595367
4.893766 2.54559
4.925253 2.459437
4.956543 2.439161
4.987867 2.43716
5.019252 2.475885
5.050595 2.49181
5.071732 2.430807
5.103069 2.559165
5.185417 2.334647
5.298597 2.61399
5.330035 2.844078
5.361294 2.728599
5.392673 2.735822
5.424032 2.896466
5.455648 2.707713
5.517942 2.566823
5.580292 2.784032
5.61227 2.549767
5.694911 2.546808
5.726761 2.587361
5.758505 2.523312
5.790276 2.534016
5.822039 2.666029
5.853909 2.643578
5.885797 2.757142
5.917703 2.678909
5.949566 2.373981
5.981315 2.553596
6.043706 2.655326
6.075539 2.778376
6.107465 2.890635
6.139186 2.979747
6.171048 3.104537
6.202734 3.14596
6.234502 3.184511
6.296977 3.202873
6.328775 3.245514
6.360585 3.157969
6.585926 2.935713
6.617582 2.489286
6.649363 2.369804
6.681217 2.354836
6.713161 2.413054
6.745089 2.425673
6.77694 2.391821
6.808727 2.459785
6.850776 2.497118
6.882623 2.572393
6.914452 2.886545
6.946361 3.527903
6.978137 3.637378
7.010044 3.608486
7.04191 3.808116
7.073765 4.101992
7.126182 4.201285
7.158025 4.339826
7.189738 4.626131
7.221645 4.716982
7.253509 4.675298
7.285238 4.815405
7.317095 4.87928
7.349038 4.79217
7.370595 4.350703
7.412592 4.326598
7.444523 4.321551
7.476383 4.758144
7.508067 4.626653
7.539856 4.737868
7.571573 5.151226
7.603284 4.918614
7.634952 5.027654
7.666864 4.559645
7.739419 4.58697
7.771225 4.653717
7.803052 4.15029
7.834837 3.801155
7.866735 4.153684
7.898536 3.735278
7.930399 2.884544
8.013129 2.786121
8.045003 2.533842
8.076892 2.420016
8.108647 2.180094
8.140379 2.054259
8.172077 2.125792
8.203793 2.186621
8.235436 2.425673
8.26734 2.477103
8.309341 2.843904
8.341144 2.673513
8.372928 3.381009
8.404648 4.678779
8.436537 5.001286
8.468384 4.169783
8.530731 4.805746
8.562532 5.237727
8.594345 5.182467
8.626221 5.243731
8.658032 5.279411
8.689871 5.309607
8.721564 5.261484
8.753396 5.601482
8.785268 5.31274
8.817046 5.39576
8.848991 5.146788
8.880983 5.049496
8.902848 5.15375
8.934906 5.21658
8.967063 5.222672
8.999139 5.285763
9.031171 5.410293
9.063249 5.429873
9.095221 5.51794
9.127292 5.401155
9.169579 5.414992
9.201618 5.727317
9.233714 5.909368
9.265418 5.901972
9.297259 5.953489
9.329133 5.730624
9.361055 5.871078
9.392909 5.879607
9.424684 5.906932
9.456521 5.612273
9.488419 5.373308
9.520202 5.56676
9.552037 5.707389
9.583837 5.775092
9.615687 5.902929
9.647492 5.953054
9.669128 5.98299
9.700945 6.231527
9.732718 6.52958
9.764461 7.023173
9.796131 6.959646
9.827836 6.290615
9.900387 6.441861
9.932226 5.9903
9.963975 6.058526
9.995634 5.894052
10.027552 5.198827
10.079745 5.369392
10.111533 5.549094
10.14323 5.230678
10.174866 5.118767
10.20665 5.194041
10.23843 5.187427
10.270332 5.092573
10.302142 5.257307
10.333964 5.549529
10.36575 5.454674
10.397568 6.04495
10.429454 6.226218
10.461395 6.546723
10.493277 6.635138
10.525244 6.613209
10.556938 6.54742
10.58878 5.841056
10.620451 5.406029
10.65233 5.828611
10.684106 5.536824
10.715946 5.07569
10.74767 5.050367
10.779399 5.22067
10.8112 5.203005
10.843067 5.167586
10.874862 5.449366
10.90662 6.264857
10.938481 6.200808
10.980428 5.974984
11.042808 6.7219
11.074528 6.484763
11.106295 6.773157
11.138006 6.915526
11.169777 6.86836
11.201548 7.207313
11.23323 7.296077
11.26503 6.982533
11.296818 7.068164
11.328592 6.471362
11.36026 5.868642
11.392127 5.629938
11.434145 5.902059
11.465928 5.357731
11.497743 5.304386
11.529489 5.547006
11.550966 5.504713
11.582757 5.214231
11.614539 5.300818
11.646313 5.230417
11.678085 5.366868
11.709871 5.222933
11.741714 5.29873
11.773479 5.398719
11.805377 5.978204
11.837216 5.966891
11.868916 6.004658
11.900728 5.378443
11.983654 5.916852
12.025627 6.037553
12.057371 5.73306
12.089071 5.840533
12.120803 5.950704
12.152641 5.919637
12.184273 5.236247
12.216035 5.677105
12.247685 5.868468
12.279387 5.742024
12.311106 5.648039
12.342764 5.523074
12.374512 4.796347
12.457227 4.980052
12.48902 5.103102
12.520706 5.103886
12.552363 5.175505
12.584247 5.793889
12.616033 5.909717
12.647747 5.858721
12.679542 5.887265
12.711336 5.830178
12.742972 6.067315
12.77487 5.3452
12.806689 5.435965
12.838409 5.304473
12.870225 5.373743
12.902058 5.356165
12.933924 5.351814
12.975956 5.439794
13.007634 5.456676
13.039325 5.888918
13.071078 6.85548
13.102813 6.439946
13.134627 6.42202
13.166359 0.199717
13.442368 0.07832
45.025728 0.072838
45.07783 0.103209
45.119776 0.117219
45.151634 0.122528
45.183523 0.109909
45.215238 0.112607
45.247 0.124703
45.278692 0.347743
45.310447 0.666507
45.342254 0.865528
45.374044 1.121462
45.405896 1.397237
45.427213 1.900664
45.458728 2.755837
45.490594 0.119656
58.460515 0.123746
58.492395 0.190318
58.524338 0.236092
58.556244 0.225911
58.588131 0.203372
58.619955 0.1891
58.651718 0.172218
58.683506 0.168476
58.715397 0.309278
58.747309 0.712194
58.779058 1.13556
58.800553 1.567367
58.832337 1.749767
58.864096 1.228848
59.069081 1.462504
59.100992 1.851931
59.133631 2.1539
59.165376 2.435419
59.197074 1.559274
59.40213 1.1373
59.433871 0.695573
59.465648 1.216578
61.402222 1.342413
61.434137 1.163755
61.466045 1.079952
61.497839 0.937409
61.529689 0.828804
61.561422 0.816534
61.593176 0.760753
61.625093 0.688002
61.656872 0.697922
61.688686 0.926531
61.720514 1.44275
61.752415 1.725226
61.784364 1.879256
61.816259 0.82193
62.05207 0.540324
62.083892 0.763102
65.219865 0.56382
65.251679 0.580441
65.283411 0.533971
65.315235 0.529359
65.347033 0.538322
65.378675 0.566866
65.410544 0.592538
65.442215 0.614293
65.474013 0.934885
65.505707 2.062265
65.537422 2.592147
65.569153 1.970021
81.556869 2.104297
81.588663 2.418885
81.620427 2.678213
81.652207 2.911869
81.684024 3.063637
81.7158 3.260656
81.747621 3.391973
81.779456 4.978399
81.811295 4.828372
81.843302 4.738825
81.875251 4.689918
81.906987 4.351835
81.938878 4.747179
81.97076 5.400111
82.002558 5.800242
82.024002 5.805463
82.055604 6.129014
82.087385 6.391562
82.119269 6.499644
82.15133 6.456046
82.183022 6.803876
82.214705 7.655655
82.236149 8.37307
82.267845 8.582273
82.299597 8.7665
82.331387 8.888245
82.363242 8.430244
82.394989 6.210554
82.426849 5.150878
82.448568 4.355664
82.480434 4.659025
82.512294 0.511955
82.849201 0.843424
82.881082 1.608006
82.90256 2.067922
82.934314 2.110911
82.966104 2.422018
82.997702 2.901948
83.02945 3.021343
83.061212 3.220016
83.092977 3.533734
83.124691 3.655217
83.156429 3.776005
83.188026 3.909585
83.219832 4.042904
83.251461 3.891397
83.28327 3.998435
83.315123 4.470969
83.346906 0.502382
83.673808 0.694789
83.705589 0.865963
83.737401 0.961601
83.779255 1.065942
83.821202 1.087088
83.883538 1.277494
83.915352 1.442402
83.947231 1.500707
83.978938 1.54535
84.010743 1.981334
84.042475 3.403112
84.074222 3.772176
84.105986 4.842469
84.137715 5.485306
84.169455 5.86986
84.20134 6.182272
84.233213 6.601548
84.26504 6.998372
84.296784 7.212883
84.328585 7.213318
84.360492 6.497033
84.402472 6.806486
84.434252 5.712088
84.506772 5.738717
84.538473 5.691637
84.5703 5.565106
84.602048 5.512632
84.633777 5.81112
84.665536 5.42761
84.717714 5.440316
84.749474 5.355033
84.781291 4.993454
84.813061 4.914959
84.844872 4.86788
84.876611 4.344612
84.918659 4.553205
84.95046 5.01608
84.982244 5.554054
85.013844 5.898665
85.045563 5.729405
85.077301 5.739848
85.109056 5.200046
85.140821 5.171937
85.172479 5.101797
85.204174 4.989886
85.235967 4.993019
85.267682 5.22624
85.299435 4.864312
85.331222 5.107541
85.363044 0.289002
91.940044 0.277863
91.971919 0.2575
92.115678 0.2689
92.147415 0.269335
92.260579 0.409703
92.292451 0.396997
92.405614 0.837768
92.437458 1.347199
92.469267 1.426564
92.501082 1.818253
92.532941 2.081149
92.564762 2.44943
92.606766 3.12081
92.638625 3.352726
92.670378 3.403809
92.763267 3.799849
92.79504 3.976854
92.826757 5.578769
92.858582 5.886917
92.890468 6.242405
92.922385 6.525403
92.95419 6.512001
92.985996 6.003179
93.038171 6.396174
93.070024 6.467794
93.101862 6.326817
93.133684 4.541893
93.155335 4.737955
93.187059 4.827414
93.218807 6.362931
93.250648 7.445843
93.282378 7.220193
93.314127 7.283458
93.345883 7.349596
93.377642 7.168936
93.40941 5.545613
93.441241 4.684175
93.473059 4.881629
93.504838 5.042186
93.536627 7.042144
93.568478 6.724859
93.600346 6.572917
93.632194 6.455872
93.664012 5.999872
93.71624 6.090202
93.74795 6.117005
93.779705 6.405398
93.8117 6.382076
93.843477 6.613035
93.875232 6.754621
93.906997 6.567348
93.938832 6.699883
93.970571 5.365824
94.002282 5.298469
94.033948 6.153815
94.065577 6.666554
94.097274 6.814666
94.128897 6.711719
94.160612 6.613731
94.192288 6.640186
94.223983 7.482566
94.255848 8.578357
94.287717 8.412666
94.319495 8.359495
94.351287 0.330512
94.606755 0.335646
100.31497 0.336865
