1.4e-05 296.555
0.246058 291.464
0.277055 283.815
0.308014 279.853
0.339074 279.838
0.370084 277.822
0.402093 277.64
0.433119 277.198
0.464183 277.975
0.495213 274.971
0.526235 275.399
0.558385 277.092
0.589401 276.471
0.620377 277.989
0.651429 278.383
0.682528 277.465
0.714789 276.782
0.745812 275.799
0.776832 273.328
0.807839 270.755
0.838889 270.281
0.87107 269.464
0.90218 267.654
0.933102 268.728
0.964231 272.736
0.995265 273.502
1.027601 273.699
1.058676 274.541
1.089676 274.562
1.120671 274.483
1.15175 274.687
1.183812 276.793
1.214896 275.056
1.245917 274.32
1.276891 275.889
1.308038 276.338
1.340302 276.041
1.371334 276.827
1.402403 276.611
1.433459 276.25
1.464519 276.618
1.496726 277.199
1.527745 276.526
1.55885 276.929
1.589917 278.087
1.620935 277.244
1.653114 277.777
1.684178 278.767
1.71527 277.9
1.746246 277.352
1.777321 278.021
1.809448 277.125
1.84047 276.508
1.871465 276.37
1.90265 275.753
1.933721 275.727
1.965906 275.68
1.997009 276.329
2.028099 276.084
2.059187 275.903
2.090274 276.625
2.122488 276.004
2.153633 276.386
2.184967 277.736
2.216037 277.784
2.247155 276.738
2.279361 276.382
2.310378 276.913
2.341414 276.621
2.372418 276.323
2.40358 276.693
2.435791 276.482
2.456716 276.245
2.487824 276.642
2.518948 276.235
2.55004 276.068
2.582324 276.039
2.613443 277.566
2.64449 277.156
2.675546 276.556
2.706665 276.394
2.73888 295.014
2.861561 316.108
2.892671 302.255
2.923722 301.128
2.954767 292.142
2.987086 288.507
3.018149 285.02
3.049237 281.078
3.080277 279.915
3.111359 280.449
3.143518 279.092
3.174529 278.128
3.20552 279.193
3.226376 278.856
3.257436 277.697
3.289631 278.797
3.320652 279.048
3.351729 278.42
3.382738 277.668
3.413782 276.953
3.445917 276.416
3.476963 276.282
3.508016 277.397
3.539101 279.721
3.559921 282.895
3.59209 282.913
3.623139 283.55
3.654186 279.807
3.685348 278.451
3.716594 278.04
3.748917 279.709
3.779896 277.373
3.811089 277.886
3.842156 278.145
3.873176 276.31
3.905468 275.903
3.936513 277.683
3.967478 276.421
3.998481 276.631
4.029548 277.465
4.061728 276.507
4.092797 276.159
4.123852 275.652
4.154934 276.539
4.18595 275.856
4.218105 277.691
4.249131 280.153
4.280137 280.307
4.311168 285.5
4.342259 289.492
4.374549 292.124
4.405597 284.461
4.436673 281.01
4.467728 278.094
4.498829 275.93
4.520851 275.345
4.551889 275.91
4.582935 275.683
4.61393 274.968
4.645027 276.458
4.677195 275.615
4.708232 275.823
4.739369 275.366
4.770542 275.739
4.80168 274.899
4.833786 276.131
4.864799 275.868
4.895859 274.694
4.926881 274.301
4.957923 276.737
4.989991 276.071
5.020958 275.205
5.052021 276.405
5.083025 275.602
5.114024 274.888
5.146185 275.178
5.177209 275.945
5.208183 274.675
5.239281 275.878
5.270317 275.725
5.302543 274.807
5.33371 274.291
5.364773 275.479
5.395879 274.895
5.427062 274.767
5.459365 277.392
5.490398 275.482
5.52149 274.98
5.552628 274.258
5.583712 274.711
5.616204 273.935
5.647276 273.841
5.678378 274.875
5.709407 274.241
5.740731 274.226
5.772989 274.887
5.803991 274.007
5.835102 274.962
5.866152 274.787
5.897336 275.633
5.929575 274.445
5.960623 274.8
5.991647 281.808
6.043038 280.644
6.074123 285.177
6.116479 281.211
6.147548 284.776
6.188822 283.344
6.219841 289.388
6.25088 288.837
6.283187 292.604
6.324761 285.006
6.355864 287.081
6.397132 292.882
6.458736 283.64
6.491017 287.22
6.522123 286.548
6.553221 292.479
6.594485 296.517
6.625627 298.687
6.667948 292.513
6.699981 297.648
6.731235 293.949
6.762336 296.008
6.793511 286.451
6.824654 288.272
6.867089 281.882
6.898166 285.975
6.929217 280.725
6.960346 284.775
6.991419 279.787
7.023653 282.554
7.054755 276.15
7.085792 275.732
7.116864 278.719
7.147913 276.497
7.180119 281.775
7.211186 279.937
7.242192 286.059
7.273246 277.734
7.304347 282.89
7.346801 278.522
7.377778 288.565
7.418985 297.045
7.490826 283.53
7.521898 286.255
7.554209 280.323
7.585268 288.406
7.616281 284.846
7.647373 291.576
7.698823 281.27
7.731162 284.19
7.762243 278.334
7.79329 283.16
7.834642 283.748
7.865769 287.901
7.898073 279.714
7.929147 282.224
7.970342 278.47
8.001389 282.839
8.03247 281.899
8.064692 286.442
8.105996 279.435
8.137001 283.787
8.168185 279.243
8.199309 283.799
8.24166 290.42
8.272757 299.516
8.303894 293.112
8.33499 295.384
8.366018 278.896
8.398219 274.049
8.429276 273.621
8.460271 276.898
8.49134 273.29
8.522425 272.26
8.554652 275.347
8.585726 272.727
8.616748 273.691
8.64777 277.722
8.678894 274.229
8.711148 273.081
8.742254 272.672
8.773274 274.159
8.804348 272.317
8.835333 272.059
8.8676 274.657
8.898759 272.423
8.919674 271.892
8.950773 274.267
8.981809 272.995
9.013993 271.547
9.045043 271.662
9.076122 272.218
9.107143 271.246
9.13835 271.148
9.170763 272.424
9.201754 272.054
9.222673 271.609
9.253857 272.783
9.285068 272.25
9.317294 272.693
9.348301 272.254
9.379319 279.306
9.410342 273.829
9.441388 272.356
9.473706 275.401
9.504829 272.87
9.53596 271.847
9.56701 274.294
9.5981 271.317
9.63045 271.01
9.661531 270.772
9.692695 272.821
9.723815 271.578
9.754997 271.283
9.787194 271.934
9.818249 271.796
9.849242 271.312
9.880343 273.802
9.911548 271.613
9.943696 271.711
9.974724 272.49
10.005703 276.732
10.03673 273.263
10.06776 275.85
10.099914 283.587
10.130895 284.637
10.16218 282.938
10.193251 283.591
10.224287 286.103
10.256498 276.293
10.287518 276.069
10.318585 273.698
10.349634 271.83
10.380677 271.564
10.412831 271.983
10.443851 270.598
10.474889 273.098
10.505901 274.136
10.536936 272.295
10.56901 272.948
10.600016 271.59
10.63102 270.231
10.662028 270.694
10.693079 272.628
10.72518 272.243
10.756329 274.186
10.78735 272.05
10.818404 270.665
10.849426 270.899
10.881737 271.178
10.912806 276.498
10.943829 273.064
10.974977 273.643
11.00611 273.974
11.038401 272.007
11.069437 270.838
11.100536 271.076
11.121399 277.387
11.152477 272.676
11.184642 272.037
11.215647 278.382
11.246683 274.828
11.277763 271.135
11.309156 273.401
11.341515 272.059
11.372559 270.537
11.403668 270.099
11.434773 271.738
11.465858 274.142
11.498102 273.018
11.52919 275.218
11.56026 271.236
11.591392 269.865
11.62261 270.545
11.654892 269.839
11.686043 270.59
11.717163 272.666
11.738134 280.892
11.769349 276.903
11.80165 274.718
11.832707 272.871
11.86373 270.832
11.894915 270.112
11.926023 273.757
11.958327 272.628
11.989456 271.049
12.020583 271.013
12.041537 270.139
12.072773 269.781
12.10524 269.447
12.136367 270.327
12.1675 269.341
12.198685 274.86
12.229847 274.878
12.262139 270.93
12.293195 269.383
12.324261 272.977
12.355401 272.096
12.386539 270.985
12.418845 270.585
12.450057 276.451
12.481184 272.801
12.512382 271.191
12.543615 273.413
12.575828 271.584
12.606904 270.651
12.637954 270.385
12.669038 271.566
12.70015 269.488
12.732385 269.969
12.753241 275.913
12.784363 272.797
12.815434 272.281
12.846463 276.262
12.878846 277.797
12.910084 272.134
12.941238 271.892
12.972427 272.845
13.003602 270.252
13.036058 271.39
13.067395 273.471
13.098699 271.673
13.129938 272.323
13.161238 279.074
13.193698 273.125
13.22486 269.665
13.256033 271.23
13.287214 273.761
13.318454 271.059
13.350838 271.973
13.382006 281.802
13.413017 277.649
13.444109 272.309
13.47523 280.091
13.517759 272.315
13.548973 270.573
13.580113 275.396
13.611187 276.964
13.642333 272.757
13.674651 279.616
13.705825 271.912
13.73693 269.964
13.768139 270.536
13.799402 269.321
13.831992 268.684
13.863137 269.125
13.894323 271.602
13.925497 269.641
13.956608 271.357
13.988905 269.284
14.019946 269.077
14.051002 268.903
14.082096 269.422
14.113263 268.825
14.145614 268.316
14.17677 270.323
14.20786 270.641
14.23907 271.095
14.270341 272.12
14.302743 274.698
14.333913 271.242
14.365069 272.697
14.396283 276.524
14.42746 272.48
14.459902 273.96
14.491086 278.365
14.522275 276.347
14.553359 274.239
14.574333 273.581
14.606694 276.482
14.637788 271.707
14.668955 271.599
14.700058 273.855
14.731174 272.147
14.763565 272.915
14.794656 276.254
14.825745 274.497
14.856841 272.88
14.887962 275.539
14.92032 272.186
14.951387 271.905
14.982408 272.183
15.013446 273.593
15.044584 272.3
15.076902 272.334
15.10797 274.404
15.139021 272.297
15.170058 275.103
15.201113 272.511
15.233192 270.578
15.264199 271.269
15.295269 273.166
15.326296 271.222
15.357338 271.599
15.389577 273.416
15.420625 274.991
15.451649 273.598
15.482752 274.053
15.513835 280.736
15.545942 276.678
15.576926 273.56
15.607911 288.412
15.659345 271.018
15.690438 268.933
15.722719 270.603
15.753844 268.736
15.784904 268.765
15.815937 272.53
15.846986 278.673
15.879342 281.233
15.911381 283.652
15.943435 308.808
16.026343 305.363
16.057453 277.646
16.088446 271.306
16.119467 269.883
16.150534 271.878
16.182649 269.583
16.21367 269.065
16.244683 268.807
16.275667 267.937
16.306773 269.016
16.339102 271.312
16.370102 268.347
16.401176 268.18
16.432204 271.419
16.463222 269.003
16.495414 268.483
16.516376 269.332
16.547402 268.796
16.578404 268.178
16.609532 268.169
16.641675 268.976
16.672714 270.547
16.70375 269.875
16.734813 269.857
16.765836 271.702
16.798146 268.737
16.829263 269.419
16.860284 272.54
16.891384 268.3
16.922525 269.157
16.954776 270.906
16.985814 268.361
17.016826 267.71
17.047778 269.779
17.078805 268.855
17.11087 267.748
17.141938 269.42
17.172978 269.175
17.203958 267.754
17.235 269.268
17.267128 268.836
17.298186 267.378
17.329251 268.044
17.360279 268.535
17.391276 267.332
17.42343 268.027
17.454448 268.469
17.485413 267.78
17.516419 267.909
17.537285 268.024
17.569451 269.082
17.600558 269.446
17.631561 269.189
17.6626 276.351
17.703772 270.676
17.736024 269.223
17.767059 273.397
17.798191 269.905
17.829318 268.553
17.86038 270.954
17.892795 267.705
17.923882 267.394
17.95495 270.115
17.986027 269.126
18.017061 267.587
18.049346 268.142
18.080446 268.829
18.111511 267.29
18.142585 267.431
18.173672 267.8
18.205959 267.907
18.237091 267.844
18.268139 270.051
18.299158 267.778
18.330157 267.561
18.362326 267.907
18.393353 268.779
18.424444 267.357
18.455484 268.082
18.486565 269.294
18.518754 267.189
18.549759 267.532
18.580763 267.662
18.61178 267.538
18.642854 267.548
18.674952 268.949
18.705954 269.994
18.736924 269.49
18.768055 269.83
18.799396 274.336
18.83174 270.771
18.862837 268.656
18.89389 268.282
18.924969 267.131
18.956024 266.935
18.988263 269.299
19.019305 267.145
19.050309 267.616
19.08131 268.187
19.112295 268.147
19.144478 273.581
19.175426 276.983
19.206429 273.882
19.237424 268.629
19.268453 267.731
19.300802 271.336
19.331884 267.995
19.363088 267.902
19.394106 267.759
19.425145 270.757
19.457332 268.309
19.488361 269.511
19.519472 267.877
19.550497 267.278
19.581594 267.673
19.613707 267.605
19.644761 266.869
19.675807 266.791
19.706826 267.834
19.737881 267.357
19.770015 267.069
19.801166 268.434
19.822046 268.673
19.853138 267.244
19.884272 267.614
19.916584 272.782
19.947576 269.959
19.978614 268.994
20.009636 269.963
20.040661 274.417
20.072896 268.419
20.103874 267.82
20.134912 273.011
20.165957 269.106
20.197009 268.328
20.229234 271.058
20.260276 267.253
20.291326 266.867
20.322424 267.808
20.353581 267.355
20.385753 267.747
20.416752 267.418
20.447852 269.354
20.468822 266.88
20.499933 266.674
20.532268 267.568
20.563295 267.896
20.59433 267.251
20.625386 270.186
20.656474 267.234
20.688689 267.071
20.719633 268.202
20.75072 269.997
20.781762 268.443
20.81288 267.944
20.845237 268.856
20.876342 267.813
20.907489 267.988
20.938634 271.071
20.969737 267.924
21.002005 268.614
21.032983 267.989
21.064035 270.212
21.084905 268.213
21.115944 268.783
21.148167 268.569
21.179155 268.248
21.210128 267.673
21.241103 271.772
21.272221 267.657
21.304572 267.078
21.335665 266.943
21.366737 267.962
21.397816 267.376
21.428937 268.568
21.461175 268.626
21.492211 267.211
21.523295 267.206
21.554387 269.924
21.585471 267.021
21.617793 266.747
21.648908 267.814
21.679982 267.122
21.711106 266.814
21.742236 267.004
21.774535 268.501
21.805727 267.098
21.836842 267.053
21.867884 269.185
21.899132 268.012
21.931536 273.488
21.962666 282.943
21.993677 291.579
22.024707 284.401
22.055825 275.803
22.088054 269.274
22.119101 266.973
22.150132 268.712
22.18117 267.431
22.212248 266.436
22.244447 267.244
22.275483 267.068
22.306641 266.452
22.337645 266.838
22.368625 269.105
22.400885 266.393
22.432003 266.518
22.463145 267.971
22.494321 266.528
22.525487 267.185
22.557745 268.144
22.588778 270.089
22.619821 266.98
22.650809 266.94
22.681928 268.636
22.714094 267.472
22.745166 268.724
22.776211 271.065
22.807257 273.371
22.838353 271.242
22.870625 270.109
22.901704 279.466
22.932744 270.111
22.963762 269.599
22.994882 271.585
23.027116 267.421
23.058183 266.813
23.089144 268.399
23.120266 266.55
23.151459 266.9
23.183831 266.764
23.214885 267.202
23.245919 266.367
23.276943 266.548
23.30805 267.881
23.340305 267.854
23.371273 268.634
23.402349 271.312
23.433362 268.178
23.464417 267.809
23.496524 269.553
23.527547 267.338
23.558674 266.613
23.589707 268.198
23.620797 268.933
23.652971 266.87
23.68401 267.555
23.71506 269.621
23.746178 267.206
23.777286 266.543
23.809661 270.101
23.840783 267.312
23.871799 267.497
23.902997 267.364
23.934122 268.823
23.966468 266.486
23.987481 266.069
24.018617 267.899
24.049595 266.411
24.080651 265.808
24.113002 267.373
24.144107 266.006
24.17525 267.16
24.206257 268.837
24.237288 267.133
24.269424 266.221
24.300446 268.978
24.33151 266.825
24.362544 266.195
24.393752 266.165
24.426218 268.041
24.457308 266.893
24.488421 266.135
24.519492 266.289
24.550599 269.377
24.582862 267.138
24.603713 268.203
24.634755 266.605
24.665796 266.324
24.696916 266.344
24.729125 267.128
24.76019 267.801
24.791182 268.776
24.822299 270.808
24.853354 267.079
24.885622 266.954
24.91669 269.308
24.947862 268.63
24.978991 266.523
25.010204 266.965
25.042573 268.205
25.073636 266.278
25.104701 266.235
25.135792 267.093
25.166929 266.612
25.199167 267.558
25.219986 266.862
25.251005 272.509
25.282057 267.44
25.313096 267.207
25.345269 269.444
25.376263 266.547
25.407246 266.334
25.438266 269.451
25.469284 267.355
25.501522 266.035
25.532635 268.904
25.56375 266.631
25.594898 266.136
25.62601 267.52
25.658307 267.355
25.68942 265.985
25.720519 266.162
25.751653 268.11
25.782828 266.482
25.815089 265.937
25.84631 267.415
25.877424 267.052
25.908519 266.573
25.939568 266.58
25.971861 267.926
26.002912 266.837
26.033914 267.1
26.064981 270.891
26.096023 268.39
26.128291 266.744
26.15932 270.712
26.190339 268.527
26.221331 268.865
26.25231 272.564
26.284422 267.065
26.315554 266.679
26.346601 266.822
26.377638 268.047
26.408664 266.202
26.440923 266.157
26.471947 269.881
26.502967 266.954
26.533972 266.922
26.564999 269.467
26.597091 267.821
26.628184 268.631
26.659245 270.276
26.690312 272.415
26.721345 267.938
26.753576 267.788
26.784647 273.306
26.815652 268.456
26.836543 269.43
26.867595 270.294
26.899873 272.829
26.930945 268.079
26.961946 268.013
26.993004 275.185
27.024039 268.491
27.056291 267.511
27.087364 271.319
27.118386 269.038
27.149398 267.792
27.180511 270.287
27.212817 267.728
27.244089 267.451
27.275037 270.433
27.306169 268.06
27.337193 266.836
27.369538 267.23
27.400606 268.831
27.431562 267.373
27.462586 267.612
27.493646 271.015
27.525859 268.353
27.55699 267.189
27.588039 269.222
27.619195 267.966
27.650344 268.174
27.682652 268.267
27.713775 275.587
27.745065 267.863
27.77628 266.63
27.807482 275.529
27.83976 278.659
27.870867 280.685
27.90211 284.238
27.933215 287.337
27.964396 314.435
28.00701 311.504
28.039379 312.435
28.071666 313.339
28.103642 305.378
28.135881 283.131
28.168077 271.159
28.20031 270.938
28.231447 270.336
28.262734 268.143
28.293955 269.551
28.325175 274.871
28.357607 267.995
28.388777 268.025
28.419892 273.646
28.451099 267.363
28.482228 267.454
28.514532 272.531
28.545624 272.986
28.576745 267.755
28.607796 268.681
28.639028 268.045
28.671434 266.939
28.702737 268.951
28.733742 268.782
28.764739 267.252
28.795837 269.092
28.828176 268.614
28.859365 267.121
28.890537 266.718
28.921712 268.437
28.95292 266.439
28.985261 266.348
29.016247 267.277
29.047268 266.368
29.078259 266.926
29.109323 268.203
29.141476 268.039
29.172533 268.199
29.203626 268.403
29.234684 273.247
29.26581 275.095
29.298286 267.563
29.329336 267.802
29.360438 272.55
29.391574 268.229
29.4227 269.844
29.454883 270.104
29.485997 267.182
29.517132 270.406
29.548238 270.894
29.579501 266.681
29.611784 266.502
29.642821 268.649
29.673854 268.164
29.705068 267.757
29.736079 271.107
29.768179 269.316
29.799232 266.949
29.830471 266.768
29.861724 272.748
29.892902 268.443
29.925184 266.728
29.956265 270.864
29.987319 266.764
30.018639 266.488
30.049728 267.503
30.082074 266.769
30.113198 266.812
30.144325 269.682
30.175417 268.431
30.206556 267.353
30.228611 268.077
30.259693 271.105
30.290792 271.315
30.321824 274.116
30.352915 274.379
30.385035 285.833
30.416106 304.826
30.447179 294.207
30.478165 300.033
30.51944 303.196
30.5517 294.512
30.583702 301.925
30.615784 300.247
30.647764 284.684
30.67979 288.217
30.712013 282.958
30.744108 271.685
30.776095 275.558
30.807245 280.676
30.838345 270.813
30.869541 274.995
30.900711 273.196
30.933004 269.078
30.964052 268.943
30.995068 277.26
31.026154 275.226
31.057208 270.528
31.089334 273.788
31.12038 268.476
31.151422 267.703
31.182414 269.447
31.213449 267.604
31.245631 267.734
31.276773 271.279
31.307981 275.674
31.339062 269.445
31.370178 273.078
31.402323 276.342
31.433396 269.14
31.464451 268.665
31.49548 272.808
31.526518 268.856
31.558833 269.17
31.589942 280.864
31.64143 292.587
31.672567 280.078
31.703633 286.752
31.735873 277.173
31.766996 270.836
33.880471 407.614
33.921928 453.959
33.953098 475.881
33.985469 480.184
34.016621 510.954
34.047754 533.46
34.078931 551.186
34.110112 560.073
34.142569 572.192
34.173719 586.555
34.204791 594.213
34.235945 590.16
34.267109 599.585
34.299567 607.866
34.330759 612.045
34.361803 622.55
34.403077 634.762
34.434222 629.022
34.466499 576.968
34.507926 402.728
34.539151 375.067
34.570336 357.344
34.601588 341.057
34.634002 343.014
34.665265 311.303
34.696546 278.457
34.727736 271.998
34.759006 274.161
34.791598 271.571
34.822781 271.844
34.85402 277.27
34.885263 281.868
34.916452 290.509
34.94859 305.676
34.990842 321.344
35.022848 356.331
35.054664 370.297
35.085636 378.238
35.116677 384.335
35.147677 396.983
35.17875 402.345
35.21092 412.021
35.242008 413.154
35.273014 421.013
35.304176 425.133
35.335259 393.791
35.367497 381.48
35.398563 379.739
35.42956 376.177
35.460584 372.058
35.491618 364.21
35.523805 355.474
35.555716 302.624
35.587731 291.214
35.608597 278.007
35.639658 270.918
35.67073 271.976
35.70181 279.511
35.733932 274.844
35.76501 273.392
35.795985 278.308
35.827083 277.64
35.858247 280.353
35.890763 283.62
35.911654 289.796
35.942691 295.421
35.973718 292.242
36.004806 297.991
36.036878 294.91
36.06788 285.6
36.098893 285.805
36.129943 289.03
36.161057 291.874
36.19328 292.767
36.224324 308.171
36.255306 307.047
36.286403 302.803
36.317467 307.766
36.349642 309.099
36.381538 316.289
36.413518 313.964
36.445684 314.908
36.477528 318.133
36.509329 319.055
36.541188 317.672
36.573003 340.359
36.635383 347.166
36.667309 337.452
36.699254 334.898
36.731139 345.973
36.763036 346.974
36.794856 347.565
36.826772 356.604
36.858618 362.054
36.890909 329.73
36.922955 314.712
36.954802 284.96
36.986776 277.837
37.018584 273.733
37.049618 272.256
37.080601 269.553
37.111609 270.176
37.142615 269.05
37.174721 271.878
37.205722 276.962
37.236831 286.14
37.267935 279.904
37.299092 276.397
37.331415 273.909
37.362404 270.927
37.393385 270.384
37.424393 269.683
37.45541 270.226
37.487678 271.078
37.518786 271.831
37.549841 282.499
37.580912 281.882
37.611926 280.711
37.644048 288.223
37.676017 294.984
37.707977 297.765
37.739926 291.773
37.771907 283.067
37.79375 275.449
37.825695 275.377
37.857592 286.173
37.889984 294.349
37.922095 293.886
37.954122 304.803
37.98596 291.369
38.018422 287.187
38.050547 284.08
38.08248 278.625
38.114343 274.795
38.146169 280.835
38.17801 284.909
38.20988 280.382
38.241739 278.768
38.273679 273.435
38.305812 272.635
38.337705 302.047
38.390027 306.768
38.421039 305.452
38.452053 339.551
38.493253 324.606
38.524281 324.077
38.556571 332.436
38.588613 355.918
38.620487 341.391
38.651512 334.746
38.682586 335.119
38.713602 343.003
38.74466 355.523
38.776744 341.145
38.807812 318.929
38.838895 314.23
38.869903 323.546
38.901197 331.153
38.933523 337.596
38.96455 348.772
38.995581 309.647
39.026569 278.655
39.057565 280.415
39.089758 292.71
39.120806 300.245
39.151814 292.349
39.182852 294.6
39.213964 288.545
39.246176 286.055
39.288436 275.37
39.320301 272.18
39.351381 274.19
39.382447 281.896
39.413603 284.587
39.444592 274.429
39.476685 274.488
39.498406 276.574
39.530299 283.511
39.562157 284.187
39.594277 297.072
39.626178 318.836
39.678445 305.021
39.70953 278.126
39.74054 273.72
39.761379 283.401
39.792442 291.643
39.824639 298.414
39.856621 302.994
39.887686 315.055
39.92903 370.915
40.000871 382.95
40.03198 396.014
40.064181 410.25
40.09518 411.598
40.126148 444.736
40.157194 441.618
40.188221 447.373
40.230441 467.392
40.261435 478.66
40.292476 486.06
40.323554 497.63
40.35462 483.551
40.38675 393.836
40.417847 405.267
40.459024 371.13
40.49004 346.931
40.521082 302.556
40.553205 281.887
40.584214 279.62
40.615239 284.659
40.646289 299.874
40.677365 295.888
40.709407 281.234
40.741365 277.006
40.773215 273.782
40.805223 278.93
40.837056 291.646
40.868823 296.306
40.901048 293.708
40.933139 288.136
40.965044 276.236
40.99703 275.853
41.02897 291.413
41.060849 296.903
41.092766 293.563
41.124641 295.564
41.156549 293.882
41.188334 277.29
41.220307 285.211
41.252157 296.101
41.284117 300.201
41.316287 306.612
41.348063 315.413
41.379944 303.973
41.411041 294.022
41.442129 293.52
41.462985 296.91
41.494062 300.246
41.526208 308.266
41.557228 320.55
41.588253 328.442
41.61928 321.485
41.650356 288.295
41.682553 287.256
41.71456 287.485
41.746435 304.033
41.778317 309.586
41.809397 306.913
41.840483 291.531
41.871526 287.32
41.902659 283.162
41.934918 290.326
41.987497 309.802
42.019493 303.093
42.051429 296.575
42.083459 301.394
42.115652 304.424
42.147719 310.309
42.179752 327.274
42.21174 329.833
42.24281 337.872
42.273837 328.775
42.315094 321.116
42.34619 298.983
42.378452 301.766
42.410348 304.979
42.442335 308.691
42.474286 332.396
42.506232 335.955
42.537317 341.069
42.568392 335.373
42.599477 294.806
42.630579 292.687
42.662695 292.955
42.694515 310.613
42.716158 314.076
42.748071 320.729
42.779933 331.11
42.811808 323.037
42.843723 293.799
42.875752 294.468
42.907905 299.125
42.950248 302.971
42.982224 303.694
43.014181 305.346
43.046179 291.996
43.078093 283.526
43.109865 289.585
43.141695 294.351
43.173615 309.519
43.205673 321.131
43.237877 298.17
43.26905 298.494
43.300218 310.096
43.331416 317.95
43.362589 318.915
43.394876 344.6
43.425993 354.875
43.457237 341.429
43.488344 303.161
43.519499 296.557
43.551751 301.344
43.583621 310.531
43.614709 321.639
43.645744 326.967
43.676792 333.309
43.707896 349.537
43.740097 316.562
43.771111 295.994
43.80226 291.259
43.833376 295.893
43.864507 311.198
43.896792 319.07
43.927973 325.06
43.959222 328.455
43.990545 320.488
44.03187 286.589
44.064214 286.112
44.095308 292.046
44.126335 298.387
44.157508 304.081
44.188793 301.96
44.221195 283.004
44.252316 286.771
44.283493 297.168
44.314705 311.268
44.345927 320.097
44.378192 332.372
44.409323 298.076
44.440415 291.758
44.461334 296.024
44.492432 313.19
44.53495 337.594
44.566011 357.056
44.586941 364.247
44.618032 389.205
44.649089 402.254
44.681405 391.897
44.712554 323.899
44.743707 317.057
44.774912 325.064
44.8061 337.392
44.838476 351.555
44.869621 373.328
44.900851 397.165
44.932068 416.66
44.963188 404.467
44.995595 376.687
45.026817 375.133
45.058022 380.563
45.089169 384.559
45.12024 402.842
45.152546 431.96
45.183676 441.411
45.214848 456.331
45.266371 498.241
45.29759 390.95
45.329823 373.65
45.360967 379.922
45.3921 392.45
45.423162 402.018
45.454372 417.072
45.486635 429.255
45.517834 365.061
45.549043 297.501
45.580213 295.574
45.611389 302.334
45.64367 319.229
45.676012 330.69
45.708319 332.751
45.740571 317.932
45.772804 295.758
45.805073 301.865
45.837252 325.171
45.869466 343.912
45.901877 367.597
45.933084 384.511
45.964312 406.429
45.995491 425.003
46.026741 437.561
46.079472 468.514
46.110587 485.549
46.141704 506.005
46.172735 522.986
46.203868 443.813
46.236232 438.23
46.267397 448.148
46.298598 460.787
46.329794 465.603
46.360978 419.849
46.393278 395.898
46.424399 396.7
46.455522 407.755
46.486734 423.876
46.517899 394.373
46.550221 383.011
46.581305 340.794
46.612396 330.893
46.643588 342.305
46.67478 355.54
46.707107 367.34
46.738198 360.216
46.769402 298.368
46.800576 288.849
46.831714 295.599
46.864121 314.965
46.896528 338.835
46.928727 350.527
46.959898 372.468
46.991101 332.667
47.022313 320.874
47.053501 328.926
47.085826 347.62
47.116951 360.243
47.148069 376.824
47.179178 392.226
47.21035 402.179
47.242747 413.712
47.273913 429.004
47.305066 435.9
47.336285 460.494
47.367447 478.946
47.39995 493.979
47.431154 465.563
47.462307 333.23
47.493544 317.665
47.524848 319.049
47.55718 329.797
47.589518 341.538
47.62189 360.208
47.654275 367.376
47.675136 379.533
47.7063 392.529
47.737367 313.921
47.768541 303.455
47.800965 305.147
47.832239 310.85
47.863333 319.1
47.894624 333.706
47.925743 344.859
47.958219 349.867
47.989216 339.576
48.020353 321.846
48.051466 309.031
48.082586 319.781
48.114889 327.267
48.145962 342.291
48.177011 348.45
48.208107 364.654
48.239191 375.88
48.271571 313.903
48.384146 310.814
48.415357 312.089
48.44648 323.676
48.477735 363.174
48.530462 361.87
48.561606 373.296
48.592734 393.611
48.623886 398.666
48.655037 382.103
48.687366 371.085
48.718596 337.01
48.749755 318.933
48.780842 324.673
48.812094 342.923
48.84451 333.718
48.87563 300.101
48.90684 304.502
48.938071 334.525
48.969315 337.524
49.00159 357.985
49.032755 358.556
49.063785 330.54
49.094887 299.523
49.126077 302.559
49.158396 307.934
49.18951 319.437
49.220632 331.801
49.251738 358.912
49.282967 367.633
49.315308 351.078
49.346493 329.161
49.377586 329.107
49.408684 339.272
49.439774 347.166
49.472094 318.44
49.503322 311.688
49.534378 321.481
49.565516 340.196
49.596539 359.964
49.628804 368.826
49.659868 398.642
49.690998 418.074
49.722046 422.948
49.753183 369.905
49.785487 344.369
49.816576 355.194
49.847628 371.199
49.878816 378.743
49.909997 408.272
49.952551 414.022
49.983633 319.08
50.014751 321.132
50.05603 329.641
50.08718 336.337
50.119578 362.398
50.150813 365.186
50.181983 343.616
50.213145 340.883
50.244369 353.706
50.276655 364.288
50.307807 391.698
50.338924 404.892
50.370104 431.993
50.401252 448.833
50.423381 457.453
50.454515 426.372
50.48562 401.616
50.516746 382.23
50.547853 388.931
50.580129 404.916
50.611268 424.663
50.642493 441.617
50.673615 462.276
50.7048 472.248
50.737157 486.212
50.768289 511.508
50.799595 484.573
50.830749 441.173
50.861978 433.769
50.894523 459.098
50.925611 463.321
50.956776 478.881
50.987977 517.009
51.019168 517.988
51.051494 447.731
51.082627 390.73
51.113749 391.581
51.144895 401.891
51.176101 420.305
51.208383 402.208
51.239555 360.615
51.270697 348.458
51.301884 357.342
51.333075 360.418
51.365548 382.809
51.396789 369.235
51.428056 307.415
51.459325 308.422
51.490589 319.068
51.522948 340.457
51.55414 369.308
51.585521 401.63
51.637236 410.782
51.668525 442.755
51.700956 452.336
51.732168 518.631
51.76339 492.433
51.79468 471.279
51.825992 482.025
51.858468 492.189
51.88976 500.908
51.921042 527.809
51.952286 530.93
51.983645 552.072
52.016131 556.886
52.047449 578.434
52.078763 642.048
52.130531 503.635
52.161951 423.888
52.194408 415.724
52.225666 418.944
52.256896 433.977
52.288173 444.239
52.319365 463.941
52.351881 468.645
52.372991 443.66
52.404242 326.461
52.435541 305.985
52.466892 325.971
52.509585 331.925
52.540806 341.554
52.571967 347.518
52.603154 296.735
52.634583 289.449
52.667097 299.653
52.69817 306.769
52.72936 337.002
52.760531 355.723
52.791719 356.62
52.824123 311.1
52.855395 311.988
52.886708 317.537
52.917972 338.483
52.94933 352.984
52.971832 367.887
53.003069 355.178
53.034253 300.376
53.065448 287.0
53.096684 292.228
53.129186 313.918
53.160495 326.379
53.191735 339.624
53.222927 364.589
53.254105 386.824
53.286589 414.069
53.317842 427.863
53.349135 438.075
53.380353 506.992
53.411606 524.797
53.444006 548.824
53.475154 579.689
53.506329 517.719
53.537506 498.968
53.568663 517.374
53.611226 519.047
53.642475 530.609
53.673755 542.023
53.704965 581.355
53.736114 625.052
53.778724 602.479
53.810048 472.61
53.841312 419.597
53.872587 426.51
53.924124 429.701
53.956511 336.261
53.987741 302.113
54.0189 306.48
54.050065 315.168
54.081404 319.546
54.113895 312.881
54.145124 296.0
54.176227 295.016
54.207397 303.505
54.238564 331.541
54.270867 345.243
54.302017 358.737
54.333155 367.314
54.364504 398.234
54.395826 414.572
54.428169 439.793
54.45936 392.244
54.490649 357.665
54.511698 359.314
54.542948 382.302
54.575446 504.407
54.728698 394.221
54.759914 387.296
54.780841 390.497
54.812018 396.687
54.844337 414.558
54.875576 435.738
54.906992 458.413
54.938117 465.612
54.969367 439.686
55.001778 316.737
55.033017 309.672
55.064235 313.001
55.095465 323.437
55.126712 339.03
55.159244 355.354
55.190608 373.106
55.221832 383.35
55.253057 385.046
55.284225 370.096
55.316655 303.485
55.347773 295.375
55.378953 310.954
55.410163 315.188
55.441337 342.679
55.473695 357.809
55.504933 372.001
55.536142 374.395
55.567392 349.484
55.608804 311.115
55.641122 303.351
55.672292 316.892
55.703474 328.231
55.73468 350.53
55.765891 356.305
55.798277 378.241
55.82952 352.61
55.860759 343.952
55.892109 351.81
55.923354 366.257
55.955672 382.56
55.986892 401.146
56.018187 367.304
56.049398 317.537
56.080619 317.913
56.113025 327.582
56.144155 342.001
56.185533 359.774
56.21669 406.813
56.247858 417.291
56.269955 433.127
56.301269 470.184
56.34274 491.786
56.374018 525.386
56.405202 554.109
56.437475 584.828
56.468628 539.392
56.499812 518.595
56.531015 515.254
56.562221 528.457
56.59458 553.33
56.625735 558.856
56.656919 588.444
56.688064 604.556
56.719278 378.953
56.751664 371.912
56.782775 374.652
56.813849 392.149
56.845057 405.2
56.866132 414.376
56.898557 447.482
56.929676 467.083
56.960727 471.631
57.002084 430.632
57.033198 407.882
57.06561 414.382
57.096755 429.071
57.127898 444.051
57.159018 423.92
57.19016 375.825
57.222564 346.33
57.253777 348.903
57.284996 367.055
57.31618 379.353
57.347332 393.323
57.379726 377.395
57.410883 328.717
57.442068 297.885
57.473198 304.689
57.504317 316.3
57.536611 333.801
57.567701 340.917
57.59887 358.652
57.629972 399.073
57.671348 415.818
57.693358 435.91
57.724592 390.342
57.755857 390.685
57.787013 399.879
57.818182 413.166
57.85063 448.671
57.881817 474.588
57.91302 440.064
57.944268 420.766
57.975417 421.708
58.007964 433.096
58.039182 458.814
58.070426 393.655
58.101667 321.061
58.132891 316.506
58.165285 320.663
58.196414 343.705
58.2276 343.525
58.258809 338.157
58.290023 301.592
58.322408 293.9
58.353708 305.579
58.384988 313.571
58.416134 330.139
58.447394 348.811
58.479711 303.856
58.510896 294.939
58.542086 302.92
58.573286 312.79
58.604534 333.702
58.63698 348.482
58.668229 316.926
58.699416 303.266
58.730634 308.947
58.761817 330.376
58.794167 345.759
58.825402 387.987
58.887277 347.62
58.918579 308.244
58.949822 314.022
58.982205 337.931
59.013444 347.774
59.04469 363.879
59.075931 378.454
59.107131 410.397
59.139504 415.008
59.170688 387.27
59.201897 342.505
59.233086 342.698
59.264288 350.86
59.296688 361.725
59.327893 386.182
59.35911 423.745
59.390298 433.796
59.421437 400.411
59.45388 376.257
59.485051 369.576
59.516231 372.381
59.547502 376.597
59.57889 389.869
59.61152 439.686
59.64275 451.888
59.673943 348.768
59.705182 322.824
59.736386 325.58
59.768863 326.981
59.800252 354.143
59.831544 361.739
59.852644 350.772
59.914433 303.538
59.946791 304.909
59.977985 314.452
60.00922 318.731
60.040492 334.506
60.071761 368.084
60.1042 378.989
60.135378 339.597
60.16665 331.186
60.197862 334.248
60.229115 346.247
60.261507 335.301
60.292769 301.997
60.324064 297.77
60.355303 308.648
60.386618 325.822
60.419013 331.907
60.450206 313.009
60.481384 298.325
60.51257 305.036
60.543852 322.41
60.57623 328.697
60.607423 350.043
60.638709 374.971
60.680152 375.598
60.71132 346.637
60.75391 339.636
60.785099 348.545
60.816171 363.266
60.847201 377.131
60.878341 397.512
60.910627 360.148
60.941653 335.044
60.972671 334.378
61.003752 361.653
61.034864 370.408
61.067021 382.969
61.098142 398.415
61.129278 363.516
61.160498 325.32
61.19172 327.195
61.224134 339.552
61.255314 354.451
61.286544 371.0
61.317763 387.412
61.348963 400.178
61.381347 420.082
61.412477 427.912
61.443516 405.995
61.474584 377.446
61.505761 380.259
61.538061 396.313
61.569294 410.665
61.600487 422.958
61.631671 425.229
61.652704 376.912
61.685209 369.438
61.716338 378.95
61.747439 391.021
61.77874 399.655
61.809965 382.832
61.842463 306.209
61.873683 300.024
61.904953 314.04
61.936098 327.643
61.967312 333.876
61.999695 358.689
62.030952 337.097
62.062093 323.623
62.093361 325.182
62.1246 342.847
62.157013 370.661
62.18816 397.074
62.219412 421.516
62.250679 450.65
62.281849 461.997
62.314059 480.671
62.345154 447.896
62.3762 426.756
62.407254 435.437
62.438342 443.77
62.470528 458.636
62.501632 470.233
62.532697 487.178
62.563719 396.375
62.594846 353.115
62.627023 351.796
62.658131 362.587
62.6893 372.511
62.720379 386.149
62.751363 397.922
62.783541 408.919
62.834857 353.15
62.865862 353.125
62.897036 362.596
62.928144 375.139
62.96046 394.999
62.991607 340.587
63.022831 331.574
63.0539 334.014
63.085219 347.553
63.117501 371.766
63.148554 384.013
63.179665 411.867
63.210742 419.108
63.241784 452.181
63.273889 476.547
63.304935 497.794
63.336006 490.52
63.367077 492.673
63.398147 505.145
63.430304 520.392
63.461406 534.924
63.492448 572.752
63.523468 575.01
63.554604 601.717
63.586933 630.008
63.618007 653.364
63.649099 672.951
63.690364 550.698
63.721484 491.821
63.753609 481.391
63.784626 485.223
63.815761 497.798
63.846854 507.66
63.878006 530.95
63.910267 558.605
63.941364 517.774
63.972455 478.182
64.003488 439.816
64.024597 437.925
64.056831 448.719
64.087913 471.018
64.12916 486.753
64.160269 511.716
64.19139 490.702
64.223736 396.767
64.254885 382.555
64.285945 394.26
64.317093 403.593
64.34817 415.073
64.390616 449.556
64.421777 468.295
64.452918 477.169
64.483969 399.892
64.515048 363.72
64.547334 365.134
64.578468 370.734
64.609474 393.007
64.64059 395.821
64.671676 410.853
64.704027 440.243
64.735059 456.816
64.7661 486.762
64.797103 500.28
64.838403 539.519
64.870699 580.569
64.912028 642.338
64.943115 660.842
64.984366 690.224
65.015416 724.567
65.047813 724.914
65.07905 689.895
65.1101 686.174
65.141147 700.342
65.172339 714.291
65.204585 743.353
65.235706 758.262
65.266754 776.172
65.297873 789.985
65.329004 832.845
65.361167 730.472
65.39231 651.587
65.423398 606.304
65.454598 597.891
65.485667 613.213
65.518012 634.792
65.549101 652.266
65.580213 672.245
65.611228 695.67
65.642345 722.733
65.674591 741.247
65.705707 643.167
65.736784 619.156
65.767957 618.145
65.799202 628.759
65.831606 632.185
65.862759 658.043
65.893953 695.886
65.945433 725.366
65.976599 766.165
68.069128 385.747
68.100306 417.248
68.121198 359.473
68.152263 342.078
68.183398 343.635
68.215632 347.95
68.246698 361.927
68.27778 386.539
68.308819 371.379
68.339887 331.127
68.372136 318.434
68.403348 318.077
68.434601 325.028
68.465705 342.937
68.496808 355.691
68.529072 375.454
68.560164 392.275
68.591226 423.852
68.622267 446.765
68.643093 459.05
68.675311 454.971
68.70645 399.819
68.737523 375.822
68.768543 382.024
68.799702 404.802
68.832026 420.423
68.863133 437.941
68.894315 456.299
68.925441 480.417
68.956551 490.767
68.988811 484.897
69.01986 426.149
69.050965 414.657
69.082013 421.545
69.113124 440.624
69.145277 449.071
69.176312 455.1
69.207401 372.203
69.238529 353.605
69.269632 360.596
69.301847 377.522
69.332909 391.016
69.36402 399.221
69.395103 367.367
69.426139 323.02
69.458357 319.953
69.489402 329.609
69.520466 343.667
69.551542 358.761
69.582723 372.671
69.604768 404.833
69.635837 425.058
69.666914 417.678
69.698 367.23
69.729035 369.957
69.761337 376.587
69.792421 396.053
69.82351 408.27
69.854665 432.199
69.885808 365.337
69.918102 339.744
69.94916 331.26
69.980191 340.555
70.011276 356.762
70.042373 375.915
70.074642 393.178
70.105658 422.177
70.136675 438.508
70.167659 457.146
70.198745 489.051
70.230949 503.615
70.262004 476.813
70.292966 465.869
70.324121 472.769
70.35519 475.111
70.387492 495.564
70.418464 523.779
70.449536 612.422
70.551785 625.479
70.582849 635.46
70.615036 678.4
70.64608 694.227
70.677082 712.131
70.70811 724.798
70.739227 787.549
70.771446 799.659
70.802492 802.051
70.833602 771.512
70.864757 768.635
70.895998 766.27
70.928265 782.238
70.959313 791.64
70.990429 809.128
71.021517 818.889
71.052753 847.434
71.085075 862.629
71.136533 910.079
71.167555 952.045
71.188427 1026.285
71.280635 1035.726
71.313156 1047.669
71.344292 1133.041
71.375352 1142.157
71.406419 1159.898
71.437497 1176.929
71.469814 1054.177
71.500864 988.999
71.53205 982.263
71.563188 988.694
71.59448 998.578
71.647019 1014.309
71.708715 1075.36
71.739808 1108.162
71.801504 1167.405
71.832703 1178.302
71.865087 1235.619
71.916674 1274.567
71.947857 1308.017
71.979105 1341.006
72.010288 1364.82
72.042779 1388.033
72.074045 1239.286
72.135831 1208.426
72.167209 1168.561
72.198381 1163.564
72.230818 1169.622
72.282397 1190.238
72.323741 1218.316
72.354952 1234.423
72.386138 1273.32
72.418496 1296.19
72.449725 1331.553
72.480858 1369.796
72.511877 1378.307
72.54295 1405.596
72.575093 1424.538
72.595956 1448.362
72.637221 1369.545
72.668314 1264.195
72.699373 1228.116
72.731885 1232.629
72.793664 1264.316
72.885868 1310.205
72.917032 1351.866
72.94808 1360.914
72.980302 1434.852
73.154182 1491.789
73.256597 1517.05
73.287804 1563.648
73.319082 1656.079
73.35147 1713.932
73.382686 1769.649
73.413858 1650.304
73.445009 1562.543
73.47626 1440.003
73.508901 1413.61
73.540163 1405.854
73.571216 1404.918
73.602325 1450.261
73.684441 1487.694
73.788089 1505.548
73.849885 1523.077
73.881114 1549.571
73.963293 1636.431
73.994629 1680.401
74.027013 1719.452
74.05809 1740.556
74.11986 1877.412
74.151068 1542.107
74.212844 1424.004
74.245254 1460.991
74.276344 1464.699
74.307499 1545.181
74.348868 1565.254
74.379967 1589.515
74.412349 1620.328
74.44359 1643.927
74.474749 1663.915
74.505947 1691.082
74.53717 1714.08
74.559419 1159.136
74.600845 1117.475
74.632138 1141.989
74.663253 1164.191
74.694389 1169.488
74.72677 1220.401
74.757948 1282.442
74.819689 1304.937
74.850805 1371.869
74.932988 1404.868
74.965301 1436.462
74.996421 1455.814
75.027487 1710.604
75.262237 1730.315
75.293385 1742.424
75.325637 1776.21
75.356755 1829.736
75.39805 1849.226
75.429142 1867.175
75.460372 1907.997
75.492532 1950.246
75.523547 1559.412
75.859876 1264.516
75.89113 1049.031
75.932499 890.139
75.964683 729.44
75.996725 691.497
76.028778 615.805
76.061159 531.995
76.093359 530.932
76.135744 540.853
76.188216 565.881
76.22049 576.466
76.272827 586.059
76.305023 619.212
76.357511 701.467
76.389425 744.572
76.421519 757.186
76.453512 791.122
76.485507 804.612
76.517538 824.819
76.549632 856.631
76.581575 894.557
76.613464 924.128
76.644516 943.451
76.675617 973.724
76.706713 996.334
76.738038 1020.35
76.770241 1035.936
76.801498 1043.244
76.832522 1070.688
76.863519 1080.36
76.894681 1140.72
77.059276 1230.695
77.090489 1302.967
77.121617 1363.784
77.152677 1379.211
77.183727 1401.233
77.205723 1218.002
77.236854 1175.996
77.268021 1044.929
77.299096 989.589
77.330169 981.071
77.362407 980.639
77.393467 984.133
77.424551 1003.877
77.455564 1026.093
77.486649 1075.202
77.529181 1089.897
77.560225 1118.523
77.591238 1149.419
77.622355 1165.777
77.653522 1193.537
77.675595 1213.21
77.706652 1243.777
77.737747 1223.099
77.768783 1177.579
77.799833 1149.505
77.832098 1136.958
77.863135 1133.786
77.894269 1138.285
77.925446 1147.955
77.987104 1181.063
78.019357 1195.36
78.070741 1214.097
78.122258 1237.271
78.183904 1263.919
78.235525 1316.358
78.267786 1430.058
78.298885 1471.784
78.329893 1503.304
78.360893 1310.268
78.391953 1274.864
78.424265 1140.123
78.455457 1107.048
78.486635 1143.715
78.578869 1150.696
78.609909 1178.87
78.682873 1192.064
78.714031 1256.328
78.796151 1296.354
78.847702 1330.059
78.878947 1361.466
78.911297 1417.855
78.942354 1491.881
78.973399 1526.805
79.004623 1356.498
79.035711 1237.046
79.067993 1219.067
79.099186 1217.228
79.1304 1223.069
79.171675 1228.744
79.202825 1257.333
79.235172 1273.264
79.327525 1494.979
79.480754 1503.364
79.511785 1518.662
79.542896 1534.965
79.575169 1132.85
79.606209 1188.47
79.657606 1216.264
79.688617 1232.03
79.719654 1280.74
79.741678 1295.679
79.772893 1312.632
79.803953 1360.136
79.845277 1368.097
79.876461 1611.441
80.152845 1685.928
80.183876 1699.747
80.21508 1207.031
80.246201 1178.784
80.277403 1202.377
80.309795 1211.676
80.340961 1379.369
80.483892 1404.224
80.515299 1496.285
80.617833 1526.048
80.65023 1791.442
80.905217 1792.092
80.936474 1827.451
80.967572 2048.866
81.283648 2192.169
81.316024 2253.601
81.387818 2305.014
81.429082 2310.311
81.460194 2347.706
81.491385 2383.462
81.523673 2405.205
81.554831 1916.682
81.901299 1545.383
81.932415 1157.681
81.963515 839.854
81.995748 696.714
82.026832 589.373
82.058012 543.693
82.08916 515.706
82.120408 515.399
82.152704 520.231
82.183838 539.564
82.214971 552.698
82.246111 589.694
82.277247 601.492
82.309691 641.215
86.621652 790.792
86.652824 763.483
86.683978 771.965
86.735543 774.785
86.767911 792.563
86.788792 815.912
86.819835 835.502
86.850862 848.869
86.881916 882.29
86.914283 884.136
86.945422 725.398
86.976594 698.261
87.007744 722.642
87.069205 727.338
87.101548 732.368
87.132631 754.361
87.163784 790.818
87.194899 810.213
87.225956 634.256
87.258195 617.927
87.289248 609.993
87.320333 629.373
87.351385 650.59
87.382415 673.528
87.414584 607.676
87.445574 519.618
87.476536 506.062
87.507497 509.653
87.53849 526.83
87.570595 535.246
87.60163 627.005
87.673315 569.242
87.704275 517.189
87.735271 507.623
87.767495 519.175
87.798538 526.5
87.829546 543.006
87.860594 583.868
87.891697 601.487
87.923962 616.118
87.965206 643.517
87.996233 556.024
88.027219 551.008
88.05825 551.622
88.090365 570.932
88.121396 588.108
88.152536 620.772
88.183606 662.531
88.214714 668.683
88.246929 685.899
88.277979 563.041
88.309046 547.914
88.34007 548.08
88.371129 553.857
88.403296 570.806
88.444482 612.641
88.475636 630.592
88.506727 659.718
88.537878 679.771
88.570109 526.61
88.631726 528.796
88.662799 531.417
88.693866 538.614
88.724903 550.225
88.757118 571.906
88.788225 610.888
88.819283 652.919
88.850386 670.648
88.881513 581.917
88.913826 520.231
88.944881 493.129
88.975957 493.775
89.00696 509.204
89.038044 589.034
89.131509 605.69
89.16266 573.795
89.193705 477.656
89.224722 471.716
89.255816 474.224
89.288087 490.729
89.319103 513.213
89.350066 523.398
89.38107 528.703
89.412132 459.72
89.444435 454.134
89.475472 458.569
89.496314 470.932
89.527294 559.833
89.670361 623.82
89.702627 663.155
89.733765 598.687
89.764823 585.276
89.795887 560.312
89.827041 570.907
90.924319 587.563
90.955507 519.068
90.986747 503.263
91.017845 504.59
91.048962 529.926
91.08144 532.665
91.112498 576.711
91.143532 597.034
91.174659 542.564
91.205777 499.236
91.238104 496.48
91.269219 502.547
91.30032 514.567
91.331321 543.04
91.362411 551.229
91.394662 408.352
91.425671 376.112
91.456935 373.629
91.488074 379.291
91.519139 392.577
91.551395 416.72
91.582542 427.406
91.634031 480.759
91.6651 509.248
91.696185 527.571
91.728269 466.76
91.759293 454.773
91.790345 457.212
91.82139 474.562
91.852377 491.459
91.884641 503.289
91.915755 519.307
91.956992 535.666
91.988133 567.446
92.019326 608.943
92.051754 636.66
92.082942 475.49
92.11413 446.932
92.145279 444.369
92.166135 456.554
92.198519 469.458
92.229722 486.21
92.260877 522.549
92.322582 539.319
92.353685 594.216
92.385923 623.646
92.416937 633.948
92.448082 601.325
92.479157 534.512
92.510222 503.21
92.542494 505.911
92.573549 517.481
92.604572 530.126
92.635631 547.152
92.666639 583.365
92.698843 598.489
92.729831 604.873
92.760848 622.086
92.791896 470.072
92.822953 439.981
92.855113 443.964
92.88615 452.731
92.917261 455.65
92.948316 473.593
92.97943 509.585
93.011735 531.643
93.042804 557.509
93.073852 530.565
93.104905 441.997
93.135954 444.416
93.168068 449.373
93.199127 483.001
93.230148 492.437
93.26121 513.78
93.292245 416.103
93.324676 362.151
93.355726 362.641
93.386801 402.243
93.448397 406.52
93.479373 395.427
93.511568 334.21
93.54263 325.018
93.573658 332.005
93.604672 345.05
93.635814 352.068
93.667947 377.954
93.699059 385.705
93.71991 338.968
93.750989 324.206
93.782028 326.614
93.814284 340.352
93.845402 355.979
93.876392 369.97
93.907448 387.032
93.938538 400.02
93.970694 428.026
94.001841 455.748
94.032916 469.796
94.063895 488.515
94.094954 421.042
94.127078 388.503
94.158107 389.254
94.189145 401.638
94.220156 413.86
94.251261 434.812
94.28356 447.958
94.314601 486.15
94.345599 509.293
94.376601 519.112
94.407635 440.425
94.439702 428.703
94.470848 430.908
94.501914 453.146
94.533022 467.194
94.564149 474.006
94.596346 487.286
94.627368 455.296
94.658367 451.347
94.699722 435.298
94.730884 437.681
94.763129 474.187
94.794202 484.759
94.825271 435.39
94.85628 387.033
94.887339 397.586
94.919596 405.667
94.950623 414.151
94.981668 417.364
95.012766 447.718
95.043866 357.628
95.065912 334.296
95.096977 332.011
95.128012 341.766
95.159082 343.186
95.190131 367.642
95.222223 387.926
95.253241 399.74
95.284342 425.647
95.315667 394.923
95.346794 393.839
95.379015 407.815
95.409991 421.774
95.440978 441.174
95.472002 445.803
95.502999 473.8
95.535117 353.134
95.566186 338.644
95.597194 344.247
95.628182 356.246
95.659248 375.776
95.691456 409.117
95.722525 428.04
95.753536 450.663
95.784658 395.652
95.815778 392.459
95.847965 379.367
95.879018 391.624
95.91013 402.907
95.941188 408.466
95.972275 476.479
96.034888 485.341
96.065905 369.508
96.096926 358.798
96.127928 359.811
96.158955 372.273
96.191182 385.526
96.222212 423.914
96.253229 429.72
96.284297 452.874
96.315449 453.67
96.347728 350.723
96.378781 342.841
96.409767 348.741
96.440783 354.818
96.471837 392.41
96.504096 399.726
96.535121 420.574
96.566156 435.948
96.59723 354.231
96.618075 345.481
96.660303 335.012
96.691319 336.773
96.72235 343.028
96.753402 370.828
96.784488 398.094
96.81656 408.874
96.847598 420.793
96.878658 431.755
96.909679 373.297
96.940746 363.741
96.973029 368.613
97.004105 382.54
97.024957 388.705
97.055976 386.229
97.086975 360.124
97.119126 329.633
97.160335 326.851
97.191342 339.722
97.22249 347.15
97.253538 323.534
97.285808 293.803
97.316871 299.013
97.347929 313.54
97.378929 332.391
97.409962 345.287
97.44203 356.466
97.473073 295.429
97.50408 287.937
97.535174 299.518
97.566243 309.781
97.598352 328.686
97.629388 343.956
97.660365 356.81
97.691342 395.331
97.722396 420.546
97.754604 423.317
97.785681 405.436
97.816733 401.274
97.847701 409.076
97.878792 424.043
97.910958 442.344
97.942037 446.823
97.973049 478.578
98.004057 397.295
98.035094 390.912
98.067206 402.595
98.098218 424.951
98.129252 431.543
98.160241 433.776
98.191351 362.242
98.223768 358.897
98.254816 367.37
98.285886 387.39
98.316908 397.016
98.347965 412.712
98.379987 430.406
98.411022 385.436
98.442035 352.753
98.473043 357.738
98.504177 368.653
98.536401 377.551
98.567422 394.908
98.598401 423.756
98.629432 427.233
98.660426 388.04
98.692363 380.462
98.723431 389.264
98.754426 409.288
98.785513 423.737
98.806434 445.913
98.838629 469.535
98.869631 479.994
98.900696 505.314
98.931739 419.214
98.962802 392.38
98.99501 392.758
99.026029 401.995
99.057104 409.913
99.088113 430.863
99.11921 332.303
99.151269 311.984
99.182313 317.533
99.213394 328.424
99.24442 337.33
99.2754 356.359
99.3076 326.682
99.338714 304.245
99.369747 302.045
99.40076 320.605
99.431822 339.397
99.464094 355.591
99.495166 375.433
99.526214 390.538
99.557328 332.697
99.588368 316.104
99.620482 316.652
99.651568 328.999
99.682606 338.622
99.713647 329.451
99.765095 289.696
99.797265 292.645
99.828327 311.933
99.859333 325.621
99.890422 337.282
99.921411 357.226
99.953523 376.008
99.984557 390.539
100.015548 376.621
