1.3e-05 321.361
0.032472 330.516
0.358754 331.88
0.389942 333.3
0.421077 334.487
0.452213 335.491
0.484601 336.313
0.515757 337.86
0.55704 330.267
0.628964 325.519
0.660069 323.715
0.692292 323.431
0.72343 322.283
0.754722 321.478
0.785957 319.903
0.817167 319.135
0.849453 320.394
0.880622 319.255
0.911757 317.315
0.942884 315.462
0.974031 312.763
1.00634 310.581
1.037449 308.115
1.068493 305.398
1.099583 303.757
1.130671 302.972
1.162906 293.749
1.193998 291.622
1.225051 288.952
1.256153 285.706
1.287377 282.742
1.31971 281.378
1.350866 280.475
1.382128 280.304
1.413343 291.015
1.44452 289.481
1.47685 287.877
1.509025 284.431
1.540171 282.575
1.571322 281.237
1.602407 280.33
1.633507 280.275
1.665704 285.219
1.696828 287.993
1.727893 288.336
1.759084 290.63
1.790317 289.118
1.822641 289.14
1.853806 290.881
1.884929 294.217
1.916079 289.66
1.94719 287.183
1.979606 285.85
2.000617 285.256
2.031852 284.569
2.063122 285.161
2.094279 284.649
2.12668 283.457
2.157807 283.477
2.188958 282.385
2.22018 281.712
2.251388 282.359
2.283755 281.213
2.314997 281.329
2.346154 281.42
2.377322 284.001
2.408582 281.035
2.440895 280.728
2.472105 282.092
2.503287 281.359
2.534487 280.286
2.565612 280.341
2.597904 279.558
2.629071 279.464
2.660224 279.152
2.691408 279.873
2.722648 279.715
2.75503 279.354
2.786269 280.663
2.817461 279.315
2.848682 280.212
2.87993 280.29
2.912313 294.161
2.943516 287.178
2.97475 283.575
3.005986 287.362
3.037213 287.629
3.069692 293.438
3.101021 315.672
3.132294 318.592
3.163598 330.624
3.194869 334.556
3.227436 345.84
3.28921 371.882
3.320443 380.744
3.351601 399.176
3.382872 400.989
3.415261 405.091
3.446487 417.903
3.477692 432.722
3.508885 438.894
3.540024 444.14
3.572351 450.4
3.603464 406.128
3.634553 400.461
3.665704 370.903
3.696825 369.558
3.728998 377.621
3.760086 381.809
3.791327 379.706
3.822468 346.041
3.853621 337.188
3.88596 337.748
3.9171 342.049
3.948212 352.693
3.979397 368.428
4.010611 379.411
4.042852 398.03
4.073913 392.438
4.104997 396.475
4.13613 399.554
4.167313 381.271
4.199531 371.82
4.230643 375.684
4.261742 382.449
4.29286 383.882
4.324012 382.84
4.346139 340.826
4.378331 299.282
4.41065 291.683
4.442904 292.686
4.474096 287.419
4.505303 285.276
4.536456 298.479
4.567557 300.739
4.599899 299.642
4.631024 295.763
4.662106 291.052
4.693226 291.258
4.72444 291.537
4.756803 298.437
4.789335 299.58
4.821588 307.702
4.853897 312.663
4.88634 337.108
4.918801 315.165
4.971529 300.482
5.002754 295.376
5.033834 297.648
5.064988 312.441
5.09625 330.822
5.128701 332.725
5.159976 349.372
5.191202 361.355
5.222565 363.717
5.253944 372.403
5.286309 331.249
5.318663 303.373
5.351064 303.758
5.383449 310.223
5.415788 337.823
5.448181 340.824
5.480509 377.562
5.553628 397.312
5.584747 404.338
5.615904 411.391
5.646975 402.332
5.678068 397.428
5.710335 408.443
5.741398 446.62
5.813329 463.685
5.854709 421.884
5.885864 364.152
5.918128 332.192
5.950226 310.531
5.982469 306.177
6.014659 305.846
6.046805 302.504
6.089177 288.626
6.121323 286.254
6.153359 288.33
6.185495 302.2
6.21767 301.099
6.249901 300.884
6.282108 311.13
6.3142 314.339
6.346392 317.504
6.37857 322.947
6.410803 344.248
6.443049 351.669
6.475498 342.565
6.51798 303.76
6.550181 293.024
6.582344 301.368
6.624812 326.362
6.65715 332.668
6.689296 344.743
6.721592 349.691
6.753865 362.708
6.786254 377.141
6.81869 369.74
6.851005 342.765
6.883396 347.079
6.915646 362.026
6.948032 375.895
6.980356 382.552
7.012727 390.198
7.045071 419.096
7.077271 426.198
7.109556 429.734
7.141877 398.887
7.17428 394.27
7.206636 392.203
7.239103 399.168
7.271637 410.983
7.30393 397.291
7.33634 357.162
7.368779 326.122
7.401203 320.015
7.43251 317.842
7.463768 309.56
7.494969 305.644
7.526119 290.521
7.558546 284.367
7.589781 285.351
7.620959 291.473
7.652175 290.913
7.683432 287.28
7.715886 286.38
7.748294 290.052
7.780788 294.017
7.813327 313.185
7.866087 330.022
7.898413 338.89
7.930786 337.077
7.963221 303.848
7.995563 298.832
8.027952 308.775
8.060245 323.42
8.092545 329.73
8.1249 341.195
8.157346 346.303
8.189717 337.786
8.232284 303.192
8.264552 300.16
8.296881 302.951
8.329155 306.068
8.361443 336.559
8.393802 355.183
8.426123 366.111
8.458403 395.914
8.501041 393.506
8.533293 405.818
8.565549 417.039
8.59794 361.144
8.630081 364.46
8.662281 377.421
8.69439 389.161
8.726737 388.935
8.759009 400.957
8.791388 334.955
8.823805 312.659
8.854927 309.363
8.88603 293.438
8.917139 295.787
8.948261 293.724
9.000911 286.295
9.031975 288.244
9.063125 290.947
9.094229 291.608
9.125349 290.254
9.157662 296.762
9.189852 303.164
9.222069 304.297
9.25422 301.323
9.29668 291.745
9.328944 291.458
9.361158 297.182
9.39342 301.534
9.425641 319.282
9.458006 317.726
9.490487 314.545
9.522897 309.957
9.6062 289.867
9.637392 290.507
9.6686 290.926
9.699852 290.184
9.731106 292.672
9.763515 300.894
9.795965 289.228
9.828559 289.214
9.861206 303.982
9.893656 302.592
9.926129 299.49
9.978837 289.65
10.011189 290.097
10.043531 290.843
10.075836 299.598
10.108237 304.924
10.140667 315.001
10.173051 321.641
10.205626 330.921
10.238112 320.59
10.290933 316.2
10.323376 312.884
10.355638 316.393
10.387957 334.026
10.420152 338.836
10.45228 382.717
10.484537 384.826
10.516762 392.653
10.548945 392.665
10.581255 405.241
10.613402 376.849
10.645678 304.606
10.677892 296.221
10.710015 293.616
10.742362 289.694
10.774676 289.05
10.806802 288.209
10.849474 289.971
10.881814 293.165
10.914072 305.483
10.946431 334.943
10.978798 340.702
11.011084 397.911
11.07399 409.955
11.106332 422.744
11.138727 441.439
11.171155 426.498
11.203457 426.656
11.235669 426.223
11.267969 434.506
11.300223 447.888
11.332529 458.921
11.364572 417.082
11.396913 322.351
11.429229 303.52
11.461549 288.174
11.493894 292.41
11.526279 306.784
11.558765 309.094
11.591138 297.391
11.623548 293.026
11.656001 291.0
11.698608 291.485
11.73095 309.724
11.76332 324.435
11.795704 332.302
11.828266 338.576
11.860704 398.116
11.903215 403.314
11.935603 413.708
11.96791 440.558
12.000298 465.504
12.032823 495.671
12.06523 527.373
12.097649 527.574
12.129976 514.426
12.162337 513.926
12.193669 534.888
12.224976 545.854
12.307148 598.772
12.338364 630.433
12.380883 653.656
12.412078 652.164
12.443277 585.781
12.474456 545.537
12.505675 525.016
12.538078 522.758
12.569319 531.9
12.600601 539.658
12.631876 544.418
12.663066 460.306
12.695429 419.714
12.726726 303.636
12.757992 284.124
12.789211 282.56
12.820493 287.262
12.852873 283.405
12.885293 282.323
12.917665 285.119
12.950125 283.579
12.982464 283.18
13.014974 283.132
13.047336 297.2
13.079717 304.699
13.112047 332.464
13.164751 327.069
13.197162 324.834
13.229585 319.159
13.272143 289.957
13.304522 288.273
13.336877 292.841
13.369179 315.793
13.401685 331.026
13.43416 331.138
13.466567 353.895
13.49897 340.472
13.531361 324.729
13.563732 321.15
13.596115 355.384
13.659044 348.956
13.691317 340.396
13.72374 316.243
13.755877 321.294
13.788209 326.28
13.820319 379.5
13.893356 361.628
13.925385 364.298
13.957551 378.603
13.999738 372.919
14.032049 376.579
14.064032 387.545
14.09619 403.208
14.12828 413.404
14.160237 422.309
14.192574 431.362
14.224906 432.013
14.257327 409.251
14.289809 372.771
14.322257 360.15
14.354497 359.23
14.386824 363.603
14.419077 352.859
14.461618 334.731
14.493931 310.602
14.526237 301.47
14.558505 299.574
14.590907 302.566
14.623264 307.195
14.655473 309.89
14.677611 306.306
14.709958 302.724
14.742206 287.89
14.774587 291.334
14.806996 295.868
14.839354 296.094
14.871927 301.122
14.904381 306.234
14.936777 307.679
14.969243 301.68
15.001679 303.153
15.034375 324.614
15.077003 317.848
15.109435 337.674
15.142014 346.415
15.174327 337.092
15.206789 315.298
15.239198 315.416
15.271402 320.304
15.303464 332.5
15.335453 342.832
15.367488 346.268
15.399645 337.705
15.431717 294.98
15.463727 301.742
15.495857 308.54
15.527867 321.959
15.559986 341.858
15.592036 351.498
15.613888 364.036
15.646296 375.084
15.678342 363.753
15.710488 345.797
15.742421 343.685
15.77476 337.753
15.806919 348.014
15.839253 352.724
15.871426 343.368
15.934279 298.845
15.9663 292.62
15.998511 300.248
16.030571 307.554
16.062583 310.059
16.094529 314.162
16.12667 328.041
16.158802 330.509
16.190943 334.058
16.22312 333.239
16.255326 333.935
16.287522 339.017
16.319641 319.428
16.351703 293.506
16.384135 291.478
16.416584 296.419
16.449009 306.042
16.481328 302.92
16.513828 302.491
16.546334 291.88
16.578283 286.342
16.610539 288.301
16.632698 293.538
16.664912 311.669
16.697103 318.516
16.72948 315.031
16.761757 290.551
16.79433 289.288
16.826767 299.855
16.85933 313.295
16.891844 322.549
16.924065 324.946
16.946201 328.682
16.978458 303.3
17.010876 294.71
17.04346 303.737
17.075932 305.453
17.108281 310.348
17.140724 317.327
17.173238 331.258
17.205627 314.255
17.237998 310.455
17.270375 317.079
17.302711 318.783
17.3351 327.913
17.367473 332.898
17.399996 352.123
17.432209 332.671
17.464612 318.065
17.497075 305.222
17.52958 310.375
17.562026 322.908
17.594477 338.661
17.626883 360.554
17.659186 373.852
17.691636 380.814
17.72397 368.987
17.756318 376.707
17.809049 385.398
17.841514 388.889
17.874175 399.872
17.90681 421.677
17.939275 426.815
17.971752 441.455
18.004215 472.049
18.036608 484.08
18.089527 524.111
18.122021 494.531
18.154419 458.095
18.185763 442.148
18.217224 435.624
18.248445 436.693
18.279881 449.037
18.312576 415.986
18.343645 390.69
18.374874 369.34
18.416322 351.776
18.447525 342.38
18.479956 348.796
18.511176 302.22
18.542538 293.734
18.573928 295.121
18.605191 297.353
18.637648 293.433
18.66999 295.374
18.702412 302.912
18.73482 301.819
18.767132 293.56
18.799396 294.2
18.831498 297.417
18.86395 299.229
18.89616 312.934
18.928422 332.195
18.96077 338.077
18.992969 355.144
19.025193 360.103
19.057207 326.051
19.089381 335.906
19.121395 353.044
19.153591 353.109
19.185767 369.399
19.217879 340.964
19.249845 311.133
19.281914 310.11
19.314017 303.953
19.346111 305.765
19.378298 303.875
19.410519 300.958
19.473247 296.495
19.505368 300.379
19.53759 315.911
19.569635 391.751
19.693613 371.301
19.72484 358.744
19.755947 366.786
19.787176 369.863
19.818382 396.064
19.850821 410.782
19.882057 415.466
19.913269 445.999
19.944504 467.76
19.975773 472.578
20.008075 493.287
20.039292 494.572
20.070524 436.963
20.101812 467.121
20.204556 471.073
20.237002 483.987
20.268155 488.583
20.29934 552.512
20.391668 649.804
20.534815 657.192
20.567135 695.272
20.628898 725.957
20.66002 715.795
20.711587 673.616
20.742797 660.657
20.775214 662.501
20.806419 664.784
20.82737 676.513
20.858522 710.083
20.90001 726.343
20.932324 753.982
20.963397 760.619
20.994413 832.946
21.04584 743.784
21.066771 675.072
21.098881 662.175
21.129989 676.491
21.19166 955.194
21.446524 956.269
21.477721 988.943
21.509961 998.381
21.541189 996.131
21.56208 1017.695
21.593108 1015.016
21.624281 929.565
21.717759 901.099
21.748834 912.843
21.78005 978.725
21.831634 976.391
21.86281 990.848
21.895226 1062.723
21.977363 1065.439
22.008449 1092.127
22.03959 1113.174
22.192883 1252.261
22.225383 1280.035
22.25659 1366.789
22.328564 1385.722
22.36991 1136.412
22.390847 1073.451
22.423256 1106.979
22.454531 1215.408
22.567004 1219.699
22.598235 1266.852
22.649853 1322.972
22.692472 1327.468
22.723669 1359.742
22.744695 1406.783
22.786049 1398.42
22.817277 1260.581
23.104094 382.94
23.135298 304.944
23.166458 302.513
23.197686 284.081
23.228781 281.96
23.26106 283.633
23.2922 282.419
23.323353 281.444
23.354504 282.28
23.385654 281.309
23.418072 281.783
23.449113 281.717
23.480162 284.024
23.511307 287.456
23.542345 282.905
23.574658 282.59
23.605733 299.127
23.636846 305.807
23.66805 308.83
23.699388 318.475
23.731835 343.912
23.773539 349.733
23.804949 346.922
23.836282 392.839
23.908621 397.214
23.941244 403.148
23.972563 421.17
24.003933 421.874
24.03509 387.682
24.066247 338.181
24.098588 327.176
24.129692 305.926
24.150551 304.511
24.212206 288.64
24.243352 281.589
24.275642 280.753
24.306797 284.049
24.337882 281.272
24.369095 280.892
24.400188 287.503
24.432381 288.1
24.463379 289.238
24.494436 289.696
24.525562 285.07
24.556671 285.407
24.58897 285.208
24.620107 293.38
24.651358 284.22
24.682551 283.149
24.71379 288.277
24.746244 283.138
24.777419 283.086
24.808635 288.041
24.839781 291.736
24.871009 282.92
24.903404 282.077
24.934509 296.913
24.965672 288.392
24.996889 284.802
25.028141 297.59
25.060553 293.555
25.091692 291.643
25.122872 286.024
25.154055 285.559
25.185297 284.968
25.217711 288.568
25.24899 288.64
25.280112 283.446
25.311332 285.134
25.342534 283.329
25.37488 282.027
25.4061 281.898
25.437283 293.22
25.46853 284.869
25.499711 282.479
25.532087 286.169
25.563263 292.995
25.594425 287.024
25.625598 286.454
25.656783 306.97
25.689132 294.197
25.720389 296.487
25.75162 303.482
25.78281 288.905
25.814057 287.387
25.846395 294.381
25.877579 289.165
25.90885 284.284
25.940087 284.573
25.971335 282.38
26.003744 284.956
26.034975 290.622
26.06624 285.863
26.097505 286.208
26.128797 287.861
26.161238 290.737
26.192484 285.162
26.223675 285.406
26.25491 292.536
26.286128 287.27
26.318422 284.15
26.349553 290.625
26.380745 290.867
26.411935 290.581
26.443138 295.977
26.475509 288.948
26.506701 283.406
26.53788 282.653
26.558915 285.288
26.590133 305.534
26.622516 301.823
26.653762 295.347
26.684977 283.399
26.716061 281.551
26.747236 287.0
26.779626 290.097
26.810796 285.586
26.831715 286.121
26.862858 289.653
26.894044 283.077
26.926476 282.962
26.957648 287.304
26.988759 285.48
27.019883 282.844
27.050994 285.065
27.083315 282.205
27.114364 281.401
27.145385 284.453
27.176493 283.357
27.207624 282.238
27.239974 281.69
27.271191 288.816
27.30239 284.825
27.333589 282.103
27.364804 285.213
27.397288 283.223
27.4183 281.91
27.44949 284.291
27.480767 283.643
27.512009 282.162
27.544359 283.072
27.575473 286.723
27.606655 284.544
27.63784 284.67
27.669015 287.754
27.701515 285.988
27.732851 285.37
27.764201 288.822
27.795542 283.235
27.826749 282.057
27.859077 282.558
27.890252 290.537
27.921443 286.087
27.952629 283.586
27.98394 287.183
28.016365 303.526
28.047635 288.719
28.0789 287.668
28.110102 304.308
28.141293 289.372
28.173742 288.626
28.205007 286.331
28.236286 283.225
28.26757 283.147
28.298901 282.182
28.331342 283.522
28.362552 282.611
28.383532 291.147
28.414593 292.99
28.445724 285.866
28.478132 286.991
28.509263 297.59
28.54033 292.9
28.571519 287.201
28.602713 291.754
28.635022 292.596
28.666143 288.449
28.697313 295.255
28.728486 290.967
28.759717 285.556
28.792097 284.508
28.823189 284.911
28.854339 286.969
28.885511 291.569
28.916779 295.249
28.949098 291.206
28.980226 295.15
29.011335 297.566
29.042435 292.366
29.07368 289.118
29.106065 292.7
29.13723 287.484
29.168322 284.202
29.199419 282.987
29.230553 294.223
29.262805 292.677
29.293901 292.108
29.324945 299.088
29.356017 300.634
29.387136 295.863
29.419462 290.034
29.450508 287.472
29.481588 289.182
29.512688 292.447
29.543773 295.234
29.576069 292.013
29.607146 292.896
29.638209 307.741
29.679587 308.605
29.71073 315.942
29.743077 322.006
29.774202 342.245
29.805397 359.405
29.836539 383.834
29.867658 402.642
29.910141 405.448
29.941409 415.091
29.972753 446.532
30.004036 471.079
30.045441 479.409
30.077889 517.914
30.149745 536.307
30.181078 557.707
30.253077 563.544
30.2843 563.368
30.316716 558.654
30.347911 560.75
30.38928 557.285
30.420498 556.49
30.45172 560.695
30.484093 574.356
30.515287 668.124
30.719388 599.996
30.750578 590.188
30.781824 580.127
30.814187 575.9
30.84542 576.766
30.876711 576.431
30.907938 582.108
30.9494 593.078
30.981942 596.938
31.013252 613.96
31.044573 627.915
31.075827 644.381
31.107079 651.149
31.149591 667.201
31.180759 678.794
31.211902 691.476
31.243063 705.38
31.27432 722.985
31.327017 747.873
31.358225 716.641
31.389435 696.862
31.420618 692.375
31.451804 692.553
31.484148 698.346
31.525516 701.755
31.556658 702.162
31.587828 699.88
31.618963 702.997
31.651322 702.322
31.682557 705.08
31.713782 716.013
31.745012 721.584
31.776228 734.939
31.808552 757.986
31.849855 771.869
31.881144 808.212
31.942892 814.172
31.984304 820.979
32.016663 818.54
32.047835 800.018
32.07905 790.737
32.171246 766.178
32.202512 723.909
32.234843 690.654
32.255812 685.743
32.297173 675.771
32.328367 675.977
32.359452 672.603
32.391792 671.497
32.422928 669.792
32.454072 678.231
32.515731 643.703
32.546905 613.851
32.579283 603.468
32.610423 587.643
32.641507 542.308
32.672639 528.155
32.703858 516.709
32.72603 501.577
32.757197 473.909
32.788457 469.398
32.829806 435.746
32.861045 433.215
32.893535 438.107
32.934904 425.979
32.96605 419.21
32.997258 419.934
33.02844 411.759
33.060637 420.431
33.122248 420.964
33.153395 415.575
33.184648 426.527
33.236201 428.555
33.268642 437.856
33.299838 454.882
33.341367 479.32
33.372567 483.105
33.403826 487.786
33.436316 518.976
33.467562 526.721
33.498752 532.161
33.540149 535.332
33.571316 542.069
33.603639 544.261
33.634854 556.148
33.686421 561.996
33.71763 598.924
33.748843 606.155
33.78125 622.867
33.843055 658.819
33.894605 670.672
33.946256 669.303
33.977389 648.208
34.009903 650.751
34.041014 651.427
34.072133 660.887
34.113509 660.327
34.144655 669.812
34.176867 664.322
34.208075 662.918
34.239185 671.195
34.270329 672.177
34.30147 626.015
34.333737 623.99
34.385213 618.774
34.416301 570.727
34.447367 566.985
34.478624 552.489
34.510882 514.262
34.541974 524.749
34.654526 528.003
34.685656 527.091
34.716871 474.474
34.749235 477.281
34.810948 477.102
34.842118 483.937
37.219721 299.833
37.250888 319.002
37.28303 314.303
37.314059 318.115
37.345093 336.919
37.41693 370.584
37.448057 378.936
37.480301 382.833
37.511472 388.634
37.542587 409.59
37.573712 405.944
37.6048 405.791
37.637166 400.343
37.668364 403.239
37.699581 428.007
37.730723 439.683
37.761891 445.533
37.794238 472.45
37.855961 454.125
37.887156 435.404
37.918327 434.253
37.949467 446.301
37.981997 449.512
38.013163 456.181
38.044515 470.857
38.075629 487.569
38.117022 500.491
38.149425 508.409
38.18066 517.674
38.211854 523.334
38.243118 537.346
38.274347 532.108
38.296562 528.731
38.327752 539.826
38.369135 531.995
38.400327 519.521
38.431543 519.999
38.463984 524.46
38.495081 521.789
38.526238 523.675
38.557398 531.87
38.588553 514.923
38.620956 517.328
38.662156 517.895
38.693334 458.468
38.724519 453.496
38.755684 416.911
38.78815 374.191
38.819254 371.49
38.850499 373.372
38.881736 375.001
38.912965 376.318
38.945441 390.281
38.97663 390.715
38.997697 401.03
39.028929 408.527
39.07026 416.123
39.10253 421.246
39.133784 438.892
39.165005 431.791
39.196105 437.029
39.257922 455.442
39.290329 472.487
39.32146 488.734
39.352642 502.442
39.38388 510.834
39.415114 521.894
39.4374 552.282
39.468674 562.741
39.499949 579.941
39.531159 583.305
39.562411 596.759
39.59478 601.548
39.625835 604.739
39.657055 623.659
39.688155 620.35
39.719439 615.075
39.751922 616.069
39.783159 617.395
39.814461 614.663
39.845729 623.513
39.877008 625.022
39.909613 617.616
39.940873 616.427
39.972176 621.17
40.003477 615.784
40.034712 613.05
40.067065 608.295
40.09822 600.966
40.129311 581.58
40.160589 581.287
40.191805 579.161
40.224131 562.003
40.255343 545.412
40.286427 543.518
40.317645 543.316
40.348882 552.099
40.381201 559.423
40.412376 560.16
40.443489 563.033
40.474656 565.538
40.505873 562.698
40.538214 565.271
40.569351 578.06
40.600543 589.679
40.631745 605.737
40.673217 597.179
40.705627 585.473
40.736819 554.439
40.767961 542.421
40.799224 533.77
40.830481 522.423
40.862903 510.792
40.894136 498.088
40.925296 478.29
40.956531 465.695
40.987858 420.684
41.020275 399.381
41.051517 394.445
41.082754 382.197
41.113935 379.705
41.145114 377.591
41.177575 382.84
41.208753 390.002
41.239891 404.983
41.271043 431.062
41.342905 444.785
41.405742 469.549
41.436952 523.034
41.4681 527.664
41.499388 531.335
41.530643 544.394
41.563084 557.357
41.604578 563.416
41.635806 566.618
41.667061 580.793
41.739031 628.313
41.771464 664.569
41.843372 686.077
41.874584 799.425
42.038166 842.174
42.069432 851.896
42.101999 906.134
42.153521 904.416
42.184699 899.188
42.236261 835.435
42.267418 820.183
42.299675 804.23
42.330776 803.87
42.361876 830.656
42.454101 845.815
42.485261 796.456
42.527855 750.382
42.559004 740.43
42.610617 708.383
42.641859 691.18
42.71389 683.654
42.746328 665.937
42.777598 627.685
42.81905 615.006
42.850172 611.003
42.952818 608.023
42.985406 607.205
43.027031 606.272
43.058364 618.284
43.140777 615.446
43.172192 603.533
43.204774 596.607
43.236192 583.556
43.267448 549.795
43.298739 545.183
43.33008 543.507
43.362598 540.412
43.393918 548.488
43.445711 586.552
43.538215 589.165
43.5696 596.153
43.602088 609.683
43.664037 606.058
43.695361 605.194
43.726739 607.144
43.758068 610.99
43.790689 613.984
43.822046 625.413
43.863597 621.207
43.895027 621.53
43.916218 624.132
43.948728 630.166
43.980067 634.126
44.011437 643.484
44.073443 665.324
44.155879 641.329
44.188478 629.768
44.240285 620.092
44.271628 606.99
44.302952 604.409
44.324094 603.39
44.366777 596.482
44.408457 589.764
44.439799 583.102
44.47116 575.188
44.50248 575.997
44.535039 588.853
44.566334 589.102
44.597699 591.211
44.62906 590.286
44.660521 551.135
44.693098 536.881
44.724479 498.752
44.755818 490.184
44.78723 490.489
44.818627 487.223
44.851131 489.225
44.882442 490.418
44.913784 502.048
44.97584 540.267
45.00725 544.212
45.03986 548.206
45.071252 548.597
45.102701 554.08
45.134149 556.729
45.165554 579.969
45.218618 585.665
45.24997 588.39
45.281371 585.865
45.312848 581.831
45.334033 601.415
45.397196 615.177
45.448945 614.488
45.480362 624.254
45.521914 630.194
45.553325 627.041
45.585824 625.824
45.617089 624.826
45.648317 649.452
45.730418 655.05
45.761761 663.696
45.804358 672.846
45.83556 678.889
45.866794 664.708
45.898 662.668
45.929299 667.037
45.961729 644.458
45.993005 635.296
46.024296 639.024
46.065708 633.671
46.096984 631.079
46.129364 640.857
46.211848 672.333
46.243244 687.021
46.274569 675.889
46.305982 691.049
46.389693 692.544
46.42115 693.357
46.45254 710.165
46.524775 678.458
46.556053 667.281
46.588518 668.058
46.629873 673.345
46.660998 657.07
46.732868 659.522
46.80486 675.343
46.938986 724.796
46.970171 739.124
47.062344 691.099
47.093543 664.584
47.1249 637.511
47.157248 625.999
47.188426 613.821
47.219589 605.06
47.250681 607.359
47.281775 596.412
47.314165 570.62
47.345361 558.758
47.376534 547.802
47.407552 472.572
47.428447 427.425
47.460638 426.379
47.552831 424.582
47.583922 418.168
47.615024 418.499
47.646146 418.914
47.678339 429.39
47.709439 435.409
47.740609 440.301
47.771793 461.959
47.803047 473.828
47.835269 481.416
47.866387 490.142
47.897557 509.135
47.928693 518.14
47.95992 538.629
47.992103 590.65
48.04363 588.912
48.074829 599.192
48.116081 604.166
48.147124 618.701
48.17938 631.95
48.210453 641.498
48.241563 665.828
48.272694 706.472
48.303862 725.735
48.346353 743.255
48.377503 752.526
48.408637 767.2
48.439682 786.684
48.470831 793.239
48.503172 816.238
48.534289 844.277
48.57558 841.365
48.606704 847.414
48.658213 844.766
48.700765 832.55
48.731935 815.271
48.763088 781.343
48.865366 742.674
48.896499 745.75
48.939001 746.72
49.000743 702.387
49.031975 689.04
49.063047 675.333
49.094189 663.624
49.126386 654.114
49.157456 654.547
49.18863 654.433
49.219769 651.266
49.251008 639.863
49.293543 625.07
49.324687 583.793
49.355753 535.819
49.417454 521.785
49.458773 506.434
49.491006 479.358
49.522071 463.953
49.553089 451.848
49.584242 447.564
49.61535 433.353
49.647654 431.096
49.678775 433.468
49.720127 431.511
49.751291 428.364
49.782574 427.684
49.814991 429.513
49.846154 433.941
49.877347 436.588
49.908521 469.751
49.970219 467.657
50.002497 463.15
50.033694 466.94
50.064763 472.928
50.09589 476.478
50.127082 496.143
50.15942 507.71
50.211276 520.164
50.242589 529.047
50.273899 534.536
50.305165 542.628
50.348093 551.06
50.379397 570.494
50.41058 575.712
50.441736 588.517
50.472896 593.809
50.505157 608.974
50.536171 609.35
50.567222 598.637
50.598358 599.611
50.629456 604.212
50.661704 609.375
50.692887 638.903
50.724064 638.181
50.755154 635.301
50.786389 634.601
50.818767 637.182
50.849889 639.785
50.881034 636.194
50.912066 628.604
50.943284 628.88
50.97556 628.677
51.00676 624.664
51.038059 619.89
51.069251 617.209
51.100498 610.368
51.132956 625.329
51.215041 625.443
51.246223 627.796
51.277362 640.625
51.35943 622.685
51.391793 625.59
51.443336 626.828
51.474501 632.553
51.505633 650.631
51.577488 648.321
51.609933 663.242
51.661462 662.215
51.692618 665.555
51.723746 683.205
51.765171 682.842
51.797634 688.791
51.828812 684.997
51.86009 695.558
51.921782 708.367
52.07499 667.636
52.107509 656.236
52.138699 664.505
52.230844 658.486
52.262023 607.146
52.29324 543.526
52.325723 536.259
52.356912 528.428
52.388054 520.55
52.419221 519.028
52.450366 516.478
52.482634 504.875
52.513757 489.926
52.544887 487.386
52.575999 517.237
52.658097 509.52
52.690459 493.944
52.721705 498.005
52.752913 498.556
52.78413 496.557
52.815391 491.842
52.847788 482.823
52.87891 487.143
52.920333 483.298
52.951498 482.143
53.003155 475.838
53.066245 473.863
53.097512 476.842
53.128692 496.82
53.180324 514.423
53.221746 516.321
53.254254 528.766
53.305836 525.673
53.337081 523.663
53.378507 519.81
53.409768 511.483
53.442192 523.768
53.504098 509.982
53.535377 497.392
53.566587 498.629
53.597814 540.129
53.711673 559.078
53.742846 577.024
53.774104 583.982
53.805419 587.791
53.836736 589.49
53.86914 596.879
53.900329 596.742
53.931552 599.0
53.962716 602.169
53.983665 615.511
54.015925 619.92
54.047121 632.0
54.078241 647.87
54.109381 650.957
54.14061 665.081
54.172942 677.617
54.204111 682.088
54.235227 682.519
54.266343 699.786
54.297547 704.669
54.330036 711.055
54.361172 724.684
54.402599 726.338
54.443918 755.202
54.525979 769.651
54.558243 775.518
54.58937 788.533
54.640861 820.717
54.671945 853.247
54.733639 866.447
54.755685 914.383
54.837722 911.354
54.868905 904.522
54.900112 900.002
54.931262 893.979
55.024524 883.278
55.055754 874.117
55.086945 857.376
55.11813 853.431
55.149339 850.292
55.181766 849.537
55.212931 852.282
55.244058 863.591
55.305837 838.688
55.337061 832.436
55.369436 825.433
55.400662 792.854
55.431767 734.053
55.462889 700.32
55.483784 667.869
55.516056 632.338
55.608312 616.467
55.639368 600.25
55.670418 594.179
55.711694 584.051
55.743987 560.164
55.775168 538.17
55.806399 523.441
55.837586 524.356
55.868869 524.07
55.901197 526.462
55.932303 516.986
55.963408 524.947
56.025084 543.486
56.076729 548.745
56.109081 551.869
56.140233 557.052
56.171457 567.892
56.202704 567.049
56.23391 566.933
56.266213 554.986
56.297391 547.617
56.328606 542.36
56.359708 544.724
56.390907 544.178
56.423343 551.701
56.464725 559.89
56.495939 565.761
56.527082 575.9
56.558199 585.567
56.590492 592.913
56.621635 589.989
56.652831 579.756
56.683989 572.249
56.715227 572.847
56.747694 574.793
56.778986 575.18
56.810159 570.227
56.841268 568.05
56.88256 565.356
56.914858 563.528
56.945998 560.552
56.977162 562.473
57.008303 564.287
57.039508 572.566
57.071894 582.721
57.102984 586.866
57.13409 581.272
57.165185 569.24
57.196287 577.661
57.279484 598.448
57.310648 619.76
57.341748 627.649
57.372919 604.587
57.404165 593.627
57.436389 590.662
57.467592 593.617
57.498798 615.327
57.570704 644.7
57.601911 645.569
57.634169 658.814
57.66535 664.364
57.696606 675.492
57.727835 674.506
57.759001 709.898
57.852574 730.361
57.894014 759.446
57.965909 769.965
58.007378 779.358
58.038626 765.78
58.071033 757.943
58.112573 754.966
58.143838 751.919
58.175114 749.865
58.206408 754.416
58.23889 755.338
58.270075 755.466
58.301188 756.001
58.332342 755.106
58.363607 731.563
58.395981 740.67
58.45772 716.401
58.488998 698.872
58.520201 694.303
58.561631 681.528
58.593949 665.256
58.635322 655.592
58.676826 651.207
58.708111 657.114
58.759779 674.809
58.843075 702.184
58.935467 731.581
58.966614 825.44
59.048804 784.204
59.080115 729.795
64.909214 680.086
64.941442 599.821
64.97258 539.14
65.024157 511.443
65.055204 490.314
65.086454 451.704
65.118986 389.426
65.150186 347.806
65.18146 292.026
65.212715 283.028
65.243955 283.175
65.276317 280.699
65.307399 280.651
65.338577 281.693
65.369652 280.69
65.400751 280.557
65.433089 281.353
65.464177 283.118
65.495275 279.82
65.526391 279.333
65.557502 281.806
65.57954 279.91
65.610583 279.324
65.641644 281.615
65.672781 281.132
65.703811 280.902
65.736068 283.25
68.716027 287.307
68.747406 290.592
68.778808 289.095
68.840747 293.054
68.873242 294.435
68.904608 299.142
68.935919 300.519
68.967217 286.129
68.998564 281.368
69.031046 281.03
69.062415 284.705
69.093717 280.845
69.125115 284.856
69.156511 282.572
69.18902 280.577
69.22042 280.619
69.25177 281.144
69.283063 280.265
69.314461 280.527
69.347043 282.441
69.378323 280.542
69.409674 280.236
69.441001 281.507
69.472331 280.721
69.504782 280.328
69.535833 281.637
69.566882 280.771
69.597916 280.436
69.628961 281.081
69.661271 285.216
69.692419 280.897
69.723476 280.034
69.754595 283.615
69.785819 281.051
69.818119 281.138
69.849284 282.572
69.880427 281.135
69.911536 280.28
69.942748 279.783
69.974961 280.093
70.006012 280.456
70.037071 281.318
70.068143 280.641
70.099267 280.462
70.131651 280.616
70.162627 281.233
70.193775 280.356
70.224933 280.402
70.256038 280.16
70.288303 280.846
70.319421 279.87
70.350494 281.731
70.381641 288.665
70.412809 283.284
70.445 280.571
70.476164 285.382
70.50725 281.418
70.538354 280.192
70.569436 282.017
70.601664 280.453
70.632841 280.209
70.664034 280.619
70.695158 281.493
70.726246 280.556
70.758526 280.851
70.789701 287.455
70.830985 281.476
70.862114 281.689
70.8933 289.519
70.935867 284.49
70.967081 282.553
70.998253 283.964
71.029447 281.641
71.060671 281.874
71.093103 282.176
71.124276 280.946
71.155444 280.653
71.186609 284.037
71.217676 282.563
71.250073 281.373
71.281179 280.857
71.31234 281.621
71.343406 280.543
71.374552 280.733
71.406802 282.109
71.437917 282.931
71.468984 281.692
71.5001 284.27
71.531153 286.981
71.563358 286.951
71.594428 287.789
71.625476 290.778
71.646359 285.765
71.677494 281.909
71.709774 287.302
71.751029 281.937
71.782152 280.825
71.81322 283.667
71.844302 280.794
71.87659 281.192
71.907611 284.562
71.938647 281.768
71.969677 280.684
72.000819 281.404
72.033101 280.956
72.064133 280.153
72.095156 281.132
72.126202 281.939
72.157415 280.281
72.189756 280.628
72.220851 283.571
72.251936 298.993
72.303453 300.245
72.334435 307.956
72.376964 300.398
72.408035 300.01
72.439113 300.346
72.470197 284.712
72.501308 281.807
72.533692 282.411
72.564803 281.48
72.595931 280.689
72.627075 282.647
72.658233 280.373
72.690578 281.25
72.721829 282.613
72.753057 283.209
72.784284 281.551
72.815501 281.45
72.847847 281.879
72.878913 280.944
72.909962 280.971
72.941123 280.196
72.972239 280.272
73.004537 280.558
73.035657 281.25
73.066791 280.34
73.097938 280.06
73.129085 281.044
73.161434 280.687
73.192621 280.086
73.223809 282.505
73.254917 280.933
73.286056 280.43
73.318333 280.999
73.349519 282.508
73.380725 280.805
73.411878 280.23
73.443013 282.524
73.475347 280.838
73.506587 280.715
73.537711 280.274
73.568801 282.257
73.599922 280.61
73.63218 282.115
73.663243 286.957
73.694306 284.512
73.725461 281.453
73.756626 281.112
73.788909 280.477
73.819976 280.545
73.851046 283.251
73.882166 283.79
73.913283 287.44
73.945625 287.147
73.97678 282.7
74.00789 285.823
74.039048 284.304
74.070218 289.675
74.102627 287.843
74.13364 290.275
74.164895 289.558
74.196135 287.775
74.227325 282.463
74.259683 283.103
74.290817 281.355
74.321899 281.617
74.35303 282.161
74.3842 285.626
74.416499 281.261
74.447623 281.585
74.478648 283.619
74.509789 280.683
74.540965 280.257
74.57326 282.122
74.604295 280.439
74.635349 282.537
74.666421 287.735
74.697499 282.927
74.729792 280.58
74.760901 281.742
74.791997 282.207
74.82302 280.306
74.854124 281.765
74.886291 282.583
74.917309 280.87
74.948345 280.466
74.979363 282.306
75.010399 281.384
75.042663 281.278
75.073721 281.214
75.10487 282.052
75.135943 280.324
75.167079 280.717
75.199479 280.868
75.230628 282.19
75.261762 281.418
75.292931 282.139
75.324069 280.749
75.356296 280.117
75.387352 282.913
75.41839 281.209
75.449524 280.786
75.480651 283.983
75.512926 280.736
75.543925 282.072
75.574968 284.504
75.606042 282.733
75.637109 281.963
75.669251 281.878
75.70034 282.444
75.731374 280.495
75.762438 280.685
75.793579 282.462
75.825936 281.398
75.846877 281.365
75.877918 282.113
75.908917 281.344
75.940073 281.104
75.972281 281.096
76.003362 282.001
76.03441 282.118
76.06552 281.712
76.096668 282.612
76.12903 281.752
76.160247 280.649
76.191362 280.405
76.222518 281.604
76.253665 280.255
76.286034 281.269
76.317197 284.343
76.348283 281.226
76.379413 280.68
76.410637 281.601
76.442906 281.369
76.474001 280.966
76.505127 280.258
76.536226 284.053
76.567349 280.822
76.599637 282.047
76.630714 282.322
76.661802 281.413
76.692926 280.477
76.724186 283.806
76.756479 280.745
76.787683 280.081
76.818717 281.478
76.849873 281.678
76.880954 283.829
76.913203 285.204
76.944279 283.075
76.975355 280.958
77.006431 280.67
77.037546 284.344
77.069841 281.084
77.100918 285.348
77.13202 282.232
77.163152 279.872
77.194361 279.958
77.226696 281.668
77.257853 280.363
77.288965 281.465
77.320106 281.463
77.351216 281.328
77.383431 280.645
77.41448 282.826
77.445509 281.097
77.476649 280.573
77.507715 281.755
77.539933 285.158
77.571051 281.457
77.602072 281.968
77.63316 284.066
77.664213 282.59
77.696501 281.374
77.727569 282.505
77.758618 286.959
77.789784 284.501
77.820947 281.737
77.853205 283.088
77.884294 280.56
77.915392 281.077
77.946544 282.471
77.977622 280.401
78.009833 280.879
78.030697 281.009
78.061736 281.041
78.092836 280.32
78.123987 280.216
78.156226 281.883
78.187413 280.793
78.218444 280.666
78.249559 281.381
78.280723 280.636
78.312964 280.234
78.344146 283.245
78.375268 286.132
78.406358 291.835
78.437442 288.169
78.469723 300.367
78.561931 312.568
78.592983 314.719
78.624077 299.283
78.655203 298.619
78.687392 299.466
78.718565 287.669
78.749632 286.155
78.780785 284.762
78.842412 283.823
78.874699 285.987
78.90575 285.747
78.936821 284.998
78.967918 286.062
78.999058 284.757
79.031289 284.545
79.062315 286.441
79.093343 288.352
79.114183 283.592
79.145308 283.653
79.177583 284.469
79.208741 282.595
79.239787 281.555
79.270884 282.752
79.302056 281.612
79.334325 280.529
79.365332 281.47
79.396361 283.059
79.42746 283.181
79.458544 282.437
79.490699 285.748
79.52178 282.418
79.552846 281.152
79.583997 290.318
79.63554 284.884
79.667801 284.645
79.698875 285.458
79.729978 285.702
79.761095 288.181
79.792244 286.326
79.824527 291.284
79.855628 283.555
79.886683 286.518
79.948472 285.646
79.979603 282.0
80.011883 285.907
80.042926 282.726
80.073973 281.616
80.105052 290.242
81.087912 286.743
81.120222 286.23
81.151321 298.914
81.192758 283.454
81.223833 282.998
81.254966 287.601
81.287179 284.476
81.318226 293.023
81.349214 286.498
81.380266 281.699
81.411449 281.404
81.443803 280.701
81.474969 280.858
81.506136 282.92
81.537352 288.84
81.578743 281.852
81.611119 282.69
81.642202 288.691
81.673324 283.482
81.704511 280.981
81.735693 283.259
81.768048 281.059
81.799261 280.83
81.830432 281.169
81.861472 280.768
81.892658 280.428
81.925015 280.289
81.956219 282.423
84.036274 284.196
84.067405 283.719
84.098618 284.925
84.130867 284.291
84.161936 283.551
84.193016 283.987
84.224098 288.48
84.255156 284.747
84.28729 283.169
84.318315 285.483
84.349293 283.484
84.380379 283.404
84.411419 284.043
84.443554 282.961
84.474529 282.819
84.50551 282.615
84.536586 287.101
84.56762 285.36
84.599779 288.242
84.630886 287.597
84.661928 286.673
84.692953 295.628
84.723907 292.458
84.756103 288.985
84.787325 285.994
84.818416 287.726
84.849509 287.557
84.880764 288.932
84.913063 292.269
84.944232 293.584
84.975361 291.3
85.006481 295.078
85.047765 287.538
85.079932 284.339
85.110995 284.759
85.142058 283.553
85.173263 284.926
85.204654 290.672
85.236953 291.218
85.257858 292.425
85.289011 288.707
85.320044 288.002
85.351114 284.318
85.383312 282.93
85.4143 283.784
85.445387 283.058
85.476579 283.221
85.507725 282.122
85.540016 282.865
85.571032 282.627
85.602065 282.683
85.633071 284.755
85.664124 283.477
85.696334 283.689
85.727358 284.982
85.758455 283.462
85.789616 283.006
85.820771 282.962
85.853051 285.623
85.884103 285.06
85.915244 288.452
85.946393 285.865
85.977407 284.043
86.009616 282.316
86.040705 284.148
86.071784 283.954
86.102838 283.393
86.133914 285.633
86.166102 284.711
86.197209 287.676
86.218203 286.994
86.249202 285.975
86.280289 285.759
86.312422 290.788
86.343451 290.719
86.374523 284.399
86.405602 283.161
86.436682 283.392
86.468915 283.037
86.499913 282.609
86.530965 282.2
86.551821 286.219
86.582942 284.552
86.615091 283.457
86.646197 283.165
86.677368 282.655
86.708383 282.892
86.739433 282.64
86.771679 283.545
86.802755 282.994
86.833762 282.437
86.864803 283.403
86.895862 282.557
86.927963 282.03
86.958995 285.152
86.989976 283.777
87.020978 282.613
87.052009 284.099
87.084203 283.819
87.11518 282.895
87.146134 283.694
87.177275 284.192
87.198211 282.832
87.230531 281.76
87.261565 284.322
87.292598 285.057
87.323741 282.806
87.354799 282.321
87.386958 283.886
87.418001 283.62
87.44909 283.075
87.480155 287.326
87.511285 284.677
87.543508 282.477
87.574596 282.649
87.605801 286.265
87.636999 285.578
87.668064 285.709
87.700312 283.627
87.731343 283.939
87.762428 284.143
87.793578 285.8
87.824815 284.476
87.857087 282.939
87.888112 285.42
87.919206 283.606
87.950256 283.21
87.981292 283.184
88.013523 286.364
88.044495 283.426
88.075487 282.073
88.106518 284.472
88.13754 282.531
88.169794 283.083
88.200926 283.898
88.232111 282.694
88.263178 282.838
88.294271 284.137
88.326626 282.988
88.357626 282.917
88.388695 285.873
88.419663 284.335
88.450646 283.423
88.482977 282.594
88.514053 287.379
88.545075 285.079
88.576155 283.345
88.607179 285.026
88.639371 282.529
88.670473 281.695
88.701487 283.536
88.732572 282.78
88.763765 282.73
88.79597 283.547
88.826933 283.19
88.857898 282.76
88.888986 283.536
88.920061 286.876
88.95219 282.974
88.983163 282.084
89.014212 285.83
89.045216 283.128
89.076311 283.488
89.108478 284.92
89.139699 283.021
89.17079 283.275
89.201865 283.836
89.233053 283.673
89.265251 282.815
89.286108 281.808
89.317147 283.881
89.348308 282.444
89.379392 281.494
89.411613 284.02
89.442737 283.245
89.47372 283.294
89.504754 281.903
89.535847 286.552
89.56798 284.652
89.599013 292.166
89.640184 288.379
89.671238 285.873
89.702288 283.925
89.734499 283.906
89.765549 282.585
89.796695 282.95
89.82773 282.055
89.858829 284.408
89.891102 282.9
89.922099 282.844
89.95315 287.016
89.984209 283.607
90.015226 283.887
90.047428 287.29
90.078455 284.997
90.109574 284.834
90.141026 286.791
90.172147 282.909
90.204375 282.954
90.235386 283.336
90.266392 282.98
90.297578 283.378
90.328693 282.849
90.360915 285.822
90.392025 282.915
90.422996 283.26
90.454075 283.191
90.485088 282.742
90.517246 282.181
90.548353 282.938
90.579335 282.335
90.610337 282.761
90.641365 283.251
90.673533 282.42
90.704627 282.11
90.735716 284.051
90.766855 282.988
90.798019 282.462
90.83019 282.5
90.861357 285.657
90.892596 289.391
90.923801 292.211
90.955009 290.429
90.98735 286.597
91.018617 284.885
91.049982 285.773
91.081171 293.106
91.112414 283.733
91.144714 285.015
91.175857 283.602
91.207067 282.594
91.238237 282.853
91.26941 285.379
91.301851 283.292
91.333111 283.079
91.364324 283.984
91.395513 284.124
91.42668 283.603
91.459059 283.48
91.490198 287.606
91.521295 283.226
91.552357 282.498
91.583462 289.238
91.615616 284.293
91.646663 282.305
91.67778 283.603
91.708864 282.708
91.72981 282.268
91.762098 282.687
91.793336 282.738
91.824465 282.688
91.855648 282.523
91.886782 286.806
91.919164 288.378
91.950345 291.693
91.981542 293.887
92.012735 285.029
92.043831 282.506
92.076086 282.532
92.107182 286.756
92.138197 283.37
92.169301 282.135
92.200511 290.952
92.243204 284.428
92.274359 283.35
92.305549 286.612
92.336611 282.422
92.367703 282.814
92.400013 286.436
92.431019 283.259
92.462064 282.443
92.493178 282.868
92.524423 282.396
92.556797 282.747
92.587865 285.34
92.619 283.853
92.650083 283.147
92.681188 282.88
92.713441 287.385
92.744605 283.383
92.775709 283.787
92.806853 286.376
92.837921 284.004
92.870121 281.981
92.90116 284.335
92.932366 282.34
92.963593 281.477
92.994722 280.933
93.027059 283.141
93.058095 282.495
93.089077 283.775
93.120095 283.375
93.151224 283.684
93.183446 283.839
93.214473 288.49
93.245723 284.504
93.276888 282.172
93.307957 282.998
93.340177 284.158
93.37122 283.477
93.402331 282.793
93.433369 286.546
93.464488 284.043
93.496783 283.444
93.527865 284.271
93.558942 282.539
93.590028 282.649
93.621155 283.694
93.653332 283.486
93.684407 282.365
93.715433 284.074
93.746423 282.354
93.777439 282.498
93.809657 282.46
93.840772 283.004
93.871842 282.047
93.902986 282.011
93.934043 283.391
93.966328 282.672
93.997361 282.002
94.028546 291.98
94.069738 283.583
94.100884 281.564
94.133012 284.005
94.164137 282.055
94.195235 282.287
94.226367 284.408
94.257613 282.719
94.289826 282.272
94.32099 282.206
94.351974 282.833
94.383007 282.309
94.403974 282.409
94.436153 283.165
94.467205 282.2
94.498253 282.54
94.529228 284.876
94.560228 283.507
94.59236 282.563
94.623447 282.333
94.654529 284.705
94.685548 282.221
94.716669 283.113
94.748843 283.579
94.77986 282.32
94.810962 281.171
94.842 283.281
94.873027 282.846
94.90525 284.72
94.93625 285.972
94.967278 285.634
94.998308 282.846
95.029338 283.527
95.051235 286.105
95.08224 283.058
95.113227 283.284
95.144191 285.989
95.175243 284.228
95.207624 281.702
95.238694 281.319
95.269932 282.816
95.301071 282.046
95.332131 280.821
95.36434 282.781
95.395354 281.828
95.426308 281.763
95.457327 284.322
95.488362 281.947
95.520492 281.877
95.551485 283.16
95.582499 281.993
95.613513 281.678
95.644555 281.0
95.676684 282.11
95.707832 281.841
95.73893 282.537
95.769948 283.474
95.801058 283.001
95.833226 282.69
95.864257 282.557
95.895269 283.706
95.926274 282.097
95.957289 282.206
95.989415 282.16
96.020422 282.771
96.051429 282.122
96.082437 282.297
96.113473 281.692
96.145549 281.804
96.176626 284.119
96.207647 282.948
96.238738 282.45
96.269836 283.667
96.302044 282.358
96.33307 282.228
96.364092 281.901
96.395157 282.429
96.426196 281.75
96.458276 282.176
96.489326 284.996
96.520469 282.534
96.551472 282.823
96.582514 283.889
96.614612 289.076
96.6457 284.148
96.666729 283.344
96.697755 285.323
96.728872 282.684
96.760918 284.545
96.792069 295.772
96.823162 291.645
96.854236 285.694
96.885368 284.928
96.91754 282.656
96.948613 282.128
96.979636 283.936
97.010713 282.911
97.041738 282.73
97.073731 282.81
97.104819 284.789
97.125653 284.393
97.156676 283.164
97.187755 286.638
97.219732 290.056
97.250784 285.013
97.281846 283.507
97.312825 284.987
97.343863 282.777
97.376078 281.434
97.407026 282.577
97.438043 282.743
97.469076 281.357
97.500055 286.756
97.532037 285.785
97.563036 282.886
97.593996 283.569
97.625027 283.163
97.65606 283.326
97.68823 282.188
97.719238 283.074
97.750217 283.804
97.7813 287.374
97.812495 285.653
97.83455 282.55
97.865527 282.414
97.896585 283.616
97.927588 289.865
97.958603 286.277
97.990712 281.816
98.021749 283.244
98.05279 281.999
98.083824 280.627
98.114877 282.129
98.146821 281.918
98.177892 282.111
98.208947 283.047
98.240012 282.232
98.271103 281.687
98.303252 282.529
98.334305 283.277
98.365291 281.795
98.39635 281.53
98.427363 284.214
98.459477 282.12
98.49052 281.528
98.521502 283.177
98.552552 282.815
98.583598 282.381
98.615745 281.88
98.646788 282.1
98.678005 282.024
98.709051 281.117
98.740092 283.479
98.772284 282.025
98.793105 281.555
98.824059 282.225
98.855014 282.17
98.8861 281.731
98.918386 281.685
98.949518 282.358
98.98061 281.685
99.01175 281.332
99.042861 282.012
99.075003 282.723
99.106013 281.005
99.13704 281.131
99.168046 283.391
99.199112 281.105
99.231191 281.563
99.262247 282.517
99.293359 281.521
99.324441 280.621
99.355498 282.191
99.387706 282.123
99.418676 281.827
99.449693 282.042
99.480748 281.783
99.51183 281.834
99.543809 282.551
99.57485 281.699
99.605846 281.527
99.63696 281.567
99.668037 286.312
99.700025 282.929
99.730972 281.332
99.761984 284.672
99.793039 282.002
99.813905 280.887
99.846008 282.393
99.877035 282.003
99.908022 281.269
99.939085 281.22
99.970185 281.853
100.002343 281.714
