1.3e-05 0.031763
0.032472 0.02541
0.358754 0.0295
0.389942 0.033242
0.421077 0.036549
0.452213 0.039508
0.484601 0.042119
0.515757 0.044468
0.55704 0.059001
0.628964 0.067442
0.660069 0.078668
0.692292 0.084064
0.72343 0.088067
0.754722 0.092331
0.785957 0.096943
0.817167 0.101294
0.849453 0.112868
0.880622 0.114957
0.911757 0.118525
0.942884 0.155857
0.974031 0.159773
1.00634 0.163863
1.037449 0.174306
1.068493 0.186837
1.099583 0.195801
1.130671 0.20372
1.162906 0.201979
1.193998 0.206853
1.225051 0.203981
1.256153 0.210595
1.287377 0.212074
1.31971 0.211204
1.350866 0.214076
1.382128 0.214685
1.413343 0.196845
1.44452 0.224518
1.47685 0.232089
1.509025 0.227999
1.540171 0.231828
1.571322 0.230436
1.602407 0.230262
1.633507 0.232176
1.665704 0.25193
1.696828 0.277254
1.727893 0.310584
1.759084 0.341738
1.790317 0.374197
1.822641 0.407005
1.853806 0.428239
1.884929 0.467834
1.916079 0.529185
1.94719 0.562863
1.979606 0.587142
2.000617 0.62082
2.031852 0.653367
2.063122 0.694876
2.094279 0.732122
2.12668 0.770238
2.157807 0.806527
2.188958 0.864397
2.22018 0.922615
2.251388 0.977787
2.283755 1.060024
2.314997 1.13878
2.346154 1.206048
2.377322 1.29455
2.408582 1.377222
2.440895 1.468944
2.472105 1.559796
2.503287 1.661961
2.534487 1.77918
2.565612 1.88822
2.597904 2.034592
2.629071 2.187317
2.660224 2.295138
2.691408 2.483195
2.722648 2.622083
2.75503 2.791342
2.786269 2.968956
2.817461 3.148745
2.848682 3.347331
2.87993 3.509715
2.912313 3.476908
2.943516 4.03046
2.97475 4.332429
3.005986 4.46218
3.037213 4.726816
3.069692 4.256023
3.101021 4.515351
3.132294 4.756752
3.163598 4.717504
3.194869 4.914089
3.227436 4.071447
3.28921 4.899121
3.320443 4.977442
3.351601 5.010423
3.382872 5.39811
3.415261 5.482696
3.446487 5.402722
3.477692 5.524815
3.508885 5.869251
3.540024 6.558994
3.572351 6.449171
3.603464 6.732256
3.634553 6.942416
3.665704 7.099318
3.696825 7.230548
3.728998 7.359516
3.760086 7.522423
3.791327 7.595435
3.822468 5.882478
3.853621 5.654218
3.88596 5.657002
3.9171 5.5618
3.948212 5.698686
3.979397 6.013535
4.010611 6.660549
4.042852 6.748268
4.073913 7.190779
4.104997 7.310957
4.13613 7.082523
4.167313 6.867837
4.199531 7.271101
4.230643 7.519029
4.261742 7.712481
4.29286 8.286657
4.324012 9.134607
4.346139 6.087156
4.378331 6.195064
4.41065 6.239185
4.442904 6.672558
4.474096 7.126295
4.505303 7.150226
4.536456 7.286156
4.567557 7.133692
4.599899 6.89116
4.631024 8.686788
4.662106 8.716114
4.693226 9.030528
4.72444 9.593478
4.756803 9.448672
4.789335 9.695643
4.821588 9.71122
4.853897 9.632551
4.88634 9.647345
4.918801 9.054285
4.971529 9.030876
5.002754 8.866142
5.033834 8.830723
5.064988 8.298318
5.09625 8.484634
5.128701 8.078672
5.159976 7.881131
5.191202 8.096077
5.222565 8.520052
5.253944 8.359147
5.286309 8.558603
5.318663 8.846561
5.351064 8.590801
5.383449 8.096425
5.415788 8.472799
5.448181 8.85596
5.480509 7.331582
5.553628 7.853544
5.584747 7.761561
5.615904 6.829982
5.646975 6.591801
5.678068 6.818844
5.710335 6.783773
5.741398 6.419061
5.813329 6.697882
5.854709 6.951292
5.885864 6.178269
5.918128 6.439772
5.950226 7.727884
5.982469 7.793847
6.014659 7.752163
6.046805 5.427001
6.089177 5.632462
6.121323 5.802417
6.153359 5.427436
6.185495 6.937456
6.21767 7.696294
6.249901 7.75399
6.282108 7.600917
6.3142 7.69525
6.346392 8.020106
6.37857 7.815254
6.410803 8.02115
6.443049 9.79511
6.475498 8.291965
6.51798 8.571134
6.550181 8.791998
6.582344 8.3836
6.624812 8.193542
6.65715 8.447649
6.689296 8.241579
6.721592 8.029417
6.753865 8.239403
6.786254 8.021237
6.81869 7.962845
6.851005 7.731451
6.883396 7.358646
6.915646 7.194782
6.948032 7.102103
6.980356 7.305214
7.012727 7.614841
7.045071 7.577334
7.077271 7.474734
7.109556 6.609206
7.141877 6.651499
7.17428 6.947985
7.206636 7.457591
7.239103 7.926644
7.271637 7.809946
7.30393 7.640426
7.33634 6.655502
7.368779 6.772025
7.401203 6.775854
7.43251 7.59587
7.463768 8.243494
7.494969 6.250846
7.526119 6.422194
7.558546 6.504778
7.589781 6.481282
7.620959 7.95014
7.652175 8.483676
7.683432 8.677389
7.715886 8.275866
7.748294 7.909587
7.780788 8.349487
7.813327 8.390127
7.866087 8.984754
7.898413 9.120857
7.930786 8.97492
7.963221 8.779293
7.995563 9.096404
8.027952 8.859789
8.060245 9.421434
8.092545 9.610012
8.1249 9.343113
8.157346 9.254959
8.189717 6.207247
8.232284 7.153968
8.264552 8.000526
8.296881 7.719007
8.329155 7.6587
8.361443 6.788821
8.393802 7.323576
8.426123 7.432702
8.458403 6.997936
8.501041 7.458287
8.533293 7.043623
8.565549 6.704844
8.59794 7.354643
8.630081 7.16502
8.662281 6.85052
8.69439 7.254567
8.726737 7.671841
8.759009 7.743113
8.791388 7.55671
8.823805 6.744004
8.854927 6.792998
8.88603 8.353055
8.917139 8.84778
8.948261 6.503038
9.000911 6.675256
9.031975 6.658461
9.063125 6.95077
9.094229 8.457744
9.125349 8.797829
9.157662 9.079695
9.189852 9.09945
9.222069 8.956732
9.25422 8.804007
9.29668 8.887375
9.328944 9.320749
9.361158 9.533432
9.39342 9.471211
9.425641 9.003812
9.458006 9.740546
9.490487 10.035728
9.522897 8.874583
9.6062 9.038621
9.637392 9.241123
9.6686 9.442319
9.699852 9.617931
9.731106 9.708435
9.763515 9.407597
9.795965 8.287614
9.828559 8.677302
9.861206 8.942025
9.893656 11.080436
9.926129 8.801484
9.978837 9.029918
10.011189 8.919486
10.043531 9.256352
10.075836 9.427264
10.108237 9.683198
10.140667 9.318486
10.173051 9.390889
10.205626 9.486962
10.238112 8.853001
10.290933 8.393608
10.323376 8.436858
10.355638 8.150379
10.387957 7.43131
10.420152 7.661398
10.45228 7.11446
10.484537 7.217234
10.516762 7.150661
10.548945 7.47369
10.581255 7.601788
10.613402 7.747638
10.645678 8.048737
10.677892 8.45696
10.710015 8.531887
10.742362 8.8396
10.774676 8.612122
10.806802 6.371982
10.849474 6.505823
10.881814 6.50852
10.914072 6.44891
10.946431 6.418713
10.978798 6.345266
11.011084 6.313937
11.07399 6.50591
11.106332 6.566652
11.138727 6.333431
11.171155 6.418452
11.203457 6.17357
11.235669 6.457612
11.267969 6.930146
11.300223 7.553055
11.332529 7.661311
11.364572 5.949834
11.396913 6.0815
11.429229 6.115612
11.461549 5.735497
11.493894 5.750552
11.526279 5.775963
11.558765 5.570241
11.591138 5.350856
11.623548 5.377833
11.656001 8.114265
11.698608 8.287266
11.73095 7.4354
11.76332 7.665923
11.795704 7.509891
11.828266 6.547071
11.860704 6.087852
11.903215 6.481195
11.935603 6.302276
11.96791 6.099687
12.000298 6.197762
12.032823 6.194716
12.06523 6.07358
12.097649 5.920246
12.129976 5.20431
12.162337 5.135301
12.193669 5.105104
12.224976 4.713066
12.307148 4.959776
12.338364 5.067945
12.380883 5.195347
12.412078 5.244079
12.443277 5.333278
12.474456 5.325185
12.505675 5.442752
12.538078 5.55214
12.569319 5.260962
12.600601 5.296293
12.631876 5.278279
12.663066 4.845254
12.695429 3.667836
12.726726 4.152553
12.757992 4.924793
12.789211 4.888939
12.820493 4.910869
12.852873 5.045928
12.885293 5.083348
12.917665 4.368978
12.950125 5.593389
12.982464 6.774549
13.014974 7.090355
13.047336 6.989147
13.079717 7.249954
13.112047 7.323228
13.164751 8.872233
13.197162 9.077607
13.229585 9.016952
13.272143 9.343113
13.304522 9.560931
13.336877 9.484961
13.369179 9.08483
13.401685 9.377139
13.43416 9.605661
13.466567 8.925839
13.49897 8.352098
13.531361 7.511284
13.563732 7.915592
13.596115 8.29562
13.659044 9.361388
13.691317 8.991367
13.72374 7.960408
13.755877 8.05857
13.788209 8.228961
13.820319 7.61136
13.893356 8.471058
13.925385 8.597241
13.957551 7.440708
13.999738 7.117506
14.032049 6.529232
14.064032 6.392084
14.09619 6.369458
14.12828 6.852957
14.160237 6.997936
14.192574 7.170329
14.224906 7.845364
14.257327 7.519203
14.289809 7.257961
14.322257 7.701342
14.354497 8.604812
14.386824 8.911306
14.419077 5.71261
14.461618 5.682326
14.493931 5.679976
14.526237 5.749508
14.558505 6.952075
14.590907 6.902385
14.623264 6.722422
14.655473 6.818931
14.677611 6.926578
14.709958 8.760496
14.742206 8.979706
14.774587 9.189431
14.806996 9.430136
14.839354 9.719487
14.871927 10.10726
14.904381 10.343005
14.936777 10.479892
14.969243 8.420933
15.001679 8.496382
15.034375 8.548334
15.077003 10.044517
15.109435 9.432573
15.142014 9.603399
15.174327 9.07195
15.206789 8.529886
15.239198 8.33304
15.271402 8.517615
15.303464 8.385254
15.335453 9.544397
15.367488 10.073235
15.399645 7.352728
15.431717 7.390583
15.463727 7.326186
15.495857 7.474473
15.527867 8.24828
15.559986 7.909761
15.592036 7.926644
15.613888 7.498143
15.646296 7.578814
15.678342 7.747029
15.710488 7.248127
15.742421 8.168654
15.77476 9.058288
15.806919 9.264532
15.839253 9.633421
15.871426 6.546114
15.934279 6.678737
15.9663 7.381881
15.998511 7.671841
16.030571 7.835618
16.062583 7.835183
16.094529 7.638424
16.12667 7.614145
16.158802 7.739806
16.190943 7.298165
16.22312 7.700732
16.255326 9.200135
16.287522 10.038425
16.319641 8.265336
16.351703 8.489333
16.384135 8.661551
16.416584 8.860659
16.449009 9.038708
16.481328 9.269927
16.513828 9.472081
16.546334 7.719703
16.578283 7.774441
16.610539 7.977813
16.632698 8.105127
16.664912 9.457461
16.697103 9.781273
16.72948 9.618802
16.761757 8.749444
16.79433 8.926796
16.826767 8.898079
16.85933 8.652762
16.891844 9.494707
16.924065 9.713482
16.946201 9.991085
16.978458 8.08372
17.010876 8.204159
17.04346 8.904519
17.075932 9.506368
17.108281 9.579728
17.140724 9.571983
17.173238 9.860812
17.205627 7.805595
17.237998 7.948747
17.270375 8.322423
17.302711 9.697818
17.3351 9.328755
17.367473 9.260355
17.399996 9.310915
17.432209 8.871363
17.464612 7.96972
17.497075 8.11644
17.52958 8.985711
17.562026 9.128863
17.594477 8.958473
17.626883 8.566348
17.659186 8.487418
17.691636 7.948747
17.72397 7.354643
17.756318 6.515134
17.809049 6.677519
17.841514 6.737999
17.874175 6.192715
17.90681 6.514351
17.939275 6.567261
17.971752 6.241447
18.004215 6.052347
18.036608 5.892834
18.089527 5.789364
18.122021 6.070535
18.154419 6.274777
18.185763 6.28696
18.217224 6.746702
18.248445 6.866097
18.279881 6.660288
18.312576 6.495032
18.343645 5.681543
18.374874 5.723662
18.416322 5.8079
18.447525 5.770654
18.479956 6.631919
18.511176 5.720877
18.542538 5.931994
18.573928 5.941741
18.605191 6.14668
18.637648 7.322618
18.66999 7.480304
18.702412 7.626241
18.73482 7.762867
18.767132 6.749486
18.799396 7.303647
18.831498 8.513438
18.86395 8.995196
18.89616 8.671385
18.928422 8.801048
18.96077 8.924099
18.992969 8.22226
19.025193 8.181272
19.057207 8.030636
19.089381 7.843015
19.121395 8.436858
19.153591 9.011905
19.185767 8.7484
19.217879 8.202071
19.249845 7.698644
19.281914 7.98286
19.314017 8.827677
19.346111 9.617844
19.378298 9.729756
19.410519 6.773853
19.473247 6.874799
19.505368 6.891769
19.53759 7.72449
19.569635 6.840251
19.693613 7.370481
19.72484 6.657416
19.755947 6.305757
19.787176 6.405659
19.818382 6.335693
19.850821 6.54185
19.882057 6.260854
19.913269 6.396174
19.944504 6.996022
19.975773 6.756013
20.008075 6.436117
20.039292 6.365107
20.070524 5.50889
20.101812 4.740566
20.204556 4.838901
20.237002 5.000677
20.268155 5.28994
20.29934 4.79304
20.391668 4.101035
20.534815 4.210684
20.567135 3.938825
20.628898 4.189276
20.66002 3.840837
20.711587 3.865377
20.742797 4.035768
20.775214 4.139151
20.806419 4.085806
20.82737 3.940217
20.858522 3.803156
20.90001 3.779312
20.932324 3.73493
20.963397 3.790451
20.994413 3.733973
21.04584 3.672796
21.066771 3.756338
21.098881 3.946918
21.129989 3.662875
21.19166 2.823541
21.446524 2.849735
21.477721 2.805701
21.509961 2.853128
21.541189 2.97235
21.56208 3.026478
21.593108 3.084174
21.624281 2.613207
21.717759 2.651149
21.748834 2.776026
21.78005 2.636529
21.831634 2.728077
21.86281 2.807615
21.895226 2.673774
21.977363 2.71189
22.008449 2.672121
22.03959 2.362146
22.192883 2.400349
22.225383 2.345873
22.25659 2.242054
22.328564 2.205331
22.36991 2.099772
22.390847 2.371631
22.423256 2.498424
22.454531 2.326902
22.567004 2.329512
22.598235 2.22787
22.649853 2.175656
22.692472 2.191755
22.723669 2.150071
22.744695 2.09281
22.786049 2.227957
22.817277 0.083889
23.104094 0.220254
23.135298 0.335907
23.166458 0.43842
23.197686 0.509605
23.228781 0.583226
23.26106 0.640487
23.2922 0.695137
23.323353 0.743696
23.354504 0.778244
23.385654 1.584162
23.418072 1.996824
23.449113 2.590059
23.480162 3.204613
23.511307 3.802199
23.542345 4.553815
23.574658 4.833332
23.605733 4.742393
23.636846 5.434311
23.66805 5.842187
23.699388 5.868816
23.731835 5.654305
23.773539 6.015884
23.804949 6.23727
23.836282 5.106148
23.908621 5.198653
23.941244 5.070991
23.972563 4.71324
24.003933 4.950116
24.03509 5.290027
24.066247 5.849236
24.098588 5.53987
24.129692 5.505931
24.150551 4.833854
24.212206 4.822715
24.243352 4.793823
24.275642 4.671295
24.306797 4.621953
24.337882 4.586535
24.369095 4.858916
24.400188 4.829851
24.432381 4.905822
24.463379 5.05846
24.494436 5.887178
24.525562 6.225087
24.556671 6.499992
24.58897 6.663682
24.620107 6.666206
24.651358 7.162497
24.682551 7.26762
24.71379 7.134562
24.746244 7.206617
24.777419 7.324533
24.808635 7.096968
24.839781 6.995413
24.871009 7.228199
24.903404 7.118985
24.934509 6.570219
24.965672 6.933017
24.996889 7.235422
25.028141 6.606856
25.060553 6.955643
25.091692 7.171547
25.122872 6.723467
25.154055 6.588407
25.185297 6.742873
25.217711 6.489549
25.24899 6.708847
25.280112 6.721726
25.311332 6.746789
25.342534 6.727905
25.37488 6.615645
25.4061 6.908042
25.437283 6.856873
25.46853 7.197567
25.499711 7.167892
25.532087 6.651238
25.563263 6.854784
25.594425 7.137434
25.625598 7.161365
25.656783 6.469186
25.689132 6.902124
25.720389 6.895859
25.75162 6.672732
25.78281 6.90665
25.814057 7.108194
25.846395 6.841818
25.877579 6.695271
25.90885 6.886547
25.940087 6.665161
25.971335 6.551074
26.003744 6.503299
26.034975 6.531929
26.06624 6.606421
26.097505 6.572134
26.128797 6.684393
26.161238 7.063378
26.192484 6.913263
26.223675 7.129428
26.25491 7.064248
26.286128 7.324098
26.318422 7.036749
26.349553 6.855915
26.380745 6.937543
26.411935 6.944853
26.443138 6.858961
26.475509 7.032223
26.506701 7.105497
26.53788 7.127165
26.558915 6.958428
26.590133 6.623913
26.622516 7.056503
26.653762 7.099405
26.684977 6.98088
26.716061 7.003419
26.747236 6.937717
26.779626 6.773766
26.810796 6.895511
26.831715 6.899514
26.862858 6.574658
26.894044 6.478672
26.926476 6.557949
26.957648 6.578052
26.988759 6.665422
27.019883 6.844167
27.050994 6.860005
27.083315 6.85957
27.114364 6.869056
27.145385 7.102364
27.176493 7.291638
27.207624 7.357341
27.239974 7.349421
27.271191 7.125599
27.30239 7.239077
27.333589 7.301646
27.364804 7.198437
27.397288 7.285199
27.4183 7.34507
27.44949 7.285286
27.480767 7.334976
27.512009 7.436792
27.544359 7.338196
27.575473 7.253174
27.606655 7.24891
27.63784 7.266924
27.669015 7.168501
27.701515 7.166935
27.732851 7.335585
27.764201 7.197132
27.795542 7.331495
27.826749 7.496577
27.859077 7.228199
27.890252 7.072515
27.921443 7.228286
27.952629 7.278411
27.98394 6.852695
28.016365 6.548899
28.047635 7.061202
28.0789 7.133083
28.110102 6.533148
28.141293 7.135084
28.173742 7.266054
28.205007 7.15101
28.236286 7.23986
28.26757 7.234203
28.298901 6.678824
28.331342 6.530972
28.362552 6.638706
28.383532 6.483458
28.414593 6.520704
28.445724 6.598676
28.478132 6.629743
28.509263 6.186971
28.54033 6.452391
28.571519 7.057112
28.602713 7.114808
28.635022 7.206704
28.666143 7.379357
28.697313 6.93293
28.728486 6.969132
28.759717 7.027263
28.792097 6.978965
28.823189 6.791344
28.854339 6.610946
28.885511 6.579879
28.916779 6.625131
28.949098 6.543503
28.980226 6.453435
29.011335 6.996631
29.042435 6.82946
29.07368 6.983404
29.106065 7.073385
29.13723 7.344461
29.168322 7.357254
29.199419 7.16824
29.230553 7.04371
29.262805 7.01508
29.293901 7.17964
29.324945 6.861311
29.356017 6.71607
29.387136 6.922401
29.419462 6.95895
29.450508 6.913176
29.481588 6.984622
29.512688 7.082262
29.543773 7.025784
29.576069 7.130385
29.607146 7.158493
29.638209 6.651064
29.679587 6.44804
29.71073 6.167826
29.743077 5.474168
29.774202 5.230417
29.805397 5.117635
29.836539 4.894335
29.867658 4.705756
29.910141 4.640402
29.941409 4.601938
29.972753 4.30432
30.004036 4.164562
30.045441 4.146983
30.077889 3.614404
30.149745 3.674188
30.181078 3.513892
30.253077 3.520245
30.2843 3.706126
30.316716 4.108867
30.347911 3.711434
30.38928 3.763039
30.420498 3.701078
30.45172 3.738846
30.484093 3.546178
30.515287 2.905342
30.719388 3.276581
30.750578 3.546265
30.781824 3.594214
30.814187 3.5581
30.84542 3.34559
30.876711 3.285109
30.907938 3.031699
30.9494 3.006811
30.981942 3.02143
31.013252 3.06938
31.044573 2.853825
31.075827 2.926924
31.107079 2.828588
31.149591 2.815186
31.180759 2.88437
31.211902 2.864528
31.243063 2.667248
31.27432 2.589101
31.327017 2.664289
31.358225 2.448734
31.389435 2.33456
31.420618 2.297749
31.451804 2.243447
31.484148 2.192103
31.525516 2.244056
31.556658 2.245448
31.587828 2.334734
31.618963 2.308279
31.651322 2.502688
31.682557 2.494159
31.713782 2.482063
31.745012 2.429153
31.776228 2.365627
31.808552 2.323508
31.849855 2.398173
31.881144 2.331601
31.942892 2.435158
31.984304 2.448472
32.016663 2.501121
32.047835 2.650539
32.07905 2.722072
32.171246 2.764104
32.202512 2.668901
32.234843 2.61721
32.255812 2.633483
32.297173 2.563081
32.328367 2.61077
32.359452 2.60581
32.391792 2.594497
32.422928 2.566214
32.454072 2.620604
32.515731 2.580312
32.546905 2.480671
32.579283 2.397999
32.610423 2.402611
32.641507 2.522964
32.672639 2.842338
32.703858 2.877147
32.72603 2.865225
32.757197 2.859829
32.788457 2.832852
32.829806 2.893681
32.861045 2.915437
32.893535 2.91065
32.934904 2.953466
32.96605 3.066508
32.997258 3.124901
33.02844 3.15092
33.060637 3.3415
33.122248 3.364126
33.153395 3.522334
33.184648 3.577941
33.236201 3.608225
33.268642 3.409465
33.299838 3.015339
33.341367 3.160319
33.372567 3.321746
33.403826 3.213577
33.436316 3.193823
33.467562 3.278931
33.498752 3.243861
33.540149 3.42687
33.571316 3.45637
33.603639 3.380051
33.634854 3.233331
33.686421 3.176766
33.71763 3.186426
33.748843 3.317656
33.78125 2.997238
33.843055 3.01795
33.894605 3.049713
33.946256 3.279105
33.977389 3.404244
34.009903 3.190342
34.041014 3.192343
34.072133 3.215839
34.113509 3.249343
34.144655 3.048495
34.176867 3.13778
34.208075 3.038052
34.239185 2.894899
34.270329 2.934147
34.30147 3.227587
34.333737 3.230981
34.385213 3.257001
34.416301 3.130818
34.447367 3.004113
34.478624 3.108975
34.510882 3.151094
34.541974 3.064159
34.654526 2.992626
34.685656 2.954597
34.716871 2.856522
34.749235 2.892811
34.810948 2.856435
34.842118 2.87236
37.219721 4.582532
37.250888 5.114067
37.28303 5.47878
37.314059 5.82252
37.345093 4.876756
37.41693 5.025304
37.448057 5.085524
37.480301 5.06168
37.511472 4.642317
37.542587 4.940283
37.573712 4.815231
37.6048 5.167586
37.637166 5.622802
37.668364 5.083783
37.699581 4.621692
37.730723 4.302145
37.761891 4.383163
37.794238 4.148898
37.855961 4.821932
37.887156 4.730471
37.918327 4.675647
37.949467 4.595586
37.981997 4.63988
38.013163 4.40283
38.044515 4.079976
38.075629 3.663833
38.117022 3.612924
38.149425 3.5923
38.18066 3.612924
38.211854 3.74633
38.243118 3.790973
38.274347 3.881477
38.296562 3.873209
38.327752 3.601176
38.369135 3.879127
38.400327 3.783663
38.431543 3.809422
38.463984 3.765301
38.495081 3.901318
38.526238 4.016014
38.557398 3.886872
38.588553 4.130275
38.620956 4.072144
38.662156 4.057959
38.693334 3.822475
38.724519 3.662266
38.755684 3.75512
38.78815 3.718744
38.819254 3.691767
38.850499 3.643034
38.881736 3.656871
38.912965 3.584468
38.945441 3.659743
38.97663 3.678801
38.997697 3.834484
39.028929 3.877909
39.07026 3.87408
39.10253 3.918809
39.133784 3.963974
39.165005 4.06405
39.196105 3.430438
39.257922 3.254913
39.290329 2.992104
39.32146 3.138128
39.352642 3.124727
39.38388 3.098272
39.415114 3.02378
39.4374 3.074949
39.468674 3.055021
39.499949 3.216623
39.531159 3.365606
39.562411 3.25996
39.59478 3.328273
39.625835 3.242207
39.657055 3.238117
39.688155 3.507975
39.719439 3.554793
39.751922 3.451932
39.783159 3.303036
39.814461 3.27632
39.845729 3.148049
39.877008 3.440271
39.909613 3.546526
39.940873 3.529644
39.972176 3.379181
40.003477 3.572894
40.034712 3.634332
40.067065 3.458198
40.09822 3.453063
40.129311 3.412685
40.160589 3.312522
40.191805 3.290157
40.224131 3.266487
40.255343 3.242294
40.286427 3.214012
40.317645 3.362473
40.348882 3.377354
40.381201 3.273274
40.412376 3.304429
40.443489 3.298685
40.474656 3.348288
40.505873 3.37248
40.538214 3.353335
40.569351 3.333668
40.600543 3.377615
40.631745 3.37718
40.673217 3.552443
40.705627 3.418167
40.736819 3.533385
40.767961 3.469598
40.799224 3.430699
40.830481 3.605788
40.862903 3.590298
40.894136 3.654608
40.925296 3.732233
40.956531 3.7177
40.987858 3.172502
41.020275 3.006289
41.051517 2.987318
41.082754 2.97322
41.113935 2.922312
41.145114 2.913957
41.177575 2.935278
41.208753 2.933015
41.239891 2.94398
41.271043 2.891854
41.342905 2.640445
41.405742 2.564561
41.436952 2.550376
41.4681 2.463092
41.499388 2.381552
41.530643 2.397303
41.563084 2.46405
41.604578 2.507474
41.635806 2.578136
41.667061 2.250061
41.739031 2.359709
41.771464 2.245187
41.843372 2.284957
41.874584 1.9534
42.038166 2.060786
42.069432 2.177745
42.101999 2.204635
42.153521 2.456479
42.184699 2.423584
42.236261 2.628436
42.267418 2.588405
42.299675 2.659764
42.330776 2.55612
42.361876 2.366845
42.454101 2.399827
42.485261 2.704058
42.527855 2.837116
42.559004 2.854434
42.610617 2.301491
42.641859 2.205505
42.71389 2.215077
42.746328 2.12205
42.777598 2.15216
42.81905 2.140847
42.850172 2.072099
42.952818 2.071925
42.985406 2.088024
43.027031 2.034592
43.058364 2.062352
43.140777 2.136148
43.172192 2.171653
43.204774 2.437682
43.236192 2.711629
43.267448 2.725379
43.298739 2.816579
43.33008 2.83964
43.362598 2.90247
43.393918 2.921789
43.445711 2.702405
43.538215 2.915263
43.5696 3.006289
43.602088 3.006463
43.664037 3.207311
43.695361 3.230981
43.726739 3.327054
43.758068 3.275276
43.790689 3.193736
43.822046 3.124204
43.863597 3.145873
43.895027 3.059372
43.916218 2.959557
43.948728 2.881411
43.980067 2.941021
44.011437 2.704319
44.073443 2.864528
44.155879 3.415035
44.188478 3.331493
44.240285 3.373177
44.271628 3.302427
44.302952 3.353422
44.324094 3.303036
44.366777 3.274493
44.408457 3.11994
44.439799 3.078604
44.47116 3.097923
44.50248 3.107757
44.535039 3.060156
44.566334 3.07025
44.597699 3.079736
44.62906 3.014556
44.660521 2.722072
44.693098 2.705364
44.724479 2.765845
44.755818 2.754619
44.78723 2.762799
44.818627 2.797608
44.851131 2.837203
44.882442 2.799957
44.913784 2.84956
44.97584 2.830328
45.00725 3.052585
45.03986 3.070163
45.071252 3.10358
45.102701 3.105146
45.134149 3.12638
45.165554 3.034223
45.218618 3.09862
45.24997 3.016644
45.281371 3.200001
45.312848 3.137084
45.334033 2.837812
45.397196 2.942762
45.448945 3.081476
45.480362 3.056501
45.521914 3.189558
45.553325 3.453673
45.585824 3.466987
45.617089 3.231765
45.648317 2.968434
45.730418 3.067378
45.761761 2.948157
45.804358 2.998282
45.83556 3.031264
45.866794 3.234114
45.898 3.228371
45.929299 3.055979
45.961729 3.137084
45.993005 3.322964
46.024296 3.141522
46.065708 3.208616
46.096984 3.286676
46.129364 2.811357
46.211848 2.827544
46.243244 2.862353
46.274569 3.091658
46.305982 2.867922
46.389693 3.049278
46.42115 2.979224
46.45254 2.764452
46.524775 2.869837
46.556053 2.933712
46.588518 2.837377
46.629873 2.744089
46.660998 2.581008
46.732868 2.649756
46.80486 2.25389
46.938986 2.55612
46.970171 2.583793
47.062344 2.927185
47.093543 2.921093
47.1249 3.024563
47.157248 3.04336
47.188426 3.087829
47.219589 3.099403
47.250681 3.125771
47.281775 2.957904
47.314165 2.867661
47.345361 2.879061
47.376534 2.91944
47.407552 2.720071
47.428447 2.733298
47.460638 2.737301
47.552831 2.768803
47.583922 2.778637
47.615024 2.776722
47.646146 2.773677
47.678339 2.826673
47.709439 2.853825
47.740609 2.786208
47.771793 2.893681
47.803047 3.007246
47.835269 2.99193
47.866387 3.008638
47.897557 2.796216
47.928693 2.769064
47.95992 2.648886
47.992103 2.366671
48.04363 2.405483
48.074829 2.33717
48.116081 2.287915
48.147124 2.246319
48.17938 2.227696
48.210453 2.139977
48.241563 2.105255
48.272694 2.23927
48.303862 2.279213
48.346353 2.267552
48.377503 2.235963
48.408637 2.179659
48.439682 2.298445
48.470831 2.267465
48.503172 2.357447
48.534289 2.424541
48.57558 2.618341
48.606704 2.526445
48.658213 2.699011
48.700765 2.796128
48.731935 2.789515
48.763088 2.451605
48.865366 2.86009
48.896499 2.869924
48.939001 2.868967
49.000743 2.784467
49.031975 2.685436
49.063047 2.652367
49.094189 2.572132
49.126386 2.539498
49.157456 2.487894
49.18863 2.535582
49.219769 2.361102
49.251008 2.365888
49.293543 2.537758
49.324687 2.61164
49.355753 2.462309
49.417454 2.463788
49.458773 2.552639
49.491006 2.643926
49.522071 2.644535
49.553089 2.694225
49.584242 2.733211
49.61535 2.725031
49.647654 2.777767
49.678775 2.871751
49.720127 2.884196
49.751291 3.13456
49.782574 3.312261
49.814991 3.315916
49.846154 3.368999
49.877347 3.385621
49.908521 3.292332
49.970219 3.494573
50.002497 3.643991
50.033694 3.524944
50.064763 3.533037
50.09589 3.559753
50.127082 3.35377
50.15942 3.262745
50.211276 3.354206
50.242589 3.329578
50.273899 3.500578
50.305165 3.360123
50.348093 3.436442
50.379397 3.355859
50.41058 3.321746
50.441736 3.484044
50.472896 3.416079
50.505157 3.445144
50.536171 3.435311
50.567222 3.222105
50.598358 3.170065
50.629456 3.010988
50.661704 2.929795
50.692887 2.959905
50.724064 3.18103
50.755154 3.310346
50.786389 3.391886
50.818767 3.371175
50.849889 3.307474
50.881034 3.290244
50.912066 3.355772
50.943284 3.441054
50.97556 3.447407
51.00676 3.53295
51.038059 3.508932
51.069251 3.446537
51.100498 3.441141
51.132956 3.346461
51.215041 3.504842
51.246223 3.372045
51.277362 3.080867
51.35943 3.005853
51.391793 2.964692
51.443336 2.935017
51.474501 3.036921
51.505633 2.758883
51.577488 2.834419
51.609933 2.675515
51.661462 2.757664
51.692618 2.657066
51.723746 2.581878
51.765171 2.598152
51.797634 2.562907
51.828812 2.66455
51.86009 2.716416
51.921782 2.52279
52.07499 2.921354
52.107509 3.2389
52.138699 3.033179
52.230844 3.232461
52.262023 3.032656
52.29324 2.77211
52.325723 2.756185
52.356912 2.767585
52.388054 2.762451
52.419221 2.717286
52.450366 2.731209
52.482634 2.745568
52.513757 2.768542
52.544887 2.766541
52.575999 2.783336
52.658097 2.830067
52.690459 2.820495
52.721705 2.773154
52.752913 2.979485
52.78413 3.273013
52.815391 3.250213
52.847788 3.385447
52.87891 3.406854
52.920333 3.493529
52.951498 3.680367
53.003155 3.711956
53.066245 3.886959
53.097512 3.794193
53.128692 3.714654
53.180324 3.647733
53.221746 3.776353
53.254254 3.670098
53.305836 3.819168
53.337081 3.697685
53.378507 3.814904
53.409768 4.02402
53.442192 3.69751
53.504098 3.990864
53.535377 3.969109
53.566587 3.886176
53.597814 3.4099
53.711673 3.496314
53.742846 3.428784
53.774104 3.541827
53.805419 3.493964
53.836736 3.56863
53.86914 3.523552
53.900329 3.488395
53.931552 3.417732
53.962716 3.339673
53.983665 3.106365
54.015925 3.02874
54.047121 2.963995
54.078241 2.94398
54.109381 2.968869
54.14061 2.946156
54.172942 2.868183
54.204111 2.637834
54.235227 2.688916
54.266343 2.543414
54.297547 2.721115
54.330036 2.725292
54.361172 2.759579
54.402599 2.787948
54.443918 2.568912
54.525979 2.628087
54.558243 2.660982
54.58937 2.555249
54.640861 2.520353
54.671945 2.386686
54.733639 2.429066
54.755685 2.285914
54.837722 2.332993
54.868905 2.438639
54.900112 2.458393
54.931262 2.33456
55.024524 2.280867
55.055754 2.312021
55.086945 2.327511
55.11813 2.328729
55.149339 2.331253
55.181766 2.337867
55.212931 2.307844
55.244058 2.317503
55.305837 2.663941
55.337061 2.606245
55.369436 2.632178
55.400662 2.519396
55.431767 2.36467
55.462889 2.24919
55.483784 2.244752
55.516056 2.289482
55.608312 2.321071
55.639368 2.291657
55.670418 2.257893
55.711694 2.206201
55.743987 2.212989
55.775168 2.19776
55.806399 2.153813
55.837586 2.199935
55.868869 2.190798
55.901197 2.202111
55.932303 2.301317
55.963408 2.404265
56.025084 2.579964
56.076729 2.636094
56.109081 2.658371
56.140233 2.632961
56.171457 2.711629
56.202704 2.813098
56.23391 2.923356
56.266213 3.061113
56.297391 3.038226
56.328606 3.041446
56.359708 2.991321
56.390907 3.225934
56.423343 3.184163
56.464725 3.277364
56.495939 3.433918
56.527082 3.075385
56.558199 3.13282
56.590492 3.293029
56.621635 3.680367
56.652831 3.747113
56.683989 3.784185
56.715227 3.642773
56.747694 3.643121
56.778986 3.658785
56.810159 3.628414
56.841268 3.403112
56.88256 3.553662
56.914858 3.508062
56.945998 3.519723
56.977162 3.453325
57.008303 3.541827
57.039508 3.552008
57.071894 3.451584
57.102984 3.543828
57.13409 3.545743
57.165185 3.546091
57.196287 3.230024
57.279484 3.089308
57.310648 3.089917
57.341748 3.205919
57.372919 3.373438
57.404165 3.263963
57.436389 3.204439
57.467592 3.028131
57.498798 2.747831
57.570704 2.892028
57.601911 2.918221
57.634169 2.813185
57.66535 2.868096
57.696606 2.863484
57.727835 2.982357
57.759001 2.735126
57.852574 2.601981
57.894014 2.455782
57.965909 2.36554
58.007378 2.430546
58.038626 2.537932
58.071033 2.500773
58.112573 2.498424
58.143838 2.509998
58.175114 2.507909
58.206408 2.536714
58.23889 2.720767
58.270075 2.753313
58.301188 2.73469
58.332342 2.782988
58.363607 2.889156
58.395981 2.803525
58.45772 2.875928
58.488998 2.922921
58.520201 2.818232
58.561631 2.768629
58.593949 2.516176
58.635322 2.627739
58.676826 2.666726
58.708111 2.708148
58.759779 2.655587
58.843075 2.47954
58.935467 2.539846
58.966614 2.307931
59.048804 2.355532
59.080115 0.13036
64.909214 0.131491
64.941442 0.136277
64.97258 0.136364
65.024157 0.137583
65.055204 0.138975
65.086454 0.134102
65.118986 0.130969
65.150186 0.193451
65.18146 0.303013
65.212715 0.437637
65.243955 0.556423
65.276317 0.743957
65.307399 0.969868
65.338577 1.072555
65.369652 1.296204
65.400751 1.625324
65.433089 1.970195
65.464177 2.222735
65.495275 2.449256
65.526391 2.685087
65.557502 2.88524
65.57954 3.133081
65.610583 3.313566
65.641644 3.402329
65.672781 3.588906
65.703811 3.46368
65.736068 0.213989
68.716027 0.21599
68.747406 0.217382
68.778808 0.230871
68.840747 0.23792
68.873242 0.228869
68.904608 0.214946
68.935919 0.200674
68.967217 0.254106
68.998564 0.407005
69.031046 0.524225
69.062415 0.694615
69.093717 0.896334
69.125115 1.159491
69.156511 1.339976
69.18902 1.460764
69.22042 1.631067
69.25177 1.871163
69.283063 1.883869
69.314461 1.881693
69.347043 1.806418
69.378323 1.839922
69.409674 1.84671
69.441001 1.849408
69.472331 1.860634
69.504782 1.877168
69.535833 1.885261
69.566882 1.88909
69.597916 1.892049
69.628961 1.933385
69.661271 1.892484
69.692419 1.922594
69.723476 1.928511
69.754595 1.891179
69.785819 1.926771
69.818119 1.928424
69.849284 1.929469
69.880427 1.925727
69.911536 1.954357
69.942748 1.818079
69.974961 1.818515
70.006012 1.8166
70.037071 1.824084
70.068143 1.815208
70.099267 1.819646
70.131651 1.820777
70.162627 1.816252
70.193775 1.815643
70.224933 1.886479
70.256038 1.969934
70.288303 1.963582
70.319421 1.957838
70.350494 1.952878
70.381641 1.820777
70.412809 1.957664
70.445 1.966975
70.476164 1.904319
70.50725 1.964452
70.538354 1.950006
70.569436 1.9192
70.601664 1.926597
70.632841 1.936779
70.664034 1.759426
70.695158 1.73593
70.726246 1.735234
70.758526 1.748374
70.789701 1.682324
70.830985 1.761341
70.862114 1.775873
70.8933 1.658741
70.935867 1.760209
70.967081 1.888394
70.998253 1.965583
71.029447 1.97942
71.060671 1.967062
71.093103 1.703732
71.124276 1.703993
71.155444 1.711041
71.186609 1.716872
71.217676 1.700251
71.250073 1.701469
71.281179 1.717916
71.31234 1.688328
71.343406 1.714522
71.374552 1.901708
71.406802 1.961493
71.437917 1.959404
71.468984 1.909279
71.5001 1.901969
71.531153 1.853237
71.563358 1.855586
71.594428 1.848973
71.625476 1.859763
71.646359 1.892223
71.677494 1.91685
71.709774 1.770826
71.751029 1.930426
71.782152 1.923899
71.81322 1.88822
71.844302 1.807376
71.87659 1.815208
71.907611 1.719309
71.938647 1.736539
71.969677 1.735843
72.000819 1.74907
72.033101 1.721136
72.064133 1.774133
72.095156 1.82565
72.126202 1.895617
72.157415 1.903971
72.189756 1.917721
72.220851 1.848102
72.251936 1.69677
72.303453 1.774046
72.334435 1.690069
72.376964 1.823736
72.408035 1.824519
72.439113 1.81573
72.470197 1.867856
72.501308 1.972197
72.533692 1.919548
72.564803 1.609747
72.595931 1.616274
72.627075 1.635071
72.658233 1.575025
72.690578 1.554052
72.721829 1.549005
72.753057 1.508452
72.784284 1.524987
72.815501 1.601132
72.847847 1.887263
72.878913 1.925292
72.909962 1.919374
72.941123 1.96071
72.972239 1.96976
73.004537 1.98029
73.035657 1.984206
73.066791 1.991777
73.097938 1.994823
73.129085 1.84349
73.161434 1.866899
73.192621 1.875079
73.223809 1.872556
73.254917 1.875079
73.286056 1.87769
73.318333 1.880736
73.349519 1.877516
73.380725 1.889003
73.411878 2.014925
73.443013 1.986033
73.475347 2.00309
73.506587 1.998913
73.537711 1.987687
73.568801 1.970891
73.599922 1.987165
73.63218 1.934342
73.663243 1.891962
73.694306 1.894747
73.725461 1.941826
73.756626 1.939302
73.788909 1.950528
73.819976 1.946612
73.851046 1.900838
73.882166 1.896922
73.913283 1.896139
73.945625 1.895617
73.97678 1.891962
74.00789 1.861243
74.039048 1.884826
74.070218 1.818341
74.102627 1.877255
74.13364 1.876124
74.164895 1.94287
74.196135 1.934603
74.227325 1.922681
74.259683 1.930426
74.290817 1.940782
74.321899 1.939128
74.35303 1.934081
74.3842 1.870641
74.416499 1.871424
74.447623 1.863679
74.478648 1.841663
74.509789 1.891614
74.540965 1.919635
74.57326 1.915545
74.604295 1.921811
74.635349 1.939737
74.666421 1.926771
74.697499 1.983771
74.729792 1.998565
74.760901 1.872121
74.791997 1.884739
74.82302 1.896226
74.854124 1.895356
74.886291 1.881606
74.917309 1.895878
74.948345 1.900055
74.979363 1.895878
75.010399 1.897966
75.042663 1.98116
75.073721 1.99169
75.10487 1.978288
75.135943 1.985598
75.167079 1.939389
75.199479 1.908322
75.230628 1.912064
75.261762 1.925204
75.292931 1.920244
75.324069 1.936169
75.356296 1.947743
75.387352 1.890482
75.41839 1.899272
75.449524 1.955749
75.480651 1.97794
75.512926 1.979681
75.543925 1.967672
75.574968 1.965409
75.606042 1.962885
75.637109 1.98525
75.669251 2.016927
75.70034 2.002394
75.731374 2.006049
75.762438 2.010313
75.793579 1.993691
75.825936 1.987426
75.846877 2.005352
75.877918 1.969586
75.908917 1.971153
75.940073 1.979855
75.972281 1.987774
76.003362 1.988644
76.03441 1.987165
76.06552 2.004221
76.096668 2.004656
76.12903 1.99987
76.160247 2.0218
76.191362 2.031285
76.222518 2.02267
76.253665 2.034331
76.286034 2.017014
76.317197 2.004134
76.348283 2.018058
76.379413 2.011444
76.410637 2.002481
76.442906 1.999522
76.474001 2.001785
76.505127 1.910672
76.536226 1.904754
76.567349 1.947395
76.599637 1.952704
76.630714 1.940695
76.661802 1.95923
76.692926 1.977592
76.724186 1.955924
76.756479 1.980812
76.787683 2.023279
76.818717 1.909366
76.849873 1.894921
76.880954 1.888481
76.913203 1.884478
76.944279 1.895617
76.975355 1.903188
77.006431 1.909888
77.037546 1.876907
77.069841 1.918156
77.100918 2.015534
77.13202 2.055217
77.163152 2.058959
77.194361 2.047036
77.226696 2.035723
77.257853 2.025281
77.288965 2.018667
77.320106 1.970804
77.351216 1.953748
77.383431 1.967236
77.41448 1.956272
77.445509 1.962798
77.476649 1.980638
77.507715 1.976026
77.539933 1.972632
77.571051 2.005004
77.602072 2.051736
77.63316 2.030676
77.664213 2.040336
77.696501 2.044165
77.727569 2.003699
77.758618 1.961841
77.789784 1.967062
77.820947 1.981856
77.853205 1.948875
77.884294 1.960014
77.915392 1.979594
77.946544 1.97385
77.977622 1.977592
78.009833 2.01623
78.030697 1.939563
78.061736 1.895443
78.092836 1.90545
78.123987 1.939302
78.156226 1.926684
78.187413 1.935647
78.218444 1.935299
78.249559 1.936256
78.280723 1.938519
78.312964 1.949223
78.344146 2.022583
78.375268 2.043555
78.406358 1.970195
78.437442 2.023801
78.469723 1.547439
78.561931 1.81251
78.592983 1.862635
78.624077 1.991255
78.655203 1.965496
78.687392 1.845231
78.718565 1.892658
78.749632 1.927293
78.780785 1.527336
78.842412 1.447798
78.874699 1.444926
78.90575 1.364169
78.936821 1.332231
78.967918 1.417427
78.999058 1.440749
79.031289 1.423257
79.062315 1.441706
79.093343 1.51115
79.114183 1.868118
79.145308 1.968803
79.177583 2.005962
79.208741 1.957229
79.239787 1.963843
79.270884 1.962189
79.302056 1.981334
79.334325 1.974807
79.365332 1.952182
79.396361 1.965496
79.42746 1.966888
79.458544 1.982291
79.490699 2.001523
79.52178 2.04869
79.552846 2.057044
79.583997 1.961058
79.63554 2.051388
79.667801 2.044948
79.698875 2.027282
79.729978 2.012749
79.761095 1.996824
79.792244 1.970978
79.824527 1.913195
79.855628 1.991255
79.886683 1.79467
79.948472 1.737583
79.979603 1.779093
80.011883 1.766823
80.042926 1.783357
80.073973 1.852802
80.105052 1.737148
81.087912 1.897531
81.120222 2.051823
81.151321 1.831568
81.192758 2.028762
81.223833 2.035984
81.254966 1.904145
81.287179 1.951833
81.318226 1.857762
81.349214 1.94522
81.380266 1.970021
81.411449 1.988557
81.443803 1.729142
81.474969 1.692506
81.506136 1.698336
81.537352 1.707299
81.578743 1.794235
81.611119 1.792321
81.642202 1.726009
81.673324 1.776744
81.704511 1.804678
81.735693 2.035462
81.768048 2.099076
81.799261 2.100207
81.830432 1.864985
81.861472 1.870293
81.892658 1.876472
81.925015 1.873513
81.956219 1.883782
84.036274 0.978919
84.067405 0.979441
84.098618 0.97274
84.130867 0.975786
84.161936 0.988404
84.193016 1.034613
84.224098 1.028
84.255156 1.044534
84.28729 1.038007
84.318315 1.037833
84.349293 1.041053
84.380379 1.040357
84.411419 1.040096
84.443554 1.042968
84.474529 1.061155
84.50551 0.93532
84.536586 0.918177
84.56762 0.942543
84.599779 0.938627
84.630886 0.937322
84.661928 0.945502
84.692953 0.891113
84.723907 0.931578
84.756103 0.944023
84.787325 0.980137
84.818416 1.024867
84.849509 1.017557
84.880764 1.024519
84.913063 0.997542
84.944232 0.982574
84.975361 0.989971
85.006481 0.97274
85.047765 0.9938
85.079932 0.995714
85.110995 1.018688
85.142058 1.032525
85.173263 1.033395
85.204654 0.981442
85.236953 0.966649
85.257858 0.974829
85.289011 0.962646
85.320044 0.964734
85.351114 0.964125
85.383312 0.969433
85.4143 0.9663
85.445387 0.972479
85.476579 0.981181
85.507725 0.999978
85.540016 1.040879
85.571032 1.040096
85.602065 1.041575
85.633071 1.046535
85.664124 1.052801
85.696334 1.052105
85.727358 1.052279
85.758455 1.054629
85.789616 1.064549
85.820771 1.074035
85.853051 1.083955
85.884103 1.086305
85.915244 1.067856
85.946393 1.083172
85.977407 1.088132
86.009616 1.074644
86.040705 1.06394
86.071784 1.068378
86.102838 1.071424
86.133914 1.034613
86.166102 1.03209
86.197209 1.033395
86.218203 1.045404
86.249202 1.033917
86.280289 1.037659
86.312422 1.008594
86.343451 1.052279
86.374523 1.059676
86.405602 1.074383
86.436682 1.068639
86.468915 1.072642
86.499913 1.071511
86.530965 1.072903
86.551821 1.042881
86.582942 1.00111
86.615091 0.985707
86.646197 0.982661
86.677368 0.982139
86.708383 0.999456
86.739433 1.008942
86.771679 1.004765
86.802755 1.010682
86.833762 1.017296
86.864803 1.047754
86.895862 1.106407
86.927963 1.10954
86.958995 1.102317
86.989976 1.10954
87.020978 1.103448
87.052009 1.10223
87.084203 1.097792
87.11518 1.102578
87.146134 1.099706
87.177275 1.100577
87.198211 1.107364
87.230531 1.09579
87.261565 1.076297
87.292598 1.07708
87.323741 1.08848
87.354799 1.087349
87.386958 1.085
87.418001 1.088742
87.44909 1.089177
87.480155 1.0803
87.511285 1.090743
87.543508 1.10954
87.574596 1.108235
87.605801 1.095007
87.636999 1.103535
87.668064 1.093963
87.700312 1.096922
87.731343 1.096487
87.762428 1.089525
87.793578 1.019819
87.824815 1.021647
87.857087 1.034265
87.888112 1.002415
87.919206 0.998151
87.950256 1.007636
87.981292 1.016861
88.013523 0.995627
88.044495 1.017122
88.075487 1.036876
88.106518 1.085
88.13754 1.093354
88.169794 1.09579
88.200926 1.082737
88.232111 1.088045
88.263178 1.088742
88.294271 1.057587
88.326626 1.05341
88.357626 1.0575
88.388695 1.052714
88.419663 1.052888
88.450646 1.059415
88.482977 1.086044
88.514053 1.080126
88.545075 1.09318
88.576155 1.093441
88.607179 1.090308
88.639371 1.095616
88.670473 1.09405
88.701487 1.091439
88.732572 1.096051
88.763765 1.097096
88.79597 1.092832
88.826933 1.095181
88.857898 1.110932
88.888986 1.116937
88.920061 1.101099
88.95219 1.121636
88.983163 1.107103
89.014212 1.096661
89.045216 1.1078
89.076311 1.104928
89.108478 1.105276
89.139699 1.112934
89.17079 1.12329
89.201865 1.114935
89.233053 1.118242
89.265251 1.124769
89.286108 1.129555
89.317147 1.12738
89.348308 1.132253
89.379392 1.121027
89.411613 1.125378
89.442737 1.128511
89.47372 1.138083
89.504754 1.127902
89.535847 1.112238
89.56798 1.137996
89.599013 1.043925
89.640184 1.122071
89.671238 1.135299
89.702288 1.135125
89.734499 1.136169
89.765549 1.14139
89.796695 1.144436
89.82773 1.078299
89.858829 1.079169
89.891102 0.958294
89.922099 0.964908
89.95315 0.945589
89.984209 0.95316
90.015226 0.952725
90.047428 0.944545
90.078455 0.952899
90.109574 1.00372
90.141026 1.008681
90.172147 1.04436
90.204375 1.155662
90.235386 1.041053
90.266392 1.044882
90.297578 1.046274
90.328693 1.05489
90.360915 1.034265
90.392025 1.047232
90.422996 1.043838
90.454075 1.044012
90.485088 1.046884
90.517246 1.09579
90.548353 1.158447
90.579335 1.165496
90.610337 1.164799
90.641365 1.072207
90.673533 1.077167
90.704627 1.077864
90.735716 1.078734
90.766855 1.078473
90.798019 1.080474
90.83019 1.080039
90.861357 1.070293
90.892596 1.028609
90.923801 1.097879
90.955009 1.159578
90.98735 1.163233
91.018617 1.175155
91.049982 1.148352
91.081171 1.093615
91.112414 1.157925
91.144714 1.161493
91.175857 1.116589
91.207067 1.096661
91.238237 1.100751
91.26941 1.09814
91.301851 1.094746
91.333111 1.116763
91.364324 1.089873
91.395513 1.065855
91.42668 1.065071
91.459059 1.066116
91.490198 1.11598
91.521295 1.128598
91.552357 1.127641
91.583462 1.097096
91.615616 1.128859
91.646663 1.141738
91.67778 1.162015
91.708864 1.17063
91.72981 1.170108
91.762098 1.077429
91.793336 1.069684
91.824465 1.069161
91.855648 1.072207
91.886782 1.068813
91.919164 1.050016
91.950345 1.049494
91.981542 1.053584
92.012735 1.082998
92.043831 1.121462
92.076086 1.190123
92.107182 1.181682
92.138197 1.192038
92.169301 1.098662
92.200511 1.103361
92.243204 1.132253
92.274359 1.127989
92.305549 1.108757
92.336611 1.121375
92.367703 1.123551
92.400013 1.009203
92.431019 1.066986
92.462064 1.12912
92.493178 1.00781
92.524423 1.00929
92.556797 1.016426
92.587865 1.017035
92.619 1.012858
92.650083 1.014685
92.681188 1.028348
92.713441 1.051931
92.744605 1.080387
92.775709 1.084129
92.806853 1.192908
92.837921 1.198651
92.870121 1.17559
92.90116 1.163668
92.932366 1.170456
92.963593 1.168628
92.994722 1.141216
93.027059 1.116502
93.058095 1.115806
93.089077 1.121201
93.120095 1.115022
93.151224 1.126945
93.183446 1.148352
93.214473 1.125813
93.245723 1.147743
93.276888 1.158621
93.307957 1.13234
93.340177 1.152616
93.37122 1.157577
93.402331 1.161841
93.433369 1.149919
93.464488 1.156445
93.496783 1.163146
93.527865 1.096312
93.558942 1.111367
93.590028 1.150876
93.621155 1.105972
93.653332 1.106059
93.684407 1.111454
93.715433 1.112934
93.746423 1.110497
93.777439 1.110323
93.809657 1.137126
93.840772 1.170978
93.871842 1.175416
93.902986 1.213706
93.934043 1.211444
93.966328 1.211096
93.997361 1.203873
94.028546 1.136691
94.069738 1.201784
94.100884 1.182291
94.133012 1.154879
94.164137 1.162102
94.195235 1.162015
94.226367 1.163059
94.257613 1.162885
94.289826 1.176286
94.32099 1.183683
94.351974 1.09318
94.383007 1.104319
94.403974 1.139998
94.436153 1.133906
94.467205 1.138867
94.498253 1.142348
94.529228 1.139563
94.560228 1.136952
94.59236 1.143218
94.623447 1.193865
94.654529 1.206309
94.685548 1.215708
94.716669 1.202132
94.748843 1.199783
94.77986 1.206744
94.810962 1.197172
94.842 1.181769
94.873027 1.183248
94.90525 1.183248
94.93625 1.171761
94.967278 1.16654
94.998308 1.185424
95.029338 1.190123
95.051235 1.178462
95.08224 1.186294
95.113227 1.207528
95.144191 1.206048
95.175243 1.210051
95.207624 1.223279
95.238694 1.176199
95.269932 1.180289
95.301071 1.182465
95.332131 1.180725
95.36434 1.177505
95.395354 1.183161
95.426308 1.183857
95.457327 1.172806
95.488362 1.184293
95.520492 1.214402
95.551485 1.224845
95.582499 1.224584
95.613513 1.227369
95.644555 1.205874
95.676684 1.212053
95.707832 1.215186
95.73893 1.215447
95.769948 1.212923
95.801058 1.215621
95.833226 1.226499
95.864257 1.233025
95.895269 1.227108
95.926274 1.241641
95.957289 1.222844
95.989415 1.226325
96.020422 1.22615
96.051429 1.228065
96.082437 1.227804
96.113473 1.228239
96.145549 1.229631
96.176626 1.157751
96.207647 1.166366
96.238738 1.192995
96.269836 1.192734
96.302044 1.194735
96.33307 1.196302
96.364092 1.198651
96.395157 1.194126
96.426196 1.200392
96.458276 1.234244
96.489326 1.227021
96.520469 1.236506
96.551472 1.227108
96.582514 1.228152
96.614612 1.220233
96.6457 1.236332
96.666729 1.228587
96.697755 1.21797
96.728872 1.232503
96.760918 1.223018
96.792069 1.169412
96.823162 1.212401
96.854236 1.247645
96.885368 1.053845
96.91754 1.085348
96.948613 1.089351
96.979636 1.095703
97.010713 1.089873
97.041738 1.100229
97.073731 1.106146
97.104819 1.100403
97.125653 1.082563
97.156676 1.097879
97.187755 1.165844
97.219732 1.219102
97.250784 1.249821
97.281846 1.251909
97.312825 1.241379
97.343863 1.255477
97.376078 1.244686
97.407026 1.231459
97.438043 1.233634
97.469076 1.217361
97.500055 1.196824
97.532037 1.191864
97.563036 1.194474
97.593996 1.193778
97.625027 1.1943
97.65606 1.205961
97.68823 1.232764
97.719238 1.235027
97.750217 1.228674
97.7813 1.252344
97.812495 1.251996
97.83455 1.253824
97.865527 1.252605
97.896585 1.245121
97.927588 1.183422
97.958603 1.233721
97.990712 1.254085
98.021749 1.251126
98.05279 1.251735
98.083824 1.243033
98.114877 1.246079
98.146821 1.247297
98.177892 1.250691
98.208947 1.183944
98.240012 1.187599
98.271103 1.183074
98.303252 1.184118
98.334305 1.183248
98.365291 1.211357
98.39635 1.218667
98.427363 1.210225
98.459477 1.220842
98.49052 1.246514
98.521502 1.270358
98.552552 1.267747
98.583598 1.275231
98.615745 1.268444
98.646788 1.273926
98.678005 1.274796
98.709051 1.27497
98.740092 1.268008
98.772284 1.275579
98.793105 1.277407
98.824059 1.260699
98.855014 1.258436
98.8861 1.26357
98.918386 1.261569
98.949518 1.260699
98.98061 1.264179
99.01175 1.266355
99.042861 1.262874
99.075003 1.264266
99.106013 1.291505
99.13704 1.291679
99.168046 1.294811
99.199112 1.298727
99.231191 1.301425
99.262247 1.294811
99.293359 1.301686
99.324441 1.262961
99.355498 1.230415
99.387706 1.231546
99.418676 1.238769
99.449693 1.210834
99.480748 1.206657
99.51183 1.208833
99.543809 1.209007
99.57485 1.206135
99.605846 1.231372
99.63696 1.280714
99.668037 1.249125
99.700025 1.276624
99.730972 1.295421
99.761984 1.300903
99.793039 1.31065
99.813905 1.30656
99.846008 1.300033
99.877035 1.295334
99.908022 1.301338
99.939085 1.302556
99.970185 1.19578
100.002343 1.195693
