
1.4e-05 2.144627472138389
0.370084 36.353060592753636 1
0.526235 144.49122618455402 1
0.682528 540.6758574378749 1
0.838889 2131.3800335597393 1
0.995265 8172.36263054812 1
1.15175 29944.5539431536
1.308038 28.287966186337016
1.464519 23.552480315814584
1.620935 14.930963339152513 1
1.777321 21.738283079335734 1
1.933721 33.536286892469725 1
2.090274 51.143951043036594
2.247155 12.918500531188345 1
2.40358 19.380902299660633 1
2.55004 29.137169103264416 1
2.706665 42.49009168071666 1
2.954767 56.279511196609874 1
3.111359 85.59399064214884 1
3.257436 128.79892880219808 1
3.413782 191.13449818107884
3.559921 12.47105816645752 1
3.716594 17.637462235649547 1
3.873176 24.314611849010177
4.029548 13.57663128682897
4.18595 12.517835392378633
4.342259 12.569881032981913 1
4.498829 18.858400318921465 1
4.645027 25.410217248189596
4.80168 14.352907795226612 1
4.957923 19.105157604512588 1
5.114024 26.542459183376508
5.270317 13.578746939885754 1
5.427062 17.57765670549957 1
5.583712 23.20723669601872 1
5.740731 29.757800121068023 1
5.897336 38.783726439722386 1
6.074123 42.73375956520477
6.25088 14.68482223537843
6.458736 14.81934846989141
6.625627 12.639318082139498
6.667948 14.548686725034445 1
6.824654 17.272387189876227
6.991419 16.66696451228971
7.147913 17.342683645753844 1
7.304347 20.340909894305206 1
7.521898 25.730300606102947
7.698823 18.993849326270134 1
7.865769 23.752164806652285
8.03247 17.980908055722082 1
8.199309 21.968449501231508
8.366018 19.57030577706385 1
8.522425 28.06623080878572
8.678894 18.507451801231817 1
8.835333 24.251592485453518
8.981809 19.82014322606641 1
9.13835 25.941699735937565
9.285068 20.826446280991735 1
9.441388 27.272026318494913
9.5981 21.672066254602548 1
9.754997 27.96046932539083
9.911548 21.66788776678583 1
10.06776 27.30889396411093
10.224287 19.347437810858324 1
10.380677 26.498239825602802
10.536936 23.134908830496336
10.693079 22.76684713235618 1
10.849426 30.931409861239793
11.00611 23.35754487652113
11.152477 24.77841834264842 1
11.309156 33.85641457053924
11.465858 23.395758402579688 1
11.62261 31.530062651314932
11.769349 24.25455845548802 1
11.926023 31.15727890063085 1
12.072773 42.99840074727278
12.229847 25.585750769432263 1
12.386539 36.85371219809215 1
12.543615 46.38857722200481
12.70015 28.794157810366325 1
12.846463 37.07631740883654
13.003602 28.53336885573465 1
13.161238 35.368167582791656
13.318454 30.689407103250577 1
13.47523 36.23372689590169 1
13.642333 49.85871186440678
13.799402 32.43712892793358 1
13.956608 42.173815306035955
14.113263 32.93800799776806
14.270341 30.367778921064236
14.42746 34.25954198473282 1
14.574333 48.45276828434723
14.731174 33.946065912907365 1
14.887962 44.5924736607159
15.044584 36.170106500183614
15.201113 33.75188524499928 1
15.357338 45.71804756276717 1
15.513835 53.076097116151836 1
15.690438 82.00016128924305
15.846986 32.88499424056152
15.879342 32.33304768643793
15.911381 31.556414197678844
15.943435 20.24403512862361
16.150534 48.21662657515504 1
16.306773 70.65790882326702
16.463222 42.302873945643725 1
16.609532 62.37861945265858 1
16.765836 91.73557014670484 1
16.922525 131.49621889677775
17.078805 43.78479105837719 1
17.235 61.64186461072239 1
17.391276 87.54446177786423 1
17.537285 117.87988641166463
17.703772 43.60903811198629 1
17.86038 60.118727164020456 1
18.017061 84.61651479331955
18.173672 45.949514563106796 1
18.330157 65.30659401033785 1
18.486565 92.7874426017661 1
18.642854 128.8822946306457
18.799396 45.26857576111046 1
18.956024 67.45934403506472
19.112295 47.60672317795836 1
19.268453 66.27616525542427 1
19.425145 89.78357745136782 1
19.581594 130.77794994340104
19.737881 52.1549837857247 1
19.884272 71.90475834597594
20.040661 51.859177820616075 1
20.197009 72.12894069944248
20.353581 57.6851003347609 1
20.499933 82.12202164440478
20.656474 59.7911942342666 1
20.81288 82.29320753590302
20.969737 59.459846822233175 1
21.115944 82.38504964971742
21.272221 59.766641634629394 1
21.428937 81.60255577730778
21.585471 63.79722943139302 1
21.742236 89.95982082665427
21.899132 61.37993821172187 1
22.055825 79.32924877539403 1
22.212248 119.07139035265509 1
22.368625 160.33098881700454 1
22.525487 224.46155411562782 1
22.681928 310.31632717719805 1
22.838353 417.9754836636669 1
22.994882 567.7287344671631 1
23.151459 814.5489613108765 1
23.30805 1168.655072940511 1
23.464417 1624.8672768136396
23.620797 75.61615718413137 1
23.777286 109.10067944009035 1
23.934122 148.20023096238046 1
24.080651 211.33253803527361
24.237288 80.49922697682429 1
24.393752 116.34046550072324
24.550599 78.81118284040583 1
24.696916 111.59210644880305
24.853354 85.87661328670544 1
25.010204 118.56033262787257
25.166929 89.99054806235279 1
25.313096 125.7062277560094
25.469284 92.28628602420001 1
25.62601 128.19881877990431
25.782828 94.73300260430346 1
25.939568 134.47141120864282
26.096023 91.6880658742874 1
26.25231 123.68903890462423
26.408664 102.16241801338835 1
26.564999 143.31288358129197
26.721345 97.52883129679255
26.867595 99.50409554041156
27.024039 106.22300188833145 1
27.180511 143.50335458235134 1
27.337193 203.50300439221093 1
27.493646 274.5000864217848 1
27.650344 399.4676699721226 1
27.807482 524.885721472478
27.964396 77.70585335601952
28.00701 84.91345215470747
28.039379 83.9429641365404
28.071666 82.98539281736394
28.103642 85.14876644682984
28.135881 91.83932525933227
28.168077 114.080963567501
28.325175 105.91848539860517 1
28.482228 148.04389240766636
28.639028 115.92560950586655 1
28.795837 160.5096368528236
28.95292 117.35939558397982
29.109323 122.10333217749243
29.26581 118.88722077827659 1
29.4227 166.0449504157958 1
29.579501 235.22008332052152 1
29.736079 319.3043459416392
29.892902 136.98192912461866 1
30.049728 189.6993274841778 1
30.206556 265.7280631973459
30.352915 130.0114075785683
30.51944 110.91439201044868
30.5517 100.37214103330255
30.583702 105.09364908503767
30.615784 103.87447668086608
30.647764 119.07940031754505
30.67979 114.79683710537545
30.712013 122.6811046162328
30.744108 123.7786407052285
30.900711 142.4471807786351 1
31.057208 204.26987224982255
31.213449 142.70638704952094 1
31.370178 187.39331619537276
31.526518 158.2884518106347 1
31.703633 192.93270840308
33.953098 79.5903849912058 1
34.110112 51.39583504293191
34.267109 92.85422417171877
34.434222 94.74708356782433
34.601588 305.4823094086912 1
34.759006 490.226820007222
34.916452 160.25389919073072
34.94859 137.32187021552232
34.990842 124.68880701055566
35.022848 84.60223780698283 1
35.17875 57.693591320881325
35.335259 110.49516113877667
35.491618 143.79704016913317
35.523805 158.6640935764641
35.555716 220.60484297345877 1
35.70181 269.8969328577408 1
35.858247 347.12137363966133 1
36.004806 395.15618707088464
36.161057 186.4050926084543 1
36.317467 189.15434453448398
36.349642 188.33860995991574
36.381538 182.3370651524397
36.413518 180.22152858289482
36.445684 181.4089829410494
36.477528 167.59865842273516
36.509329 182.46156932190374
36.541188 188.39394092019435
36.573003 137.47204569293012
36.635383 169.25431637890804
36.667309 180.57565520429569
36.699254 178.7036052768305
36.731139 168.2653733094779
36.763036 153.66760621833336
36.794856 162.7985326485693
36.826772 152.56923646397684
36.858618 144.26170681721513
36.890909 173.25429897188604
36.922955 174.60684053992222
36.954802 200.47424199887703
36.986776 227.15436748885134
37.142615 209.59078238245675 1
37.299092 238.70290922115657
37.45541 219.7236387320243
37.611926 187.30295570889632
37.644048 179.24870673055239
37.676017 170.49060288015622
37.707977 168.89829227746714
37.739926 172.36687424813124
37.771907 182.51368050673517
37.79375 194.20074133505656
37.825695 197.5720557635532
37.857592 185.32565965342644
37.889984 173.96491919456153
37.922095 172.68328535554602
37.954122 151.49850887294414
37.98596 180.45159231078117
38.018422 183.07931765713627
38.050547 177.0346381301042
38.08248 187.064333781965
38.114343 194.66293054822683
38.146169 174.19623622411734
38.17801 187.75258064855794
38.20988 194.0452668145601
38.241739 186.96837513631408
38.273679 202.31938120577104
38.305812 202.9130522493444
38.337705 148.3398279075773
38.524281 185.97728317652903
38.556571 174.52333682272678
38.588613 150.34811389140197
38.74466 154.97934029584584 1
38.901197 158.0652568450233
39.057565 249.7578232262896 1
39.213964 240.29347796704147
39.246176 220.35012847179735
39.288436 274.68027453971024
39.444592 220.74605817898257
39.476685 222.76121360496634
39.498406 221.08108498991226
39.530299 207.68379357414702
39.562157 231.09628519249648
39.594277 213.44966876716754
39.626178 159.81382278036355 1
39.792442 185.19787548475364
39.824639 175.8732231061545 1
40.03198 107.34786123722897
40.188221 131.8883347899851 1
40.35462 82.97414419575185 1
40.521082 139.24146908340933
40.677365 222.99410587789976
40.709407 250.87379193127435
40.741365 249.98620968498884
40.773215 229.06867507725124
40.805223 236.55139282257196
40.837056 221.75761025352654
40.868823 213.8605360674438
40.901048 217.97649366037015
40.933139 228.99353083266234
40.965044 243.58823614590423
40.99703 241.55822122652282
41.02897 208.484316073751
41.060849 220.03145808563738
41.092766 220.3095076695633
41.124641 229.8694022276055
41.156549 226.73916742093763
41.188334 249.7301741858704
41.220307 217.59890046316588
41.252157 222.83369525938784
41.284117 215.43805650214355
41.316287 204.5415052248444
41.348063 192.62059585369025 1
41.494062 196.28034611618475 1
41.650356 204.41696456754366
41.682553 199.0016470883115
41.71456 202.94298802372296
41.746435 172.5135956688912
41.902659 245.32105296614662
41.934918 209.35913421464144
41.987497 205.5403128449784
42.019493 231.57644683315024
42.051429 234.2260810924724
42.083459 228.08018739590037
42.115652 223.43310645678395
42.147719 212.20009732234644
42.179752 179.09030353770848
42.34619 243.47498018281976
42.378452 233.09822842864997
42.410348 225.27872410887306
42.442335 211.97119449546636
42.474286 199.31503387525723
42.630579 268.2592667252047
42.662695 268.01385878377226
42.694515 241.54301333170213
42.716158 233.3244182936614
42.748071 223.04437702858175
42.779933 210.78191537555495
42.811808 221.45079356234731
42.843723 249.42766993761043
42.875752 251.82362769469006
42.907905 230.404011700794
42.950248 238.9971317386813
42.982224 235.55552628632762
43.014181 239.9952840384351
43.046179 247.98010931656603
43.078093 273.8500172823656
43.109865 259.08248010083395
43.141695 260.8151492605767
43.173615 239.5781842148624
43.205673 217.33186768016793 1
43.362589 172.88518884342224
43.519499 234.12537893221202
43.551751 209.9904428161835 1
43.707896 124.91598428778642 1
43.864507 110.84126227032309 1
44.03187 101.10160011109986
44.188793 203.20837196979733 1
44.345927 139.93690662517923 1
44.492432 105.83704511638301 1
44.649089 48.61801611519089 1
44.8061 37.097342351970404 1
44.963188 17.329359520695036
45.12024 176.15640871607235 1
45.29759 101.64827215756493
45.454372 161.45931637702844
45.611389 312.46819742404097
45.64367 291.7629663971632
45.676012 273.60391907829086
45.708319 275.9079311557291
45.740571 313.8784394147176
45.772804 314.91692532408257
45.805073 330.5848640948768
45.837252 302.7989580866683
45.869466 243.74049175370445 1
46.026741 90.03974668674766 1
46.203868 46.16110486173231
46.360978 191.19788304842933
46.517899 209.69062283675606 1
46.67478 146.53395286043764
46.831714 325.7142277206621
46.864121 293.77740383852176
46.896528 232.4883792996592
47.053501 271.70244979113846 1
47.21035 113.32938815800925 1
47.367447 39.969128043662536
47.524848 360.358440239587
47.55718 359.3410491908658
47.589518 300.37770321311245
47.62189 265.1667925198774
47.768541 271.8025407391541 1
47.925743 112.40978138891548
48.082586 267.639165553926 1
48.239191 95.63181440885387 1
48.477735 35.63193153694923
48.655037 150.91993520071813 1
48.812094 77.35497939770735 1
48.969315 40.86801777651367
49.126077 245.27103804547207 1
49.282967 76.70531426721759
49.439774 181.09607507647638 1
49.596539 61.13011301130113 1
49.753183 17.846182127843637
49.909997 113.88407728181213
50.08718 179.81108233706075
50.244369 132.3275262506149 1
50.401252 29.198858372713236
50.547853 139.86953984125722 1
50.7048 29.950144839152312
50.861978 133.41147016038488 1
51.019168 29.047270593141146
51.176101 151.03203625938306
51.333075 148.39969146934948
51.490589 159.7201850389259 1
51.668525 29.92629332249213
51.825992 118.19138011513927
51.983645 108.02938747119941
52.161951 161.13690408787227 1
52.319365 36.80640426261098
52.466892 190.18305309368012 1
52.634583 62.112173128944995
52.791719 118.09275980034771 1
52.94933 33.40657706864901
53.096684 194.58751385904156 1
53.254105 38.22053233511882 1
53.411606 7.043018157497089
53.568663 138.3641234387503 1
53.736114 28.6320178161177
53.924124 198.43100202233646
54.081404 183.4289898793914
54.238564 138.04627481970556 1
54.395826 27.599548449967678
54.542948 161.52423999874443
54.812018 138.03326047992496 1
54.969367 31.13358169238957
55.126712 195.04468631094596
55.284225 137.76965976395314
55.441337 170.5386090189361
55.608804 173.9356829468203 1
55.765891 37.96887498070473 1
55.923354 9.234294498125633
56.080619 181.91769446357966 1
56.247858 34.64848271350209 1
56.405202 6.523310395608084
56.562221 173.86088177467607 1
56.719278 60.61305755595021 1
56.866132 13.857885109176207 1
57.033198 3.5196300645775005
57.19016 188.94432249052085
57.347332 166.35182788700382
57.504317 216.49699652228895 1
57.671348 41.17065639294115 1
57.818182 10.358729905171288
57.975417 170.5635178844129
58.132891 243.5593638035298 1
58.290023 63.900899228096236 1
58.447394 13.812637789519254
58.604534 191.07467141341675
58.761817 184.64416301426255
58.949822 201.94126526166957 1
59.107131 38.62966834552884
59.264288 224.51690132816506
59.421437 168.18718766467455
59.57889 206.99260520841614
59.736386 241.34160574973893 1
59.914433 64.71677351764853 1
60.071761 13.34206322469871
60.229115 214.25167582679416 1
60.386618 56.9206499254194
60.543852 213.84572438820135 1
60.71132 49.72492838329434 1
60.878341 10.84023878524422 1
61.034864 2.9083638852292606
61.19172 251.53807362581946
61.348963 181.67415500102456
61.505761 233.84061915694303 1
61.652704 58.97928428917095
61.809965 229.69866677811677
61.967312 267.51248966682243
62.1246 227.20922160613918 1
62.281849 42.15287112253976 1
62.438342 10.971054825697998
62.594846 307.8713733486258 1
62.751363 68.3010740798448
62.928144 259.8556801612202
63.085219 264.4258573512529 1
63.241784 50.81040556768197 1
63.398147 11.370745033604212
63.554604 215.94204584547222
63.721484 314.6998603150333 1
63.878006 72.87691873057726
64.024597 311.861620140435 1
64.19139 69.57990796858378
64.34817 319.3028696157062 1
64.515048 91.09617288023753
64.671676 239.10741798161385 1
64.838403 45.52110305661154 1
65.015416 8.473854039723035
65.172339 273.9723726044427 1
65.329004 58.74322352898798
65.485667 385.1679595833748 1
65.642345 81.70029595991882
65.799202 325.975453234069 1
65.976599 66.87854443886108 1
68.183398 37.27792570605439 1
68.339887 9.671515762834199 1
68.496808 2.250900360144058 1
68.643093 0.4360227644047489 1
68.799702 0.1236136740925193 1
68.956551 0.025490233909370434
69.113124 365.65870220414683
69.269632 401.1525363564765
69.426139 366.4788557984026
69.582723 298.7836456284498
69.729035 347.2295428928227 1
69.885808 87.90513963819707 1
70.042373 21.357886756314592 1
70.198745 4.104249863511168
70.35519 372.55714980288815
70.582849 270.6165612312341 1
70.739227 54.588984304468674 1
70.895998 14.026224437861329 1
71.052753 3.1707115244373014 1
71.280635 0.6485713282277359 1
71.437497 0.14268961583493991 1
71.59448 0.042043672821502176 1
71.832703 0.008907709296672246
72.010288 312.4851628786214
72.198381 424.5507767514292 1
72.386138 96.98897370653097 1
72.54295 21.965415382513893
72.699373 414.25402812112213 1
72.94808 93.45777911021564 1
73.319082 19.200171006334845
73.47626 437.07408942898036 1
73.684441 105.76570181771251 1
73.994629 23.409144602984643
74.212844 448.47345934421537
74.379967 340.47366649575497 1
74.53717 78.9327219266312 1
74.694389 28.92227196858796 1
74.932988 6.019115319019296
75.293385 306.42139915428163 1
75.460372 69.95765716612762
75.932499 814.6188404282926
75.964683 994.0831322658477
75.996725 1048.6292782181267
76.028778 1177.5221052118773
76.061159 1363.0278480060904
76.093359 1365.756820082421
76.135744 1340.7044058182169
76.188216 1281.4072216596776
76.22049 1257.8781749487393
76.272827 1237.2883958782309
76.305023 1171.0431968372707
76.357511 1033.7250362454683
76.389425 973.8802963313152
76.421519 957.6563750518367
76.453512 916.5767100396653
76.485507 901.2095270764046
76.517538 879.1310578442059
76.549632 846.4834917251419
76.581575 810.5956356051096 1
76.738038 177.66550693389522 1
76.894681 39.7295129391963
77.183727 297.6036105344365
77.330169 522.1273485812953 1
77.486649 119.10413113070847 1
77.653522 26.823843751806603
77.799833 372.0557979304135 1
77.987104 90.52861701704312 1
78.235525 20.30602617221151
78.391953 369.9924070332208
78.609909 395.336211796042 1
78.878947 85.5787070701729
79.035711 402.3342705121717
79.202825 359.6708270601344 1
79.542896 73.65412240669983
79.719654 438.1310804691038
79.876461 287.6679940500459
80.277403 485.0891193028476 1
80.617833 95.55072972802952 1
81.283648 16.629078323797117 1
81.491385 3.8236135084175875
81.963515 10.851216401898425
82.120408 595.6938216799024 1
82.277247 127.6076822301876
86.735543 283.79744058029 1
86.881916 62.30434437656553
87.069205 456.835748991528
87.225956 431.87293458792664
87.382415 354.64895297597127
87.53849 481.4759979500028
87.735271 390.85699426542925 1
87.891697 82.46562269841245
88.05825 422.96355112740247 1
88.214714 87.22967385143633 1
88.371129 26.32854689928989 1
88.537878 5.362927368187228
88.724903 479.2366759053115 1
88.881513 113.28419688718493 1
89.038044 27.978860303479934
89.255816 501.0923108067074 1
89.412132 129.22539806838944 1
89.670361 23.807949408483214
89.827041 440.8143533009754
91.048962 434.61917324305654 1
91.205777 115.3342307045165 1
91.362411 26.113919986067494
91.519139 624.5195210111647 1
91.696185 116.17962321659074 1
91.852377 31.179101410290585 1
92.019326 6.290921317758805
92.166135 593.2266500786326 1
92.353685 113.9484631851044
92.510222 551.471552632102 1
92.666639 118.92468694556581 1
92.822953 39.42016814362439
92.97943 403.2222298537045
93.135954 535.4847710253456 1
93.292245 142.98022364654904
93.479373 516.0042182248557
93.635814 550.7515593578513
93.782028 528.5688917192772 1
93.938538 107.8933553322334 1
94.094954 25.626600196654966 1
94.251261 6.203758750908438 1
94.407635 1.4699267752738832
94.564149 478.3990076074987
94.730884 557.6115938320376
94.887339 566.8056722319196 1
95.043866 157.5338060778239
95.190131 525.8865961995637 1
95.346794 122.72654561889503
95.502999 449.37948501477416 1
95.659248 141.65087711828323 1
95.815778 33.907363571736155 1
95.972275 6.98207581026656
96.158955 726.5474530787889 1
96.315449 149.04776599731082
96.471837 656.2676792130679 1
96.618075 186.35322926586412 1
96.784488 40.43109165172045 1
96.940746 11.062387110608922 1
97.086975 2.793373775421799
97.253538 663.4356821848709 1
97.409962 155.40984746022875 1
97.566243 43.305593306238926 1
97.722396 7.974900486510394
97.878792 620.6681869527383
98.035094 678.8740176817289 1
98.191351 183.15104267313012
98.347965 576.7653957238947
98.504177 735.6674162423742 1
98.660426 174.7281208122874 1
98.806434 38.0127401533483
98.962802 746.7811815077221
99.11921 814.7323376556938 1
99.2754 189.9334659711134 1
99.431822 49.856436562491716 1
99.588368 13.382561593652722 1
99.765095 3.650621038951176
99.921411 587.5272236623314