7e-06 0.01079
0.235775 0.018622
0.277084 0.025758
0.308091 0.03272
0.339223 0.03768
0.37029 0.042119
0.402559 0.046296
0.433752 0.049515
0.464898 0.053083
0.495941 0.100772
0.527022 0.101555
0.559281 0.102512
0.590295 0.106428
0.621354 0.102773
0.652426 0.106515
0.734445 0.118612
0.766776 0.124877
0.798034 0.131839
0.82908 0.142717
0.860087 0.151854
0.901411 0.159686
0.933639 0.160557
0.964797 0.160905
0.995883 0.14115
1.026956 0.165517
1.058007 0.164124
1.090208 0.161253
1.12129 0.156815
1.152466 0.162558
1.183647 0.159425
1.214858 0.16395
1.247112 0.167779
1.278207 0.17596
1.309301 0.183444
1.340381 0.174132
1.37143 0.173175
1.403712 0.171521
1.434844 0.174132
1.465914 0.17596
1.497025 0.174219
1.528224 0.177526
1.560524 0.178483
1.591722 0.179092
1.623006 0.180746
1.654276 0.181442
1.685444 0.179963
1.717801 0.184053
1.748856 0.189535
1.779951 0.183792
1.811001 0.189361
1.842178 0.18588
1.874441 0.185619
1.905571 0.18675
1.936702 0.186228
1.967767 0.182834
1.998958 0.18501
2.031118 0.185706
2.062172 0.182399
2.093264 0.184836
2.124392 0.186054
2.155655 0.188404
2.188032 0.181964
2.219205 0.187969
2.25039 0.188578
2.281541 0.186315
2.31276 0.179789
2.345206 0.181616
2.376455 0.189883
2.407622 0.18997
2.438796 0.19145
2.470029 0.191537
2.502461 0.192059
2.533657 0.193712
2.564847 0.194495
2.595964 0.193364
2.627153 0.195192
2.659465 0.196584
2.690628 0.190318
2.721862 0.196932
2.753095 0.19641
2.784325 0.197628
2.816707 0.197628
2.847905 0.197889
2.879074 0.199195
2.910202 0.196671
2.941303 0.198324
2.973711 0.189187
3.005014 0.194844
3.036182 0.190405
3.067395 0.201457
3.098621 0.204938
3.13099 0.201109
3.162164 0.200674
3.193391 0.201892
3.224617 0.199978
3.255795 0.203546
3.2881 0.192842
3.320354 0.191624
3.352592 0.200587
3.384948 0.199195
3.41733 0.197889
3.448539 0.200152
3.479655 0.201283
3.510825 0.201631
3.541962 0.200848
3.574251 0.203024
3.605403 0.205112
3.636576 0.204764
3.667718 0.205373
3.698939 0.206766
3.731366 0.207462
3.762441 0.209202
3.793515 0.211117
3.814344 0.207114
3.845481 0.209115
3.877733 0.208767
3.908833 0.208593
3.939974 0.205982
3.971197 0.208419
4.002482 0.209724
4.03479 0.205373
4.066002 0.209898
4.097174 0.211465
4.12833 0.21103
4.159487 0.211813
4.191766 0.211552
4.222979 0.208071
4.254163 0.214163
4.285292 0.217208
4.316483 0.213292
4.348849 0.21512
4.379942 0.213205
4.411065 0.213379
4.442158 0.209985
4.473343 0.213031
4.50564 0.213901
4.536793 0.209115
4.567966 0.20781
4.59913 0.209376
4.630298 0.208854
4.662666 0.211726
4.693798 0.216164
4.724992 0.217643
4.756107 0.213466
4.78725 0.218166
4.819482 0.218949
4.850602 0.214859
4.881677 0.21921
4.91275 0.217992
4.943856 0.218601
4.976088 0.220254
5.007253 0.219471
5.038248 0.212857
5.069288 0.217469
5.100411 0.217208
5.13261 0.218862
5.163758 0.215207
5.194859 0.21773
5.225943 0.21921
5.257045 0.218253
5.289264 0.216686
5.320466 0.217992
5.341431 0.218253
5.372524 0.215294
5.403625 0.217121
5.435874 0.21599
5.46811 0.211726
5.499176 0.216425
5.530237 0.218079
5.561251 0.21834
5.592387 0.217208
5.624527 0.219384
5.655607 0.21834
5.686751 0.224866
5.717926 0.220863
5.749097 0.220428
5.781475 0.222082
5.81266 0.223822
5.843806 0.220254
5.874867 0.221472
5.905926 0.219993
5.938143 0.22008
5.969238 0.21773
6.000429 0.213118
6.03158 0.210943
6.062765 0.213205
6.095033 0.221124
6.126119 0.221298
6.157197 0.224257
6.188363 0.223561
6.219465 0.220428
6.251729 0.227651
6.282843 0.219471
6.314014 0.215729
6.345289 0.215294
6.3765 0.205982
6.408774 0.211813
6.439746 0.213205
6.470794 0.213466
6.501848 0.211378
6.532927 0.217295
6.565135 0.216599
6.597145 0.226955
6.628464 0.227477
6.659586 0.207636
6.690708 0.214946
6.721811 0.218601
6.754034 0.216599
6.785112 0.215729
6.816271 0.215642
6.84741 0.212248
6.878494 0.21686
6.910702 0.214337
6.942824 0.223126
6.975028 0.226259
7.007222 0.226172
7.03926 0.229653
7.061047 0.228956
7.093011 0.234004
7.125056 0.231219
7.156115 0.22974
7.187204 0.233308
7.218265 0.233221
7.249406 0.236005
7.281643 0.236701
7.302648 0.234526
7.333716 0.241575
7.364887 0.243141
7.39614 0.240356
7.428438 0.239921
7.459548 0.243228
7.490598 0.245143
7.521695 0.240095
7.552792 0.24053
7.585119 0.237224
7.606047 0.233395
7.637225 0.234004
7.668317 0.236876
7.699333 0.236092
7.731539 0.230871
7.772853 0.23792
7.803855 0.238877
7.834946 0.238703
7.876335 0.23966
7.908639 0.247144
7.939741 0.24375
7.970812 0.2347
8.001939 0.23705
8.033095 0.238442
8.065421 0.245491
8.096636 0.245665
8.127835 0.237137
8.159061 0.247666
8.190268 0.247144
8.222541 0.240269
8.253597 0.23792
8.284707 0.248275
8.315725 0.25341
8.346872 0.247057
8.379149 0.25019
8.410236 0.253584
8.44139 0.250451
8.472445 0.252366
8.503523 0.253845
8.535858 0.256891
8.556755 0.25515
8.587862 0.257761
8.618831 0.258631
8.649864 0.258631
8.68208 0.261242
8.71314 0.258457
8.744288 0.260198
8.77533 0.262808
8.806429 0.266463
8.838636 0.267333
8.8697 0.26803
8.900732 0.269248
8.931752 0.265854
8.962796 0.267246
8.994977 0.264288
9.02618 0.261068
9.057184 0.256282
9.088346 0.259937
9.119461 0.262112
9.151725 0.262982
9.182915 0.261851
9.203855 0.264549
9.234942 0.264897
9.26611 0.265332
9.298348 0.261764
9.329417 0.261242
9.360469 0.256978
9.391471 0.268552
9.422481 0.269857
9.454664 0.269161
9.485729 0.267769
9.516734 0.268726
9.547759 0.260111
9.578828 0.268204
9.611038 0.270205
9.642094 0.274034
9.673176 0.26977
9.704324 0.272033
9.735491 0.272816
9.76778 0.270118
9.798854 0.273947
9.829925 0.274382
9.861044 0.27212
9.892119 0.274991
9.924281 0.278733
9.955307 0.277428
9.986303 0.277689
10.017454 0.279169
10.048559 0.278646
10.080818 0.279604
10.112006 0.279604
10.143084 0.281692
10.174375 0.280561
10.205501 0.277776
10.237915 0.282388
10.269061 0.281257
10.300121 0.279952
10.331209 0.279256
10.362357 0.276297
10.394735 0.277341
10.425935 0.28204
10.457031 0.281779
10.488186 0.275775
10.519313 0.281083
10.551549 0.280561
10.582551 0.276732
10.613558 0.278646
10.644588 0.280909
10.675645 0.276645
10.707783 0.278385
10.738855 0.279865
10.769947 0.281344
10.801012 0.276732
10.821839 0.281692
10.854053 0.287784
10.88513 0.279604
10.916218 0.281605
10.947277 0.284303
10.978392 0.283259
11.010631 0.283781
11.041919 0.285782
11.072971 0.287175
11.10409 0.287436
11.135272 0.284303
11.167604 0.285695
11.199721 0.288654
11.230809 0.289785
11.261968 0.291091
11.293059 0.290569
11.324132 0.289437
11.356364 0.291787
11.387395 0.291004
11.408403 0.292744
11.439502 0.290395
11.470586 0.292309
11.502982 0.284912
11.534079 0.288132
11.565234 0.292396
11.596354 0.289524
11.627512 0.287175
11.659696 0.291874
11.690826 0.290569
11.711769 0.278646
11.742976 0.29022
11.774087 0.294224
11.806393 0.285695
11.837655 0.290482
11.868728 0.29022
11.899884 0.272729
11.93107 0.284912
11.963296 0.27125
11.995219 0.278385
12.026315 0.266463
12.057386 0.269596
12.088507 0.278211
12.119592 0.288828
12.15179 0.278733
12.182924 0.279691
12.21413 0.285434
12.245274 0.258196
12.276453 0.262112
12.308744 0.276558
12.339904 0.267072
12.371163 0.27125
12.402482 0.2689
12.433827 0.27064
12.466402 0.26568
12.497807 0.268117
12.529187 0.268204
12.560559 0.28352
12.591939 0.2689
12.624434 0.265506
12.655781 0.279169
12.687136 0.285782
12.718547 0.279778
12.749882 0.280996
12.782322 0.284129
12.814872 0.287349
12.847082 0.288393
12.878162 0.268552
12.909248 0.26803
12.9506 0.287175
12.981736 0.299271
13.014044 0.292309
13.045342 0.279343
13.076458 0.272468
13.107553 0.282127
13.138679 0.283955
13.170952 0.280735
13.202008 0.259066
13.233113 0.267856
13.26416 0.258544
13.29526 0.25428
13.327404 0.264375
13.359557 0.270814
13.390767 0.278733
13.421931 0.281257
13.453044 0.278559
13.484235 0.300402
13.516453 0.30806
13.547657 0.307538
13.578823 0.304231
13.610008 0.31302
13.641321 0.30954
13.673708 0.305449
13.704845 0.311019
13.735924 0.307799
13.767063 0.30632
13.798208 0.286478
13.830527 0.29492
13.862768 0.29814
13.893919 0.301707
13.924964 0.300663
13.956007 0.299706
13.987062 0.30484
14.019244 0.307538
14.050498 0.301359
14.081666 0.301011
14.112804 0.297617
14.144085 0.308582
14.176528 0.313717
14.207707 0.305885
14.238843 0.30632
14.269946 0.310149
14.290839 0.295616
14.323094 0.302926
14.354203 0.302404
14.385339 0.310323
14.416509 0.308669
14.457878 0.310236
14.490134 0.312672
14.522309 0.32181
14.55343 0.302491
14.584484 0.307364
14.61557 0.309365
14.646639 0.314152
14.678983 0.315457
14.710048 0.30632
14.741188 0.311802
14.772451 0.315022
14.80363 0.307799
14.836053 0.298053
14.867242 0.308147
14.898463 0.301098
14.929847 0.306407
14.960985 0.310323
14.993401 0.308147
15.024565 0.297182
15.055856 0.305885
15.086997 0.319199
15.118224 0.331469
15.150525 0.327988
15.181689 0.311454
15.212852 0.332688
15.243981 0.334428
15.275198 0.32503
15.307593 0.321288
15.3387 0.324681
15.369862 0.333123
15.400983 0.329207
15.432113 0.327031
15.464476 0.331556
15.495677 0.332514
15.526699 0.325813
15.557752 0.333297
15.588874 0.329468
15.62121 0.331208
15.652322 0.339388
15.683446 0.327205
15.714557 0.337126
15.745692 0.339301
15.777959 0.342869
15.808977 0.307973
15.839991 0.33086
15.870976 0.329555
15.902076 0.330077
15.934334 0.326509
15.965417 0.330773
15.996464 0.331295
16.027529 0.331208
16.058681 0.333993
16.090947 0.333558
16.12205 0.342521
16.15324 0.34548
16.184455 0.346002
16.215704 0.328946
16.24822 0.343304
16.269282 0.339823
16.300402 0.337648
16.331544 0.341129
16.362606 0.341999
16.394916 0.341825
16.426009 0.334428
16.457173 0.317023
16.48829 0.343304
16.519384 0.331469
16.592506 0.35044
16.623614 0.347133
16.654717 0.346089
16.685889 0.346437
16.717063 0.31128
16.779961 0.324507
16.811126 0.324159
16.84221 0.294659
16.873284 0.306842
16.90444 0.298401
16.93682 0.303013
16.967923 0.297878
16.999015 0.305711
17.030166 0.309278
17.061429 0.333732
17.093704 0.337735
17.124863 0.353834
17.155977 0.361318
17.187139 0.366801
17.218331 0.361753
17.250578 0.368802
17.28164 0.368715
17.312757 0.369585
17.343869 0.354182
17.375038 0.367497
17.407284 0.368715
17.438424 0.363146
17.469571 0.367758
17.500722 0.370281
17.531884 0.36271
17.564111 0.367758
17.595211 0.369063
17.626336 0.368889
17.657439 0.369672
17.688587 0.372457
17.720877 0.370194
17.751969 0.374284
17.783042 0.340781
17.834577 0.376199
17.865705 0.376808
17.897969 0.375155
17.929142 0.379158
17.960321 0.37559
17.981204 0.370368
18.032742 0.367149
18.065106 0.314152
18.106417 0.322941
18.137557 0.323724
18.168767 0.324769
18.199937 0.309365
18.232263 0.318677
18.253308 0.322245
18.28446 0.30893
18.315589 0.284651
18.356956 0.313804
18.389347 0.35923
18.420426 0.359839
18.451535 0.366191
18.482671 0.362275
18.513801 0.361492
18.546094 0.357228
18.577178 0.34052
18.608311 0.286391
18.710752 0.301882
18.752231 0.327727
18.784484 0.341912
18.81554 0.34226
18.846537 0.348004
18.877617 0.358968
18.908749 0.274295
18.97158 0.296834
19.002715 0.274904
19.033946 0.287262
19.065131 0.278995
19.096304 0.270118
19.128659 0.270031
19.16094 0.272729
19.192086 0.277341
19.223225 0.287784
19.254374 0.366801
19.285477 0.360361
19.317806 0.371065
19.348903 0.375329
19.379988 0.367845
19.411056 0.382987
19.442128 0.386903
19.474467 0.369411
19.505558 0.378636
19.536643 0.389165
19.567752 0.390906
19.598865 0.38464
19.631042 0.391776
19.662145 0.395257
19.693206 0.383335
19.724306 0.390558
19.755481 0.397084
19.787817 0.3943
19.818935 0.396736
19.850028 0.400652
19.881108 0.393168
19.902042 0.397171
19.934244 0.400826
19.965319 0.399173
19.996383 0.396214
20.027461 0.40335
20.058537 0.409442
20.090842 0.403872
20.121939 0.401262
20.153104 0.405613
20.184325 0.407266
20.215579 0.407614
20.248007 0.410573
20.279308 0.411704
20.310474 0.406483
20.341779 0.405265
20.373028 0.4124
20.40541 0.411356
20.436623 0.413445
20.467786 0.415098
20.49895 0.410573
20.530112 0.414663
20.562478 0.4171
20.593705 0.409529
20.624871 0.418927
20.656014 0.422495
20.687241 0.421886
20.719623 0.415707
20.750896 0.415272
20.771797 0.418492
20.803012 0.411704
20.834252 0.412313
20.86664 0.416665
20.897777 0.412836
20.928903 0.413097
20.960029 0.410399
20.991251 0.412749
21.023536 0.411617
21.054731 0.415272
21.085976 0.422495
21.117139 0.405178
21.138094 0.410834
21.170556 0.411008
21.201781 0.416055
21.233014 0.415794
21.264186 0.415794
21.29544 0.415881
21.327716 0.415794
21.35878 0.413358
21.390009 0.418666
21.410999 0.419797
21.442214 0.421016
21.474469 0.417448
21.505609 0.423365
21.53679 0.412226
21.567918 0.412749
21.599099 0.426846
21.631556 0.4285
21.662764 0.424497
21.693963 0.429196
21.725166 0.419188
21.756421 0.424149
21.788936 0.424584
21.820081 0.412662
21.851196 0.411965
21.882293 0.416491
21.913474 0.416404
21.945884 0.417796
21.977113 0.415968
22.008378 0.420842
22.039506 0.425889
22.070621 0.42528
22.103023 0.430327
22.134148 0.438594
22.165374 0.439726
22.196565 0.438768
22.227766 0.439813
22.260091 0.442423
22.291174 0.443555
22.322298 0.444251
22.353374 0.442162
22.38451 0.447732
22.416871 0.449994
22.44794 0.438855
22.479004 0.441727
22.510203 0.439378
22.541296 0.438159
22.573701 0.439813
22.604829 0.444425
22.63601 0.432416
22.667163 0.436158
22.698333 0.438333
22.73068 0.443207
22.761799 0.443294
22.792932 0.439378
22.824054 0.448602
22.855197 0.441379
22.887435 0.445034
22.918462 0.448602
22.94943 0.448515
22.980471 0.448428
23.011507 0.449298
23.043704 0.373588
23.11658 0.370281
23.199528 0.407875
23.231554 0.359926
23.313544 0.396997
23.3446 0.342782
23.375587 0.347307
23.406615 0.358359
23.438779 0.340433
23.469875 0.339562
23.500954 0.322158
23.531957 0.328423
23.562971 0.333645
23.595024 0.326857
23.626077 0.312498
23.657173 0.37411
23.678083 0.386207
23.709138 0.3896
23.741431 0.400478
23.772605 0.40335
23.803674 0.409964
23.83474 0.417883
23.865744 0.424584
23.897914 0.431371
23.929007 0.442336
23.960042 0.449646
23.991097 0.452431
24.022145 0.443032
24.05427 0.452344
24.085283 0.4627
24.116405 0.462874
24.147473 0.464353
24.178564 0.462003
24.210741 0.460263
24.24177 0.462177
24.272783 0.465223
24.303798 0.451735
24.334801 0.460959
24.366967 0.463048
24.398018 0.458871
24.429138 0.461655
24.460236 0.464092
24.491255 0.457043
24.523519 0.460524
24.554593 0.462874
24.585577 0.466094
24.616705 0.464788
24.647725 0.461481
24.679919 0.467312
24.710985 0.46853
24.741943 0.467225
24.773036 0.472011
24.804057 0.466094
24.836148 0.470706
24.867176 0.472968
24.898183 0.455999
24.929246 0.451039
24.960331 0.456956
24.992384 0.457739
25.02342 0.453127
25.054383 0.45713
25.085456 0.460263
25.116611 0.460698
25.14884 0.453475
25.179947 0.465397
25.211107 0.478451
25.24223 0.467747
25.273344 0.478886
25.305649 0.478712
25.336878 0.478364
25.367934 0.482454
25.399043 0.483846
25.430156 0.465919
25.462385 0.47262
25.493462 0.473316
25.524495 0.470532
25.555579 0.4694
25.586657 0.473664
25.618958 0.472272
25.65009 0.472272
25.681255 0.48228
25.71243 0.486805
25.743562 0.485674
25.77594 0.488719
25.807252 0.486283
25.838375 0.488197
25.869462 0.483324
25.900631 0.490982
25.932965 0.490112
25.964076 0.486892
26.025666 0.490547
26.056751 0.493506
26.0879 0.492635
26.120287 0.493419
26.151487 0.446861
26.182681 0.455738
26.213874 0.460176
26.245112 0.461307
26.277477 0.413967
26.308758 0.419797
26.339958 0.423452
26.371115 0.416752
26.402315 0.421799
26.434752 0.454955
26.465808 0.446513
26.496917 0.45391
26.528072 0.456347
26.559271 0.491678
26.591602 0.497335
26.622762 0.498205
26.653949 0.496029
26.685116 0.498988
26.70609 0.501425
26.738407 0.485848
26.769524 0.488458
26.80061 0.489764
26.831693 0.490286
26.862768 0.489155
26.894999 0.48811
26.926036 0.491765
26.95713 0.490199
26.988168 0.482193
27.019362 0.477842
27.051632 0.487501
27.082707 0.501425
27.113824 0.504471
27.144932 0.503078
27.176116 0.508474
27.20844 0.492635
27.239588 0.504645
27.270745 0.484803
27.301902 0.489068
27.332977 0.496639
27.365292 0.496029
27.396459 0.493854
27.427581 0.496464
27.458772 0.49629
27.489916 0.472533
27.52218 0.477494
27.55325 0.487849
27.584339 0.489851
27.615597 0.488371
27.646698 0.490634
27.679055 0.491156
27.710236 0.494289
27.741382 0.499597
27.772484 0.507168
27.803593 0.512912
27.835839 0.515871
27.866854 0.506211
27.897915 0.514217
27.928985 0.506211
27.960161 0.511171
27.992483 0.513695
28.023549 0.509605
28.054656 0.512738
28.085755 0.513695
28.116934 0.513086
28.149268 0.522658
28.180493 0.516045
28.211681 0.483585
28.242783 0.495333
28.273861 0.496726
28.30611 0.491852
28.337145 0.496377
28.368222 0.497509
28.399269 0.498031
28.430489 0.495159
28.462752 0.5083
28.493858 0.515871
28.524977 0.522571
28.556092 0.525008
28.587279 0.525443
28.619728 0.527532
28.650846 0.528228
28.681932 0.526487
28.713073 0.527619
28.744295 0.532753
28.776663 0.528228
28.80782 0.530838
28.838932 0.537104
28.870065 0.539193
28.901163 0.533014
28.933359 0.532057
28.964472 0.533101
28.995588 0.533884
29.026733 0.534667
29.057933 0.531274
29.09026 0.533884
29.121537 0.531274
29.152721 0.535799
29.184003 0.535799
29.215371 0.541542
29.247737 0.539193
29.278912 0.543109
29.310095 0.501425
29.341322 0.515435
29.372563 0.515958
29.404955 0.515784
29.436175 0.512912
29.467394 0.514478
29.498655 0.516219
29.529894 0.515348
29.562208 0.514652
29.593415 0.533449
29.624764 0.5425
29.656017 0.54189
29.68719 0.545719
29.719501 0.544936
29.750831 0.541716
29.782051 0.547373
29.813264 0.546851
29.844401 0.546764
29.876784 0.548504
29.907982 0.541542
29.939249 0.540324
29.970448 0.539889
30.00169 0.536408
30.034074 0.527706
30.065297 0.536669
30.096612 0.538409
30.127835 0.5311
30.159075 0.53371
30.191561 0.545545
30.222887 0.542674
30.254153 0.544762
30.285365 0.540933
30.316594 0.53519
30.349034 0.543022
30.380264 0.544849
30.411413 0.545458
30.442505 0.549374
30.473732 0.544849
30.505919 0.549026
30.537237 0.549896
30.568326 0.552333
30.599414 0.556075
30.630486 0.556945
30.66283 0.558686
30.693919 0.556684
30.725051 0.5539
30.756104 0.559904
30.787262 0.562167
30.819543 0.563646
30.850709 0.562167
30.881873 0.559295
30.912957 0.563646
30.943976 0.533014
30.976227 0.537017
31.00726 0.538061
31.038278 0.540759
31.069372 0.536669
31.100599 0.538671
31.133058 0.542761
31.164281 0.543022
31.195486 0.54015
31.22672 0.563211
31.257845 0.568519
31.290229 0.563385
31.321405 0.571217
31.352547 0.565735
31.383667 0.56878
31.414811 0.571217
31.447007 0.570173
31.478091 0.571826
31.509168 0.574437
31.540274 0.569564
31.571349 0.574089
31.603623 0.574524
31.634808 0.575916
31.666014 0.567127
31.697411 0.572696
31.728593 0.574872
31.760921 0.572696
31.791955 0.573219
31.823046 0.57522
31.854168 0.573567
31.885205 0.573306
33.943271 0.616817
33.974378 0.617513
34.005477 0.615077
34.036617 0.619167
34.067881 0.619428
34.10023 0.617861
34.13136 0.620559
34.162548 0.609333
34.193778 0.623518
34.224929 0.625345
34.257285 0.615425
34.288397 0.620298
34.319417 0.622125
34.350428 0.62082
34.381495 0.623779
34.413682 0.612205
34.444979 0.612466
34.476114 0.604025
34.507183 0.606722
34.538255 0.588274
34.570382 0.595322
34.601368 0.595757
34.63234 0.595409
34.66342 0.594713
34.694479 0.603067
34.726677 0.603851
34.757823 0.536756
34.809374 0.586968
34.840583 0.546677
34.88192 0.55799
34.965137 0.611073
34.997255 0.577222
35.028346 0.554683
35.059369 0.512651
35.100664 0.5197
35.131687 0.495246
35.164064 0.515087
35.195247 0.458436
35.226424 0.442249
35.25752 0.44486
35.28863 0.45069
35.32085 0.444686
35.351941 0.457739
35.382967 0.517872
35.414087 0.511693
35.445187 0.511519
35.477394 0.479234
35.508471 0.562515
35.539537 0.571478
35.57055 0.569651
35.601777 0.5834
35.634002 0.591232
35.66509 0.597585
35.696125 0.602719
35.727149 0.609594
35.758281 0.598977
35.790545 0.545893
35.86239 0.60707
35.893444 0.606548
35.924538 0.529533
35.95571 0.587055
35.987869 0.556858
36.029046 0.596367
36.060083 0.601066
36.091204 0.473926
36.132579 0.476101
36.164973 0.468182
36.196232 0.476014
36.227379 0.476536
36.258519 0.469052
36.289592 0.464875
36.321777 0.452257
36.352902 0.460263
36.384006 0.492722
36.415151 0.589405
36.446435 0.592886
36.478817 0.595322
36.509842 0.596541
36.540839 0.601327
36.571884 0.609594
36.603039 0.604634
36.635455 0.611683
36.666676 0.613771
36.697781 0.607854
36.728945 0.612901
36.760116 0.615773
36.792415 0.604982
36.823404 0.598455
36.854472 0.603415
36.885474 0.546154
36.916553 0.565996
36.948692 0.520831
36.979724 0.562341
37.010746 0.523093
37.041823 0.55155
37.072979 0.549548
37.105227 0.53519
37.13632 0.554596
37.167506 0.475057
37.239399 0.484107
37.331676 0.478364
37.435266 0.558077
37.467315 0.528402
37.498403 0.511693
37.52945 0.51413
37.560583 0.387251
37.642799 0.387251
37.705559 0.383596
37.736627 0.304666
37.828846 0.432764
37.870147 0.439291
37.901352 0.384727
37.953921 0.418927
37.974788 0.475753
38.056756 0.38142
38.098087 0.376547
38.129296 0.368367
38.161742 0.358011
38.192955 0.373327
38.224176 0.356619
38.255375 0.37472
38.286598 0.382291
38.31896 0.388295
38.339814 0.393168
38.37097 0.49951
38.402059 0.523877
38.433123 0.529359
38.465302 0.537017
38.496371 0.526574
38.527484 0.541803
38.558574 0.529968
38.589747 0.562254
38.622073 0.585315
38.642991 0.598455
38.674015 0.604895
38.705246 0.609246
38.736398 0.610725
38.768586 0.599151
38.79969 0.609507
38.830667 0.56878
38.861765 0.572174
38.892948 0.571043
38.925079 0.572261
38.956082 0.567823
38.987184 0.557903
39.018196 0.558512
39.049264 0.568519
39.08149 0.577048
39.112611 0.607941
39.143697 0.61586
39.174941 0.615599
39.206131 0.622735
39.238542 0.618035
39.269618 0.610899
39.300745 0.613075
39.331753 0.610029
39.362888 0.612814
39.395007 0.613771
39.426167 0.610986
39.457328 0.612118
39.488484 0.607767
39.519515 0.612988
39.551792 0.615773
39.582856 0.61116
39.60373 0.619515
39.634801 0.615773
39.665896 0.622473
39.698152 0.624214
39.729211 0.627521
39.760388 0.617774
39.791451 0.615512
39.822616 0.62578
39.854815 0.613684
39.885852 0.620298
39.906718 0.624649
39.937879 0.620907
39.969074 0.625084
40.001297 0.624388
40.032379 0.630741
40.06344 0.619515
40.094504 0.629174
40.125595 0.628565
40.158042 0.630915
40.189367 0.628565
40.220689 0.625519
40.251953 0.631002
40.283197 0.62726
40.315525 0.627956
40.346574 0.623779
40.377732 0.617861
40.408858 0.616034
40.43998 0.617513
40.472267 0.583748
40.513548 0.595844
40.544693 0.607331
40.57585 0.625345
40.607072 0.622996
40.639442 0.629783
40.67055 0.622473
40.701709 0.619689
40.732892 0.623257
40.764068 0.553464
40.796355 0.561645
40.827454 0.553987
40.858489 0.547199
40.889551 0.550854
40.910435 0.545371
40.9427 0.547199
40.973856 0.560426
41.004973 0.563559
41.036026 0.596976
41.067139 0.627869
41.099448 0.638399
41.130569 0.640661
41.161728 0.64684
41.192973 0.636397
41.224157 0.640313
41.256543 0.647275
41.287609 0.643707
41.318695 0.64275
41.359961 0.644577
41.391177 0.639878
41.423511 0.637789
41.444426 0.644055
41.475473 0.63631
41.506511 0.641793
41.537687 0.608898
41.570157 0.546067
41.61161 0.533623
41.642802 0.497074
41.674021 0.493419
41.705246 0.473055
41.737636 0.439378
41.768766 0.43259
41.799845 0.442771
41.831031 0.48637
41.862132 0.561035
41.894338 0.543196
41.925426 0.503774
41.956552 0.491243
41.987618 0.494637
42.01873 0.489242
42.050988 0.445034
42.082047 0.445817
42.113069 0.426063
42.144157 0.386468
42.175305 0.421451
42.207765 0.457826
42.23884 0.472359
42.269898 0.500468
42.300976 0.51413
42.332091 0.553638
42.364361 0.584532
42.395454 0.602023
42.426555 0.613858
42.457605 0.620472
42.488687 0.633351
42.520991 0.636919
42.552042 0.643272
42.583085 0.648841
42.614134 0.646492
42.645251 0.652583
42.667343 0.645622
42.698427 0.655542
42.729496 0.65093
42.760621 0.65415
42.791797 0.661808
42.824033 0.642663
42.855167 0.645534
42.886254 0.645012
42.917341 0.646405
42.948452 0.649625
42.970471 0.645709
43.001464 0.646144
43.03248 0.64858
43.063449 0.630828
43.114877 0.669118
43.147014 0.667899
43.178119 0.646927
43.209318 0.616382
43.250635 0.651104
43.281775 0.656151
43.313916 0.653628
43.344974 0.578353
43.386219 0.585663
43.417227 0.586707
43.448303 0.590449
43.480549 0.600805
43.511587 0.588274
43.54264 0.590188
43.563473 0.588361
43.59453 0.589318
43.626732 0.608115
43.657756 0.661112
43.688855 0.610812
43.719934 0.621255
43.751064 0.645534
43.783424 0.657283
43.814562 0.585315
43.876157 0.657021
43.907286 0.654933
43.93835 0.659545
43.970569 0.610899
44.001668 0.616556
44.032814 0.614032
44.063885 0.616295
44.095071 0.494202
44.137748 0.497683
44.168833 0.491939
44.200038 0.482454
44.231098 0.500468
44.262167 0.54598
44.294338 0.511955
44.325376 0.514826
44.356446 0.525791
44.387552 0.531274
44.418718 0.544588
44.440973 0.622735
44.473008 0.580615
44.504076 0.651365
44.535258 0.674687
44.56637 0.631437
44.597499 0.652061
44.629819 0.63631
44.660899 0.626825
44.692001 0.629957
44.723183 0.551811
44.764519 0.563298
44.796766 0.536669
44.827818 0.533797
44.858875 0.569564
44.889942 0.573306
44.921025 0.573306
44.95334 0.580093
44.984511 0.571565
45.015706 0.567562
45.047042 0.662069
45.078203 0.686174
45.110502 0.677733
45.141551 0.692875
45.172607 0.690438
45.203819 0.695921
45.234996 0.695921
45.267146 0.684521
45.298213 0.657979
45.329483 0.667377
45.36062 0.663809
45.39177 0.659197
45.423999 0.659458
45.455041 0.663461
45.486054 0.664157
45.517149 0.658588
45.54832 0.670075
45.580514 0.694006
45.611643 0.69418
45.642924 0.696008
45.674025 0.694267
45.705156 0.699228
45.737412 0.693397
45.768545 0.696878
45.799592 0.700098
45.830716 0.698531
45.861814 0.699576
45.894092 0.6974
45.925102 0.699054
45.956162 0.704362
45.977037 0.693223
46.00814 0.68104
46.040368 0.683476
46.071447 0.681301
46.102589 0.685043
46.133658 0.673643
46.164852 0.68191
46.197217 0.689133
46.228417 0.68278
46.259527 0.693136
46.290732 0.712368
46.32177 0.712281
46.353935 0.710105
46.385214 0.709583
46.416317 0.699924
46.447365 0.709496
46.478605 0.713934
46.510959 0.711063
46.542048 0.703666
46.573097 0.708539
46.604176 0.713499
46.635356 0.71524
46.66768 0.716545
46.698848 0.699576
46.729891 0.685652
46.760999 0.688089
46.792136 0.690003
46.824371 0.692266
46.85542 0.690177
46.886403 0.690612
46.91745 0.689394
46.948539 0.688437
46.980751 0.709148
47.011882 0.722289
47.043286 0.71698
47.074284 0.724551
47.105425 0.727771
47.137756 0.726988
47.168809 0.726814
47.199952 0.72751
47.231175 0.728032
47.262246 0.730121
47.29446 0.724203
47.325497 0.72751
47.35651 0.732035
47.387628 0.72838
47.418679 0.726205
47.450875 0.730208
47.481905 0.722202
47.512938 0.723159
47.533762 0.719417
47.564763 0.714544
47.596871 0.722028
47.627938 0.713586
47.658966 0.702883
47.690027 0.697835
47.721289 0.697922
47.753576 0.707408
47.784683 0.711498
47.81571 0.712542
47.846755 0.708539
47.877908 0.708017
47.910125 0.709322
47.941193 0.697313
47.972355 0.571304
48.033996 0.630654
48.075294 0.729337
48.107532 0.710802
48.138632 0.672773
48.179974 0.69244
48.221369 0.676689
48.25253 0.571304
48.30516 0.583748
48.337272 0.48489
48.368375 0.473142
48.399445 0.461829
48.42036 0.47497
48.45148 0.474274
48.483741 0.461307
48.514806 0.467312
48.545832 0.491765
48.576803 0.596019
48.607879 0.661112
48.640222 0.682171
48.671401 0.688437
48.702487 0.694876
48.723531 0.702708
48.754688 0.708365
48.786983 0.717589
48.818097 0.726292
48.849194 0.726553
48.880311 0.715327
48.931792 0.736038
48.963985 0.662852
48.995061 0.691831
49.026117 0.705928
49.057196 0.682606
49.128967 0.735168
49.161158 0.704362
49.192296 0.608202
49.233633 0.598803
49.264808 0.653802
49.296032 0.63135
49.328325 0.586533
49.359435 0.595496
49.390597 0.535625
49.421635 0.538409
49.452743 0.55477
49.485061 0.573219
49.516081 0.641967
49.547112 0.628217
49.57816 0.637964
49.609299 0.637876
49.641618 0.65824
49.672685 0.694789
49.70379 0.701055
49.734906 0.709496
49.765995 0.717415
49.798222 0.717241
49.82933 0.730817
49.860357 0.739519
49.89142 0.72751
49.922469 0.731078
49.95495 0.732905
49.986023 0.732209
50.017033 0.731165
50.048083 0.734733
50.079104 0.73656
50.111413 0.737082
50.142549 0.739345
50.173629 0.756576
50.20478 0.757533
50.236052 0.758142
50.268334 0.759708
50.299417 0.759621
50.330441 0.757968
50.361465 0.761362
50.392591 0.758838
50.424755 0.759273
50.455737 0.763711
50.48686 0.751963
50.517953 0.756837
50.549015 0.733079
50.581343 0.755096
50.612397 0.750745
50.643448 0.755009
50.67452 0.757011
50.705712 0.75205
50.737953 0.748831
50.768989 0.752485
50.800023 0.725421
50.831046 0.697139
50.862128 0.707321
50.894365 0.652844
50.925415 0.703492
50.9565 0.714892
50.987538 0.710018
51.018666 0.703318
51.050757 0.697661
51.081826 0.721592
51.112995 0.709409
51.144077 0.709409
51.165008 0.693571
51.197353 0.682954
51.228544 0.677385
51.259688 0.678429
51.290767 0.679908
51.321873 0.67869
51.354149 0.673469
51.385174 0.710802
51.416296 0.73395
51.44733 0.734124
51.46827 0.76084
51.500447 0.763711
51.531542 0.764669
51.562561 0.76754
51.59362 0.770412
51.624909 0.77398
51.657368 0.773023
51.688478 0.776678
51.71963 0.772849
51.750626 0.767192
51.781729 0.768324
51.814133 0.771195
51.845191 0.76989
51.876347 0.767279
51.9074 0.772675
51.938483 0.772414
51.970717 0.770151
52.002012 0.780594
52.033153 0.783118
52.064284 0.785902
52.095395 0.782508
52.127754 0.771892
52.158964 0.76815
52.19016 0.770151
52.221348 0.771892
52.252647 0.771195
52.285096 0.763972
52.316402 0.771979
52.347713 0.77076
52.378891 0.771021
52.410236 0.785815
52.44267 0.787469
52.473827 0.791385
52.505081 0.795562
52.53632 0.793908
52.567375 0.788513
52.599662 0.792429
52.630897 0.793647
52.661978 0.795649
52.693209 0.793473
52.724411 0.796432
52.756678 0.790166
52.787806 0.789644
52.818955 0.79913
52.850051 0.790688
52.881267 0.795649
52.913621 0.796867
52.934612 0.790776
52.965784 0.792864
52.996921 0.792951
53.028127 0.798172
53.060571 0.793908
53.091803 0.793038
53.12298 0.798521
53.154139 0.798259
53.185311 0.794953
53.217668 0.804264
53.248872 0.799826
53.279958 0.80174
53.311126 0.793734
53.342303 0.79182
53.374569 0.769194
53.40577 0.764321
53.436884 0.773023
53.467959 0.762493
53.499206 0.785989
53.531524 0.762058
53.562647 0.772936
53.59381 0.743174
53.625037 0.771631
53.656129 0.765278
53.688393 0.772327
53.719529 0.772153
53.750623 0.73395
53.781814 0.70645
53.812972 0.712368
53.845324 0.733428
53.876387 0.72751
53.90739 0.719417
53.938417 0.709844
53.969459 0.73247
54.001597 0.670162
54.042883 0.752137
54.074058 0.764843
54.105226 0.751441
54.136535 0.75205
54.168885 0.676167
54.230634 0.760405
54.261796 0.758055
54.292879 0.661373
54.395192 0.701577
54.427386 0.671293
54.458446 0.687218
54.489465 0.69418
54.520544 0.699489
54.55167 0.672686
54.584079 0.692005
54.615205 0.58488
54.676856 0.590362
54.707986 0.596106
54.739155 0.580006
54.77145 0.557641
54.792418 0.557641
54.823602 0.574524
54.854735 0.587142
54.885902 0.606722
54.918462 0.588535
54.949715 0.578005
54.980694 0.759012
55.011712 0.681214
55.073399 0.717154
55.105659 0.694441
55.136695 0.684695
55.167817 0.63718
55.198948 0.682258
55.23015 0.655107
55.262513 0.686957
55.29359 0.677037
55.324664 0.629
55.355795 0.641705
55.386962 0.67225
55.419105 0.635005
55.450161 0.655803
55.481271 0.658327
55.512359 0.67225
55.543483 0.650669
55.575697 0.667029
55.606848 0.709409
55.637968 0.755792
55.669021 0.702273
55.700051 0.720113
55.732343 0.663374
55.763555 0.654759
55.804921 0.660851
55.825836 0.670336
55.856982 0.583052
55.88916 0.668596
55.92032 0.661808
55.951471 0.67225
55.982547 0.696356
56.013729 0.732818
56.046031 0.753878
56.077226 0.696791
56.108347 0.704971
56.139513 0.667116
56.170708 0.678429
56.203098 0.681475
56.234174 0.686
56.265349 0.660589
56.296518 0.688002
56.327648 0.677124
56.359974 0.696617
56.391169 0.720983
56.41213 0.704188
56.443303 0.719939
56.474504 0.719852
56.506888 0.72429
56.538217 0.72751
56.569298 0.726727
56.600588 0.733776
56.631826 0.748134
56.664098 0.750919
56.684992 0.774763
56.716145 0.785467
56.747215 0.789557
56.778326 0.792081
56.810585 0.797563
56.841597 0.796867
56.872733 0.797998
56.903758 0.800174
56.934823 0.801566
56.967087 0.791298
56.987954 0.775808
57.018979 0.771108
57.04999 0.770499
57.081041 0.786163
57.113302 0.796345
57.144343 0.796084
57.175442 0.800174
57.206527 0.798956
57.23765 0.804351
57.269917 0.781986
57.300994 0.773284
57.331978 0.74622
57.363002 0.707408
57.394044 0.719417
57.426214 0.628391
57.508311 0.73978
57.539351 0.746916
57.58049 0.705754
57.611636 0.762145
57.643732 0.683389
57.675819 0.689829
57.706907 0.661982
57.737977 0.670162
57.768995 0.526487
57.800359 0.524138
57.832736 0.49455
57.863891 0.429631
57.925525 0.540237
57.997295 0.594278
58.028457 0.562776
58.060683 0.661373
58.091859 0.700011
58.123023 0.728467
58.154055 0.606635
58.185235 0.594974
58.217591 0.60855
58.248742 0.587838
58.279941 0.577831
58.311117 0.573393
58.342259 0.57844
58.374687 0.589492
58.405949 0.595061
58.437121 0.618296
58.458112 0.741434
58.48928 0.751267
58.52149 0.781116
58.552617 0.795562
58.583683 0.786772
58.614796 0.771892
58.645897 0.77894
58.678239 0.782334
58.709428 0.784423
58.740715 0.785119
58.761687 0.786076
58.79293 0.788339
58.825235 0.787034
58.856335 0.787556
58.887423 0.814011
58.918505 0.818797
58.949648 0.820972
58.981962 0.821669
59.013099 0.816186
59.044381 0.786076
59.075536 0.822017
59.106768 0.822539
59.139285 0.82367
59.170407 0.820102
59.201607 0.820537
59.23283 0.820798
59.264041 0.826455
59.296517 0.828979
59.327799 0.764756
59.35904 0.772762
59.390259 0.771543
59.421471 0.77485
59.453817 0.769194
59.484974 0.776156
59.516074 0.778766
59.547117 0.774415
59.578224 0.778157
59.610562 0.830719
59.641746 0.830632
59.672938 0.835853
59.70402 0.735255
59.745307 0.825585
59.77759 0.826542
59.808733 0.816534
59.83978 0.824366
59.870871 0.827847
59.901986 0.82776
59.934381 0.83011
59.965518 0.781464
59.996563 0.697748
60.027571 0.685478
60.058608 0.67051
60.09074 0.679734
60.121754 0.700533
60.152811 0.692614
60.183955 0.701577
60.215087 0.70706
60.24736 0.719852
60.278547 0.808702
60.309724 0.814185
60.340822 0.726118
60.382165 0.711846
60.414429 0.710018
60.445588 0.716371
60.476803 0.688176
60.507979 0.708104
60.539082 0.711759
60.571255 0.710976
60.602407 0.730817
60.6335 0.783901
60.66466 0.841597
60.695755 0.835853
60.727985 0.852997
60.75904 0.791994
60.790119 0.793821
60.821151 0.79913
60.852283 0.801914
60.884642 0.782943
60.915696 0.788774
60.946777 0.798869
60.977848 0.79269
61.008905 0.800783
61.04115 0.831502
61.072253 0.815838
61.103234 0.817143
61.134374 0.817753
61.1655 0.816447
61.197815 0.814272
61.228954 0.806179
61.260164 0.81462
61.291356 0.814533
61.322377 0.831589
61.354593 0.850734
61.385632 0.85056
61.416718 0.836114
61.447751 0.75205
61.478811 0.829936
61.511037 0.806179
61.542113 0.754226
61.573192 0.755792
61.60441 0.763363
61.635627 0.753443
61.667877 0.771108
61.698973 0.743696
61.730088 0.737257
61.761116 0.733253
61.79214 0.707756
61.824398 0.724029
61.896306 0.784945
61.927378 0.784336
61.95843 0.786163
61.989483 0.683912
62.021686 0.734559
62.052821 0.75266
62.083883 0.749614
62.114888 0.607244
62.166434 0.597933
62.198787 0.594539
62.229799 0.592886
62.260862 0.614989
62.291976 0.692875
62.323048 0.683041
62.35513 0.692179
62.386163 0.704188
62.417147 0.76258
62.448163 0.860829
62.479236 0.863004
62.511322 0.863875
62.542361 0.868487
62.573348 0.866137
62.604408 0.830023
62.63545 0.836114
62.667643 0.837072
62.69872 0.833591
62.729719 0.828021
62.760974 0.835853
62.792098 0.837768
62.824382 0.834374
62.855715 0.850473
62.886997 0.854563
62.907925 0.849864
62.93905 0.852649
62.971252 0.84882
63.002315 0.842815
63.033317 0.831676
63.064422 0.846557
63.095469 0.852214
63.127529 0.85056
63.158561 0.857783
63.189596 0.870836
63.220749 0.875536
63.241622 0.875536
63.273802 0.875884
63.304875 0.834374
63.335898 0.833504
63.366855 0.83742
63.397861 0.839073
63.430051 0.838725
63.461137 0.838899
63.49222 0.841336
63.523265 0.841162
63.55442 0.841858
63.586649 0.885195
63.617735 0.854302
63.6488 0.855433
63.679797 0.861786
63.710795 0.860394
63.742857 0.855695
63.773889 0.862482
63.804888 0.858392
63.83586 0.833852
63.866878 0.834548
63.898956 0.860046
63.929944 0.868748
63.960962 0.867791
63.991942 0.871533
64.022919 0.871968
64.055046 0.87014
64.086072 0.885282
64.117152 0.884151
64.148262 0.876493
64.179335 0.872316
64.211488 0.876232
64.242499 0.876058
64.273568 0.876841
64.304733 0.88067
64.335821 0.881366
64.368027 0.869009
64.399088 0.894942
64.430167 0.849081
64.461258 0.85291
64.492355 0.853345
64.524589 0.858218
64.555617 0.852823
64.586659 0.856565
64.617671 0.856391
64.648748 0.859001
64.680924 0.852736
64.711978 0.890591
64.743004 0.886501
64.774014 0.88972
64.80506 0.890417
64.837273 0.878582
64.86859 0.883281
64.899614 0.887284
64.930596 0.882672
64.961615 0.887545
64.993785 0.88972
65.02479 0.899902
65.055809 0.902078
65.086854 0.901643
65.117851 0.908343
65.149957 0.903209
65.180953 0.904862
65.212002 0.909823
65.24299 0.904862
65.274047 0.909562
65.306331 0.915218
65.337312 0.911128
65.36842 0.912085
65.399475 0.909301
65.430555 0.911998
65.462795 0.900685
65.493841 0.898684
65.524878 0.906342
65.545838 0.903383
65.57697 0.904949
65.609172 0.901904
65.640214 0.908517
65.671227 0.864745
65.702243 0.867965
65.733296 0.882149
65.765498 0.877711
65.796593 0.879017
65.827623 0.88389
65.858682 0.886849
65.879561 0.883716
65.911781 0.885195
65.942856 0.922528
65.973908 0.895812
66.004941 0.861525
66.036042 0.875188
66.06808 0.879539
66.099094 0.894594
66.130125 0.896682
66.161185 0.902165
66.192297 0.897727
68.247893 0.88624
68.27897 0.897639
68.310066 0.897378
68.341183 0.896595
68.372286 0.867007
68.414637 0.899728
68.446496 0.901556
68.477545 0.870836
68.508616 0.95229
68.539675 0.944284
68.570695 0.942282
68.602897 0.949505
68.623715 0.950027
68.654715 0.80583
68.685708 0.803916
68.716729 0.810269
68.748963 0.823583
68.780051 0.804699
68.811074 0.832459
68.842112 0.834113
68.873121 0.825585
68.90538 0.83829
68.936453 0.892766
68.967447 0.96456
68.998457 0.961166
69.0295 0.943588
69.061648 0.970565
69.092708 0.975351
69.123792 0.96952
69.154857 0.9596
69.186008 0.954117
69.218199 0.961166
69.249255 0.932971
69.280304 0.92218
69.311261 0.934276
69.34245 0.929577
69.374628 0.917655
69.405643 0.939759
69.436724 0.948722
69.46778 0.949679
69.49884 0.944893
69.531043 0.969346
69.562166 0.962471
69.593244 0.96221
69.624302 0.971087
69.655387 0.963777
69.687537 0.959252
69.718592 0.96952
69.749647 0.966562
69.780715 0.966126
69.811764 0.97683
69.843919 0.991276
69.874937 0.958817
69.905948 0.954204
69.936962 0.9663
69.968035 0.972131
70.000223 0.962123
70.031292 0.974655
70.062303 0.975525
70.093324 0.973871
70.124712 0.985968
70.156895 0.989536
70.188085 0.980224
70.219154 0.984662
70.25018 0.987534
70.281275 0.988404
70.313414 0.984923
70.344506 0.984401
70.375555 0.980833
70.406553 0.980485
70.437605 1.002589
70.469758 0.970391
70.50078 0.960035
70.531795 0.963951
70.562809 0.96778
70.59383 0.964995
70.625977 0.969607
70.657008 0.969172
70.688026 0.974568
70.719063 0.96456
70.750118 1.000936
70.782309 1.009986
70.81343 1.008245
70.844461 1.014511
70.875483 1.011117
70.906566 1.005809
70.938748 1.016252
70.96981 1.007636
71.000902 1.015381
71.031976 1.01921
71.063054 1.015381
71.095316 1.015033
71.1264 1.015207
71.157412 1.0166
71.188423 1.017035
71.219501 1.015642
71.251724 1.023648
71.282727 1.019297
71.313845 1.010682
71.345067 1.022952
71.376244 1.028174
71.408497 1.025128
71.439587 1.022082
71.47055 1.028783
71.501582 1.030262
71.532701 1.025041
71.564851 1.028087
71.595885 1.007723
71.626946 0.999456
71.657949 1.01251
71.688956 1.008942
71.721186 1.003981
71.752248 0.983705
71.783287 1.006505
71.814404 1.003807
71.845472 1.00285
71.877686 0.992581
71.908799 0.996497
71.939811 0.934363
71.970964 0.989797
72.002115 0.984749
72.034269 0.97422
72.065291 0.94263
72.096323 0.971522
72.127324 0.98736
72.158385 1.011291
72.190549 1.012945
72.221632 0.966387
72.252679 0.9596
72.28371 0.974829
72.314842 0.985968
72.347207 0.978136
72.378286 0.973958
72.409357 0.972566
72.440474 0.974307
72.471645 0.942978
72.50394 0.951855
72.535068 1.004503
72.56614 0.977439
72.597088 0.976917
72.62817 0.994931
72.660487 1.008332
72.711823 1.010595
72.742854 0.942108
72.773904 0.910345
72.804995 0.912433
72.837181 0.948635
72.868183 0.951071
72.899384 0.93123
72.930481 0.925574
72.961487 0.907734
72.993604 0.909126
73.024612 0.94672
73.055748 0.926792
73.086816 0.928968
73.117897 0.91661
73.150253 0.910606
73.18136 0.928794
73.212452 0.939584
73.243452 0.946633
73.274513 0.945067
73.306713 0.958468
73.337775 1.007375
73.36887 1.034178
73.399929 1.035484
73.430965 1.036006
73.463139 0.984575
73.494222 1.014859
73.525317 1.019558
73.556336 0.95081
73.587417 0.91722
73.61942 0.950723
73.650531 0.934711
73.681555 0.736125
73.793995 0.698444
73.926955 0.850995
73.964941 0.887893
73.996037 0.774676
74.098364 0.548504
74.190517 0.4466
74.221623 0.403437
74.253877 0.337648
74.284895 0.342521
74.315911 0.402132
74.347002 0.43581
74.378161 0.537365
74.410429 0.586272
74.441428 0.687479
74.472428 0.860655
74.503439 0.88389
74.534515 0.901556
74.56674 0.917481
74.597783 0.939062
74.628845 0.958904
74.659901 0.97918
74.690995 0.956293
74.723206 1.021125
74.754298 1.021734
74.78542 1.014511
74.81654 1.004068
74.847623 1.017731
74.879886 1.017818
74.910982 1.017557
74.942045 1.020255
74.973301 1.020603
75.004332 1.012771
75.036399 1.000674
75.067398 1.02156
75.098456 0.983705
75.129541 0.983531
75.160678 0.981094
75.192868 0.979528
75.223984 0.98005
75.255043 0.981616
75.286092 0.982748
75.317182 0.982835
75.349466 0.9824
75.370369 1.042619
75.401454 1.036528
75.432397 1.038355
75.463685 1.036267
75.495889 1.033656
75.526945 1.016861
75.558069 0.813488
75.690974 0.934015
75.722049 0.98414
75.754238 0.96778
75.785303 0.979267
75.816331 0.920352
75.847377 0.896595
75.878423 0.650408
76.002282 0.506733
76.065005 0.573219
76.096031 0.488981
76.127062 0.604808
76.158136 0.602719
76.189314 0.634047
76.221649 0.669379
76.252765 0.704362
76.283821 0.886849
76.325214 0.792342
76.356425 0.711672
76.388749 0.772066
76.419879 0.746916
76.451019 0.726292
76.482141 0.728032
76.513341 0.596889
76.586478 0.698357
76.617761 0.486283
76.862517 0.535625
76.964992 0.542151
77.077535 0.45948
77.272618 0.370194
77.446259 0.431458
77.477271 0.47584
77.681265 0.263766
78.28195 0.299445
78.314187 0.282214
78.345318 0.369063
78.376503 0.280039
78.560223 0.198934
78.591285 0.208506
78.623496 0.099815
78.654502 0.098509
78.685452 0.115479
78.716518 0.13445
78.747516 0.148373
78.779681 0.159599
78.810746 0.264897
78.841854 0.442423
78.872927 0.46209
78.904092 0.511606
78.936314 0.563646
78.967323 0.611596
78.998398 0.675209
79.029443 0.725073
79.060579 0.777896
79.092793 0.799478
79.123907 0.895899
79.154957 0.934276
79.186049 0.955336
79.217196 0.971957
79.249413 0.98971
79.28053 0.994757
79.311527 0.99963
79.342642 1.007375
79.373801 1.000413
79.40606 0.991015
79.437178 0.92949
79.468322 0.987969
79.499404 0.980311
79.530482 0.987708
79.552496 1.005896
79.583521 0.998412
79.614583 0.999456
79.645628 1.007114
79.676783 0.990754
79.709172 0.978832
79.740352 0.949244
79.771579 0.952116
79.802831 0.887545
79.833983 0.886414
79.866408 0.889633
79.897571 0.895551
79.928643 0.886675
79.959683 0.915827
79.990766 0.942195
80.022901 0.959513
80.053874 0.963864
80.084912 1.020777
80.115958 1.023823
80.147102 1.023823
80.169197 1.021647
80.200372 1.022865
80.231393 1.018514
80.262425 1.026172
80.29352 1.025215
80.325742 1.024258
80.356743 1.026259
80.387842 1.026259
80.418882 1.021386
80.449922 1.019036
80.482113 1.021125
80.513102 1.008158
80.54411 1.001197
80.575132 1.008158
80.60626 0.999978
80.638372 0.999804
80.669377 1.011813
80.700432 1.016774
80.731485 1.018514
80.762554 1.015729
80.794744 1.028087
80.825764 1.026085
80.85676 1.005374
80.887761 0.767976
81.020526 0.936278
81.052655 0.948809
81.083642 1.007288
81.11471 0.859785
81.166092 0.862221
81.207403 0.713412
81.290541 0.604634
81.322451 0.574611
81.353491 0.53197
81.38455 0.55329
81.415599 0.591232
81.446686 0.62082
81.47894 0.60124
81.510071 0.623953
81.541127 0.7544
81.572156 0.945589
81.593091 0.961166
81.625486 0.973871
81.656536 0.983357
81.687567 0.992059
81.718707 1.001197
81.749754 1.01103
81.781972 1.018427
81.813111 1.04114
81.844167 1.05428
81.875203 1.058806
81.906301 1.058632
81.938516 1.055499
81.969598 1.052453
82.000638 1.056978
82.031664 1.050626
82.062731 1.049146
82.094893 1.044012
82.126008 1.045143
82.157072 1.044969
82.188163 1.0461
82.219255 1.049059
82.241278 1.006853
82.27228 0.993365
82.303315 1.0005
82.334443 1.005461
82.365567 1.002241
82.39796 1.004765
82.429051 1.005113
82.460072 0.986925
82.491129 0.982226
82.522169 0.997716
82.554352 1.036441
82.585449 1.028087
82.616562 1.032612
82.647659 1.013293
82.678757 1.026607
82.71108 0.983792
82.742156 0.869531
82.793571 0.869705
82.865396 0.932188
82.896478 0.898684
82.969446 0.885021
83.041143 0.755009
83.163855 0.697748
83.215419 0.766322
83.246552 0.623344
83.288836 0.705319
83.319816 0.706015
83.350854 0.72342
83.38187 0.734646
83.413076 0.788687
83.44534 0.829936
83.476507 0.809137
83.507634 0.817492
83.538797 0.804612
83.570117 0.798782
83.602301 0.820624
83.63333 0.835244
83.664493 0.855782
83.695631 0.927575
83.726795 0.976221
83.759025 0.999891
83.790095 1.016774
83.821166 1.032351
83.852165 1.053758
83.883244 1.041662
83.91542 1.04523
83.9465 1.047232
83.977524 1.048189
84.008579 1.04114
84.039628 1.0119
84.071791 1.034526
84.092679 1.01921
84.123745 1.008768
84.154862 1.032003
84.186042 1.037137
84.21833 1.035223
84.249452 1.038529
84.280667 1.039574
84.311627 1.034265
84.342826 1.035571
84.375056 1.052192
84.395981 1.054716
84.427148 1.053062
84.458179 1.057761
84.489216 1.055412
84.521427 1.057761
84.552604 1.058109
84.583691 1.061764
84.614757 1.066464
84.645849 1.06481
84.678008 1.074122
84.709042 1.071511
84.740087 1.069684
84.771158 1.0736
84.802188 1.054193
84.834491 1.063853
84.865536 1.065855
84.896655 1.055325
84.927699 1.054368
84.958858 1.050887
84.991167 1.057761
85.022225 1.05341
85.053248 1.050016
85.08433 1.064114
85.115349 1.06159
85.147458 1.064375
85.178516 1.068813
85.209515 1.057239
85.240552 1.049929
85.271586 1.041488
85.303746 1.033743
85.33481 1.060981
85.365891 1.05898
85.396929 1.061329
85.428122 1.060285
85.460311 1.059937
85.491338 1.080474
85.522452 1.062374
85.553543 1.011726
85.584573 1.014076
85.616792 1.015642
85.647854 1.01338
85.67875 1.002937
85.709808 1.014946
85.740854 1.01425
85.772956 1.013206
85.803931 1.038703
85.834961 1.080039
85.86598 1.085783
85.897039 1.087871
85.929304 1.084303
85.960356 1.080387
85.991331 1.085261
86.022345 1.082302
86.053394 1.070467
86.085516 1.074818
86.11658 1.079952
86.147624 1.076906
86.178734 1.079256
86.209801 1.085696
86.241997 1.061068
86.273105 1.053323
86.304167 1.064549
86.335212 1.063766
86.366309 1.048711
86.39851 1.041227
86.429711 1.048015
86.460739 1.047667
86.491758 1.021734
86.522889 1.07212
86.555144 1.077167
86.586122 1.07299
86.617352 1.088219
86.648593 1.081606
86.679722 1.075166
86.701812 1.076645
86.732803 1.074209
86.763821 1.068204
86.794818 1.054019
86.825903 1.056804
86.858169 1.057413
86.889286 1.058284
86.92039 1.076384
86.951462 1.081519
86.982512 1.084303
87.014832 1.0736
87.04589 1.074905
87.076965 1.106407
87.108029 1.113108
87.139164 1.10954
87.171406 1.114848
87.202625 1.079517
87.233685 1.102404
87.264736 1.110497
87.295694 1.114152
87.327887 1.105363
87.359054 1.099358
87.390118 1.101882
87.421283 1.100925
87.45244 1.086827
87.484726 1.041401
87.515774 1.041227
87.546867 1.045752
87.57797 1.055934
87.609082 1.043577
87.641403 1.060285
87.672518 1.063244
87.703582 1.060807
87.734638 1.095007
87.765691 1.107538
87.797896 1.117459
87.828992 1.121288
87.860113 1.123551
87.891182 1.123464
87.922252 1.107887
87.954483 1.122593
87.985562 1.12999
88.016587 1.122332
88.047634 1.13469
88.07864 1.127728
88.110966 1.124334
88.142104 1.128511
88.173183 1.128424
88.204308 1.083781
88.235361 1.083694
88.267622 1.083868
88.298793 1.08674
88.329859 1.085783
88.360862 1.096922
88.391878 1.09814
88.424092 1.094572
88.455138 1.113543
88.486159 1.138345
88.517149 1.143566
88.548225 1.143131
88.580512 1.142261
88.611676 1.138693
88.642789 1.130164
88.673836 1.132601
88.704927 1.133558
88.73714 1.116328
88.768294 1.13321
88.799399 1.134341
88.830502 1.131209
88.86157 1.137735
88.893687 1.138345
88.924809 1.139302
88.955867 1.138693
88.986958 1.128772
89.017976 1.116763
89.050249 1.11598
89.081297 1.11859
89.112347 1.110671
89.14342 1.106581
89.174524 1.119461
89.206763 1.124334
89.227741 1.124073
89.258767 1.131644
89.289773 1.14957
89.320812 1.154009
89.352923 1.132601
89.383973 1.161057
89.415027 1.15688
89.446155 1.163146
89.477238 1.161231
89.509451 1.15601
89.540515 1.157402
89.561348 1.157402
89.592465 1.158969
89.623584 1.095877
89.655791 1.097531
89.68694 1.100751
89.718002 1.098227
89.749075 1.101708
89.780126 1.103622
89.812376 1.110584
89.843437 1.111367
89.87451 1.110845
89.905489 1.171152
89.936577 1.171761
89.968744 1.169847
89.999768 1.16654
90.030828 1.138083
90.061874 1.14052
90.092961 1.160883
90.125165 1.164364
90.156239 1.164103
90.187307 1.162711
90.218366 1.157141
90.24938 1.155836
90.281503 1.165583
90.312633 1.161754
90.34377 1.168106
90.374872 1.153835
90.406008 1.161406
90.438321 1.167584
90.469343 1.166192
90.500402 1.168367
90.531498 1.176373
90.562622 1.178375
90.594846 1.179071
90.625897 1.183248
90.656911 1.120592
90.687928 1.118155
90.718962 1.124421
90.751112 1.126074
90.782166 1.121114
90.813255 1.125987
90.844354 1.125813
90.865226 1.12268
90.897313 1.118329
90.928423 1.179071
90.959496 1.184728
90.990567 1.182813
91.021714 1.188122
91.05394 1.187947
91.08506 1.187251
91.116109 1.188035
91.147144 1.180115
91.178296 1.137822
91.210439 1.1373
91.24148 1.142957
91.272532 1.144436
91.303585 1.138257
91.334663 1.146264
91.366878 1.144697
91.397985 1.144436
91.429072 1.174459
91.460337 1.170282
91.491584 1.155053
91.513725 1.147656
91.544815 1.155488
91.575848 1.150267
91.606941 1.151398
91.638091 1.155401
91.670365 1.155836
91.701475 1.137213
91.732567 1.168193
91.763746 1.194213
91.794929 1.119461
91.82711 1.123377
91.858142 1.132601
91.8892 1.131905
91.920274 1.086131
91.961617 1.131122
91.993986 1.133471
92.025131 1.135734
92.056329 1.19256
92.087448 1.173937
92.118577 1.166366
92.150963 1.17237
92.182148 1.174111
92.213313 1.051844
92.244544 1.053932
92.275766 1.055412
92.308047 1.04932
92.339292 1.076123
92.370514 1.098923
92.401641 1.097009
92.432889 1.089873
92.465551 1.103622
92.496778 1.190471
92.517777 1.191515
92.54891 1.197433
92.580076 1.190297
92.612508 1.187425
92.643666 1.178984
92.674776 1.188209
92.705935 1.108931
92.737199 1.115458
92.769548 1.141564
92.800769 1.145393
92.831932 1.058197
92.873236 1.158099
92.904471 1.159578
92.936805 1.157315
92.967771 1.180028
92.998822 1.197259
93.029906 1.166453
93.061002 1.183683
93.093305 1.197955
93.124383 1.108583
93.155445 1.112412
93.186594 1.115022
93.217744 1.115196
93.250205 1.116154
93.281325 1.148787
93.312388 1.150963
93.343514 1.137561
93.374615 1.142086
93.406912 1.213271
93.437986 1.217883
93.469121 1.208833
93.489963 1.221277
93.521054 1.223279
93.553347 1.219276
93.5844 1.221364
93.615543 1.159665
93.646531 1.151572
93.677582 1.159665
93.70979 1.162972
93.740894 1.104928
93.772079 1.108322
93.803194 1.113195
93.834247 1.09492
93.866442 1.104232
93.897547 1.1715
93.928681 1.189166
93.95979 1.184031
93.990851 1.187773
94.023018 1.229457
94.05411 1.228065
94.085263 1.234331
94.116445 1.203612
94.147686 1.195518
94.180106 1.194996
94.211368 1.196563
94.242507 1.19021
94.273661 1.193169
94.304797 1.196128
94.337049 1.200914
94.368221 1.203002
94.399291 1.233286
94.430362 1.24486
94.461666 1.242946
94.493965 1.247558
94.525073 1.23172
94.556222 1.241205
94.58727 1.238943
94.618419 1.235201
94.650773 1.236071
94.681792 1.23085
94.712879 1.233983
94.744023 1.224497
94.775346 1.211879
94.807771 1.233634
94.838905 1.233808
94.87005 1.228152
94.901264 1.23581
94.932556 1.23755
94.964893 1.222496
94.996099 1.126074
95.037392 1.238856
95.068532 1.245557
95.099791 1.243903
95.132033 1.242424
95.163067 1.241989
95.194177 1.21797
95.225355 1.23903
95.256576 1.246427
95.288846 1.03531
95.319999 1.035048
95.351138 1.047058
95.382321 1.035397
95.413566 1.038616
95.445874 1.050974
95.477025 1.048972
95.508141 1.02391
95.539314 1.060981
95.570563 1.172109
95.602937 1.250604
95.634007 1.260089
95.665037 1.238421
95.696244 1.236419
95.727394 1.248602
95.759723 1.240074
95.79076 1.135212
95.821848 1.150006
95.852972 1.155662
95.884095 1.152529
95.916319 1.154357
95.94733 1.171935
95.97837 1.172457
96.009481 1.161319
96.040683 1.190384
96.072937 1.235375
96.104022 1.231981
96.135103 1.233983
96.166229 1.236941
96.197438 1.231372
96.229908 1.236071
96.261141 1.238595
96.292368 1.238073
96.323596 1.243381
96.354732 1.267747
96.387073 1.27001
96.418172 1.257218
96.449277 1.270271
96.480553 1.248428
96.511748 1.243207
96.544045 1.247297
96.575317 1.243207
96.606652 1.243816
96.63797 1.248254
96.669339 1.250343
96.701762 1.251561
96.73285 1.25365
96.763899 1.274709
96.794936 1.269227
96.826082 1.26827
96.858344 1.271402
96.889475 1.262091
96.920621 1.262091
96.951761 1.264528
96.98294 1.266703
97.015206 1.265485
97.046307 1.268095
97.077379 1.272882
97.108508 1.2741
97.139737 1.273665
97.172019 1.286457
97.20313 1.281845
97.234314 1.275666
97.265463 1.288459
97.296673 1.289155
97.329005 1.286283
97.360096 1.290112
97.391166 1.288198
97.422253 1.292114
97.453367 1.248863
97.485818 1.276972
97.516983 1.266442
97.548109 1.182378
97.589367 1.229718
97.62048 1.268966
97.652714 1.26827
97.683809 1.278625
97.714953 1.207963
97.746055 1.192647
97.777182 1.201262
97.809443 1.21388
97.840603 1.128598
97.87172 1.116154
97.902807 1.11041
97.933912 1.100316
97.966242 1.092048
97.997344 1.164277
98.028392 1.193865
98.059545 1.184728
98.080502 1.193169
98.112715 1.258262
98.143796 1.295334
98.174918 1.30421
98.206129 1.306821
98.237495 1.216056
98.269922 1.20979
98.301266 1.219885
98.332633 1.22267
98.353854 1.217274
98.385255 1.220146
98.417737 1.222234
98.449087 1.217361
98.480466 1.222931
98.511803 1.312303
98.543083 1.250082
98.575608 1.248515
98.596891 1.252257
98.628253 1.251126
98.659683 1.247819
98.690948 1.225019
98.723316 1.257392
98.754443 1.246427
98.785598 1.189514
98.816806 1.308039
98.847976 1.313608
98.880276 1.269488
98.911429 1.315871
98.942612 1.106842
99.014442 1.1373
99.035512 1.142348
99.067874 1.141303
99.099012 1.121027
99.130156 1.144871
99.161385 1.147134
99.192592 1.115283
99.22492 1.146264
99.256114 1.185337
99.28722 1.190036
99.318345 1.195257
99.349542 1.1943
99.381839 1.186903
99.412963 1.184815
99.444128 1.194735
99.475231 1.194474
99.506469 1.191254
99.538727 1.274709
99.569953 1.293767
99.601157 1.289329
99.622131 1.301077
99.653431 1.302469
99.685849 1.298727
99.717067 1.307082
99.74827 1.304819
99.779438 1.30334
99.810624 1.296552
99.842955 1.324486
99.874118 1.271489
99.89499 1.307343
99.926108 1.227282
99.957371 1.291679
99.989678 1.253041
100.020735 1.291679
