7e-06 287.718
0.235775 290.786
0.277084 296.917
0.308091 300.681
0.339223 304.143
0.37029 307.011
0.402559 309.142
0.433752 311.032
0.464898 315.6
0.495941 312.361
0.527022 312.845
0.559281 312.896
0.590295 313.995
0.621354 316.217
0.652426 326.076
0.734445 321.478
0.766776 317.442
0.798034 315.298
0.82908 315.605
0.860087 317.355
0.901411 316.045
0.933639 313.888
0.964797 315.646
0.995883 307.92
1.026956 306.961
1.058007 307.608
1.090208 310.245
1.12129 313.718
1.152466 311.637
1.183647 310.226
1.214858 307.634
1.247112 304.826
1.278207 303.3
1.309301 302.602
1.340381 301.715
1.37143 300.761
1.403712 298.581
1.434844 297.81
1.465914 298.262
1.497025 299.692
1.528224 299.484
1.560524 298.913
1.591722 298.94
1.623006 298.333
1.654276 298.24
1.685444 299.402
1.717801 299.069
1.748856 298.243
1.779951 296.581
1.811001 296.978
1.842178 298.003
1.874441 296.924
1.905571 296.771
1.936702 296.154
1.967767 294.017
1.998958 294.855
2.031118 294.414
2.062172 296.902
2.093264 297.308
2.124392 296.82
2.155655 295.695
2.188032 296.843
2.219205 295.48
2.25039 295.032
2.281541 293.393
2.31276 291.442
2.345206 290.795
2.376455 292.3
2.407622 293.523
2.438796 294.451
2.470029 295.1
2.502461 294.647
2.533657 294.824
2.564847 294.872
2.595964 294.118
2.627153 294.702
2.659465 294.646
2.690628 296.683
2.721862 295.987
2.753095 295.143
2.784325 294.21
2.816707 293.727
2.847905 292.879
2.879074 292.062
2.910202 291.087
2.941303 291.266
2.973711 288.541
3.005014 291.143
3.036182 294.745
3.067395 296.17
3.098621 294.496
3.13099 294.875
3.162164 294.856
3.193391 293.532
3.224617 292.441
3.255795 290.666
3.2881 285.027
3.320354 283.709
3.352592 286.047
3.384948 288.09
3.41733 290.287
3.448539 290.285
3.479655 289.913
3.510825 289.83
3.541962 291.581
3.574251 291.902
3.605403 292.422
3.636576 292.911
3.667718 293.268
3.698939 293.467
3.731366 292.864
3.762441 292.879
3.793515 292.289
3.814344 291.508
3.845481 291.27
3.877733 290.555
3.908833 290.319
3.939974 291.929
3.971197 291.244
4.002482 290.736
4.03479 291.686
4.066002 291.293
4.097174 289.753
4.12833 289.418
4.159487 289.2
4.191766 288.868
4.222979 287.041
4.254163 288.185
4.285292 287.967
4.316483 286.181
4.348849 285.687
4.379942 287.359
4.411065 286.995
4.442158 287.98
4.473343 287.634
4.50564 287.287
4.536793 286.329
4.567966 289.436
4.59913 290.4
4.630298 291.393
4.662666 290.538
4.693798 291.227
4.724992 290.764
4.756107 293.319
4.78725 293.332
4.819482 293.001
4.850602 292.381
4.881677 292.288
4.91275 291.202
4.943856 290.69
4.976088 290.898
5.007253 291.141
5.038248 288.951
5.069288 290.023
5.100411 290.87
5.13261 291.246
5.163758 292.725
5.194859 292.672
5.225943 292.499
5.257045 292.421
5.289264 293.163
5.320466 292.935
5.341431 291.906
5.372524 293.963
5.403625 293.481
5.435874 294.191
5.46811 292.729
5.499176 294.883
5.530237 294.226
5.561251 293.61
5.592387 292.771
5.624527 292.351
5.655607 291.258
5.686751 291.355
5.717926 290.196
5.749097 288.168
5.781475 289.249
5.81266 289.387
5.843806 290.976
5.874867 290.72
5.905926 290.4
5.938143 290.252
5.969238 290.687
6.000429 293.23
6.03158 295.882
6.062765 296.672
6.095033 294.2
6.126119 295.502
6.157197 294.913
6.188363 294.663
6.219465 295.712
6.251729 294.641
6.282843 292.408
6.314014 289.864
6.345289 289.017
6.3765 298.637
6.408774 300.758
6.439746 301.979
6.470794 304.726
6.501848 305.71
6.532927 308.643
6.565135 305.33
6.597145 302.569
6.628464 300.009
6.659586 293.565
6.690708 292.022
6.721811 292.58
6.754034 293.737
6.785112 293.146
6.816271 293.036
6.84741 290.902
6.878494 291.045
6.910702 292.141
6.942824 292.057
6.975028 291.798
7.007222 292.46
7.03926 292.881
7.061047 292.683
7.093011 293.062
7.125056 293.599
7.156115 294.26
7.187204 293.269
7.218265 293.668
7.249406 292.723
7.281643 292.182
7.302648 292.374
7.333716 292.501
7.364887 291.635
7.39614 290.235
7.428438 289.118
7.459548 290.011
7.490598 290.179
7.521695 291.506
7.552792 291.157
7.585119 292.127
7.606047 291.238
7.637225 292.134
7.668317 291.64
7.699333 291.571
7.731539 295.575
7.772853 294.225
7.803855 292.378
7.834946 295.587
7.876335 290.787
7.908639 290.925
7.939741 290.816
7.970812 297.15
8.001939 292.143
8.033095 290.799
8.065421 290.245
8.096636 290.027
8.127835 286.891
8.159061 288.125
8.190268 288.32
8.222541 284.66
8.253597 282.202
8.284707 284.021
8.315725 284.393
8.346872 286.897
8.379149 287.475
8.410236 287.098
8.44139 288.722
8.472445 288.808
8.503523 288.492
8.535858 288.372
8.556755 288.939
8.587862 288.472
8.618831 287.846
8.649864 288.729
8.68208 288.621
8.71314 286.62
8.744288 287.485
8.77533 287.677
8.806429 287.542
8.838636 286.94
8.8697 287.174
8.900732 287.135
8.931752 286.491
8.962796 287.471
8.994977 288.717
9.02618 290.516
9.057184 291.411
9.088346 293.832
9.119461 291.788
9.151725 290.818
9.182915 290.186
9.203855 289.537
9.234942 288.78
9.26611 291.86
9.298348 288.637
9.329417 285.234
9.360469 284.853
9.391471 287.428
9.422481 287.505
9.454664 287.705
9.485729 288.127
9.516734 287.978
9.547759 284.447
9.578828 285.94
9.611038 286.244
9.642094 284.368
9.673176 285.545
9.704324 285.846
9.735491 286.219
9.76778 287.184
9.798854 287.203
9.829925 286.76
9.861044 286.428
9.892119 286.678
9.924281 286.578
9.955307 286.889
9.986303 287.019
10.017454 287.028
10.048559 287.229
10.080818 288.958
10.112006 288.949
10.143084 288.517
10.174375 287.606
10.205501 289.53
10.237915 288.976
10.269061 288.782
10.300121 290.074
10.331209 289.399
10.362357 287.4
10.394735 289.709
10.425935 288.591
10.457031 288.115
10.488186 286.283
10.519313 286.366
10.551549 286.5
10.582551 285.493
10.613558 286.702
10.644588 286.781
10.675645 284.718
10.707783 285.912
10.738855 286.135
10.769947 285.92
10.801012 287.643
10.821839 287.864
10.854053 287.093
10.88513 285.822
10.916218 287.474
10.947277 287.45
10.978392 286.05
11.010631 286.536
11.041919 285.665
11.072971 285.176
11.10409 286.257
11.135272 286.73
11.167604 286.654
11.199721 286.599
11.230809 288.213
11.261968 287.453
11.293059 286.954
11.324132 287.77
11.356364 287.182
11.387395 285.992
11.408403 285.969
11.439502 287.753
11.470586 287.307
11.502982 285.113
11.534079 287.315
11.565234 286.921
11.596354 286.03
11.627512 287.551
11.659696 287.083
11.690826 286.943
11.711769 285.198
11.742976 286.969
11.774087 286.406
11.806393 284.722
11.837655 285.786
11.868728 286.19
11.899884 292.656
11.93107 293.165
11.963296 300.425
11.995219 301.858
12.026315 302.474
12.057386 306.297
12.088507 306.378
12.119592 304.718
12.15179 307.999
12.182924 304.544
12.21413 302.07
12.245274 305.3
12.276453 305.117
12.308744 305.792
12.339904 303.583
12.371163 297.73
12.402482 293.858
12.433827 293.392
12.466402 292.433
12.497807 291.119
12.529187 289.219
12.560559 289.857
12.591939 291.944
12.624434 294.511
12.655781 295.315
12.687136 293.59
12.718547 294.405
12.749882 294.675
12.782322 297.889
12.814872 298.738
12.847082 298.996
12.878162 301.684
12.909248 307.841
12.9506 305.877
12.981736 297.042
13.014044 292.091
13.045342 286.686
13.076458 282.258
13.107553 282.534
13.138679 283.663
13.170952 284.2
13.202008 282.061
13.233113 283.557
13.26416 285.463
13.29526 287.293
13.327404 287.195
13.359557 288.645
13.390767 286.797
13.421931 286.001
13.453044 287.217
13.484235 286.047
13.516453 285.556
13.547657 285.023
13.578823 289.012
13.610008 287.381
13.641321 285.068
13.673708 288.301
13.704845 288.031
13.735924 285.629
13.767063 287.83
13.798208 291.057
13.830527 297.283
13.862768 291.853
13.893919 292.015
13.924964 292.117
13.956007 292.535
13.987062 289.975
14.019244 289.263
14.050498 290.203
14.081666 292.636
14.112804 293.104
14.144085 293.806
14.176528 292.574
14.207707 293.599
14.238843 290.153
14.269946 289.164
14.290839 292.568
14.323094 292.925
14.354203 296.675
14.385339 298.284
14.416509 296.971
14.457878 295.316
14.490134 291.839
14.522309 290.878
14.55343 296.124
14.584484 291.686
14.61557 285.015
14.646639 284.078
14.678983 280.938
14.710048 278.232
14.741188 280.212
14.772451 281.9
14.80363 284.419
14.836053 280.859
14.867242 282.168
14.898463 285.139
14.929847 285.439
14.960985 285.517
14.993401 286.77
15.024565 292.171
15.055856 294.923
15.086997 291.676
15.118224 287.397
15.150525 284.901
15.181689 281.212
15.212852 282.486
15.243981 282.745
15.275198 280.22
15.307593 278.557
15.3387 277.76
15.369862 280.242
15.400983 280.846
15.432113 283.945
15.464476 283.721
15.495677 283.974
15.526699 288.026
15.557752 286.526
15.588874 286.935
15.62121 288.471
15.652322 286.009
15.683446 281.294
15.714557 283.86
15.745692 284.202
15.777959 283.677
15.808977 281.607
15.839991 283.739
15.870976 284.374
15.902076 284.522
15.934334 287.079
15.965417 285.365
15.996464 283.461
16.027529 285.976
16.058681 284.729
16.090947 280.729
16.12205 282.702
16.15324 282.518
16.184455 282.457
16.215704 282.294
16.24822 285.434
16.269282 287.596
16.300402 287.762
16.331544 290.121
16.362606 289.946
16.394916 290.605
16.426009 291.377
16.457173 296.297
16.48829 293.35
16.519384 298.979
16.592506 293.436
16.623614 289.164
16.654717 285.937
16.685889 282.733
16.717063 283.674
16.779961 282.819
16.811126 283.084
16.84221 280.344
16.873284 281.152
16.90444 282.224
16.93682 282.671
16.967923 285.589
16.999015 284.48
17.030166 284.278
17.061429 285.621
17.093704 284.674
17.124863 284.102
17.155977 285.234
17.187139 284.206
17.218331 281.164
17.250578 280.867
17.28164 282.363
17.312757 281.696
17.343869 278.281
17.375038 280.837
17.407284 280.732
17.438424 279.779
17.469571 281.422
17.500722 281.58
17.531884 280.623
17.564111 281.934
17.595211 282.001
17.626336 280.87
17.657439 282.17
17.688587 281.937
17.720877 280.661
17.751969 281.092
17.783042 296.318
17.834577 289.707
17.865705 288.934
17.897969 286.759
17.929142 285.22
17.960321 283.053
17.981204 289.134
18.032742 290.535
18.065106 286.179
18.106417 284.6
18.137557 283.422
18.168767 283.076
18.199937 287.983
18.232263 285.638
18.253308 284.241
18.28446 287.289
18.315589 293.579
18.356956 294.13
18.389347 291.373
18.420426 290.855
18.451535 284.929
18.482671 284.29
18.513801 285.089
18.546094 286.708
18.577178 285.913
18.608311 311.104
18.710752 320.276
18.752231 313.777
18.784484 310.112
18.81554 304.64
18.846537 295.072
18.877617 292.441
18.908749 289.121
18.97158 286.658
19.002715 285.047
19.033946 284.333
19.065131 284.076
19.096304 287.364
19.128659 285.193
19.16094 283.489
19.192086 283.188
19.223225 283.849
19.254374 282.484
19.285477 281.372
19.317806 283.511
19.348903 282.777
19.379988 279.286
19.411056 282.117
19.442128 282.732
19.474467 280.105
19.505558 282.211
19.536643 281.74
19.567752 281.294
19.598865 280.367
19.631042 282.515
19.662145 281.307
19.693206 279.824
19.724306 281.277
19.755481 280.708
19.787817 279.284
19.818935 281.216
19.850028 280.724
19.881108 277.315
19.902042 278.92
19.934244 279.391
19.965319 280.303
19.996383 278.837
20.027461 280.353
20.058537 280.148
20.090842 279.606
20.121939 280.632
20.153104 280.24
20.184325 279.132
20.215579 280.932
20.248007 280.703
20.279308 280.278
20.310474 279.928
20.341779 280.958
20.373028 279.913
20.40541 279.1
20.436623 279.73
20.467786 279.558
20.49895 278.303
20.530112 279.885
20.562478 279.647
20.593705 277.097
20.624871 278.997
20.656014 279.126
20.687241 278.507
20.719623 279.844
20.750896 280.222
20.771797 279.5
20.803012 278.024
20.834252 281.41
20.86664 280.665
20.897777 279.348
20.928903 280.664
20.960029 281.278
20.991251 281.894
21.023536 284.736
21.054731 283.984
21.085976 281.697
21.117139 278.155
21.138094 279.898
21.170556 280.896
21.201781 280.215
21.233014 280.008
21.264186 280.898
21.29544 279.792
21.327716 280.002
21.35878 280.304
21.390009 280.052
21.410999 278.57
21.442214 278.136
21.474469 282.265
21.505609 281.496
21.53679 280.985
21.567918 285.568
21.599099 284.1
21.631556 281.799
21.662764 283.207
21.693963 281.523
21.725166 277.723
21.756421 278.41
21.788936 278.998
21.820081 276.36
21.851196 277.525
21.882293 278.881
21.913474 279.115
21.945884 279.197
21.977113 279.916
22.008378 279.495
22.039506 279.422
22.070621 280.496
22.103023 280.009
22.134148 279.252
22.165374 279.15
22.196565 281.809
22.227766 279.613
22.260091 280.415
22.291174 279.92
22.322298 279.759
22.353374 278.771
22.38451 280.752
22.416871 280.068
22.44794 277.248
22.479004 279.414
22.510203 281.378
22.541296 280.078
22.573701 281.74
22.604829 280.12
22.63601 276.893
22.667163 278.884
22.698333 278.909
22.73068 278.874
22.761799 278.377
22.792932 278.551
22.824054 278.125
22.855197 275.554
22.887435 278.802
22.918462 278.916
22.94943 279.286
22.980471 281.268
23.011507 281.215
23.043704 309.583
23.11658 326.01
23.199528 328.366
23.231554 338.206
23.313544 342.021
23.3446 332.46
23.375587 313.827
23.406615 301.417
23.438779 289.81
23.469875 285.761
23.500954 284.914
23.531957 283.19
23.562971 282.252
23.595024 282.361
23.626077 282.165
23.657173 281.014
23.678083 280.29
23.709138 280.45
23.741431 279.555
23.772605 278.884
23.803674 279.07
23.83474 278.535
23.865744 278.593
23.897914 279.344
23.929007 278.916
23.960042 278.698
23.991097 280.236
24.022145 284.192
24.05427 283.522
24.085283 280.524
24.116405 281.007
24.147473 279.512
24.178564 278.96
24.210741 280.673
24.24177 279.926
24.272783 278.596
24.303798 274.975
24.334801 276.76
24.366967 277.597
24.398018 276.86
24.429138 278.438
24.460236 278.026
24.491255 276.573
24.523519 278.429
24.554593 278.23
24.585577 277.825
24.616705 278.608
24.647725 280.611
24.679919 278.17
24.710985 277.938
24.741943 278.804
24.773036 277.784
24.804057 276.473
24.836148 277.813
24.867176 277.078
24.898183 274.949
24.929246 276.63
24.960331 277.161
24.992384 277.296
25.02342 278.792
25.054383 278.485
25.085456 277.798
25.116611 277.679
25.14884 280.32
25.179947 278.948
25.211107 277.744
25.24223 280.094
25.273344 278.987
25.305649 276.709
25.336878 278.814
25.367934 277.796
25.399043 277.635
25.430156 277.11
25.462385 277.17
25.493462 277.0
25.524495 276.607
25.555579 278.451
25.586657 277.785
25.618958 277.015
25.65009 277.982
25.681255 277.691
25.71243 276.874
25.743562 277.884
25.77594 277.557
25.807252 276.386
25.838375 276.241
25.869462 280.147
25.900631 278.961
25.932965 277.613
25.964076 284.589
26.025666 280.521
26.056751 279.887
26.0879 280.898
26.120287 279.411
26.151487 277.887
26.182681 279.414
26.213874 278.068
26.245112 277.923
26.277477 277.16
26.308758 277.138
26.339958 277.048
26.371115 278.967
26.402315 277.51
26.434752 276.798
26.465808 279.791
26.496917 278.454
26.528072 277.554
26.559271 276.838
26.591602 276.52
26.622762 276.508
26.653949 275.639
26.685116 276.655
26.70609 276.404
26.738407 274.273
26.769524 275.316
26.80061 275.859
26.831693 276.479
26.862768 276.871
26.894999 277.64
26.926036 277.18
26.95713 278.266
26.988168 281.885
27.019362 285.838
27.051632 286.366
27.082707 284.216
27.113824 279.577
27.144932 276.676
27.176116 277.06
27.20844 282.209
27.239588 279.337
27.270745 276.143
27.301902 275.457
27.332977 275.51
27.365292 275.696
27.396459 276.904
27.427581 276.616
27.458772 276.563
27.489916 276.286
27.52218 276.738
27.55325 276.532
27.584339 276.507
27.615597 277.453
27.646698 277.591
27.679055 278.407
27.710236 277.469
27.741382 276.924
27.772484 276.062
27.803593 278.147
27.835839 277.303
27.866854 275.125
27.897915 275.374
27.928985 278.843
27.960161 277.843
27.992483 277.441
28.023549 278.802
28.054656 276.742
28.085755 276.555
28.116934 277.602
28.149268 277.313
28.180493 277.575
28.211681 277.107
28.242783 276.859
28.273861 276.624
28.30611 277.918
28.337145 277.155
28.368222 276.645
28.399269 276.518
28.430489 277.502
28.462752 276.752
28.493858 274.587
28.524977 276.757
28.556092 276.666
28.587279 275.787
28.619728 276.606
28.650846 276.425
28.681932 276.03
28.713073 277.465
28.744295 276.614
28.776663 274.934
28.80782 274.893
28.838932 276.474
28.870065 276.328
28.901163 276.342
28.933359 277.899
28.964472 278.028
28.995588 276.881
29.026733 276.94
29.057933 279.616
29.09026 276.307
29.121537 278.462
29.152721 276.789
29.184003 274.621
29.215371 275.035
29.247737 276.574
29.278912 276.288
29.310095 273.714
29.341322 275.188
29.372563 275.424
29.404955 275.698
29.436175 276.185
29.467394 275.907
29.498655 275.635
29.529894 275.904
29.562208 275.991
29.593415 275.88
29.624764 275.944
29.656017 277.325
29.68719 276.455
29.719501 276.267
29.750831 277.95
29.782051 276.839
29.813264 276.045
29.844401 278.187
29.876784 277.05
29.907982 275.103
29.939249 275.5
29.970448 277.937
30.00169 281.39
30.034074 282.492
30.065297 280.641
30.096612 279.402
30.127835 276.817
30.159075 278.766
30.191561 277.03
30.222887 275.63
30.254153 276.935
30.285365 274.39
30.316594 272.807
30.349034 274.447
30.380264 275.277
30.411413 274.109
30.442505 274.579
30.473732 276.643
30.505919 276.257
30.537237 275.541
30.568326 276.15
30.599414 275.766
30.630486 275.438
30.66283 275.433
30.693919 277.455
30.725051 274.002
30.756104 275.472
30.787262 275.641
30.819543 275.445
30.850709 275.368
30.881873 277.3
30.912957 276.364
30.943976 274.521
30.976227 275.729
31.00726 275.673
31.038278 275.614
31.069372 277.26
31.100599 276.75
31.133058 275.899
31.164281 275.772
31.195486 276.767
31.22672 275.418
31.257845 275.472
31.290229 278.187
31.321405 276.928
31.352547 276.009
31.383667 277.596
31.414811 276.624
31.447007 275.116
31.478091 276.29
31.509168 275.843
31.540274 273.744
31.571349 275.154
31.603623 275.509
31.634808 275.302
31.666014 274.21
31.697411 275.648
31.728593 275.674
31.760921 275.167
31.791955 276.333
31.823046 276.126
31.854168 274.986
31.885205 276.568
33.943271 275.514
33.974378 275.191
34.005477 274.509
34.036617 275.493
34.067881 275.051
34.10023 275.101
34.13136 275.21
34.162548 278.494
34.193778 276.377
34.224929 275.586
34.257285 276.287
34.288397 277.683
34.319417 275.432
34.350428 276.057
34.381495 275.44
34.413682 273.377
34.444979 273.638
34.476114 276.043
34.507183 275.77
34.538255 273.589
34.570382 275.351
34.601368 275.062
34.63234 275.259
34.66342 275.933
34.694479 275.305
34.726677 275.728
34.757823 295.864
34.809374 293.361
34.840583 304.654
34.88192 313.242
34.965137 306.428
34.997255 307.139
35.028346 312.315
35.059369 309.588
35.100664 306.796
35.131687 306.229
35.164064 303.156
35.195247 298.874
35.226424 287.567
35.25752 284.577
35.28863 281.776
35.32085 279.321
35.351941 278.12
35.382967 278.128
35.414087 276.865
35.445187 276.511
35.477394 277.143
35.508471 277.433
35.539537 276.294
35.57055 279.313
35.601777 277.311
35.634002 275.716
35.66509 275.558
35.696125 276.813
35.727149 276.542
35.758281 280.771
35.790545 300.334
35.86239 292.478
35.893444 291.26
35.924538 296.866
35.95571 302.881
35.987869 308.071
36.029046 297.328
36.060083 296.248
36.091204 289.84
36.132579 281.633
36.164973 278.666
36.196232 277.245
36.227379 276.378
36.258519 276.43
36.289592 277.277
36.321777 276.187
36.352902 276.08
36.384006 276.707
36.415151 275.908
36.446435 275.763
36.478817 275.569
36.509842 277.575
36.540839 277.808
36.571884 276.745
36.603039 278.924
36.635455 283.456
36.666676 282.799
36.697781 284.698
36.728945 285.551
36.760116 285.078
36.792415 281.605
36.823404 283.866
36.854472 284.138
36.885474 292.77
36.916553 294.09
36.948692 300.621
36.979724 291.544
37.010746 293.553
37.041823 292.939
37.072979 292.649
37.105227 296.911
37.13632 297.579
37.167506 321.711
37.239399 337.983
37.331676 344.257
37.435266 334.749
37.467315 328.401
37.498403 308.77
37.52945 307.928
37.560583 306.287
37.642799 311.69
37.705559 314.497
37.736627 337.869
37.828846 331.253
37.870147 325.0
37.901352 328.435
37.953921 330.392
37.974788 340.833
38.056756 332.075
38.098087 301.347
38.129296 290.783
38.161742 284.478
38.192955 281.322
38.224176 279.679
38.255375 280.115
38.286598 278.708
38.31896 278.339
38.339814 278.595
38.37097 277.66
38.402059 276.667
38.433123 277.236
38.465302 276.697
38.496371 280.137
38.527484 281.368
38.558574 283.677
38.589747 280.922
38.622073 277.546
38.642991 276.712
38.674015 275.89
38.705246 275.274
38.736398 275.16
38.768586 275.456
38.79969 274.795
38.830667 271.984
38.861765 274.156
38.892948 275.208
38.925079 275.495
38.956082 277.478
38.987184 280.129
39.018196 281.959
39.049264 280.777
39.08149 278.456
39.112611 276.63
39.143697 275.719
39.174941 276.963
39.206131 275.926
39.238542 274.451
39.269618 272.522
39.300745 272.841
39.331753 272.463
39.362888 274.96
39.395007 275.299
39.426167 273.967
39.457328 273.966
39.488484 275.97
39.519515 275.676
39.551792 275.945
39.582856 278.101
39.60373 277.205
39.634801 274.763
39.665896 276.044
39.698152 275.558
39.729211 275.203
39.760388 274.376
39.791451 277.774
39.822616 276.386
39.854815 273.768
39.885852 275.289
39.906718 275.278
39.937879 275.489
39.969074 276.426
40.001297 275.869
40.032379 275.268
40.06344 273.035
40.094504 275.314
40.125595 275.601
40.158042 274.353
40.189367 273.484
40.220689 276.445
40.251953 274.68
40.283197 276.121
40.315525 277.603
40.346574 279.441
40.377732 280.659
40.408858 284.23
40.43998 284.702
40.472267 294.997
40.513548 295.137
40.544693 295.42
40.57585 285.835
40.607072 287.935
40.639442 277.016
40.67055 274.385
40.701709 274.237
40.732892 278.005
40.764068 275.366
40.796355 276.265
40.827454 275.758
40.858489 275.247
40.889551 275.695
40.910435 275.802
40.9427 275.256
40.973856 275.352
41.004973 275.78
41.036026 275.578
41.067139 275.338
41.099448 275.136
41.130569 276.024
41.161728 275.695
41.192973 278.849
41.224157 278.965
41.256543 276.439
41.287609 275.806
41.318695 279.314
41.359961 277.1
41.391177 274.478
41.423511 277.034
41.444426 275.894
41.475473 272.618
41.506511 273.623
41.537687 277.327
41.570157 284.697
41.61161 290.993
41.642802 299.732
41.674021 315.339
41.705246 327.016
41.737636 333.764
41.768766 356.84
41.799845 360.419
41.831031 360.441
41.862132 322.13
41.894338 311.625
41.925426 301.598
41.956552 301.641
41.987618 289.76
42.01873 291.96
42.050988 289.759
42.082047 287.775
42.113069 285.951
42.144157 281.97
42.175305 278.561
42.207765 276.774
42.23884 277.327
42.269898 276.868
42.300976 276.411
42.332091 278.516
42.364361 276.581
42.395454 275.85
42.426555 275.812
42.457605 277.166
42.488687 275.547
42.520991 275.399
42.552042 277.36
42.583085 275.76
42.614134 274.053
42.645251 276.164
42.667343 279.43
42.698427 278.483
42.729496 277.915
42.760621 278.75
42.791797 276.62
42.824033 274.969
42.855167 275.763
42.886254 275.834
42.917341 275.387
42.948452 276.131
42.970471 278.851
43.001464 278.514
43.03248 277.981
43.063449 282.663
43.114877 277.346
43.147014 276.022
43.178119 280.979
43.209318 289.289
43.250635 284.868
43.281775 280.326
43.313916 277.033
43.344974 276.439
43.386219 276.113
43.417227 275.163
43.448303 274.931
43.480549 277.597
43.511587 274.857
43.54264 275.472
43.563473 277.45
43.59453 276.042
43.626732 274.911
43.657756 273.91
43.688855 281.321
43.719934 288.476
43.751064 283.666
43.783424 284.754
43.814562 299.149
43.876157 291.918
43.907286 282.586
43.93835 278.519
43.970569 276.786
44.001668 277.539
44.032814 275.849
44.063885 275.476
44.095071 274.324
44.137748 273.984
44.168833 274.611
44.200038 276.392
44.231098 275.26
44.262167 274.707
44.294338 278.629
44.325376 282.103
44.356446 283.035
44.387552 286.118
44.418718 285.755
44.440973 289.344
44.473008 306.495
44.504076 308.821
44.535258 284.643
44.56637 279.334
44.597499 280.475
44.629819 277.041
44.660899 274.811
44.692001 273.824
44.723183 272.764
44.764519 273.543
44.796766 274.982
44.827818 274.927
44.858875 275.048
44.889942 275.43
44.921025 276.589
44.95334 275.102
44.984511 278.389
45.015706 284.376
45.047042 281.685
45.078203 277.167
45.110502 279.033
45.141551 275.791
45.172607 273.728
45.203819 274.128
45.234996 273.689
45.267146 271.108
45.298213 271.22
45.329483 274.493
45.36062 274.445
45.39177 273.455
45.423999 275.097
45.455041 274.617
45.486054 274.137
45.517149 275.785
45.54832 274.705
45.580514 273.486
45.611643 274.628
45.642924 274.866
45.674025 272.876
45.705156 273.3
45.737412 275.681
45.768545 274.132
45.799592 273.838
45.830716 274.161
45.861814 273.994
45.894092 272.949
45.925102 273.996
45.956162 273.787
45.977037 273.377
46.00814 274.069
46.040368 274.573
46.071447 275.622
46.102589 274.624
46.133658 277.188
46.164852 276.654
46.197217 274.7
46.228417 276.24
46.259527 274.374
46.290732 273.775
46.32177 275.184
46.353935 274.393
46.385214 272.679
46.416317 273.06
46.447365 275.096
46.478605 274.387
46.510959 273.289
46.542048 276.221
46.573097 275.677
46.604176 274.095
46.635356 274.619
46.66768 273.241
46.698848 271.382
46.729891 273.7
46.760999 273.847
46.792136 273.678
46.824371 273.918
46.85542 274.11
46.886403 274.182
46.91745 274.489
46.948539 275.155
46.980751 274.442
47.011882 274.991
47.043286 277.139
47.074284 275.715
47.105425 274.08
47.137756 274.573
47.168809 275.316
47.199952 272.943
47.231175 272.911
47.262246 274.665
47.29446 272.102
47.325497 272.57
47.35651 272.735
47.387628 274.941
47.418679 272.348
47.450875 273.515
47.481905 274.753
47.512938 274.531
47.533762 274.249
47.564763 277.117
47.596871 276.502
47.627938 273.403
47.658966 274.575
47.690027 274.453
47.721289 274.907
47.753576 274.596
47.784683 274.364
47.81571 273.81
47.846755 272.654
47.877908 274.849
47.910125 276.186
47.941193 279.635
47.972355 290.121
48.033996 312.905
48.075294 305.658
48.107532 301.303
48.138632 304.718
48.179974 306.081
48.221369 306.942
48.25253 302.332
48.30516 296.142
48.337272 283.679
48.368375 279.359
48.399445 277.11
48.42036 275.333
48.45148 274.901
48.483741 277.292
48.514806 275.882
48.545832 275.199
48.576803 276.125
48.607879 274.899
48.640222 274.09
48.671401 273.843
48.702487 274.289
48.723531 273.547
48.754688 273.485
48.786983 274.556
48.818097 273.727
48.849194 275.537
48.880311 283.4
48.931792 281.816
48.963985 285.087
48.995061 294.643
49.026117 294.096
49.057196 303.59
49.128967 301.973
49.161158 302.835
49.192296 302.74
49.233633 299.543
49.264808 301.132
49.296032 301.183
49.328325 283.914
49.359435 279.422
49.390597 275.789
49.421635 275.26
49.452743 275.153
49.485061 274.853
49.516081 276.198
49.547112 275.43
49.57816 276.215
49.609299 279.785
49.641618 276.159
49.672685 274.192
49.70379 274.952
49.734906 274.234
49.765995 273.736
49.798222 274.482
49.82933 272.778
49.860357 273.624
49.89142 272.782
49.922469 273.803
49.95495 273.483
49.986023 273.661
50.017033 274.686
50.048083 273.712
50.079104 273.237
50.111413 274.437
50.142549 273.892
50.173629 273.204
50.20478 273.959
50.236052 275.044
50.268334 274.55
50.299417 273.129
50.330441 274.591
50.361465 274.168
50.392591 272.502
50.424755 275.732
50.455737 274.379
50.48686 271.989
50.517953 272.206
50.549015 278.769
50.581343 274.924
50.612397 273.329
50.643448 274.558
50.67452 273.504
50.705712 273.637
50.737953 274.356
50.768989 274.548
50.800023 276.041
50.831046 280.621
50.862128 279.818
50.894365 284.537
50.925415 282.891
50.9565 276.646
50.987538 277.126
51.018666 280.379
51.050757 283.381
51.081826 277.602
51.112995 273.981
51.144077 276.895
51.165008 274.08
51.197353 273.688
51.228544 273.524
51.259688 273.919
51.290767 273.513
51.321873 273.665
51.354149 273.953
51.385174 273.458
51.416296 273.492
51.44733 273.177
51.46827 274.446
51.500447 272.664
51.531542 273.064
51.562561 273.318
51.59362 273.163
51.624909 273.029
51.657368 274.382
51.688478 273.315
51.71963 272.158
51.750626 273.038
51.781729 273.254
51.814133 273.107
51.845191 273.436
51.876347 274.787
51.9074 273.951
51.938483 272.981
51.970717 274.271
52.002012 273.491
52.033153 272.716
52.064284 274.439
52.095395 273.825
52.127754 272.006
52.158964 273.876
52.19016 273.584
52.221348 273.094
52.252647 272.85
52.285096 275.013
52.316402 273.66
52.347713 274.294
52.378891 274.196
52.410236 273.358
52.44267 273.102
52.473827 274.746
52.505081 273.93
52.53632 273.202
52.567375 271.951
52.599662 273.685
52.630897 272.206
52.661978 272.768
52.693209 273.286
52.724411 272.952
52.756678 272.545
52.787806 275.395
52.818955 273.654
52.850051 271.998
52.881267 273.821
52.913621 273.541
52.934612 272.326
52.965784 274.263
52.996921 274.863
53.028127 274.035
53.060571 271.57
53.091803 274.259
53.12298 273.879
53.154139 272.529
53.185311 275.504
53.217668 273.973
53.248872 272.059
53.279958 272.366
53.311126 276.226
53.342303 277.243
53.374569 278.075
53.40577 280.727
53.436884 280.572
53.467959 285.31
53.499206 280.29
53.531524 283.627
53.562647 281.971
53.59381 284.835
53.625037 285.27
53.656129 284.62
53.688393 280.582
53.719529 281.633
53.750623 282.209
53.781814 284.019
53.812972 285.706
53.845324 285.406
53.876387 287.904
53.90739 288.481
53.938417 288.774
53.969459 289.398
54.001597 301.784
54.042883 298.663
54.074058 289.385
54.105226 292.607
54.136535 286.095
54.168885 299.429
54.230634 297.398
54.261796 291.823
54.292879 299.823
54.395192 299.405
54.427386 293.457
54.458446 285.693
54.489465 281.247
54.520544 282.335
54.55167 284.606
54.584079 283.162
54.615205 282.28
54.676856 281.408
54.707986 284.085
54.739155 283.416
54.77145 284.925
54.792418 291.551
54.823602 295.261
54.854735 297.63
54.885902 287.007
54.918462 289.667
54.949715 295.115
54.980694 292.277
55.011712 298.75
55.073399 296.073
55.105659 287.579
55.136695 288.993
55.167817 293.653
55.198948 289.215
55.23015 289.98
55.262513 284.665
55.29359 285.709
55.324664 282.485
55.355795 285.248
55.386962 283.756
55.419105 290.928
55.450161 296.564
55.481271 296.808
55.512359 287.369
55.543483 290.079
55.575697 289.364
55.606848 289.18
55.637968 287.818
55.669021 289.18
55.700051 291.821
55.732343 289.587
55.763555 291.424
55.804921 285.223
55.825836 285.52
55.856982 290.424
55.88916 296.581
55.92032 292.162
55.951471 289.083
55.982547 288.645
56.013729 289.587
56.046031 289.042
56.077226 289.429
56.108347 286.744
56.139513 287.666
56.170708 288.29
56.203098 282.797
56.234174 279.653
56.265349 277.785
56.296518 275.241
56.327648 274.079
56.359974 272.988
56.391169 273.536
56.41213 272.531
56.443303 273.589
56.474504 273.834
56.506888 273.737
56.538217 273.431
56.569298 274.974
56.600588 274.07
56.631826 273.543
56.664098 274.43
56.684992 274.518
56.716145 273.602
56.747215 273.488
56.778326 274.569
56.810585 273.487
56.841597 272.196
56.872733 274.245
56.903758 273.372
56.934823 273.11
56.967087 272.502
56.987954 277.28
57.018979 281.998
57.04999 283.315
57.081041 281.56
57.113302 276.169
57.144343 272.58
57.175442 274.254
57.206527 273.834
57.23765 273.253
57.269917 269.853
57.300994 270.112
57.331978 279.186
57.363002 283.499
57.394044 289.197
57.426214 309.817
57.508311 308.478
57.539351 308.341
57.58049 308.108
57.611636 308.116
57.643732 312.545
57.675819 308.58
57.706907 309.146
57.737977 312.182
57.768995 309.932
57.800359 309.298
57.832736 306.339
57.863891 324.747
57.925525 317.91
57.997295 305.595
58.028457 288.058
58.060683 279.229
58.091859 276.599
58.123023 276.742
58.154055 275.348
58.185235 274.694
58.217591 276.154
58.248742 273.787
58.279941 274.166
58.311117 274.02
58.342259 274.908
58.374687 273.65
58.405949 273.835
58.437121 273.732
58.458112 273.757
58.48928 273.032
58.52149 274.229
58.552617 273.724
58.583683 271.916
58.614796 273.671
58.645897 273.33
58.678239 273.215
58.709428 272.997
58.740715 274.093
58.761687 273.275
58.79293 272.922
58.825235 273.381
58.856335 273.653
58.887423 274.558
58.918505 274.508
58.949648 273.818
58.981962 273.558
59.013099 272.701
59.044381 280.53
59.075536 274.943
59.106768 273.177
59.139285 273.424
59.170407 272.691
59.201607 271.786
59.23283 273.998
59.264041 273.515
59.296517 273.206
59.327799 274.166
59.35904 273.04
59.390259 272.723
59.421471 272.592
59.453817 274.506
59.484974 273.128
59.516074 273.038
59.547117 274.027
59.578224 273.348
59.610562 272.279
59.641746 273.573
59.672938 273.415
59.70402 280.798
59.745307 281.572
59.77759 277.427
59.808733 278.301
59.83978 275.689
59.870871 273.935
59.901986 273.428
59.934381 273.67
59.965518 275.851
59.996563 275.377
60.027571 281.972
60.058608 283.889
60.09074 286.813
60.121754 279.772
60.152811 279.187
60.183955 275.226
60.215087 273.286
60.24736 275.108
60.278547 271.626
60.309724 269.259
60.340822 269.756
60.382165 272.582
60.414429 274.82
60.445588 274.833
60.476803 279.68
60.507979 275.16
60.539082 273.705
60.571255 276.478
60.602407 273.726
60.6335 273.372
60.66466 275.236
60.695755 272.119
60.727985 272.571
60.75904 271.464
60.790119 274.422
60.821151 273.717
60.852283 272.904
60.884642 276.158
60.915696 276.639
60.946777 273.437
60.977848 274.702
61.008905 274.63
61.04115 272.212
61.072253 273.064
61.103234 272.75
61.134374 272.381
61.1655 272.087
61.197815 273.438
61.228954 274.279
61.260164 274.931
61.291356 273.933
61.322377 274.002
61.354593 273.1
61.385632 274.833
61.416718 276.476
61.447751 290.566
61.478811 291.34
61.511037 291.592
61.542113 286.823
61.573192 285.295
61.60441 285.333
61.635627 283.226
61.667877 281.194
61.698973 282.049
61.730088 286.954
61.761116 283.451
61.79214 288.687
61.824398 302.11
61.896306 286.91
61.927378 276.706
61.95843 273.575
61.989483 272.834
62.021686 274.666
62.052821 273.035
62.083883 273.033
62.114888 272.006
62.166434 272.759
62.198787 273.935
62.229799 273.19
62.260862 272.658
62.291976 273.951
62.323048 274.332
62.35513 273.056
62.386163 272.823
62.417147 274.495
62.448163 273.208
62.479236 272.35
62.511322 274.613
62.542361 273.268
62.573348 271.951
62.604408 274.224
62.63545 273.594
62.667643 273.564
62.69872 272.959
62.729719 275.75
62.760974 274.666
62.792098 273.428
62.824382 274.361
62.855715 272.899
62.886997 271.245
62.907925 273.488
62.93905 272.727
62.971252 273.715
63.002315 274.893
63.033317 278.977
63.064422 275.76
63.095469 273.002
63.127529 273.671
63.158561 273.065
63.189596 271.486
63.220749 272.756
63.241622 272.502
63.273802 271.89
63.304875 271.398
63.335898 274.226
63.366855 273.322
63.397861 273.013
63.430051 274.824
63.461137 273.611
63.49222 272.636
63.523265 272.791
63.55442 273.826
63.586649 272.793
63.617735 271.522
63.6488 274.071
63.679797 272.933
63.710795 272.418
63.742857 274.175
63.773889 272.881
63.804888 273.572
63.83586 272.098
63.866878 273.791
63.898956 272.668
63.929944 272.844
63.960962 273.356
63.991942 272.637
64.022919 272.284
64.055046 273.143
64.086072 272.128
64.117152 272.519
64.148262 272.501
64.179335 274.448
64.211488 272.092
64.242499 274.13
64.273568 272.662
64.304733 272.028
64.335821 272.531
64.368027 274.31
64.399088 272.591
64.430167 271.354
64.461258 273.698
64.492355 273.777
64.524589 272.8
64.555617 274.454
64.586659 272.97
64.617671 272.372
64.648748 272.014
64.680924 275.299
64.711978 273.525
64.743004 272.305
64.774014 273.114
64.80506 272.496
64.837273 272.516
64.86859 273.94
64.899614 272.475
64.930596 271.494
64.961615 272.804
64.993785 272.89
65.02479 271.661
65.055809 271.765
65.086854 272.597
65.117851 272.017
65.149957 271.525
65.180953 273.747
65.212002 272.421
65.24299 272.085
65.274047 273.335
65.306331 272.322
65.337312 271.783
65.36842 272.432
65.399475 275.176
65.430555 272.253
65.462795 272.44
65.493841 274.191
65.524878 272.548
65.545838 271.526
65.57697 272.411
65.609172 272.222
65.640214 272.011
65.671227 271.259
65.702243 273.305
65.733296 273.541
65.765498 274.361
65.796593 274.872
65.827623 272.697
65.858682 272.022
65.879561 273.255
65.911781 272.669
65.942856 272.251
65.973908 272.465
66.004941 273.969
66.036042 282.654
66.06808 278.537
66.099094 278.816
66.130125 274.081
66.161185 272.721
66.192297 275.21
68.247893 274.197
68.27897 272.186
68.310066 272.783
68.341183 272.673
68.372286 280.915
68.414637 273.685
68.446496 273.101
68.477545 278.99
68.508616 275.333
68.539675 272.326
68.570695 273.423
68.602897 272.31
68.623715 272.298
68.654715 271.41
68.685708 271.968
68.716729 272.126
68.748963 273.652
68.780051 272.831
68.811074 272.463
68.842112 272.501
68.873121 273.995
68.90538 272.29
68.936453 273.814
68.967447 277.742
68.998457 278.136
69.0295 277.998
69.061648 276.671
69.092708 272.902
69.123792 270.681
69.154857 271.593
69.186008 273.679
69.218199 272.881
69.249255 271.577
69.280304 273.575
69.311261 273.122
69.34245 272.734
69.374628 275.569
69.405643 273.464
69.436724 272.348
69.46778 272.6
69.49884 272.744
69.531043 272.023
69.562166 271.744
69.593244 274.211
69.624302 271.967
69.655387 271.047
69.687537 273.92
69.718592 272.464
69.749647 271.24
69.780715 272.776
69.811764 272.102
69.843919 271.748
69.874937 272.11
69.905948 274.155
69.936962 272.803
69.968035 271.811
70.000223 274.642
70.031292 271.904
70.062303 271.843
70.093324 272.982
70.124712 271.943
70.156895 270.428
70.188085 272.88
70.219154 273.833
70.25018 270.784
70.281275 272.778
70.313414 272.373
70.344506 273.142
70.375555 273.879
70.406553 274.585
70.437605 271.11
70.469758 270.267
70.50078 272.533
70.531795 271.467
70.562809 271.696
70.59383 272.332
70.625977 272.083
70.657008 271.557
70.688026 271.128
70.719063 273.022
70.750118 271.543
70.782309 271.401
70.81343 273.705
70.844461 271.849
70.875483 270.752
70.906566 272.25
70.938748 271.429
70.96981 270.709
71.000902 271.692
71.031976 271.337
71.063054 270.611
71.095316 270.476
71.1264 271.408
71.157412 271.514
71.188423 271.43
71.219501 272.253
71.251724 271.298
71.282727 272.594
71.313845 274.907
71.345067 273.104
71.376244 271.663
71.408497 272.011
71.439587 273.955
71.47055 271.654
71.501582 271.841
71.532701 271.774
71.564851 271.01
71.595885 273.376
71.626946 275.079
71.657949 272.164
71.688956 271.47
71.721186 272.696
71.752248 276.945
71.783287 272.8
71.814404 271.826
71.845472 272.497
71.877686 270.915
71.908799 271.252
71.939811 275.221
71.970964 274.711
72.002115 275.35
72.034269 277.063
72.065291 281.512
72.096323 275.183
72.127324 272.76
72.158385 271.546
72.190549 271.442
72.221632 270.4
72.252679 271.14
72.28371 271.082
72.314842 270.845
72.347207 272.498
72.378286 271.462
72.409357 271.282
72.440474 271.131
72.471645 278.351
72.50394 278.316
72.535068 279.312
72.56614 282.789
72.597088 287.154
72.62817 284.888
72.660487 286.169
72.711823 285.497
72.742854 287.081
72.773904 290.581
72.804995 290.829
72.837181 285.501
72.868183 277.27
72.899384 273.988
72.930481 272.104
72.961487 272.308
72.993604 272.956
73.024612 272.286
73.055748 273.8
73.086816 272.062
73.117897 272.565
73.150253 273.181
73.18136 273.675
73.212452 271.789
73.243452 272.131
73.274513 275.749
73.306713 272.967
73.337775 272.01
73.36887 271.826
73.399929 274.898
73.430965 272.188
73.463139 277.855
73.494222 274.461
73.525317 273.257
73.556336 273.536
73.587417 279.663
73.61942 278.211
73.650531 281.48
73.681555 294.366
73.793995 365.994
73.926955 342.976
73.964941 333.885
73.996037 327.524
74.098364 320.009
74.190517 303.707
74.221623 283.828
74.253877 276.21
74.284895 275.317
74.315911 275.172
74.347002 273.093
74.378161 273.408
74.410429 275.844
74.441428 273.461
74.472428 272.945
74.503439 273.799
74.534515 272.331
74.56674 272.129
74.597783 273.976
74.628845 272.262
74.659901 271.555
74.690995 271.406
74.723206 271.707
74.754298 271.372
74.78542 271.721
74.81654 276.095
74.847623 274.301
74.879886 273.587
74.910982 273.776
74.942045 273.435
74.973301 272.659
75.004332 275.029
75.036399 279.682
75.067398 276.426
75.098456 272.335
75.129541 271.761
75.160678 272.157
75.192868 272.276
75.223984 272.41
75.255043 271.192
75.286092 271.412
75.317182 271.393
75.349466 272.014
75.370369 271.156
75.401454 273.276
75.432397 273.722
75.463685 272.618
75.495889 274.684
75.526945 277.703
75.558069 325.086
75.690974 319.413
75.722049 307.6
75.754238 293.112
75.785303 289.324
75.816331 291.122
75.847377 296.827
75.878423 299.753
76.002282 313.03
76.065005 314.589
76.096031 321.739
76.127062 320.593
76.158136 315.522
76.189314 308.894
76.221649 311.268
76.252765 311.755
76.283821 315.46
76.325214 312.168
76.356425 312.247
76.388749 311.613
76.419879 307.207
76.451019 304.981
76.482141 303.602
76.513341 320.466
76.586478 328.184
76.617761 381.255
76.862517 453.22
76.964992 461.23
77.077535 477.909
77.272618 480.166
77.446259 464.085
77.477271 471.494
77.681265 640.412
78.28195 665.927
78.314187 675.972
78.345318 638.621
78.376503 593.005
78.560223 419.826
78.591285 375.823
78.623496 329.026
78.654502 313.065
78.685452 299.882
78.716518 289.711
78.747516 285.142
78.779681 283.124
78.810746 283.753
78.841854 279.197
78.872927 275.952
78.904092 275.583
78.936314 273.096
78.967323 273.611
78.998398 274.31
79.029443 272.225
79.060579 271.522
79.092793 271.53
79.123907 272.57
79.154957 271.705
79.186049 272.581
79.217196 273.837
79.249413 272.811
79.28053 271.521
79.311527 272.93
79.342642 271.601
79.373801 271.112
79.40606 273.989
79.437178 276.255
79.468322 276.348
79.499404 277.207
79.530482 280.09
79.552496 273.184
79.583521 271.544
79.614583 274.06
79.645628 272.208
79.676783 270.451
79.709172 272.264
79.740352 271.414
79.771579 271.285
79.802831 270.573
79.833983 271.815
79.866408 271.632
79.897571 271.5
79.928643 272.576
79.959683 271.807
79.990766 271.355
80.022901 272.153
80.053874 271.678
80.084912 270.208
80.115958 270.828
80.147102 271.447
80.169197 272.118
80.200372 271.11
80.231393 273.172
80.262425 271.467
80.29352 271.465
80.325742 271.637
80.356743 272.939
80.387842 270.338
80.418882 271.121
80.449922 272.804
80.482113 272.509
80.513102 272.174
80.54411 272.967
80.575132 271.581
80.60626 272.34
80.638372 273.359
80.669377 271.918
80.700432 271.378
80.731485 271.348
80.762554 271.867
80.794744 269.9
80.825764 270.635
80.85676 274.39
80.887761 346.907
81.020526 320.625
81.052655 311.976
81.083642 293.283
81.11471 297.935
81.166092 309.904
81.207403 304.903
81.290541 278.857
81.322451 274.128
81.353491 275.777
81.38455 272.571
81.415599 271.692
81.446686 272.627
81.47894 272.295
81.510071 271.619
81.541127 271.491
81.572156 271.572
81.593091 271.246
81.625486 271.135
81.656536 271.495
81.687567 271.063
81.718707 271.161
81.749754 271.234
81.781972 272.424
81.813111 271.485
81.844167 271.818
81.875203 272.1
81.906301 271.294
81.938516 270.999
81.969598 273.975
82.000638 272.046
82.031664 270.612
82.062731 270.663
82.094893 272.244
82.126008 270.875
82.157072 270.94
82.188163 273.382
82.219255 271.712
82.241278 270.867
82.27228 272.661
82.303315 271.542
82.334443 271.196
82.365567 272.511
82.39796 271.377
82.429051 271.201
82.460072 270.615
82.491129 272.513
82.522169 271.951
82.554352 271.769
82.585449 273.74
82.616562 273.283
82.647659 276.6
82.678757 276.172
82.71108 281.335
82.742156 300.155
82.793571 317.165
82.865396 316.328
82.896478 320.088
82.969446 323.387
83.041143 327.508
83.163855 327.783
83.215419 317.43
83.246552 319.376
83.288836 308.432
83.319816 281.001
83.350854 274.882
83.38187 273.602
83.413076 271.944
83.44534 272.541
83.476507 273.524
83.507634 273.102
83.538797 272.461
83.570117 272.335
83.602301 273.542
83.63333 272.445
83.664493 271.494
83.695631 272.263
83.726795 272.077
83.759025 271.193
83.790095 272.26
83.821166 275.068
83.852165 272.459
83.883244 271.443
83.91542 272.343
83.9465 271.773
83.977524 271.014
84.008579 272.923
84.039628 279.221
84.071791 275.514
84.092679 272.551
84.123745 273.984
84.154862 272.454
84.186042 271.972
84.21833 272.715
84.249452 271.591
84.280667 269.939
84.311627 271.666
84.342826 271.461
84.375056 271.285
84.395981 271.205
84.427148 272.647
84.458179 271.599
84.489216 272.726
84.521427 272.901
84.552604 271.478
84.583691 271.214
84.614757 271.461
84.645849 272.901
84.678008 271.647
84.709042 271.422
84.740087 272.664
84.771158 271.062
84.802188 272.673
84.834491 272.69
84.865536 272.594
84.896655 270.712
84.927699 271.928
84.958858 273.649
84.991167 272.386
85.022225 272.154
85.053248 272.574
85.08433 271.069
85.115349 270.804
85.147458 271.637
85.178516 271.663
85.209515 270.883
85.240552 272.904
85.271586 273.501
85.303746 273.49
85.33481 271.928
85.365891 271.203
85.396929 270.935
85.428122 271.51
85.460311 272.086
85.491338 271.19
85.522452 270.506
85.553543 271.61
85.584573 271.541
85.616792 271.378
85.647854 272.901
85.67875 274.447
85.709808 271.66
85.740854 271.661
85.772956 272.321
85.803931 271.259
85.834961 270.314
85.86598 271.328
85.897039 271.026
85.929304 270.518
85.960356 269.97
85.991331 272.136
86.022345 270.22
86.053394 272.34
86.085516 272.899
86.11658 270.497
86.147624 271.929
86.178734 272.292
86.209801 271.086
86.241997 270.564
86.273105 272.407
86.304167 272.353
86.335212 270.119
86.366309 270.592
86.39851 271.794
86.429711 272.107
86.460739 271.695
86.491758 277.159
86.522889 272.393
86.555144 271.596
86.586122 272.703
86.617352 272.481
86.648593 270.934
86.679722 272.18
86.701812 271.719
86.732803 270.138
86.763821 270.808
86.794818 271.396
86.825903 271.144
86.858169 271.006
86.889286 272.292
86.92039 270.881
86.951462 271.951
86.982512 272.731
87.014832 275.161
87.04589 277.291
87.076965 275.817
87.108029 272.056
87.139164 271.506
87.171406 271.425
87.202625 277.709
87.233685 275.969
87.264736 274.312
87.295694 273.847
87.327887 270.942
87.359054 270.823
87.390118 272.629
87.421283 271.254
87.45244 270.339
87.484726 270.139
87.515774 271.753
87.546867 270.685
87.57797 270.463
87.609082 272.467
87.641403 270.908
87.672518 270.906
87.703582 271.829
87.734638 270.809
87.765691 270.827
87.797896 271.807
87.828992 271.096
87.860113 270.048
87.891182 270.598
87.922252 273.36
87.954483 271.236
87.985562 270.389
88.016587 271.684
88.047634 270.56
88.07864 270.381
88.110966 271.964
88.142104 270.743
88.173183 270.925
88.204308 271.364
88.235361 271.03
88.267622 271.8
88.298793 271.631
88.329859 271.41
88.360862 270.692
88.391878 270.582
88.424092 271.712
88.455138 270.885
88.486159 270.287
88.517149 271.137
88.548225 270.531
88.580512 270.349
88.611676 271.899
88.642789 271.503
88.673836 270.161
88.704927 270.844
88.73714 274.342
88.768294 271.436
88.799399 271.574
88.830502 273.464
88.86157 271.251
88.893687 270.055
88.924809 271.129
88.955867 271.383
88.986958 269.82
89.017976 270.873
89.050249 271.068
89.081297 270.436
89.112347 270.124
89.14342 272.083
89.174524 271.34
89.206763 270.989
89.227741 271.901
89.258767 271.238
89.289773 269.518
89.320812 270.441
89.352923 273.429
89.383973 271.217
89.415027 270.518
89.446155 271.054
89.477238 270.885
89.509451 270.005
89.540515 270.709
89.561348 270.414
89.592465 270.212
89.623584 269.678
89.655791 270.861
89.68694 270.111
89.718002 270.664
89.749075 271.58
89.780126 270.837
89.812376 270.255
89.843437 271.071
89.87451 270.768
89.905489 269.924
89.936577 270.717
89.968744 271.402
89.999768 272.689
90.030828 276.323
90.061874 275.344
90.092961 271.737
90.125165 270.846
90.156239 271.134
90.187307 270.991
90.218366 270.176
90.24938 271.628
90.281503 271.346
90.312633 269.671
90.34377 270.651
90.374872 273.803
90.406008 272.024
90.438321 270.401
90.469343 273.139
90.500402 271.899
90.531498 270.819
90.562622 271.451
90.594846 271.167
90.625897 270.531
90.656911 270.18
90.687928 272.3
90.718962 270.926
90.751112 270.164
90.782166 271.422
90.813255 270.316
90.844354 270.851
90.865226 271.577
90.897313 273.349
90.928423 270.316
90.959496 270.249
90.990567 271.859
91.021714 271.601
91.05394 271.697
91.08506 273.527
91.116109 272.716
91.147144 270.733
91.178296 274.359
91.210439 272.117
91.24148 271.13
91.272532 271.15
91.303585 272.643
91.334663 270.994
91.366878 271.31
91.397985 271.398
91.429072 270.749
91.460337 270.44
91.491584 270.573
91.513725 271.55
91.544815 270.637
91.575848 270.473
91.606941 270.809
91.638091 270.367
91.670365 270.131
91.701475 273.751
91.732567 272.176
91.763746 272.406
91.794929 273.245
91.82711 271.743
91.858142 270.801
91.8892 270.777
91.920274 277.143
91.961617 272.556
91.993986 273.166
92.025131 271.528
92.056329 270.594
92.087448 270.826
92.118577 272.94
92.150963 271.175
92.182148 271.195
92.213313 272.078
92.244544 271.207
92.275766 271.421
92.308047 273.142
92.339292 271.363
92.370514 270.571
92.401641 271.358
92.432889 273.494
92.465551 270.422
92.496778 269.978
92.517777 271.869
92.54891 270.54
92.580076 270.168
92.612508 270.277
92.643666 272.094
92.674776 271.15
92.705935 270.576
92.737199 272.036
92.769548 271.055
92.800769 271.413
92.831932 275.722
92.873236 271.486
92.904471 270.9
92.936805 272.116
92.967771 271.301
92.998822 273.301
93.029906 277.944
93.061002 273.598
93.093305 272.678
93.124383 272.343
93.155445 271.09
93.186594 272.296
93.217744 271.723
93.250205 271.111
93.281325 271.462
93.312388 271.456
93.343514 274.741
93.374615 272.49
93.406912 270.474
93.437986 270.869
93.469121 274.264
93.489963 270.636
93.521054 270.664
93.553347 271.391
93.5844 270.698
93.615543 269.879
93.646531 271.187
93.677582 270.085
93.70979 270.038
93.740894 270.28
93.772079 270.938
93.803194 270.634
93.834247 273.477
93.866442 273.347
93.897547 271.219
93.928681 271.058
93.95979 272.312
93.990851 272.665
94.023018 269.786
94.05411 272.649
94.085263 270.753
94.116445 269.151
94.147686 271.684
94.180106 271.058
94.211368 270.426
94.242507 272.066
94.273661 272.32
94.304797 270.665
94.337049 270.496
94.368221 272.068
94.399291 270.435
94.430362 269.801
94.461666 272.293
94.493965 270.713
94.525073 269.837
94.556222 270.887
94.58727 271.241
94.618419 269.439
94.650773 269.844
94.681792 270.779
94.712879 269.372
94.744023 269.764
94.775346 272.468
94.807771 270.516
94.838905 270.109
94.87005 272.486
94.901264 271.261
94.932556 269.838
94.964893 273.362
94.996099 280.104
95.037392 278.096
95.068532 274.709
95.099791 273.027
95.132033 270.081
95.163067 270.974
95.194177 274.542
95.225355 270.143
95.256576 270.182
95.288846 271.148
95.319999 270.479
95.351138 270.735
95.382321 272.491
95.413566 270.925
95.445874 270.441
95.477025 271.594
95.508141 276.402
95.539314 271.438
95.570563 271.429
95.602937 272.955
95.634007 270.866
95.665037 270.868
95.696244 273.089
95.727394 270.971
95.759723 270.022
95.79076 271.784
95.821848 271.343
95.852972 271.057
95.884095 273.174
95.916319 272.137
95.94733 270.591
95.97837 270.959
96.009481 272.742
96.040683 273.898
96.072937 270.991
96.104022 271.608
96.135103 270.229
96.166229 269.635
96.197438 272.308
96.229908 270.68
96.261141 270.399
96.292368 271.617
96.323596 271.222
96.354732 269.422
96.387073 270.091
96.418172 272.97
96.449277 270.18
96.480553 270.096
96.511748 271.266
96.544045 270.112
96.575317 269.91
96.606652 272.026
96.63797 270.802
96.669339 269.4
96.701762 270.98
96.73285 270.152
96.763899 269.071
96.794936 270.095
96.826082 270.767
96.858344 270.667
96.889475 269.842
96.920621 270.153
96.951761 269.846
96.98294 270.301
97.015206 270.658
97.046307 270.403
97.077379 269.528
97.108508 270.501
97.139737 270.816
97.172019 270.311
97.20313 271.392
97.234314 272.977
97.265463 270.771
97.296673 269.937
97.329005 271.252
97.360096 270.147
97.391166 269.175
97.422253 269.68
97.453367 277.182
97.485818 270.837
97.516983 272.328
97.548109 278.142
97.589367 278.749
97.62048 275.017
97.652714 272.781
97.683809 270.287
97.714953 269.223
97.746055 271.529
97.777182 270.42
97.809443 270.766
97.840603 271.149
97.87172 271.019
97.902807 270.127
97.933912 270.793
97.966242 272.952
97.997344 270.246
98.028392 270.319
98.059545 272.037
98.080502 271.206
98.112715 271.179
98.143796 272.431
98.174918 270.376
98.206129 270.698
98.237495 270.014
98.269922 271.841
98.301266 270.4
98.332633 269.957
98.353854 270.934
98.385255 270.117
98.417737 270.022
98.449087 270.863
98.480466 270.08
98.511803 269.953
98.543083 269.806
98.575608 270.902
98.596891 270.349
98.628253 271.095
98.659683 271.226
98.690948 277.092
98.723316 272.119
98.754443 272.678
98.785598 282.834
98.816806 271.863
98.847976 270.876
98.880276 278.654
98.911429 272.211
98.942612 275.51
99.014442 273.826
99.035512 277.99
99.067874 281.846
99.099012 273.362
99.130156 270.373
99.161385 270.136
99.192592 274.696
99.22492 271.443
99.256114 270.164
99.28722 272.487
99.318345 271.07
99.349542 270.552
99.381839 271.16
99.412963 270.484
99.444128 270.202
99.475231 271.921
99.506469 270.711
99.538727 269.17
99.569953 269.901
99.601157 271.295
99.622131 270.098
99.653431 270.679
99.685849 272.383
99.717067 270.493
99.74827 269.905
99.779438 269.539
99.810624 273.307
99.842955 271.383
99.874118 276.03
99.89499 274.077
99.926108 281.37
99.957371 277.009
99.989678 282.072
100.020735 276.354
