1.1e-05 0.010877
0.235852 0.01897
0.277098 0.025845
0.308096 0.031067
0.339159 0.034199
0.390571 0.039247
0.422698 0.041509
0.453768 0.04238
0.515393 0.045686
0.546342 0.04821
0.57741 0.076318
0.609508 0.083628
0.640515 0.085804
0.671533 0.08798
0.702508 0.087109
0.78442 0.100424
0.816445 0.109474
0.84848 0.111389
0.880392 0.122179
0.911437 0.138627
0.942427 0.144631
0.973459 0.152812
1.004481 0.157424
1.036667 0.163254
1.067832 0.178831
1.098923 0.185358
1.129854 0.197802
1.160866 0.219471
1.192896 0.237137
1.223927 0.252279
1.25495 0.271598
1.285959 0.296312
1.316959 0.315457
1.348976 0.342173
1.379996 0.360535
1.411116 0.398999
1.442178 0.436767
1.473269 0.456782
1.505503 0.460524
1.536574 0.461046
1.567699 0.455651
1.598765 0.474796
1.629809 0.475927
1.662026 0.475231
1.69304 0.476014
1.724034 0.477842
1.75507 0.487849
1.786078 0.488284
1.818143 0.485326
1.849203 0.508648
1.880272 0.560861
1.911279 0.646318
1.942329 0.707321
1.974543 0.78303
2.005589 0.858479
2.036591 0.959426
2.067591 1.06803
2.098672 1.196563
2.130784 1.291069
2.161764 1.349027
2.192718 1.404982
2.22367 1.488611
2.254721 1.579724
2.286801 1.681106
2.317737 1.792321
2.348735 1.917111
2.379759 2.040858
2.41087 2.158339
2.442968 2.380769
2.473973 2.553944
2.505118 2.682042
2.536199 2.836333
2.567292 3.093311
2.599499 3.292942
2.630503 3.340021
2.66155 3.761733
2.692591 3.984512
2.723601 4.180661
2.755627 4.460178
2.786647 4.454348
2.817639 5.013121
2.84875 5.450323
2.87987 5.760908
2.911899 6.240229
2.942921 6.46118
2.973962 6.560908
3.004955 7.165281
3.036116 7.620497
3.06831 7.917245
3.099376 8.551032
3.130399 8.827155
3.161405 8.103909
3.192455 7.972418
3.224571 8.124272
3.255581 7.355252
3.286617 7.424261
3.317658 7.897665
3.348668 8.080587
3.380751 7.949966
3.412765 7.894184
3.444622 8.178575
3.475629 8.277345
3.50668 7.658613
3.537562 7.931256
3.568689 8.822891
3.600862 9.112938
3.63193 8.956819
3.662992 8.933236
3.694027 6.286003
3.725095 6.330733
3.747028 6.2364
3.778077 7.659571
3.809133 8.429809
3.840215 9.094402
3.871249 9.268274
3.903465 9.25522
3.935438 9.525513
3.967391 9.404203
3.98918 9.671798
4.021114 9.847671
4.052933 10.149205
4.084824 10.020151
4.116644 10.711895
4.148449 10.191237
4.180286 8.277693
4.212131 8.617082
4.243972 8.944984
4.275879 10.193326
4.307778 9.854198
4.339769 9.723142
4.371788 9.112068
4.403731 8.466098
4.445989 8.228961
4.478136 7.108281
4.520328 7.438359
4.552182 8.177182
4.58436 8.115831
4.616401 8.276388
4.648429 8.655285
4.680257 6.307063
4.712184 6.589974
4.744112 7.67567
4.776093 7.945528
4.807931 7.92995
4.83999 7.616755
4.872297 7.65783
4.904381 6.89203
4.936301 6.240055
4.968232 6.306366
5.000281 7.719877
5.032302 9.145572
5.06424 9.231463
5.096117 9.102234
5.127952 9.011121
5.159859 8.711589
5.191756 9.061421
5.223613 9.741417
5.255597 9.534564
5.287581 9.326318
5.319524 9.081349
5.351424 9.499841
5.383379 8.726035
5.415314 8.19946
5.447267 9.179598
5.479177 9.269405
5.511161 9.387495
5.543071 9.297165
5.575244 9.358777
5.607125 9.126079
5.639125 8.594369
5.671087 9.975856
5.703052 9.578162
5.735066 9.541699
5.767286 9.472603
5.799249 9.682763
5.831103 9.093967
5.863036 9.245561
5.894926 7.465771
5.926785 8.737348
5.968881 8.915222
6.000709 8.991889
6.022357 9.008337
6.054241 9.038447
6.086089 9.447019
6.117894 9.089181
6.149785 7.628242
6.181785 9.520901
6.213661 9.786843
6.245471 9.973071
6.277279 10.025546
6.309117 7.195043
6.351052 7.232637
6.372767 7.291464
6.404598 7.821085
6.436589 9.164282
6.468499 9.217453
6.500497 9.023392
6.53238 8.996241
6.564331 9.202049
6.596441 9.296991
6.628284 9.420477
6.660164 9.338414
6.69203 9.099624
6.723963 9.174637
6.755834 9.483133
6.787702 9.576421
6.819487 9.12573
6.851603 9.182034
6.883801 8.357319
6.915773 8.229657
6.947702 9.592434
6.979554 8.841427
7.062256 9.688594
7.093306 7.350901
7.124379 7.489963
7.155441 7.377617
7.186507 8.345919
7.218478 9.159408
7.250329 8.662421
7.282096 8.38508
7.313982 7.440795
7.397027 8.463922
7.428101 8.711589
7.45916 8.27926
7.490223 8.298927
7.521275 8.791128
7.553457 8.144549
7.585586 8.122184
7.616655 8.510828
7.647667 9.447454
7.678672 8.970047
7.7098 9.08892
7.741968 9.216495
7.773948 9.395153
7.805876 9.336674
7.837783 9.149488
7.869535 8.436336
7.901325 6.501471
7.933178 6.522357
7.96513 7.097578
8.007073 7.478128
8.038965 6.771677
8.081007 6.729645
8.112962 6.552293
8.144836 6.860615
8.176703 6.533409
8.209063 6.785949
8.241319 6.823891
8.273294 6.608771
8.305213 6.856002
8.337094 7.78001
8.369067 8.588104
8.400955 8.843516
8.432936 9.452414
8.464959 5.902233
8.496844 5.813817
8.528675 5.77605
8.560535 5.911109
8.592762 6.739044
8.624696 7.137173
8.656661 7.005507
8.688542 6.589713
8.720415 6.834769
8.752269 9.191607
8.784187 9.947748
8.816032 9.86934
8.847949 10.154166
8.879948 8.249759
8.912007 8.554687
8.943967 8.660594
8.975926 8.911916
9.007884 8.844299
9.039813 9.170721
9.071853 8.733606
9.10373 8.159343
9.155948 9.377313
9.187866 9.339458
9.219765 9.402898
9.251738 9.392629
9.283553 9.761606
9.315423 9.853067
9.347345 9.949749
9.379424 9.46947
9.411319 8.539371
9.443543 7.444537
9.475548 7.586297
9.507537 8.572701
9.539497 9.322402
9.571536 9.463901
9.603784 9.179859
9.635813 9.2111
9.667858 7.124903
9.700235 6.504343
9.783433 7.650955
9.81452 7.785058
9.845622 7.456285
9.876624 6.355012
9.989117 6.498078
10.021482 6.057829
10.052601 6.065748
10.083619 5.729144
10.114696 5.544308
10.155907 5.133908
10.188031 4.83281
10.219928 4.952031
10.251905 4.838814
10.273721 4.712022
10.336296 4.33034
10.49962 4.531537
10.530683 4.354532
10.561826 4.17483
10.6033 4.203461
10.635524 4.199023
10.667608 4.18684
10.730194 4.23183
10.792721 4.20494
10.834822 3.997391
10.897471 4.024194
10.929385 3.819516
10.9808 3.845362
11.011829 3.397543
11.042915 3.445928
11.073976 3.439923
11.106158 3.593431
11.137168 3.381618
11.24976 3.360645
11.311288 3.509802
11.342317 3.567324
11.374412 3.636856
11.405518 3.505016
11.436608 3.684544
11.467624 3.711782
11.498696 3.702993
11.541023 3.645123
11.58217 3.647385
11.613216 3.732059
11.644231 3.791147
11.675239 3.20122
11.707396 3.367433
11.738393 3.501187
11.76946 3.500491
11.800504 3.52799
11.831511 3.50023
11.863737 3.354815
11.894836 3.546874
11.925913 3.624585
11.957026 4.376723
11.988105 4.816797
12.020308 4.219821
12.051288 4.351052
12.082358 4.429111
12.113412 4.746048
12.144486 5.966455
12.176686 6.140327
12.207748 6.624522
12.238772 7.289115
12.269779 8.034291
12.300801 8.455568
12.343191 10.382165
12.374241 10.02981
12.40531 10.344572
12.436416 8.628917
12.487941 8.770155
12.52041 8.759191
12.55281 8.737696
12.584926 8.512742
12.617191 8.541634
12.649084 8.643537
12.681172 8.041688
12.713062 8.082849
12.744868 9.276106
12.7767 9.150271
12.808579 9.240862
12.840558 9.517072
12.872455 9.109457
12.904428 9.718617
12.936258 9.779707
12.96819 9.833922
13.000174 9.222065
13.032063 9.453197
13.06402 9.543092
13.095957 9.459811
13.127877 9.533258
13.159765 8.936021
13.212015 9.437533
13.243963 9.493228
13.276068 8.50578
13.308013 8.766326
13.339957 9.274017
13.372003 10.55508
13.404057 8.737174
13.43615 9.104671
13.468165 9.54753
13.500096 9.448933
13.53215 9.425089
13.564041 9.951751
13.595951 10.333346
13.628184 7.759386
13.660096 8.014798
13.692063 8.224
13.723954 7.663313
13.837584 8.25324
13.878988 8.926013
13.910145 9.032268
13.931068 7.927688
13.962079 7.930212
13.994268 8.570438
14.025291 8.576443
14.056349 8.714635
14.087343 9.49227
14.118336 6.791779
14.150452 6.881935
14.182474 6.915352
14.214693 8.175877
14.246648 8.245234
14.278748 8.296055
14.310739 8.330951
14.342761 6.674125
14.374976 6.614949
14.396753 8.499515
14.428861 9.712699
14.460936 10.08037
14.493064 9.52473
14.525076 10.440732
14.556976 9.153404
14.619704 9.357385
14.650819 9.430919
14.681901 9.882916
14.712959 9.80738
14.744053 10.12014
14.776285 10.302366
14.80737 10.253111
14.838481 10.034509
14.869526 9.105367
14.931236 9.201266
14.963462 8.978836
14.994508 8.661203
15.025616 9.164195
15.056676 8.88285
15.087767 9.059506
15.119981 9.105454
15.150961 9.795023
15.182041 10.176792
15.21314 7.598133
15.284955 7.892357
15.317333 8.070144
15.348404 8.126796
15.379437 8.143852
15.410566 8.50317
15.441695 7.957363
15.473885 8.233486
15.505837 8.694446
15.537819 9.022086
15.569911 10.429158
15.601808 11.058419
15.644351 9.010077
15.676353 9.1199
15.708169 9.279935
15.729836 9.180207
15.761692 9.018779
15.793519 7.894271
15.825455 8.028286
15.857411 7.764346
15.88927 7.548356
15.921128 7.676366
15.953128 7.591519
15.985115 7.339066
16.017038 7.943352
16.048857 8.95769
16.080842 9.362432
16.112786 9.345724
16.144661 6.635051
16.196969 6.827198
16.22905 6.799437
16.26086 6.777943
16.292951 6.851999
16.324823 8.654589
16.356669 8.907738
16.388521 8.741525
16.420557 8.276823
16.452475 8.290138
16.484353 8.13106
16.516184 10.15286
16.548183 10.458832
16.580066 8.806792
16.611865 9.036271
16.644035 9.377748
16.675935 9.549967
16.707854 9.818432
16.739755 9.898493
16.771657 9.832704
16.803658 9.886223
16.835484 8.142112
16.867611 10.68805
16.899669 10.9526
16.93159 10.651066
16.963532 7.794543
17.015743 8.048475
17.04763 8.122271
17.079717 7.742242
17.111613 7.913416
17.14356 7.730146
17.175399 7.637206
17.207183 7.583426
17.239098 7.844668
17.27097 7.821085
17.30285 7.926121
17.334942 9.176987
17.36693 9.590519
17.398967 9.769873
17.431006 9.883177
17.463185 10.004312
17.485007 7.084698
17.517153 7.166413
17.549469 7.25535
17.581713 7.291899
17.614114 6.944504
17.646626 8.770329
17.67903 8.736826
17.711549 8.750488
17.743986 8.61978
17.77637 8.860833
17.808584 9.002419
17.840751 8.985972
17.872916 9.258614
17.905024 9.226503
17.937284 9.250086
17.969793 9.572157
18.002132 9.325535
18.034503 9.667534
18.066821 9.188909
18.109374 9.278107
18.141581 9.403594
18.173836 9.653611
18.206164 9.529429
18.23825 9.479652
18.270478 9.533954
18.302556 9.184297
18.33476 7.590997
18.366863 8.630832
18.399074 10.272952
18.431287 9.831398
18.463536 10.041558
18.495738 10.31159
18.527782 7.615711
18.560032 7.931952
18.592106 8.047605
18.624161 8.357841
18.687027 8.730734
18.719193 8.056569
18.751333 8.265423
18.783351 9.013297
18.815429 8.454959
18.847537 8.333127
18.879648 8.803224
18.911865 8.889203
18.944 8.768067
18.976171 8.930451
19.008244 10.242668
19.040417 7.122379
19.072598 7.089745
19.104841 7.183991
19.137168 7.267359
19.169235 7.476649
19.201527 8.165695
19.233676 7.758255
19.265829 7.34655
19.297877 7.348899
19.33015 7.528253
19.362504 7.86947
19.394824 7.844233
19.427042 7.719007
19.459216 7.753729
19.491401 7.91272
19.523513 7.934476
19.555784 8.183622
19.587867 7.317484
19.62 6.99959
19.65231 6.879063
19.684495 8.415364
19.716632 8.613514
19.748548 8.679391
19.780435 8.500646
19.802196 5.960712
19.854692 6.813013
19.886708 8.043689
19.918781 8.53676
19.950856 8.20999
19.983008 8.396828
20.015295 8.482632
20.047449 8.412318
20.079706 8.528232
20.111952 8.594979
20.144346 8.64902
20.176619 8.863357
20.208738 8.698275
20.240867 7.280412
20.344546 9.285939
20.375722 7.293727
20.406851 7.567936
20.438043 9.287506
20.469327 10.073148
20.501598 10.446388
20.533661 10.550119
20.565672 10.106042
20.597786 7.40294
20.630014 7.49736
20.66247 7.469861
20.694568 7.577247
20.726606 8.343309
20.75873 8.643624
20.790816 9.024958
20.822965 9.607924
20.855059 9.22746
20.897432 9.375573
20.929508 6.16478
21.053423 6.308629
21.084579 6.64854
21.115608 7.390496
21.146834 6.520181
21.178421 6.033898
21.211482 5.587123
21.242511 5.995347
21.273635 6.57196
21.314968 6.621128
21.346096 7.330102
21.378345 5.060635
21.409486 5.25078
21.440612 1.695203
21.614159 1.653345
21.807938 2.241793
21.840374 2.884457
21.871604 3.750333
21.902742 4.962909
21.933978 5.485045
21.965204 5.72079
21.997532 5.677714
22.028526 6.186101
22.069763 5.894401
22.10085 5.558841
22.131971 6.003527
22.164281 6.32438
22.195345 5.987863
22.226381 6.111174
22.25745 6.231527
22.288568 6.295576
22.320867 6.339783
22.351989 7.885917
22.383183 8.001918
22.414365 8.378118
22.445607 8.576008
22.4779 8.496295
22.509012 8.190323
22.540173 8.102604
22.571416 8.225219
22.602617 7.983034
22.634956 7.976421
22.666077 7.832572
22.697233 7.469165
22.728287 7.554534
22.75949 7.945441
22.791684 8.112176
22.82281 7.638511
22.853976 7.204267
22.89524 8.238707
22.926301 7.895054
22.958609 8.105562
22.989539 8.187712
23.020587 8.189278
23.051666 7.921596
23.082798 8.09599
23.115104 7.905932
23.146157 6.934062
23.177225 6.974179
23.208238 6.939544
23.239294 6.577616
23.271502 6.795434
23.30252 7.121161
23.333524 6.991671
23.364649 7.204964
23.395756 7.365173
23.428071 7.758516
23.459118 8.025588
23.490179 8.333301
23.521291 7.779227
23.542144 7.672363
23.574437 7.662616
23.605571 7.681065
23.636734 7.642079
23.6679 7.718398
23.698999 7.831093
23.731369 7.566195
23.762489 7.459244
23.79359 8.370982
23.824658 8.454611
23.845656 8.44791
23.87793 8.561997
23.90906 8.575572
23.940036 8.196588
23.97111 8.349313
24.0022 8.29153
24.034458 8.280913
24.065519 8.322945
24.096605 8.354099
24.127642 8.18632
24.148651 8.206683
24.180895 8.256112
24.212031 8.336695
24.24316 8.062399
24.274276 8.360365
24.305486 8.41458
24.337808 7.959712
24.369045 8.138892
24.40021 8.348791
24.431365 8.352794
24.462534 8.327819
24.494769 8.509957
24.525809 8.537108
24.556942 8.538936
24.588067 8.741351
24.619225 8.153599
24.651539 8.115831
24.682743 8.100254
24.713806 8.089028
24.734655 8.008097
24.765753 7.855894
24.798017 7.999743
24.829159 8.093118
24.860341 7.804638
24.891525 8.388909
24.922723 8.666511
24.955059 8.608815
24.986173 8.757102
25.017201 8.635357
25.048211 8.195109
25.079361 8.020628
25.111747 8.139414
25.142953 8.175877
25.174034 7.362214
25.205043 7.275626
25.236109 7.605181
25.268398 6.904126
25.299468 6.855741
25.330614 7.266663
25.361748 8.056308
25.392923 8.426676
25.425321 8.628917
25.456484 7.774354
25.487624 7.745375
25.518847 7.651129
25.5501 7.637206
25.582535 7.355948
25.613673 7.125251
25.644852 7.129254
25.67599 6.839555
25.707288 6.988886
25.7396 7.605791
25.77073 7.643384
25.801826 7.27989
25.832924 8.131756
25.864086 8.164477
25.896301 7.728145
25.927431 8.226872
25.95854 8.494467
25.989702 8.203202
26.020881 8.555035
26.053216 8.337652
26.084371 6.893944
26.13583 6.627568
26.167098 6.679694
26.198299 7.341938
26.230651 6.931625
26.26188 6.453957
26.293071 5.838619
26.324273 5.870208
26.355442 5.462507
26.387794 5.167238
26.419 4.712196
26.450171 4.452433
26.481334 4.486633
26.512579 4.430677
26.595737 4.780596
26.628182 4.661201
26.669756 4.774852
26.690877 4.623433
26.722046 4.761016
26.753271 4.686002
26.816272 5.387928
26.847581 5.157231
26.878903 4.972829
26.910157 4.726903
26.941419 4.347136
26.98389 3.933429
27.015156 3.912805
27.04641 3.975113
27.077669 4.042295
27.108938 4.069794
27.141337 4.519441
27.172542 4.563213
27.203779 5.151661
27.235052 5.268707
27.266351 5.630722
27.298829 5.871862
27.329978 6.124141
27.361191 6.883153
27.392466 7.237597
27.423729 7.156927
27.4561 7.850325
27.487223 8.454524
27.518382 8.42337
27.549608 8.758407
27.580877 8.526927
27.613268 8.097904
27.644451 7.913068
27.675652 8.166565
27.706932 8.118616
27.738125 7.603876
27.770417 7.795761
27.80159 7.83701
27.832636 7.636684
27.863618 8.238272
27.894608 8.309544
27.926807 7.764868
27.95783 8.004616
27.988784 8.295707
28.01981 8.41284
28.050888 8.363063
28.083193 8.390214
28.114199 8.326513
28.145355 8.273777
28.17638 8.65807
28.20749 8.302843
28.239694 7.93143
28.270796 7.810729
28.301821 5.639337
28.4247 5.939391
28.455884 5.443884
28.488152 5.600525
28.519311 5.701384
28.55039 5.498969
28.5815 5.574505
28.612667 5.838184
28.644914 6.054522
28.675963 5.693813
28.707105 5.204658
28.738162 5.246864
28.769242 5.057328
28.80133 4.77668
28.832314 4.670338
28.863298 4.375244
28.89433 4.176484
28.925435 4.211206
28.957693 5.42265
28.988704 6.228481
29.019775 6.465009
29.050871 6.619126
29.081899 7.097491
29.114014 7.497708
29.145091 7.422173
29.176264 7.76043
29.207335 8.379684
29.238395 8.550075
29.270666 8.208945
29.301855 8.536847
29.33295 8.582273
29.364082 8.206944
29.395484 7.903931
29.427853 8.384993
29.459032 8.118355
29.490083 7.568371
29.521137 6.475626
29.572528 6.639316
29.604792 6.547768
29.635753 6.947637
29.666821 7.257438
29.697852 7.651391
29.729048 7.815951
29.76113 7.818039
29.792195 6.405398
29.833473 6.178791
29.864577 6.188886
29.895641 5.965498
29.927798 5.790756
29.958801 5.70121
29.989807 5.807726
30.020805 5.890398
30.051805 6.062268
30.083981 6.455959
30.115058 8.062573
30.146145 8.257243
30.177152 8.169089
30.208177 8.319987
30.240342 8.632833
30.27138 8.313634
30.302373 8.480631
30.33339 8.621782
30.364447 8.523446
30.396564 8.533802
30.427723 8.572266
30.458828 8.55547
30.489875 8.149248
30.520954 7.989996
30.553143 8.271341
30.584248 8.197546
30.615192 8.302756
30.646195 8.394391
30.677238 8.305106
30.709589 8.351402
30.740599 8.67852
30.771622 8.169002
30.802706 7.636075
30.83386 7.703952
30.866304 7.716135
30.897408 7.560452
30.928416 7.639729
30.959497 7.739022
30.990616 7.480652
31.022795 7.489354
31.053818 8.373245
31.084837 8.839077
31.105686 8.853958
31.136706 8.877106
31.168856 8.721771
31.199853 8.673995
31.230853 8.694272
31.261804 8.641362
31.292854 8.19128
31.324978 8.125926
31.356037 8.071624
31.387135 8.099384
31.418255 7.668186
31.439119 7.956928
31.471354 8.283611
31.5024 8.170742
31.533417 8.073451
31.564467 8.708282
31.595545 8.647453
31.627776 8.287788
31.65885 8.357058
31.689937 8.414145
31.721116 7.838228
31.752202 7.885395
31.784412 7.980685
31.815505 7.737804
31.84669 7.837184
31.87791 8.110871
31.90905 8.121488
31.941351 7.884873
31.972409 8.154382
32.003514 8.514395
32.034567 8.375681
32.065769 8.456264
32.097881 8.494641
32.128875 8.203202
32.15984 8.298318
32.190858 8.532061
32.221975 8.353229
32.254122 8.409881
32.285171 8.6914
32.316196 8.646409
32.347247 8.043602
32.378269 8.403354
32.41044 8.573745
32.441491 8.574267
32.472595 8.634052
32.503609 8.604551
32.534691 8.231136
32.566916 8.330168
32.598057 8.431637
32.629166 8.343222
32.660179 8.233312
32.691204 8.319551
32.723476 8.250542
32.754577 8.225045
32.785653 8.439643
32.816699 8.354622
32.847759 8.341742
32.879914 8.517789
32.911101 8.638403
32.94224 8.559734
32.973307 8.433464
33.004429 8.533976
33.036621 8.269774
33.067811 7.898796
33.098893 7.216016
33.140322 7.934041
33.171425 6.389038
33.23433 6.446647
33.265399 6.054697
33.296422 5.844537
33.327484 5.973591
33.358543 6.160168
33.390877 6.526969
33.422028 6.898905
33.453145 7.019692
33.484271 6.298969
33.515479 6.174092
33.547676 6.055915
33.578864 6.014405
33.59971 5.474516
35.671144 8.090159
35.702326 8.507521
35.734724 8.163346
35.76587 8.536847
35.79699 8.490464
35.828043 7.563759
35.859122 6.583969
35.911675 5.308563
36.003948 4.42563
36.11659 4.563213
36.147642 4.474885
36.178783 3.892006
36.210913 3.935431
36.241972 3.871208
36.273007 3.604918
36.304138 3.473775
36.335274 3.342806
36.36752 3.384141
36.398643 3.278844
36.429777 2.857654
36.633957 3.1866
36.665069 3.232026
36.819566 3.272143
36.850858 3.046754
36.892305 2.974438
36.923544 3.008203
36.954794 2.858176
36.9871 2.800393
37.038555 2.870446
37.07983 2.682477
37.151813 2.71015
37.182952 2.761145
37.245767 2.710585
37.297257 2.718504
37.348796 2.791081
37.390095 2.822409
37.43148 2.837812
37.463802 2.85922
37.495026 2.78351
37.52613 2.824672
37.567464 2.959992
37.598722 2.901687
37.631145 2.901165
37.662332 2.794214
37.693546 2.772719
37.724763 2.786121
37.75604 2.715719
37.78836 2.688568
37.819485 2.844861
37.911735 3.206789
37.943031 2.819973
37.97425 2.806223
38.006597 2.798826
38.037791 2.777332
38.170656 2.774982
38.201879 2.854782
38.233087 2.900382
38.27569 2.847559
38.337507 3.006898
38.368654 3.088177
38.399825 3.489091
38.431091 3.618146
38.463532 3.525902
38.494637 3.482216
38.525758 3.593518
38.556827 3.784794
38.587898 3.839445
38.620203 4.032026
38.681931 4.817494
38.712992 4.73282
38.744207 4.833158
38.775315 4.737433
38.807579 4.431809
38.83874 4.423454
38.859647 4.400306
38.890766 4.472448
38.921922 4.381335
38.954218 4.30171
38.985333 4.669207
39.016517 4.723248
39.047607 4.850301
39.07876 5.443013
39.110987 5.349377
39.142058 5.761082
39.173162 6.599285
39.204313 6.932321
39.235547 7.598742
39.267858 8.067272
39.299031 7.989822
39.330157 7.644081
39.361222 8.221912
39.392402 8.076323
39.424754 7.291551
39.455873 7.095141
39.486945 6.886373
39.518089 6.857134
39.5492 6.630613
39.581432 5.505931
39.663436 5.66701
39.71497 5.407073
39.766491 4.568957
39.868889 5.118941
39.911385 5.011206
39.94264 4.709411
39.973671 4.240794
40.03543 4.210945
40.066639 4.080846
40.098919 3.923422
40.130072 3.981031
40.161251 3.514937
40.202521 3.426609
40.274359 3.858155
40.306619 4.36541
40.337643 4.338433
40.368625 4.393171
40.399691 4.111826
40.430816 4.161255
40.463089 4.393693
40.494065 3.895661
40.545579 3.711695
40.576631 3.49292
40.60767 3.871034
40.639845 3.754162
40.670907 3.99391
40.701915 4.17483
40.732934 4.420235
40.764049 4.77581
40.796327 5.376702
40.827399 6.769763
40.858561 7.388669
40.889674 7.922815
40.920746 8.127492
40.952928 8.433725
40.983999 8.759539
41.015086 8.341481
41.046118 7.444624
41.077172 7.544701
41.109377 6.864792
41.160717 6.504865
41.201857 6.872972
41.232954 6.84817
41.263989 6.566042
41.296142 6.325424
41.327176 6.242753
41.358248 6.020236
41.389311 6.383295
41.420459 7.073994
41.452691 7.119333
41.483692 6.738783
41.514744 6.643058
41.545766 6.642013
41.576858 6.520529
41.608979 6.400438
41.639985 6.391301
41.671034 6.46205
41.702101 6.547594
41.733144 6.798045
41.765336 7.191214
41.796399 7.36291
41.827401 7.459418
41.858453 7.727361
41.889518 7.939697
41.921689 8.13428
41.952805 8.208249
41.983966 8.647888
42.015111 8.753621
42.046273 8.737
42.078477 7.758167
42.109518 7.846583
42.140536 7.990344
42.171579 7.758342
42.202687 7.948051
42.234851 8.584797
42.265874 8.571221
42.296877 8.79165
42.327958 8.926709
42.359082 7.832485
42.391224 7.768001
42.422312 7.657308
42.453362 7.571678
42.484383 7.456198
42.515406 7.356035
42.547689 7.186776
42.578786 7.092008
42.609738 7.624152
42.640867 8.487157
42.672044 8.471406
42.704242 8.666337
42.735332 8.789997
42.766368 8.661725
42.797523 8.895555
42.828632 8.663291
42.860899 8.415712
42.892016 8.427808
42.923074 8.504301
42.954132 8.495686
42.985219 8.073886
43.017392 8.313982
43.048478 8.500559
43.069318 8.271167
43.100328 8.551119
43.131453 8.920618
43.163879 8.832551
43.194973 8.083285
43.226003 8.347921
43.257062 8.61482
43.28811 8.410751
43.320267 8.450173
43.351317 8.482023
43.382397 8.349922
43.413602 8.57331
43.444785 8.572266
43.47691 8.232268
43.507941 8.135933
43.539015 8.320074
43.57003 8.273255
43.601099 8.240709
43.633212 8.291443
43.664277 8.350706
43.695345 7.979379
43.726452 8.269165
43.757647 8.928276
43.790112 8.733606
43.821155 8.783818
43.852205 8.937848
43.883218 8.86501
43.91438 8.899384
43.946645 8.974311
43.977726 8.489768
44.008869 8.207727
44.039899 8.116701
44.071037 8.286744
44.103284 8.096338
44.13433 7.925338
44.165378 8.193281
44.1965 8.130538
44.22761 7.447322
44.259934 6.963824
44.291083 6.879673
44.322111 5.562235
44.393966 5.319789
44.42522 5.234072
44.457539 4.861179
44.509135 4.890158
44.540248 4.206681
44.601879 4.313545
44.632986 4.25141
44.665177 4.293355
44.696169 4.272122
44.727168 4.120876
44.758183 3.84075
44.799582 3.631547
44.892904 3.71126
44.924959 3.662092
44.956021 3.507627
44.987059 4.167433
45.018042 4.73282
45.04916 4.302145
45.081392 4.171175
45.132882 4.059786
45.164 3.82117
45.195174 3.790712
45.22619 3.456109
45.258335 3.148745
45.289437 3.283456
45.310285 3.376222
45.341527 3.302079
45.372683 3.284761
45.40506 3.338803
45.436255 3.261787
45.477657 3.272491
45.529207 3.308258
45.560373 3.187122
45.602891 3.439662
45.634053 3.626326
45.665261 3.655827
45.69633 3.878518
45.727425 3.57359
45.780025 3.501622
45.811163 3.525031
45.842256 3.485958
45.87344 3.519027
45.904626 3.537214
45.93685 3.556882
45.968045 3.581509
45.999132 3.515024
46.03035 3.488569
46.061445 4.012446
46.093694 4.057263
46.124758 4.058568
46.155837 4.061701
46.186916 4.113653
46.218033 4.17805
46.250238 4.402308
46.281339 4.857002
46.312556 5.327099
46.343655 5.704343
46.374766 5.844101
46.406967 5.96019
46.438098 6.56143
46.469148 6.550204
46.500229 6.670296
46.531267 6.373287
46.573722 7.249345
46.604748 7.431571
46.635946 7.589169
46.667079 7.843276
46.698152 8.044734
46.730381 7.996958
46.761444 7.967283
46.792547 6.560473
46.833863 6.083153
46.865059 6.050606
46.897272 6.060092
46.928353 5.987689
46.959423 6.121182
46.990549 5.726882
47.021687 5.714786
47.053938 5.702341
47.085074 5.968718
47.116124 6.444907
47.147171 7.367609
47.178321 6.844254
47.251408 7.148138
47.282455 7.184948
47.313547 7.039533
47.344743 7.587603
47.375892 7.964934
47.408142 7.714917
47.439222 7.565238
47.47041 6.513133
47.511786 6.248322
47.542945 6.114394
47.57516 6.173918
47.606325 6.233702
47.637334 6.211599
47.668331 6.170176
47.689265 5.862202
47.721421 5.562931
47.752479 5.697381
47.783589 6.030591
47.814764 6.22091
47.845902 6.917614
47.878246 7.294597
47.90933 7.282675
47.940509 7.148138
47.97164 7.374571
48.002767 7.757645
48.035017 7.91681
48.066193 7.800635
48.097389 7.451847
48.128519 7.251434
48.159613 7.099318
48.191843 7.172765
48.222958 7.037967
48.25398 6.787341
48.284987 6.750009
48.305898 7.411121
48.338104 7.468295
48.369228 7.844581
48.40027 7.772352
48.43147 7.832224
48.462752 8.193455
48.495223 8.177095
48.526324 7.942221
48.557496 8.588452
48.588738 8.553121
48.619964 8.250368
48.65228 8.691574
48.683326 8.845343
48.714387 8.60838
48.745553 8.548334
48.776739 8.720639
48.809178 8.176051
48.840229 8.074756
48.871249 8.281958
48.892219 8.311023
48.923349 8.208945
48.955763 8.180924
48.987033 8.41458
49.018054 8.336521
49.049076 8.269687
49.080138 8.821064
49.112295 8.812187
49.143367 8.844038
49.174685 8.924621
49.195551 8.905128
49.226782 8.639447
49.259078 8.764847
49.290157 9.000157
49.321228 8.90887
49.352341 8.366892
49.383436 7.657656
49.436155 8.505606
49.467207 8.688702
49.498269 8.536673
49.529359 8.565652
49.560466 7.998176
49.592586 7.074778
49.623672 7.201483
49.65473 6.596065
49.68572 6.706497
49.716707 6.543765
49.748865 5.183337
49.810523 4.998153
49.841557 4.690788
49.872666 4.500383
49.903718 4.566955
49.935901 4.602373
49.966958 5.034615
49.997919 5.267053
50.028953 5.130167
50.060002 5.223368
50.092195 5.499752
50.12322 5.652912
50.154246 5.911892
50.195422 6.065748
50.226572 5.659265
50.258912 5.393671
50.289997 5.359733
50.310837 5.238075
50.341936 5.131298
50.373045 4.91348
50.405217 4.924445
50.456794 5.269577
50.487855 5.865422
50.518971 5.98621
50.550077 5.900666
50.582362 5.800329
50.613444 5.045058
50.705745 5.421084
50.736831 5.841404
50.767974 6.201852
50.800343 6.107867
50.831478 6.067576
50.86249 5.916504
50.893505 5.83244
50.955138 6.873581
50.987187 6.062268
51.01821 6.019974
51.049249 5.887874
51.080281 5.841404
51.111395 5.479041
51.143834 5.640816
51.174936 5.793715
51.206003 5.490528
51.247293 5.83801
51.278378 5.281064
51.310535 5.406638
51.341679 6.497555
51.372787 6.834682
51.40416 6.628699
51.435357 6.567609
51.467701 6.586754
51.498894 6.58571
51.530064 6.323771
51.561104 6.305931
51.592346 6.336998
51.624711 6.332299
51.655816 6.288092
51.686935 6.448997
51.718091 6.245625
51.749278 6.33813
51.781598 6.416798
51.81268 6.635574
51.874435 7.682023
51.905515 7.426872
51.936723 7.603093
51.969096 7.455415
52.000246 6.677606
52.03136 6.776463
52.062474 5.99761
52.124189 6.168348
52.156429 6.139109
52.187472 6.030939
52.218451 4.655979
52.300389 4.650236
52.331481 4.755969
52.363831 4.896075
52.394823 5.217537
52.425973 5.58721
52.457181 5.85115
52.488357 5.451977
52.581761 6.2136
52.612831 5.99935
52.644013 5.70121
52.675326 5.316917
52.706594 5.119637
52.728612 5.0716
52.759735 5.111892
52.790879 5.172286
52.822064 5.040011
52.853271 4.829329
52.885586 5.110499
52.916812 5.757949
52.948036 5.825914
52.979164 5.872645
53.010339 5.720703
53.042696 5.852369
53.073835 5.854979
53.105024 5.317265
53.146397 5.390191
53.177588 4.745613
53.250656 5.119115
53.281934 5.004593
53.313042 5.237466
53.344168 5.400807
53.375305 5.578856
53.407582 5.328665
53.438824 5.138086
53.469913 5.263921
53.500977 5.256263
53.531972 5.123031
53.564338 4.979443
53.595545 5.403505
53.626563 5.591909
53.657711 5.433006
53.688912 5.106148
53.721193 4.924184
53.752267 4.775027
53.834306 4.768239
53.865435 4.930536
53.896503 4.6089
53.928813 4.568521
53.959973 4.65041
53.990993 4.569653
54.02211 4.573917
54.053204 4.800611
54.085413 3.981553
54.147103 4.404919
54.178171 4.580183
54.209266 4.767369
54.240391 4.620735
54.272553 4.740043
54.303719 5.413252
54.334829 5.507758
54.366016 5.630373
54.397106 5.537259
54.429552 4.733865
54.460776 4.517874
54.491935 4.448343
54.523079 4.413447
54.54405 4.487677
54.576291 4.420583
54.607294 4.340261
54.638361 4.346439
54.669394 4.717766
54.700477 5.349116
54.732776 5.734366
54.763848 5.31187
54.845763 6.334388
54.876797 7.059897
54.907811 7.943265
54.940045 8.237315
54.971102 8.215472
54.991984 8.6002
55.023048 8.527971
55.0541 6.616603
55.106737 6.279389
55.13787 6.167565
55.168962 5.836182
55.200026 5.698338
55.231163 5.902581
55.263432 5.785796
55.294457 5.554577
55.325452 5.999089
55.356516 6.527926
55.377418 8.546681
55.409615 8.906694
55.440714 8.798525
55.471764 8.491683
55.502851 8.456525
55.53388 8.63118
55.566203 8.462617
55.597437 8.238098
55.628452 7.851891
55.659548 8.010447
55.690675 7.623717
55.72283 7.650955
55.75384 7.635291
55.784843 7.772439
55.815928 6.949465
55.85721 7.338283
55.889434 7.559756
55.920518 7.743983
55.951588 8.019062
55.982676 7.600134
56.013733 8.033421
56.045876 7.673146
56.076898 7.123249
56.107926 7.326883
56.138947 6.965651
56.170053 6.999416
56.202222 6.696577
56.233278 5.48287
56.305067 4.758057
56.387198 4.008008
56.499736 3.90593
56.532063 3.857371
56.563048 3.756425
56.594103 3.769739
56.62508 3.840489
56.656104 3.727359
56.708547 3.966063
56.739583 3.714219
56.81144 3.995999
56.842539 4.193366
56.883859 4.496206
56.926237 3.919941
57.008172 3.868597
57.03923 3.764083
57.070384 3.490135
57.121714 3.543045
57.153966 3.463593
57.184979 3.323225
57.216033 3.362125
57.247071 3.236725
57.278136 3.121333
57.310288 3.089308
57.351547 2.950246
57.382537 3.059546
57.4136 3.368042
57.444711 3.534604
57.476867 3.72031
57.507866 3.956577
57.538951 3.788188
57.66156 3.969022
57.692655 3.962408
57.72496 3.986861
57.756027 3.86764
57.787133 3.790538
57.81818 4.093638
57.849476 4.182488
57.881786 4.203722
57.91281 4.099991
57.943936 4.105299
57.975075 4.164736
58.006094 4.282913
58.038239 4.656414
58.069308 5.029133
58.100367 5.406203
58.131463 5.588603
58.162555 5.34929
58.184508 5.68981
58.215608 6.081238
58.24675 6.617386
58.277796 6.650542
58.308802 7.576638
58.340972 8.363324
58.372124 8.506476
58.403254 8.608815
58.434458 8.294837
58.465646 8.099384
58.487814 7.741807
58.518893 7.612056
58.549923 7.570285
58.581007 7.260397
58.612079 7.439664
58.644403 7.262051
58.675488 6.710239
58.706513 7.122031
58.737521 7.820128
58.768763 7.579075
58.790832 7.288941
58.821881 6.566913
58.853 6.895859
58.884103 6.885503
58.915199 7.078346
58.947427 6.633224
58.978522 6.325598
59.009524 5.849236
59.040631 5.928339
59.071716 5.608009
59.103971 5.703473
59.135081 5.642383
59.16612 5.270708
59.197124 5.19465
59.238427 5.259395
59.270671 5.351378
59.301763 5.369653
59.332796 5.426827
59.363985 5.253391
59.395229 5.431178
59.427574 5.34024
59.499457 5.666749
59.530557 5.696424
59.561757 5.661963
59.592925 5.173156
59.62525 5.038096
59.656407 5.343894
59.687742 5.258264
59.718927 5.176202
59.760154 5.034528
59.792397 5.018951
59.813194 5.11137
59.844214 5.234507
59.875373 5.370262
59.906414 5.593737
59.938856 5.721051
59.969985 5.793889
60.001208 5.895619
60.032429 6.003179
60.063632 6.109521
60.095992 6.427676
60.127125 6.686047
60.158258 6.939196
60.189332 6.884807
60.220381 7.439403
60.252609 7.691682
60.283668 7.704126
60.314871 8.023761
60.346072 8.628569
60.377254 8.701756
60.409531 8.789649
60.440595 8.336956
60.471643 8.417017
60.502684 8.181968
60.533763 7.114634
60.596513 7.790018
60.627574 7.258744
60.658575 6.839294
60.689649 6.579966
60.720747 5.814427
60.752891 5.673015
60.783965 5.587297
60.81503 5.671535
60.846105 5.285241
60.877283 5.320659
60.909561 5.219452
60.940641 5.244601
60.971702 5.492703
61.002746 5.527164
61.033776 6.229351
61.06603 5.778921
61.096953 5.64917
61.127957 5.505757
61.15906 5.382794
61.190114 5.260788
61.222076 5.126512
61.253125 5.370959
61.284193 5.320572
61.315202 4.989712
61.346237 5.600351
61.378291 5.60592
61.409303 5.845929
61.440353 5.772743
61.471446 6.30245
61.502526 6.679085
61.534739 6.826066
61.565805 6.857917
61.596872 7.506846
61.627904 7.06242
61.659006 7.687853
61.69117 8.037075
61.722239 8.366979
61.753242 8.024196
61.784233 7.935172
61.815233 7.743113
61.847435 7.314612
61.878656 7.20009
61.909696 7.232202
61.94078 7.362475
61.961737 7.393716
61.993939 7.40938
62.024989 7.393803
62.055995 7.563585
62.087043 7.959973
62.118102 8.330864
62.150186 8.406487
62.181268 8.692618
62.212249 8.520139
62.243291 8.311023
62.274406 8.584362
62.306437 8.792694
62.33744 8.602811
62.368443 8.669644
62.399444 8.753534
62.430535 8.36167
62.462812 8.460876
62.493875 8.910175
62.524959 8.881458
62.556131 8.238794
62.58726 8.268295
62.619424 8.802093
62.650435 8.553643
62.68139 8.845256
62.712559 8.941155
62.743706 8.416843
62.775888 8.386646
62.807022 8.685395
62.838069 8.437728
62.869088 8.2629
62.900256 8.238359
62.932473 8.148726
62.963497 8.026459
62.994502 8.194152
63.025461 8.266032
63.056523 8.197284
63.08865 8.311197
63.119644 8.871972
63.150667 8.221564
63.181661 7.802549
63.21274 8.138718
63.244865 8.864749
63.275864 8.126622
63.306895 8.542591
63.33789 8.74022
63.368963 8.754404
63.401204 8.750575
63.432274 8.558603
63.463335 7.580293
63.494406 7.482653
63.52545 7.534258
63.557669 7.523815
63.578557 7.381098
63.609627 7.535128
63.640607 7.468295
63.671654 6.823195
63.703866 6.776115
63.734912 7.31
63.765896 8.090072
63.796907 7.99017
63.827959 8.143243
63.860135 8.134454
63.891225 7.765129
63.912081 7.578117
63.943101 7.606574
63.97418 8.145158
64.006339 7.943439
64.037411 7.865902
64.068405 7.894184
64.099437 7.890964
64.130504 7.604833
64.162663 7.457678
64.193705 7.343156
64.224709 7.219845
64.265853 7.465597
64.296905 6.956862
64.328953 6.555687
64.360004 6.742525
64.391022 6.751053
64.422074 6.778204
64.453204 6.823369
64.485369 6.831201
64.516407 6.735563
64.54742 6.433594
64.578469 6.195673
64.609578 5.811555
64.641721 5.711218
64.672779 5.334061
64.703844 5.45363
64.734894 5.546048
64.765918 5.628285
64.797999 5.398893
64.829005 5.398284
64.860056 4.9576
64.952219 5.490354
64.98325 5.843927
65.005252 5.919637
65.036288 5.834007
65.087702 5.732538
65.118847 5.628633
65.149882 5.574331
65.171835 5.5162
65.20287 5.320224
65.233891 5.183076
65.264899 4.790691
65.306183 5.021388
65.338374 4.634833
65.369268 4.735779
65.400281 4.874842
65.431374 4.652237
65.462431 4.599066
65.494631 4.691833
65.525615 4.623607
65.556615 4.751704
65.587619 4.702188
65.628849 4.813926
65.66098 4.931929
65.692003 5.11224
65.723025 5.012512
65.754012 4.688004
65.7952 4.986318
65.827183 4.816014
65.858246 4.750921
65.88926 5.226153
65.920285 5.151748
65.951323 4.883718
65.983583 4.823411
66.014628 4.606986
66.076115 4.744569
66.107189 4.732211
66.128067 4.646146
66.159979 4.504821
66.201193 4.701666
66.232247 4.571219
66.263246 4.5177
66.294252 4.494204
66.326236 4.507867
66.357274 4.53876
66.388253 4.594454
66.419246 4.603592
66.450319 3.921942
66.614837 4.476974
66.645927 4.696532
66.677011 4.700361
66.708014 4.670338
66.739033 4.116699
66.862935 3.733103
66.893949 3.717004
66.924946 3.446624
66.976312 3.421387
67.007351 3.177549
67.059814 3.382401
67.09085 3.030133
67.203254 2.430285
67.438008 2.711629
67.469095 2.291135
67.684324 2.787948
67.715381 3.352117
67.746371 3.21932
67.817994 3.383184
67.849094 3.124291
67.891532 2.537845
67.91243 2.581965
67.943424 2.615034
67.974365 2.657153
68.005422 2.7011
68.037523 2.724248
68.068531 2.75079
68.10975 2.409399
68.2733 2.112478
68.314478 2.173829
68.387311 2.207158
68.418412 2.317329
68.449404 2.641576
68.480412 2.617297
68.511508 2.639749
68.543667 2.426804
68.635655 2.499555
68.666667 2.550115
68.697621 2.693616
68.728613 2.664463
68.781009 2.459698
68.995207 2.728599
69.026262 2.444208
69.199636 2.786208
69.23073 2.774982
69.262938 2.876015
69.2939 2.810139
69.396226 3.131949
69.427348 3.075559
69.458431 3.018385
69.490498 2.889765
69.521413 2.885501
69.552452 2.888025
69.614014 2.673339
69.685703 2.598761
69.758492 2.6669
69.799638 2.731035
69.830685 2.878104
69.861714 2.809182
69.892756 2.789167
70.006354 2.532798
70.03737 2.451779
70.058174 2.449778
70.089174 2.424976
70.120196 2.437769
70.152095 2.645318
70.18315 2.963299
70.21419 2.954597
70.245253 2.985403
70.276313 3.035963
70.328874 3.106017
70.359891 3.23951
70.390894 3.278757
70.421938 3.442621
70.463175 3.62737
70.495396 3.678365
70.526425 3.785403
70.57781 3.958753
70.639435 4.132102
70.670507 4.086328
70.702712 3.880171
70.733643 3.307648
70.784955 3.238465
70.815934 3.512674
70.847026 3.594388
70.879169 3.86677
70.910166 3.768521
70.941236 3.727098
70.982366 3.870947
71.01331 3.987383
71.045423 3.952487
71.076408 4.059873
71.107358 4.091463
71.138341 4.054652
71.16933 4.427022
71.2015 5.057415
71.232571 5.329971
73.507928 6.392693
73.539138 6.409662
73.570199 6.474494
73.602277 5.837053
73.633378 5.530819
73.664371 5.241382
73.695402 5.171067
73.726497 4.879889
73.758719 5.551444
73.789838 6.112828
73.820882 6.328818
73.852029 6.394172
73.883082 5.621149
73.945924 6.746528
73.976971 6.535149
74.008003 6.991584
74.039048 7.359255
74.070076 7.851717
74.102285 7.872254
74.133341 7.924555
74.164407 7.954491
74.195656 6.566739
74.236932 6.599981
74.279293 6.326904
74.310384 6.36676
74.341441 6.575528
74.372543 6.263116
74.40367 6.165651
74.435968 6.110304
74.467097 5.625065
74.498242 5.866466
74.529276 5.928339
74.560295 6.464835
74.592438 6.998633
74.623473 6.884459
74.654571 6.825022
74.685691 7.047452
74.716714 7.302864
74.748857 7.493444
74.779981 7.191127
74.810953 7.216103
74.842026 7.099753
74.873077 7.062507
74.905201 7.162322
74.936308 6.926752
74.967438 6.998459
74.998469 6.941285
75.029599 6.788821
75.061874 6.600503
75.092928 6.733126
75.123974 6.498078
75.15526 6.574397
75.18646 6.496337
75.218793 6.731908
75.249848 7.308608
75.280915 7.525469
75.312044 7.46873
75.343157 7.487875
75.375565 7.428786
75.406716 7.467772
75.437844 6.941459
75.468901 6.826763
75.499985 6.720856
75.532339 6.882544
75.563396 7.05163
75.594612 7.271971
75.625967 7.357863
75.657174 7.217843
75.689436 7.750597
75.720476 8.460441
75.751582 7.478998
75.79285 7.526078
75.823955 7.558189
75.856176 7.645038
75.88719 7.510327
75.918155 7.621194
75.94932 7.484829
75.980387 7.685852
76.012634 7.044755
76.043704 6.992193
76.074848 6.846517
76.105859 6.736433
76.147107 7.401113
76.179328 7.17729
76.23076 7.010816
76.292322 7.280151
76.323381 7.126556
76.35448 7.158842
76.386697 6.933017
76.417837 6.634442
76.448887 6.036161
76.500381 5.636117
76.531557 5.594868
76.56384 5.077866
76.61525 5.38758
76.646299 5.839054
76.677362 5.488439
76.708597 5.342241
76.74091 5.188646
76.771996 4.3923
76.874414 4.491854
76.905502 4.358274
76.977411 4.027153
77.040139 4.448517
77.071167 4.298925
77.102186 4.01175
77.184207 3.998174
77.215441 3.677495
77.257866 3.608486
77.288947 3.443404
77.320047 3.487437
77.381735 3.565932
77.412862 3.546178
77.445108 3.553749
77.476171 3.535126
77.517546 3.405114
77.579222 3.353596
77.61041 3.572198
77.642631 3.670359
77.673871 3.49614
77.705107 3.135517
77.787197 2.79491
77.920149 2.983227
77.952619 3.038487
77.98388 3.114371
78.015014 3.163452
78.046405 3.041881
78.08774 3.071904
78.120033 3.020299
78.212502 3.398413
78.24386 3.264746
78.315982 3.376744
78.347339 3.244992
78.390045 2.977919
78.441721 2.686393
78.564807 2.632874
78.616486 2.557686
78.64779 2.76715
78.680174 2.748179
78.711453 2.776461
78.742723 2.800045
78.774035 2.614338
78.805311 2.672643
78.837764 2.64819
78.869067 2.675515
78.900337 2.730513
78.931597 3.49466
78.962931 3.512239
78.995513 3.550703
79.026829 3.551051
79.058204 3.622149
79.129914 3.739804
79.161065 3.920202
79.193243 4.113305
79.224281 4.426413
79.255312 4.794172
79.286309 5.100579
79.31735 5.351727
79.339385 5.521595
79.37047 5.808248
79.401494 6.567
79.432618 6.78943
79.463665 6.806312
79.495781 7.033442
79.526894 7.653827
79.557979 7.055284
79.589099 6.901602
79.620312 6.675691
79.642381 6.941981
79.673483 6.871927
79.70457 6.788386
79.735679 6.770633
79.766797 7.111414
79.799153 7.531125
79.830208 7.656873
79.861278 7.497012
79.89237 7.3328
79.923478 6.937195
79.955726 6.868795
79.986981 6.797697
80.018098 6.531146
80.049256 6.503908
80.080427 6.442035
80.112681 6.377725
80.143858 6.801613
80.174887 7.603441
80.205983 7.717354
80.237083 7.938131
80.269369 8.180141
80.300427 8.514221
80.331484 8.661377
80.362478 8.523011
80.393512 8.958995
80.425675 9.20057
80.456827 8.690007
80.487819 9.154535
80.518868 9.20875
80.550012 9.083698
80.582266 8.965086
80.613401 8.998329
80.644478 8.909044
80.675616 8.576008
80.706763 8.483676
80.739014 8.52684
80.770065 8.285003
80.801156 8.46575
80.832179 8.618736
80.853047 8.581316
80.885241 8.711154
80.916356 8.886679
80.947444 8.940894
80.978548 8.937413
81.009696 9.158973
81.04197 9.130952
81.073128 8.323032
81.104279 8.320161
81.135353 9.00094
81.16646 8.995022
81.198788 8.979706
81.229889 9.080305
81.260957 8.99859
81.292049 9.058723
81.323151 9.262269
81.355306 8.552598
81.38639 7.921509
81.417467 7.863813
81.448569 7.938392
81.479626 7.569241
81.511891 7.391279
81.532755 7.749117
81.563813 7.847453
81.594887 7.371612
81.625974 8.054393
81.658098 9.186908
81.689384 8.888506
81.720387 8.832638
81.751347 8.983622
81.782435 8.836815
81.814647 8.599156
81.845797 8.651282
81.876971 8.571047
81.90809 8.488724
81.939212 8.476279
81.971537 8.593586
82.00277 8.130625
82.033865 8.468883
82.064997 8.559734
82.096098 8.383165
82.128396 8.237576
82.149259 8.321727
82.180312 8.660768
82.211406 7.758167
82.242536 7.704387
82.274784 8.082414
82.305909 7.828221
82.337032 7.925947
82.368157 8.128362
82.399335 6.804137
82.462333 7.027524
82.493415 6.961561
82.524622 7.538783
82.545547 7.726404
82.576597 7.449411
82.608886 7.396936
82.639969 6.954077
82.671053 7.130211
82.702147 6.629134
82.733199 6.484676
82.765441 6.870796
82.796583 6.684219
82.827609 6.787689
82.858754 7.007509
82.889796 7.238816
82.922084 7.368218
82.953186 7.333061
82.984264 7.188255
83.015304 7.094532
83.04637 7.785754
83.078702 7.94927
83.109821 8.107651
83.140919 7.687157
83.172019 8.080152
83.203149 8.067969
83.235445 7.555056
83.266571 7.493183
83.297683 8.628482
83.328815 8.340002
83.359923 8.026633
83.392251 8.623435
83.423412 8.559995
83.454612 7.970155
83.485671 8.283263
83.516916 8.405617
83.549236 7.881914
83.580342 7.632333
83.611394 7.746158
83.642467 7.937521
83.67358 7.863465
83.705884 8.041601
83.736995 8.114874
83.768087 8.036727
83.799157 8.163172
83.830247 8.641971
83.862634 8.800178
83.89376 8.860311
83.924975 8.730995
83.956047 8.738566
83.987299 8.977792
84.019675 9.016082
84.050698 8.707499
84.081799 8.787473
84.112976 9.074648
84.144108 7.844668
84.186622 7.813253
84.217771 8.180228
84.248924 8.048301
84.280014 7.724403
84.311144 7.589952
84.343569 7.812122
84.374784 7.745636
84.405842 6.913959
84.457365 7.741894
84.488585 7.534258
84.520787 7.387799
84.551916 7.622934
84.583034 7.610577
84.614125 7.498143
84.64519 7.319486
84.677522 7.506324
84.708736 6.222738
84.739793 6.792215
84.771019 6.958776
84.80215 6.954338
84.834476 6.982969
84.865556 6.845124
84.8966 6.951988
84.92767 6.661158
84.959006 6.509304
84.991335 6.956514
85.022395 7.734845
85.053481 8.77938
85.084672 8.553034
85.115827 8.617866
85.148119 8.364629
85.179311 8.422412
85.210388 7.98695
85.241501 7.623195
85.272679 7.60901
85.31517 7.425044
85.346256 7.44036
85.377358 7.285721
85.408411 7.556449
85.43949 7.94779
85.471839 7.747638
85.503048 8.207031
85.534245 8.960474
85.565329 8.142634
85.596495 8.075104
85.628854 8.259506
85.659988 8.41606
85.691125 8.012622
85.722257 8.12201
85.753452 8.379249
85.785793 7.669839
85.816985 7.501798
85.848128 7.324533
85.879211 8.678085
85.91032 8.281348
85.942651 8.258113
85.973808 8.753012
86.005018 7.969894
86.036109 7.80107
86.067269 6.950161
86.109834 7.415559
86.140958 7.662878
86.17217 7.275887
86.203309 7.207835
86.234514 7.366478
86.266947 6.588929
86.298176 7.077736
86.329403 7.668621
86.360672 7.449324
86.391824 7.136042
86.424314 7.723881
86.455531 7.701777
86.486699 7.49475
86.517874 7.520769
86.549093 6.699361
86.581441 6.58919
86.612499 6.613905
86.643629 6.732082
86.674833 7.15275
86.70606 7.188864
86.738411 7.393368
86.769581 7.909413
86.800761 7.975811
86.831935 8.839164
86.863155 8.966218
86.895475 8.759365
86.926635 8.742221
86.957747 8.863096
86.988866 8.812623
87.020044 8.722641
87.052442 8.772766
87.08368 8.801745
87.114869 8.463922
87.14608 8.737609
87.177216 9.174028
87.209665 9.042624
87.240744 8.611339
87.271829 8.894511
87.302928 8.750923
87.334018 8.582708
87.356076 8.46018
87.387162 8.98397
87.418349 8.786081
87.449458 8.584971
87.480666 8.95386
87.512813 8.805487
87.543918 8.437902
87.575041 8.511437
87.606141 8.805052
87.637304 8.714983
87.659384 8.534498
87.690465 7.803332
87.721515 7.529733
87.773032 7.668012
87.804158 7.91185
87.836378 8.386124
87.867455 8.48533
87.898534 8.711937
87.929689 8.302843
87.960722 8.499863
87.99295 8.307368
88.024113 7.417908
88.055258 7.284154
88.086413 7.067729
88.117548 7.162845
88.149822 7.001069
88.180902 6.5214
88.211982 6.587972
88.243133 6.449606
88.274207 7.209402
88.306499 8.033072
88.337645 8.64493
88.36872 8.150553
88.399808 8.361235
88.431046 8.516049
88.463392 8.533018
88.494508 8.524664
88.525636 7.672624
88.556668 7.570285
88.587817 7.457069
88.620105 7.530255
88.65115 7.582643
88.682233 7.713786
88.713312 8.138022
88.744373 8.158733
88.776551 7.314351
88.807616 7.699688
88.838681 8.288832
88.869766 7.866598
88.90087 8.122358
88.933111 8.557211
88.964142 8.638055
88.995171 8.908087
89.026389 8.927145
89.057502 8.44382
89.089772 8.376464
89.120815 8.343744
89.151971 8.267599
89.183105 8.058222
89.21418 7.664009
89.246413 7.778792
89.277626 7.450281
89.308762 6.873581
89.33988 6.89786
89.371191 6.762888
89.403624 6.866532
89.434728 7.129602
89.465788 7.047888
89.496873 7.542786
89.527972 8.196414
89.560159 8.366457
89.591224 8.110784
89.622348 7.957711
89.653499 7.506672
89.684678 7.323489
89.716924 7.184948
89.74801 6.988364
89.779179 7.01186
89.81032 7.075213
89.841522 6.998111
89.873686 6.422107
89.90472 6.392693
89.935806 6.717897
89.966873 7.521553
89.997996 7.200264
90.03039 7.515374
90.061429 7.545484
90.09248 8.238707
90.123516 8.74431
90.154566 8.631702
90.186842 8.339045
90.217959 7.993825
90.249017 7.941699
90.280092 7.804203
90.311115 7.684633
90.343316 7.585079
90.374391 7.53887
90.405436 7.387973
90.436562 7.83788
90.467724 8.206683
90.500063 8.262639
90.531148 7.985471
90.562208 8.157863
90.593372 8.360452
90.624538 8.574789
90.656793 8.998503
90.687916 8.788778
90.719039 8.663814
90.75011 8.656852
90.781175 9.010512
90.813359 8.611774
90.844508 7.742677
90.875692 7.407379
90.906797 6.443949
90.95827 6.501297
90.980295 6.182968
91.011259 5.943655
91.042411 5.126686
91.083732 3.211836
91.328531 3.172589
91.360843 3.1819
91.392013 3.233853
91.423186 3.207311
91.454265 3.058241
91.515992 2.784816
91.578749 2.702318
91.609858 2.668292
91.640991 2.564735
91.682328 2.666639
91.713558 2.800741
91.745823 2.674993
91.797338 2.491897
91.889588 2.468314
91.920668 2.372241
92.002792 2.457697
92.035174 3.174329
92.056105 3.586121
92.087202 3.414425
92.118193 3.25439
92.149256 2.934669
92.181441 2.345699
92.21246 2.316111
92.243575 2.306625
92.274776 2.242054
92.305889 2.64088
92.338055 2.812141
92.369135 2.685261
92.400121 2.641054
92.441423 2.590842
92.472526 2.611379
92.504831 2.581182
92.535974 2.83233
92.567048 3.094965
92.598146 3.439749
92.629335 4.02576
92.661634 4.585578
92.69273 5.580509
92.723811 5.866466
92.754858 5.872471
92.785938 7.128732
92.818271 7.042927
92.849491 6.677519
92.880538 6.65759
92.901489 6.602679
92.932672 6.543068
92.964886 6.113785
93.006198 5.215101
93.088207 5.043231
93.119323 4.676952
93.150471 4.741436
93.182776 4.740304
93.203645 4.635616
93.234742 4.44199
93.26586 4.562343
93.297074 4.538325
93.329306 4.48585
93.360386 4.530144
93.391557 4.851258
93.422766 5.530819
93.453923 5.369827
93.486235 5.178638
93.51729 4.998414
93.548365 4.991365
93.579463 4.94942
93.610626 4.899556
93.642893 4.712979
93.673911 4.943329
93.704983 5.96341
93.736051 6.090724
93.767164 6.026153
93.799393 6.024239
93.820228 6.612861
93.851393 7.272928
93.882522 7.385971
93.913645 7.191301
93.945974 7.485003
93.977061 7.471079
94.008158 7.267011
94.039301 7.349857
94.070448 6.968349
94.102685 7.415037
94.123541 7.839186
94.154606 8.058396
94.18569 8.48446
94.216775 8.193717
94.249201 8.110697
94.280264 7.719529
94.311319 7.320965
94.342383 7.168762
94.373426 6.956253
94.405722 6.965129
94.436938 6.793781
94.468067 6.616168
94.499214 5.951313
94.530431 6.086808
94.562816 6.518876
94.593931 6.747137
94.625068 6.84643
94.656218 7.43218
94.687448 7.785928
94.719761 8.057874
94.750915 8.200156
94.782108 8.17579
94.813209 7.718572
94.844336 7.593259
94.876653 7.579684
94.907805 6.826676
94.979621 6.759407
95.010957 6.455175
95.032097 6.323075
95.064522 6.416363
95.095726 5.559711
95.177738 6.347441
95.208901 5.632201
95.240158 5.727491
95.272529 6.145896
95.303708 7.021346
95.3349 7.033616
95.366132 7.000373
95.39742 6.977225
95.429716 5.380183
95.46087 5.405942
95.492098 5.478519
95.523267 5.358601
95.554504 5.28411
95.586952 5.69155
95.61817 5.711566
95.649372 5.679106
95.680549 5.578943
95.711753 5.058895
95.744168 4.911913
95.775314 5.000067
95.806275 5.457807
95.837474 5.567717
95.868659 5.895097
95.900951 6.288962
95.931998 6.42289
95.963125 6.66899
95.994226 6.605464
96.076431 6.964346
96.108841 6.842775
96.140022 6.230396
96.17117 6.112393
96.202388 5.868033
96.233546 5.728796
96.265837 5.718179
96.297045 5.814949
96.328202 5.963671
96.349187 6.593106
96.380419 6.76341
96.412727 7.180249
96.443916 6.970785
96.475117 6.846517
96.506285 7.040665
96.537438 6.522618
96.579979 6.447082
96.611137 6.728862
96.642245 6.478672
96.673362 6.305322
96.704549 6.452478
96.736961 6.372765
96.768147 6.253544
96.799262 6.336041
96.830377 6.730777
96.86174 6.658896
96.894101 6.827546
96.925245 6.904126
96.956409 6.843732
96.987546 6.412969
97.018793 6.084545
97.051197 5.813208
97.082535 5.607399
97.113751 6.054
97.145011 5.910848
97.176116 5.871427
97.20833 6.208031
97.239411 6.333082
97.270461 6.448388
97.301472 7.00864
97.332573 7.574375
97.364796 7.578291
97.395924 8.028982
97.427061 8.669122
97.458213 8.880761
97.489416 9.283416
97.521757 9.115636
97.552926 8.718029
97.584115 8.47393
97.615379 8.695055
97.646713 8.756058
97.679097 8.360452
97.710284 7.901929
97.741463 7.918463
97.772619 7.629026
97.803742 7.85076
97.836048 8.905911
97.867233 8.804877
97.898376 8.787038
97.92955 8.854568
97.960742 8.482806
97.993119 8.473495
98.024341 8.430244
98.055543 8.236271
98.086801 8.089289
98.118017 8.191454
98.150428 8.494728
98.181595 8.296577
98.212793 8.533279
98.244078 8.777204
98.275423 8.655111
98.307998 9.035227
98.339222 9.39289
98.370476 9.18273
98.401712 9.130082
98.432956 9.144614
98.465439 9.122163
98.496637 8.810534
98.527775 9.137914
98.558936 8.923228
98.590179 8.520226
98.622428 8.504736
98.653615 9.093706
98.68484 8.874322
98.716005 8.547812
98.747235 9.113286
98.779643 8.747094
98.810861 8.56191
98.842062 9.028352
98.87328 8.941329
98.90449 8.827155
98.936866 8.891552
98.968004 8.930886
98.999179 8.480631
99.030452 8.685482
99.061747 8.889551
99.094157 8.799656
99.125305 8.846039
99.156597 8.955601
99.18774 8.848824
99.219021 8.928363
99.251333 9.178379
99.282542 9.455025
99.313679 9.355297
99.334763 9.461551
99.366055 9.238077
99.398503 8.574528
99.429646 8.716549
99.460815 8.316593
99.491983 8.508478
99.523126 8.246278
99.555457 8.210599
99.58671 8.00479
99.617899 8.134541
99.648998 7.76365
99.680178 8.067185
99.712424 7.799764
99.763957 8.149074
99.79516 8.074582
99.826277 8.117485
99.857377 6.0815
99.971004 6.142328
100.00211 5.291768
