1.4e-05 0.023757
0.266551 0.026977
0.297733 0.030632
0.328923 0.037767
0.359994 0.042119
0.39112 0.045773
0.423478 0.048906
0.454522 0.051691
0.485539 0.05317
0.516781 0.087109
0.54784 0.103731
0.580142 0.098683
0.611149 0.101642
0.642137 0.105036
0.673261 0.107734
0.704303 0.113042
0.736691 0.114957
0.76777 0.122179
0.798923 0.130969
0.83005 0.150549
0.861093 0.131926
0.893553 0.123485
0.924537 0.124442
0.955524 0.121222
0.996706 0.120352
1.027681 0.12157
1.05989 0.121135
1.09089 0.119482
1.121936 0.116784
1.152991 0.119395
1.184016 0.119308
1.216365 0.119743
1.247439 0.126096
1.278414 0.130969
1.309422 0.123311
1.340456 0.122702
1.372734 0.117045
1.403853 0.117219
1.43484 0.105384
1.49652 0.094854
1.558227 0.098683
1.590654 0.093984
1.621654 0.093636
1.652665 0.08006
1.70423 0.080147
1.745522 0.081018
1.767749 0.083802
1.80902 0.091025
1.84007 0.087283
1.871156 0.084238
1.902217 0.091199
1.934688 0.08737
1.976072 0.080147
2.007149 0.06518
2.119775 0.061612
2.15081 0.050647
2.193672 0.055085
2.234922 0.051604
2.296618 0.050995
2.337853 0.060219
2.409675 0.061089
2.483019 0.057522
2.544614 0.06048
2.575644 0.057696
2.626935 0.06283
2.668088 0.061699
2.721229 0.061089
2.762766 0.057522
2.80428 0.06048
2.855835 0.042728
2.978603 0.038203
3.062091 0.04412
3.09317 0.042989
3.124238 0.03272
3.338627 0.03681
3.369902 0.043076
3.402471 0.041596
3.433536 0.023931
3.64799 0.020711
3.730093 0.019145
3.893576 0.02689
3.926033 0.022974
4.02862 0.024975
4.080281 0.028804
4.111501 0.022364
4.214056 0.033764
4.24666 0.02689
4.34922 0.029152
4.390723 0.028804
4.421919 0.018535
4.676988 0.017665
4.729905 0.019145
4.984922 0.018535
5.067054 0.018187
5.098218 0.023757
5.28213 0.018622
5.396186 0.024366
5.427282 0.015403
5.661882 0.017665
5.713469 0.014532
6.009208 0.014358
6.214722 0.016969
6.287978 0.011487
6.532966 0.015751
6.563992 0.020276
6.717412 0.017665
6.779285 0.01723
6.862761 0.008789
7.046565 0.018796
7.138937 0.019928
7.34315 0.008789
7.679541 0.007832
7.895416 0.008789
7.997829 0.011312
8.059498 0.00757
8.365312 0.007832
8.609976 0.009311
8.672974 0.010355
8.785613 0.009137
8.888117 0.012792
9.132977 0.013836
9.184359 0.014532
9.288078 0.009572
9.53292 0.007222
9.59442 0.009311
9.900197 0.007919
10.145103 0.009137
10.218385 0.010268
10.320713 0.008528
10.565597 0.006874
10.63744 0.010007
10.76011 0.012705
10.904618 0.006613
11.169893 0.008441
11.221308 0.010616
11.547486 0.009485
11.680467 0.007832
11.885878 0.006352
11.998501 0.011574
12.263615 0.008615
12.498288 0.007658
12.580434 0.008963
12.908078 0.00818
13.112266 0.008963
13.22498 0.010268
13.327483 0.010877
13.419803 0.013662
13.716929 0.015403
13.798805 0.015054
14.002885 0.012444
14.207052 0.014097
14.309551 0.021581
14.342198 0.021494
14.515769 0.01549
14.597732 0.0181
14.822094 0.018448
14.914424 0.00905
15.13002 0.018448
15.191539 0.018883
15.43636 0.017578
15.518362 0.02367
15.732728 0.017491
15.938216 0.019232
16.010015 0.025149
16.081864 0.020972
16.245285 0.029239
16.307132 0.026803
16.472088 0.025149
16.655735 0.029239
16.686726 0.019145
16.789252 0.017926
16.962903 0.020885
16.995174 0.016882
17.21958 0.023496
17.250657 0.017143
17.373491 0.025323
17.577581 0.023409
17.783161 0.021146
17.844984 0.025497
17.947301 0.025236
18.090525 0.020798
18.193017 0.015664
18.276264 0.01897
18.348105 0.017665
18.603112 0.0181
18.674871 0.022103
18.919795 0.015925
19.135324 0.0181
19.217309 0.009572
19.462124 0.009224
19.534058 0.010529
19.636265 0.016012
19.83162 0.014271
19.944118 0.01401
20.036461 0.016012
20.098159 0.008354
20.454466 0.007483
20.690528 0.008354
20.762373 0.011138
20.844423 0.010181
21.27188 0.009485
21.577573 0.015577
21.650992 0.018709
21.885564 0.007222
22.292847 0.008789
22.385168 0.01079
22.619822 0.004699
22.926888 0.007658
22.998645 0.008702
23.121426 0.013488
23.254328 0.011399
23.387267 0.011574
23.470809 0.012879
23.705403 0.01401
23.807825 0.015141
23.859245 0.008963
24.337745 0.004786
24.64485 0.007658
24.716554 0.008528
24.849634 0.009746
25.16575 0.008528
25.24789 0.009746
25.463492 0.014619
25.555734 0.01958
25.749607 0.008876
26.085935 0.007483
26.330711 0.008876
26.393705 0.010442
26.496125 0.008354
26.740927 0.006961
26.812668 0.009746
26.945711 0.012531
27.069597 0.011312
27.202523 0.013053
27.294678 0.012966
27.519192 0.013923
27.611515 0.006439
27.827107 0.006439
28.071805 0.008006
28.194519 0.008963
28.317378 0.009659
28.450381 0.011399
28.574694 0.011922
28.666911 0.012705
28.911561 0.006787
29.09532 0.006352
29.238466 0.006787
29.443863 0.009137
29.576786 0.009137
29.71999 0.006091
29.914099 0.006091
30.036863 0.008528
30.242495 0.009485
30.375306 0.009311
30.508232 0.010964
30.631014 0.012705
30.73334 0.010964
31.040325 0.007832
31.091643 0.005482
31.356771 0.006178
31.571063 0.008006
31.643013 0.010094
31.787528 0.005308
32.001768 0.0067
32.124304 0.00992
32.440136 0.007919
32.684986 0.006613
32.768593 0.005221
33.094731 0.006874
33.186879 0.006787
33.411418 0.010442
33.452656 0.007919
33.698691 0.010442
34.004526 0.007745
34.076198 0.005221
34.422524 0.006613
34.514732 0.007483
34.659288 0.010703
34.792282 0.00496
35.03705 0.007658
35.17004 0.006874
35.455514 0.008441
35.549181 0.008441
35.68208 0.010268
35.825277 0.009833
36.008879 0.010094
36.263832 0.006352
36.337167 0.005047
36.663405 0.006178
36.796479 0.007222
36.939593 0.008441
37.184522 0.009311
37.237633 0.009659
37.451789 0.011312
37.686378 0.005656
37.768429 0.005743
38.104714 0.006091
38.249097 0.006787
38.412542 0.008528
38.616607 0.004525
38.729294 0.005656
39.025068 0.005656
39.241015 0.006787
39.363832 0.009311
39.496759 0.004525
39.741681 0.006178
39.945891 0.006874
40.161503 0.007832
40.29445 0.008354
40.468184 0.009833
40.60118 0.009137
40.825731 0.009572
41.071877 0.011225
41.123358 0.010964
41.235878 0.009572
41.450259 0.014097
41.522251 0.012705
41.81917 0.019319
41.850197 0.013749
42.054516 0.013923
42.136395 0.016012
42.360934 0.016447
42.454743 0.01897
42.669123 0.016012
42.700207 0.020189
42.884182 0.018361
43.00707 0.01897
43.039768 0.021233
43.182956 0.021842
43.23443 0.020972
43.377631 0.026541
43.45962 0.024279
43.583906 0.030719
43.666013 0.030719
43.75836 0.026541
43.850629 0.028978
43.94271 0.027238
44.025999 0.032198
44.11809 0.033242
44.200217 0.033764
44.28228 0.034722
44.364237 0.03507
44.447576 0.032981
44.519533 0.031502
44.591178 0.033764
44.663087 0.034722
44.745212 0.033242
44.818537 0.036027
44.890323 0.039856
44.962172 0.0409
45.064543 0.041944
45.126171 0.04647
45.199425 0.042641
45.271394 0.039073
45.343475 0.037158
45.395034 0.042119
45.456822 0.041074
45.519989 0.044729
45.551015 0.045599
45.582034 0.046383
45.643546 0.045251
45.70539 0.046731
45.768596 0.047601
45.820203 0.048558
45.882111 0.045599
45.953983 0.03507
46.066601 0.036201
46.160202 0.036027
46.232064 0.03272
46.324391 0.034461
46.406456 0.034548
46.488383 0.033416
46.571765 0.033677
46.66392 0.036114
46.766514 0.037854
46.828303 0.037506
46.920556 0.02863
46.983608 0.032111
47.06553 0.040117
47.127042 0.040465
47.19877 0.037506
47.260458 0.041683
47.292992 0.046557
47.324014 0.044381
47.396013 0.038377
47.457641 0.044468
47.519479 0.041683
47.592484 0.046557
47.664472 0.043859
47.726278 0.04821
47.757597 0.052213
47.799091 0.040726
47.841882 0.043511
47.903534 0.047427
47.985821 0.049602
48.047446 0.052039
48.129285 0.050908
48.192303 0.05143
48.243748 0.049515
48.295213 0.050821
48.346565 0.049602
48.408266 0.046992
48.471492 0.051256
48.502514 0.05317
48.533589 0.05552
48.564733 0.054737
48.616106 0.052909
48.658659 0.056564
48.689685 0.052735
48.741251 0.059871
48.792779 0.058044
48.834194 0.056999
48.887252 0.056999
48.938658 0.058305
49.031014 0.057522
49.102818 0.061612
49.144195 0.055259
49.237636 0.062656
49.2687 0.060654
49.30987 0.05639
49.361291 0.05726
49.40275 0.063352
49.445592 0.059523
49.497296 0.058392
49.538803 0.064048
49.600609 0.054389
49.693165 0.04238
49.787007 0.042902
49.818045 0.046905
49.879804 0.044033
49.951797 0.045077
50.013674 0.049428
50.076902 0.047166
50.128517 0.047601
50.190192 0.048036
50.241761 0.04908
50.30345 0.049515
50.366471 0.049254
50.41787 0.04908
50.48975 0.030632
50.571701 0.030893
50.633326 0.034286
50.757654 0.02863
50.788653 0.04325
50.840085 0.040378
50.922248 0.034373
51.024817 0.034809
51.098095 0.03507
51.169857 0.038551
51.2316 0.042641
51.303446 0.032633
51.375324 0.03507
51.438282 0.043772
51.499974 0.043772
51.561595 0.044381
51.623245 0.048645
51.715467 0.03829
51.768284 0.039421
51.840103 0.048123
51.881403 0.048906
51.943248 0.051604
51.994868 0.056825
52.058026 0.053867
52.140263 0.049515
52.19185 0.050995
52.243558 0.053954
52.295151 0.055694
52.348106 0.048993
52.409847 0.056303
52.451157 0.056477
52.502754 0.057522
52.544069 0.056825
52.59684 0.055433
52.658518 0.061089
52.689517 0.053954
52.741018 0.056477
52.782408 0.055085
52.825214 0.06196
52.876778 0.057696
52.928355 0.066224
52.959486 0.066572
53.051725 0.067268
53.084153 0.072402
53.115261 0.057522
53.156605 0.069618
53.197918 0.070836
53.229009 0.069096
53.261605 0.066572
53.323354 0.067181
53.354511 0.069879
53.385686 0.07423
53.427066 0.067268
53.480102 0.069096
53.511355 0.06927
53.573175 0.081366
53.614569 0.072402
53.686537 0.077798
53.729431 0.082845
53.760804 0.080757
53.791909 0.070053
53.863933 0.074143
53.905361 0.075361
53.938001 0.078059
53.979367 0.077798
54.010353 0.078755
54.071918 0.077885
54.102968 0.074491
54.14551 0.084412
54.176552 0.084064
54.207635 0.075361
54.238638 0.081453
54.269757 0.081279
54.302153 0.081714
54.333411 0.083367
54.364561 0.085282
54.426325 0.076318
54.477876 0.076144
54.510476 0.064309
54.592552 0.054476
54.623749 0.057522
54.65494 0.055172
54.706403 0.062047
54.759362 0.05726
54.810891 0.063613
54.882775 0.058653
54.975123 0.033416
55.169198 0.031937
55.252583 0.037245
55.29381 0.035157
55.477706 0.038203
55.559788 0.035331
55.621429 0.042206
55.745697 0.039595
55.78712 0.042989
55.858937 0.027934
56.083369 0.021581
56.134889 0.018796
56.330239 0.02454
56.361489 0.028456
56.412964 0.01723
56.698611 0.016969
56.750223 0.013836
56.833709 0.01723
57.0074 0.016969
57.089356 0.017317
57.18157 0.023496
57.283878 0.010703
57.5507 0.011225
57.673532 0.012879
57.887928 0.008441
58.234183 0.008441
58.550239 0.012009
58.603284 0.016621
58.827779 0.01401
59.001571 0.011225
59.114202 0.010877
59.226946 0.008354
59.350966 0.011225
59.422713 0.013488
59.667813 0.007832
59.800751 0.0067
60.015295 0.006874
60.221054 0.008702
60.30293 0.010268
60.435658 0.005743
60.639829 0.006874
60.752462 0.007135
61.049574 0.009572
61.091007 0.009398
61.213801 0.006352
61.458406 0.006265
61.540559 0.011661
61.837845 0.008267
62.072661 0.009659
62.103686 0.011051
62.450332 0.013488
62.542701 0.011051
62.636328 0.015228
62.71856 0.016882
62.943439 0.013836
63.035836 0.018709
63.077392 0.017839
63.252521 0.020711
63.456761 0.019145
63.528751 0.016882
63.590621 0.02219
63.621872 0.020711
63.766478 0.022364
63.838335 0.025584
64.011953 0.020363
64.114347 0.028456
64.145515 0.027325
64.218997 0.025584
64.311375 0.027151
64.485219 0.030893
64.516577 0.031241
64.588676 0.032372
64.672293 0.031154
64.764706 0.030893
64.836615 0.031502
64.928958 0.032372
65.001035 0.035331
65.084587 0.037245
65.156597 0.036027
65.21848 0.038812
65.300561 0.04003
65.37245 0.035331
65.435577 0.035331
65.517798 0.04177
65.56934 0.038812
65.641235 0.04003
65.702977 0.028369
65.837375 0.029587
65.868532 0.029935
65.930257 0.025062
66.114091 0.030196
66.175933 0.031763
66.208564 0.026803
66.280759 0.025062
66.383362 0.022016
66.516473 0.020624
66.598971 0.023322
66.672673 0.021407
66.856858 0.020972
66.887979 0.027934
66.980281 0.020885
67.144079 0.01549
67.359958 0.020885
67.421705 0.01549
67.656331 0.021059
67.697715 0.014358
67.932401 0.009224
68.015931 0.011835
68.067512 0.010007
68.271826 0.017056
68.354023 0.015664
68.436177 0.016621
68.621443 0.012792
68.672953 0.009137
68.989132 0.00409
69.335527 0.007222
69.386997 0.007222
69.704277 0.007832
69.938779 0.009137
70.020787 0.011138
70.102883 0.010529
70.317202 0.014793
70.410773 0.014706
70.492722 0.013575
70.595162 0.018448
70.728071 0.011312
70.973049 0.009224
71.04638 0.010616
71.138647 0.015141
71.332474 0.014793
71.434791 0.014184
71.516893 0.016099
71.61046 0.018535
71.712622 0.020624
71.9574 0.016099
72.171652 0.016447
72.23354 0.024714
72.316854 0.019406
72.500509 0.028804
72.541721 0.024888
72.644048 0.030893
72.787131 0.022016
73.00279 0.017404
73.06443 0.012531
73.288659 0.016795
73.411512 0.013314
73.503765 0.020363
73.556601 0.007919
74.106704 0.008093
74.463222 0.007919
74.657122 0.008093
74.779959 0.010964
74.863433 0.007919
74.986293 0.013053
75.109022 0.014619
75.2012 0.011574
75.486568 0.013923
75.529052 0.015316
75.580594 0.007832
75.947089 0.007832
76.252974 0.011225
76.345318 0.012618
76.601677 0.008267
79.938197 0.007135
80.193212 0.006178
80.295545 0.008702
80.428552 0.011312
80.684773 0.011574
80.868581 0.010964
81.072635 0.014619
81.10373 0.007309
81.42985 0.006526
81.523325 0.010964
81.829061 0.00818
82.053585 0.007309
82.156082 0.009485
82.289271 0.007658
82.535381 0.006352
82.637624 0.007832
82.841938 0.011138
82.934197 0.010094
83.067153 0.010442
83.171 0.006265
83.62945 0.004699
83.935337 0.007396
84.017439 0.007919
84.181109 0.011399
84.315361 0.009224
84.488896 0.007919
84.611607 0.006091
84.907091 0.006787
84.979048 0.010529
85.306631 0.008006
85.521049 0.007309
85.623458 0.005308
85.919067 0.006613
86.062174 0.007483
86.20662 0.010181
86.349825 0.00496
86.543797 0.006787
86.758123 0.006613
92.108135 0.017491
92.140664 0.021842
92.222514 0.022625
92.35534 0.020798
92.528914 0.024714
92.590593 0.022886
92.735049 0.025845
92.807062 0.028543
92.939942 0.023148
93.001716 0.022886
93.144872 0.025845
93.207885 0.024714
93.340754 0.031067
93.371815 0.02219
93.565782 0.01897
93.769936 0.0181
93.965382 0.017752
94.05775 0.020363
94.272051 0.017752
94.343966 0.025323
94.375115 0.019057
94.600975 0.020363
94.632031 0.021059
94.795516 0.013575
94.918303 0.019145
94.949374 0.016186
95.205769 0.017143
95.33857 0.015316
95.420552 0.01314
95.502463 0.016012
95.543756 0.020537
95.71895 0.018274
95.922919 0.019145
95.994642 0.016534
96.076752 0.023322
96.107973 0.021059
96.232221 0.022364
96.314397 0.023931
96.538939 0.018709
100.09867 0.014271
