1.3e-05 0.047166
0.276687 0.054824
0.308074 0.045425
0.339204 0.03037
0.370312 0.03507
0.401363 0.039073
0.43365 0.04238
0.464682 0.045425
0.495735 0.048123
0.526763 0.050473
0.557915 0.094506
0.590555 0.0979
0.621879 0.090068
0.653165 0.094593
0.684525 0.097117
0.715853 0.100859
0.748481 0.106428
0.779559 0.113651
0.810561 0.119656
0.841611 0.12714
0.872644 0.136016
0.904967 0.147242
0.936061 0.156815
0.967162 0.165865
0.998532 0.178309
1.029808 0.192146
1.062369 0.20459
1.093755 0.214424
1.125033 0.231132
1.15633 0.245317
1.187571 0.261242
1.220011 0.276297
1.251108 0.291091
1.282163 0.304231
1.31326 0.314413
1.344376 0.32355
1.376988 0.32851
1.408179 0.335037
1.439218 0.338083
1.470219 0.340172
1.501231 0.340346
1.533563 0.343739
1.564578 0.346089
1.595538 0.348004
1.62662 0.350092
1.65773 0.353051
1.690109 0.354617
1.721181 0.354878
1.752372 0.357402
1.783522 0.360709
1.814652 0.361927
1.847071 0.364625
1.878096 0.366191
1.909186 0.368715
1.940235 0.369324
1.971257 0.372892
2.003629 0.374459
2.034769 0.377243
2.065803 0.378636
2.09694 0.381855
2.128 0.381855
2.160339 0.386294
2.191424 0.387773
2.222404 0.390297
2.253416 0.390123
2.284438 0.393517
2.316773 0.392994
2.347782 0.396388
2.378786 0.399869
2.409856 0.400043
2.441006 0.403176
2.473547 0.405178
2.504572 0.407962
2.535625 0.408397
2.566822 0.40979
2.597832 0.420145
2.630172 0.416316
2.661315 0.418753
2.692496 0.421364
2.723688 0.423452
2.755089 0.42441
2.787443 0.427716
2.818489 0.427978
2.849489 0.431894
2.880495 0.427978
2.911513 0.433025
2.943886 0.436593
2.976 0.437898
3.007001 0.439203
3.038018 0.445121
3.069036 0.44573
3.100205 0.450429
3.122422 0.450952
3.153421 0.45391
3.184449 0.455651
3.215462 0.459306
3.246505 0.460959
3.278837 0.463831
3.309807 0.466181
3.340917 0.466181
3.371871 0.469052
3.403017 0.472881
3.435405 0.475144
3.466422 0.479408
3.49756 0.481148
3.528721 0.48402
3.559852 0.483237
3.592241 0.486109
3.623269 0.489851
3.654267 0.490721
3.685384 0.492548
3.716431 0.487849
3.748728 0.480278
3.780664 0.484803
3.811655 0.501164
3.842652 0.508474
3.873649 0.513347
3.904722 0.515174
3.937101 0.517089
3.968144 0.514565
3.999129 0.515261
4.030212 0.515
4.061275 0.526139
4.093642 0.528402
4.124655 0.522919
4.155696 0.528663
4.186663 0.531622
4.217649 0.532492
4.249966 0.537365
4.280999 0.54102
4.311983 0.545632
4.343073 0.552333
4.374092 0.553116
4.406349 0.559556
4.438427 0.561993
4.469442 0.560078
4.500423 0.560861
4.531396 0.567562
4.56251 0.572696
4.594962 0.573915
4.626008 0.57522
4.657021 0.578266
4.688125 0.583226
4.71915 0.587577
4.751557 0.587838
4.782578 0.591754
4.813573 0.594974
4.844592 0.58984
4.87559 0.591058
4.907751 0.596628
4.938815 0.597498
4.969836 0.597672
5.000937 0.607244
5.03205 0.611248
5.064369 0.611596
5.095398 0.610116
5.126503 0.617687
5.157505 0.622038
5.188495 0.630218
5.220772 0.636223
5.251771 0.636223
5.282657 0.637964
5.313706 0.636919
5.344707 0.642663
5.37666 0.64362
5.407677 0.64597
5.438659 0.648319
5.469631 0.653889
5.500633 0.656412
5.532841 0.662156
5.563829 0.66146
5.594835 0.668073
5.626086 0.667638
5.657129 0.674687
5.679377 0.678168
5.711228 0.680692
5.742212 0.682258
5.773323 0.685304
5.80429 0.688437
5.835297 0.69244
5.867458 0.698618
5.898584 0.700968
5.929772 0.704362
5.960799 0.70706
5.991893 0.712977
6.024317 0.715414
6.055298 0.719591
6.086288 0.720896
6.11743 0.723159
6.148653 0.727945
6.180931 0.72986
6.211926 0.730295
6.24294 0.736821
6.273959 0.73891
6.304935 0.742826
6.337245 0.744044
6.368359 0.74796
6.399379 0.752573
6.430374 0.753617
6.461445 0.75849
6.493848 0.760231
6.524856 0.766496
6.555857 0.76989
6.58691 0.774763
6.617923 0.777113
6.650189 0.781725
6.681419 0.77546
6.712729 0.759969
6.743889 0.753878
6.775224 0.75205
6.807699 0.792777
6.838732 0.803916
6.869807 0.808528
6.900894 0.810617
6.931968 0.818188
6.9644 0.817317
6.995412 0.805047
7.026382 0.785902
7.057355 0.801914
7.088385 0.799391
7.120664 0.798695
7.15182 0.796954
7.182922 0.806614
7.213969 0.809137
7.244996 0.811661
7.277381 0.826716
7.308451 0.851953
7.339733 0.860655
7.370897 0.866746
7.401924 0.875449
7.434298 0.87658
7.465354 0.877624
7.496358 0.882672
7.517307 0.888067
7.548335 0.889459
7.580649 0.89207
7.611589 0.895638
7.642564 0.894681
7.673645 0.898075
7.704838 0.904601
7.737376 0.909997
7.768474 0.912433
7.799553 0.919395
7.830592 0.920352
7.861675 0.920701
7.894021 0.922006
7.92604 0.925922
7.957942 0.932275
7.98999 0.934537
8.020987 0.939149
8.051975 0.944632
8.072789 0.947242
8.103824 0.950027
8.136149 0.961514
8.167447 0.968737
8.198543 0.969433
8.229617 0.97918
8.260716 0.978745
8.2931 0.982574
8.324167 0.991189
8.35519 0.993191
8.376039 0.997455
8.407094 0.996758
8.439431 0.996497
8.470462 1.004939
8.501456 1.004068
8.532459 1.011378
8.563435 1.016861
8.595753 1.025911
8.627675 1.034439
8.64944 1.042097
8.681611 1.048624
8.7137 1.057152
8.745721 1.063853
8.777638 1.07038
8.810003 1.077951
8.841987 1.08909
8.873988 1.094833
8.905927 1.106842
8.937799 1.11772
8.969646 1.123725
9.001452 1.139824
9.033339 1.157751
9.06512 1.171239
9.096947 1.185772
9.128766 1.190384
9.160665 1.202915
9.193058 1.211009
9.224841 1.221277
9.256714 1.23259
9.288633 1.234244
9.320566 1.246079
9.352385 1.249473
9.38427 1.259828
9.416193 1.269227
9.448047 1.272011
9.480217 1.279234
9.512091 1.280714
9.543978 1.294115
9.575856 1.298902
9.607828 1.305167
9.639689 1.311694
9.671507 1.323529
9.703418 1.298292
9.735244 1.29281
9.767299 1.322485
9.799269 1.372958
9.830292 1.379659
9.861499 1.392799
9.892498 1.402372
9.923587 1.407071
9.955911 1.408463
9.987725 1.416643
10.019616 1.425694
10.05061 1.429697
10.081625 1.444056
10.112621 1.463723
10.143673 1.469205
10.176053 1.512804
10.207238 1.543349
10.238257 1.565626
10.269268 1.586773
10.300283 1.60557
10.332652 1.617405
10.364521 1.629501
10.396426 1.631503
10.428366 1.638377
10.460284 1.644208
10.492032 1.659263
10.523846 1.678582
10.555646 1.701121
10.587424 1.718438
10.618501 1.737844
10.63941 1.751507
10.670408 1.768215
10.70141 1.783096
10.733772 1.793365
10.764776 1.801371
10.795857 1.805809
10.826938 1.806854
10.857965 1.810944
10.890428 1.816339
10.921536 1.82391
10.952549 1.820864
10.98358 1.834875
11.014679 1.84175
11.047142 1.868118
11.078139 1.886827
11.109138 1.900925
11.140176 1.92503
11.171189 1.937562
11.203823 1.954183
11.234834 1.969238
11.265865 1.999609
11.296855 2.016404
11.327883 2.029458
11.360385 2.045035
11.391423 2.059046
11.422472 2.071925
11.453501 2.087241
11.484504 2.101078
11.516905 2.111868
11.547929 2.116132
11.579047 2.119352
11.610079 2.124661
11.641098 2.143893
11.673412 2.165648
11.705941 2.178093
11.737917 2.189841
11.768912 2.20916
11.799902 2.22787
11.83093 2.244665
11.861853 2.261548
11.894072 2.278517
11.92607 2.287045
11.957967 2.301578
11.989166 2.164604
12.020273 2.332297
12.05139 2.346134
12.082413 2.358578
12.11477 2.367976
12.145807 2.385642
12.176779 2.4047
12.208059 2.425585
12.2392 2.439944
12.271681 2.40061
12.303607 2.143197
12.335483 2.235006
12.366457 2.159296
12.397436 2.049908
12.428405 1.94844
12.459419 1.868205
12.491541 1.790319
12.522527 1.745502
12.553519 1.824606
12.58449 1.89231
12.615453 1.830785
12.647598 1.806157
12.678673 1.803634
12.709789 1.750202
12.740809 1.708692
12.771945 1.745154
12.804394 1.733493
12.835357 1.646645
12.866314 1.738802
12.897343 1.888568
12.92837 2.011618
12.96071 2.089852
12.991757 2.166606
13.022821 2.2337
13.053983 2.327685
13.074875 2.416013
13.107254 2.505037
13.138244 2.512434
13.169248 2.507039
13.200258 2.506082
13.231344 2.511303
13.263622 2.509649
13.294674 2.524269
13.325744 2.544894
13.356807 2.551507
13.387903 2.539063
13.420465 2.545503
13.451525 2.550724
13.482618 2.540717
13.513678 2.385903
13.544817 2.551594
13.57718 2.550811
13.608178 2.548114
13.639154 2.547852
13.670179 2.546982
13.691006 2.541239
13.723373 2.535147
13.754363 2.528359
13.785337 2.173132
13.816347 2.15216
13.847353 2.151986
13.879688 2.153117
13.910716 2.148592
13.94172 2.152856
13.97274 2.158861
14.003808 2.165126
14.036191 2.219951
14.067183 2.548723
14.098385 2.547765
14.129398 2.540891
14.16045 2.550985
14.192881 2.553857
14.223871 2.549245
14.255067 2.547504
14.286159 2.547156
14.317243 2.548027
14.349637 2.554031
14.380632 2.550463
14.411657 2.554553
14.442639 2.551333
14.473695 2.552117
14.505904 2.545068
14.536932 2.550463
14.567967 2.550811
14.599097 2.547678
14.63024 2.553857
14.662765 2.553596
14.694049 2.556555
14.725132 2.553161
14.756234 2.55203
14.78729 2.553248
14.819727 2.559862
14.850732 2.559165
14.881712 2.560297
14.912721 2.552378
14.943777 2.555336
14.976137 2.56021
15.007166 2.535582
15.03814 2.557251
15.069274 2.56021
15.100251 2.560645
15.132505 2.564735
15.163487 2.56691
15.194554 2.566301
15.225583 2.568042
15.256722 2.546025
15.278947 2.516524
15.309939 2.493985
15.340991 2.488677
15.372271 2.492767
15.403285 2.479104
15.435738 2.490417
15.466753 2.497031
15.497755 2.499033
15.528774 2.506691
15.559774 2.546982
15.581803 2.576222
15.612846 2.57483
15.643874 2.57657
15.674895 2.574133
15.70598 2.519918
15.738293 2.490069
15.769318 2.559165
15.800284 2.572741
15.831286 2.57892
15.862266 2.581356
15.894593 2.582139
15.925665 2.569956
15.956655 2.579703
15.987729 2.529491
16.018833 2.526184
16.051173 2.526271
16.082176 2.525836
16.113152 2.528707
16.144154 2.529491
16.175143 2.530187
16.20748 2.534625
16.238682 2.549854
16.269975 2.593191
16.301252 2.600153
16.332383 2.600501
16.364856 2.603982
16.395919 2.605462
16.426906 2.600588
16.457955 2.606941
16.488974 2.59763
16.521238 2.597804
16.552206 2.59119
16.583201 2.602677
16.61416 2.606419
16.645162 2.601372
16.677598 2.581617
16.708743 2.593713
16.739838 2.611292
16.770912 2.625042
16.801957 2.627739
16.834274 2.627565
16.865267 2.631655
16.896263 2.634701
16.927247 2.640619
16.958245 2.631133
16.990543 2.607028
17.021644 2.610248
17.052642 2.609813
17.083714 2.614686
17.114746 2.619298
17.147188 2.624258
17.17819 2.62452
17.20922 2.627391
17.240255 2.643839
17.271345 2.657327
17.304132 2.660721
17.335407 2.650104
17.366872 2.656022
17.398187 2.679083
17.429543 2.669249
17.461917 2.670903
17.492941 2.681607
17.52396 2.693442
17.555043 2.694051
17.586117 2.693094
17.618415 2.672556
17.649444 2.620342
17.680425 2.624258
17.711408 2.625216
17.742444 2.623388
17.774827 2.624781
17.805891 2.627304
17.836906 2.636877
17.867884 2.6441
17.899008 2.708323
17.931419 2.734168
17.962535 2.740086
17.993793 2.739651
18.025041 2.751573
18.056186 2.750616
18.088787 2.753835
18.119797 2.756098
18.15082 2.764365
18.181837 2.762712
18.212834 2.764365
18.245122 2.777506
18.276124 2.77942
18.307433 2.789689
18.338463 2.796128
18.369475 2.798739
18.401862 2.806223
18.432821 2.80544
18.464023 2.805875
18.49502 2.806397
18.526086 2.810139
18.558523 2.814577
18.589557 2.80866
18.620533 2.814403
18.651579 2.80718
18.682657 2.816318
18.71522 2.745742
18.746272 2.734516
18.777339 2.792038
18.808402 2.841119
18.839493 2.845383
18.871905 2.851301
18.902947 2.853738
18.933912 2.855304
18.964854 2.864964
18.996034 2.834157
19.02845 2.830154
19.059503 2.828762
19.090485 2.835028
19.121565 2.842338
19.152585 2.849909
19.184919 2.86244
19.21595 2.870881
19.24701 2.888634
19.278011 2.941631
19.309087 2.950246
19.33127 2.942501
19.362306 2.947548
19.393363 2.955641
19.424439 2.959296
19.455558 2.96678
19.487955 2.973307
19.519006 2.970957
19.550405 2.977484
19.581819 2.994453
19.612917 3.020821
19.645518 3.02465
19.676872 3.029088
19.708192 3.007507
19.739267 2.950681
19.770385 2.945895
19.802865 2.983227
19.833922 2.942675
19.864917 3.003678
19.896031 2.99602
19.927147 2.963995
19.959971 2.982618
19.991142 2.986969
20.022159 2.912739
20.053212 2.908475
20.0843 2.924922
20.116876 2.920136
20.147983 2.876015
20.168909 2.915089
20.199959 2.938411
20.230999 2.909867
20.263489 2.925096
20.29452 3.07347
20.32569 3.082695
20.356645 3.070337
20.387665 3.116285
20.419996 3.100534
20.451032 3.026826
20.482234 3.092963
20.513302 3.095139
20.544389 3.084174
20.576815 3.072861
20.60798 3.144655
20.639247 3.06033
20.670284 3.113849
20.701644 3.168847
20.734167 3.112108
20.765342 3.115067
20.796467 3.149441
20.827455 3.152661
20.858595 3.146656
20.891041 3.177984
20.922085 3.246994
20.95308 3.241946
20.984106 3.249691
21.015134 3.318004
21.047369 3.267879
21.078326 3.264746
21.109357 3.291549
21.14037 3.306517
21.171352 3.328099
21.203725 3.295726
21.234736 3.348462
21.265748 3.357774
21.296757 3.414773
21.328044 3.462897
21.360446 3.448016
21.391611 3.456892
21.422626 3.481607
21.453656 3.458633
21.484725 3.499882
21.516963 3.491266
21.547959 3.493181
21.579015 3.525379
21.610052 3.546439
21.641128 3.487786
21.67366 3.500056
21.704796 3.480911
21.735972 3.278757
21.767056 3.347505
21.798173 3.436268
21.830615 3.56863
21.861752 3.608921
21.892821 3.638596
21.923869 3.687329
21.954947 3.645471
21.987353 3.725445
22.018371 3.381096
22.0494 3.375874
22.080373 3.367346
22.111388 3.356903
22.144018 3.361254
22.17505 3.306517
22.206088 3.369783
22.237107 3.401633
22.268109 3.413903
22.300552 3.633984
22.331785 3.832918
22.362844 3.764779
22.393828 3.879388
22.424886 3.922638
22.457422 3.861722
22.488433 3.840489
22.519433 3.871991
22.550444 3.896619
22.581521 3.859547
22.613863 3.831961
22.644909 3.921246
22.675928 3.931602
22.70703 3.932211
22.738199 4.012794
22.770712 4.015492
22.801972 3.982771
22.833194 4.014796
22.864494 4.011489
22.895828 3.99069
22.928484 3.968412
22.959661 3.897663
22.990887 3.901927
23.021953 3.965018
23.052981 4.041076
23.085361 4.032722
23.116406 4.039597
23.147502 4.064921
23.178568 4.129927
23.20961 4.036116
23.241929 4.166476
23.272912 4.122965
23.303969 4.130275
23.335067 4.173786
23.366156 4.192757
23.39853 4.191887
23.429573 4.201807
23.460555 4.286568
23.491547 4.289439
23.522517 4.298751
23.554764 4.335997
23.585841 4.343307
23.616885 4.390212
23.64794 4.41919
23.678965 4.466096
23.711536 4.45896
23.742623 4.381074
23.773619 4.429024
23.804619 4.532059
23.835858 4.586535
23.868262 4.595063
23.899335 4.613077
23.930366 4.598109
23.961342 4.69514
23.992353 4.726642
24.024716 4.690353
24.055785 4.77433
24.086779 4.802526
24.117825 4.804266
24.148867 4.807486
24.181298 4.896162
24.212327 4.904081
24.243406 4.849866
24.274432 4.925141
24.305463 4.970828
24.337747 4.990495
24.368907 4.994237
24.399953 5.052368
24.430969 5.094226
24.46193 5.091964
24.494286 5.162452
24.515164 5.190038
24.546302 5.217885
24.577358 5.247038
24.608456 5.285154
24.640742 5.309346
24.671754 5.30456
24.702792 5.239293
24.733832 5.068119
24.764864 5.034877
24.797185 5.264356
24.828281 5.480346
24.859322 5.447974
24.890454 5.511065
24.921562 5.489135
24.954073 5.529079
24.985108 5.481129
25.016116 5.349116
25.047179 5.196217
25.078217 5.150965
25.110556 5.07891
25.131455 5.104147
25.162445 5.203266
25.19339 5.248343
25.224447 5.126076
25.256691 5.330058
25.287701 5.514111
25.318899 5.806508
25.349967 5.648909
25.381165 5.770828
25.413554 5.710086
25.444603 5.849497
25.475638 5.762735
25.506596 5.654392
25.537631 5.684937
25.569861 5.690767
25.600886 5.764476
25.631923 5.843666
25.662993 5.886046
25.694012 5.91633
25.726554 5.931472
25.757653 6.207247
25.788695 6.211947
25.819719 6.285742
25.850747 6.308455
25.883073 6.342742
25.914122 6.371111
25.944983 6.399133
25.976204 6.444298
26.007378 6.461006
26.039815 6.433681
26.070781 6.465618
26.101841 6.500862
26.132878 6.533235
26.163946 6.567261
26.196269 6.588581
26.227256 6.633659
26.25827 6.671079
26.289288 6.728601
26.320311 6.815798
26.352579 6.833463
26.383651 6.854871
26.414699 6.90604
26.445735 6.919181
26.476852 6.941198
26.509586 6.966521
26.540596 6.995152
26.571569 7.021868
26.602548 7.051717
26.633578 7.073385
26.66598 7.09662
26.697248 7.103843
26.72849 7.02239
26.759639 7.12995
26.790886 7.146658
26.823547 7.185819
26.854695 7.22202
26.885772 7.222281
26.916926 7.267707
26.947943 7.27171
26.98037 7.215406
27.01156 7.069643
27.042965 7.103495
27.074248 7.140741
27.105355 7.176594
27.137907 7.242209
27.168972 7.285112
27.200117 7.355948
27.231147 7.420867
27.262166 7.654262
27.294567 7.75869
27.32561 7.854763
27.356568 7.79228
27.387674 7.879738
27.418964 7.959451
27.451386 7.975463
27.482358 8.01036
27.513373 8.03081
27.544417 8.073364
27.575459 8.106085
27.597582 8.127927
27.628623 8.174746
27.659617 8.07554
27.690716 8.153773
27.721988 8.032376
27.754428 7.945005
27.785458 8.275779
27.816492 8.322771
27.847426 8.524925
27.87839 8.582447
27.910664 8.592803
27.941702 8.43416
27.972786 8.399003
28.003791 8.41136
28.03494 8.348443
28.067657 8.344527
28.098993 8.401875
28.130155 8.434509
28.161274 8.469492
28.192495 8.646583
28.224949 8.927667
28.255984 9.020433
28.287035 9.132083
28.318218 9.241384
28.349427 9.278194
28.38191 9.300907
28.413089 9.315614
28.444297 9.350771
28.475526 9.362868
28.50664 9.032964
28.539117 8.995109
28.57021 9.020346
28.601313 9.068121
28.632434 9.026176
28.663695 9.073604
28.696406 9.096665
28.727597 9.092053
28.758748 9.056982
28.789798 9.089877
28.820871 9.079347
28.853262 9.095621
28.884287 9.04419
28.915446 9.072995
28.946499 9.039491
28.97759 9.070384
29.009999 9.060202
29.04103 9.032703
29.072003 9.074822
29.103049 9.060899
29.134075 9.054807
29.166634 9.046105
29.197797 9.06699
29.228943 9.021738
29.260105 9.06055
29.29139 8.706368
29.324091 8.926796
29.355324 8.923751
29.386608 8.939154
29.417838 8.963607
29.449284 8.935064
29.481917 8.942896
29.513158 8.998503
29.544243 8.925317
29.575264 8.792607
29.606288 8.835074
29.638901 8.959604
29.671498 9.065859
29.70386 9.208576
29.735307 9.235727
29.766441 9.323098
29.797497 9.626373
29.828556 9.8629
29.861177 10.071407
29.892314 8.920792
29.923358 9.135303
29.954411 9.223196
29.985554 9.278455
30.018094 9.330408
30.049208 9.26723
30.080377 9.113808
30.111681 9.259572
30.143073 9.344941
30.175839 8.861355
30.207217 8.783818
30.238485 8.731343
30.269763 8.721336
30.301112 8.820019
30.333559 8.875279
30.364597 8.822021
30.395694 8.825067
30.426665 9.031398
30.45806 9.297949
30.490613 9.090399
30.5216 9.122598
30.55272 9.095098
30.583995 9.011644
30.615348 9.048106
30.648096 9.056286
30.67957 9.000418
30.711005 8.87641
30.742332 9.013645
30.773702 9.212405
30.806209 9.20144
30.837315 9.185341
30.868351 9.186995
30.899393 9.191085
30.93047 9.242428
30.962871 9.241384
30.993952 9.280544
31.025176 9.23564
31.056385 9.342504
31.087641 9.143744
31.120314 8.990845
31.151583 9.294729
31.18287 9.222587
31.214146 9.259659
31.245424 9.255046
31.27792 9.254872
31.308939 9.30639
31.339936 9.396545
31.37109 9.051239
31.412387 8.948813
31.444798 8.753099
33.522086 9.121727
33.553218 9.14592
33.584411 9.164543
33.615509 9.327188
33.647994 9.040013
33.679106 9.047236
33.710114 8.951076
33.741156 8.926361
33.772176 9.114592
33.804737 9.122424
33.836007 9.121031
33.867069 9.138175
33.898143 9.241645
33.929277 9.363999
33.961741 9.08657
33.992954 9.102669
34.024044 9.040187
34.055078 8.980315
34.086147 8.952294
34.118461 8.9831
34.149532 8.963172
34.180562 8.971352
34.211784 9.185254
34.242916 9.53613
34.275462 9.20962
34.306493 9.091182
34.337523 9.176987
34.368527 9.204921
34.399624 9.207358
34.432311 9.198307
34.463521 9.217017
34.494727 9.215364
34.526033 9.320139
34.557216 9.464858
34.57945 9.123729
34.610671 9.106934
34.641757 8.958821
34.672876 9.073343
34.704117 9.054981
34.736781 9.059245
34.767918 9.062117
34.799104 9.054111
34.830198 9.128776
34.861474 9.273756
34.894044 8.229396
34.92508 8.945419
34.95606 8.845256
34.987156 8.882589
35.018269 8.890334
35.050588 8.885113
35.081574 8.791911
35.112619 8.847432
35.143605 8.99537
35.174655 9.417518
35.207168 10.938676
35.238181 9.087963
35.269453 9.075779
35.30061 9.084482
35.331744 9.099885
35.364159 9.109109
35.395242 9.087615
35.426257 9.079782
35.457284 9.135738
35.488356 9.332671
35.520717 9.274278
35.551892 9.188126
35.582906 9.172636
35.614069 9.16724
35.645279 9.203703
35.67764 9.190301
35.708739 9.192651
35.739872 9.200918
35.770914 9.25522
35.80189 9.41891
35.834258 9.191955
35.865241 9.218584
35.896237 9.238338
35.927456 9.228504
35.958545 9.237033
35.990984 9.244865
36.022028 9.202224
36.053068 9.243646
36.084154 9.267317
36.115273 9.404464
36.147855 9.118682
36.178934 9.120683
36.209971 9.094141
36.240966 9.093532
36.271969 9.090573
36.304387 9.099102
36.335707 9.102756
36.366853 9.114766
36.3979 9.25113
36.428941 9.170547
36.46133 9.216582
36.492352 9.150706
36.523491 9.19413
36.55477 9.22746
36.585893 9.200831
36.618367 9.247736
36.649419 9.259833
36.68043 9.317355
36.71161 9.388539
36.742792 8.777378
36.785566 9.006335
36.81677 9.087963
36.84796 9.112851
36.879076 9.112851
36.910188 8.773636
36.942633 8.562867
36.973693 8.641449
37.004746 9.188387
37.036101 9.135303
37.087853 9.22894
37.120545 9.060115
37.151664 9.052631
37.182673 9.274801
37.213723 9.329451
37.244903 9.288811
37.277343 8.848998
37.308478 8.987625
37.339505 8.846474
37.370722 8.769285
37.401789 8.709326
37.434225 8.074321
37.465282 7.825262
37.496253 6.880282
37.527289 6.002657
37.558548 5.104408
37.591174 4.525271
37.632524 4.153162
37.663588 3.311738
37.694629 3.689243
37.725668 4.324684
37.747887 4.9804
37.779083 5.893443
37.810131 6.630178
37.841289 7.645212
37.872473 7.96328
37.904971 9.315962
37.936096 10.729473
37.967231 10.777075
37.998375 10.490335
38.029449 8.988931
38.061797 8.047431
38.092864 8.077715
38.123916 7.557058
38.154956 6.867402
38.185991 6.685177
38.21837 6.548029
38.249366 6.102559
38.28044 5.729666
38.311597 5.738282
38.342705 5.010249
38.375186 4.395085
38.406159 3.232287
38.457743 2.935713
38.488933 2.943545
38.520087 3.307909
38.552474 3.17694
38.593849 3.121681
38.624888 4.094682
38.655999 5.526903
38.687072 6.727731
38.719442 8.811056
38.750542 8.369154
38.781574 8.506911
38.812663 8.746224
38.843768 8.930974
38.876233 8.985276
38.907384 8.893728
38.938436 8.527536
38.969461 8.429896
39.000547 8.392738
39.033066 8.696534
39.064098 9.901365
39.095195 9.926514
39.126387 9.92547
39.157723 9.785537
39.190387 9.137914
39.221406 9.577901
39.252396 9.682067
39.283344 9.630202
39.314366 9.678847
39.346735 9.733062
39.377685 9.755166
39.408624 9.038969
39.439584 9.314135
39.470685 10.084547
39.503362 10.092206
39.534658 10.016322
39.565908 10.05583
39.597212 9.57355
39.628629 9.104323
39.661369 8.888767
39.692589 8.541808
39.723789 8.027242
39.755002 7.614841
39.786197 6.919007
39.818662 6.299492
39.850739 6.435943
39.883221 6.898556
39.915707 7.172156
39.947836 7.97703
39.980343 8.829592
40.012559 9.164456
40.044843 9.769786
40.075945 10.582927
40.106966 9.083437
40.158524 9.085787
40.18978 9.149314
40.222168 9.070558
40.253278 9.071428
40.284299 9.082045
40.315402 8.833769
40.346467 8.48211
40.37885 8.201549
40.409875 8.288919
40.440884 7.870166
40.461699 7.346985
40.492825 6.482675
40.525333 5.812947
40.557423 5.235638
40.589367 5.319267
40.621996 5.759254
40.654112 6.375027
40.68609 7.878868
40.717931 8.319029
40.750261 9.095621
40.782289 9.772136
40.814108 9.036184
40.845947 9.128254
40.877811 9.172027
40.909716 9.144266
40.941661 9.113634
40.97371 9.129908
41.005593 9.060986
41.037545 9.078129
41.069543 9.231898
41.101408 9.35782
41.133261 9.090834
41.165128 9.093271
41.196925 9.089007
41.229012 9.120596
41.26096 9.167153
41.292744 9.180207
41.324621 9.155927
41.356495 9.143048
41.388389 9.323881
41.42038 9.354513
41.452222 9.177248
41.484128 9.205356
41.515917 9.188126
41.547767 9.174376
41.579635 9.174376
41.611563 9.205008
41.643626 9.211622
41.675503 9.274713
41.707995 9.369481
41.740331 9.14444
41.772435 9.160888
41.804355 9.197872
41.836487 9.215364
41.868475 9.195871
41.900408 9.194043
41.932282 9.194653
41.964167 9.170025
41.996047 9.301952
42.027954 9.222239
42.069993 9.228591
42.101799 9.269405
42.133766 9.227808
42.166111 9.189779
42.198282 9.223718
42.230496 9.268796
42.262404 9.22572
42.294344 9.227025
42.326191 9.223022
42.358196 9.069427
42.390065 9.168111
42.422008 9.255743
42.454077 9.086918
42.486083 9.056286
42.517941 9.178118
42.549848 9.19239
42.581756 9.335281
42.613768 9.432834
42.646248 9.15175
42.678171 9.199265
42.710081 9.163585
42.742021 8.873713
42.774082 8.80801
42.805931 8.975964
42.837793 9.170808
42.869698 9.167327
42.901518 9.303692
42.933319 9.379054
42.965113 9.253306
42.996893 9.316397
43.028828 9.327797
43.060685 9.270275
43.092558 9.190649
43.124342 9.123555
43.156224 9.091705
43.18806 9.010338
43.220309 9.13217
43.252352 9.066468
43.28424 8.970221
43.316167 9.226068
43.348316 8.692966
43.380349 8.915396
43.402313 9.147747
43.434222 9.113112
43.466144 9.307347
43.498065 8.672168
43.530117 8.485069
43.572487 8.392825
43.604427 8.622478
43.636359 8.52945
43.668892 8.346529
43.700915 8.392651
43.73278 8.429374
43.764827 8.481675
43.796697 8.471667
43.828613 9.532388
43.860436 9.011644
43.892346 9.175246
43.924149 9.203442
43.955929 9.229897
43.987845 9.257309
44.020038 9.28211
44.051979 9.402463
44.083892 9.442319
44.115745 9.30961
44.147587 9.240862
44.179505 9.166196
44.21135 9.082915
44.243202 9.036271
44.275539 9.016865
44.307894 8.543896
44.339824 8.35175
44.371841 8.389605
44.403733 8.608293
44.43562 9.37009
44.467526 9.153578
44.499439 8.894859
44.531271 8.658766
44.563134 9.074126
44.594999 9.284199
44.626904 9.247388
44.65946 9.173767
44.691692 8.888245
44.723653 8.767806
44.755898 9.793195
44.787888 10.607554
44.819864 9.582774
44.851832 9.437359
44.883697 8.840644
44.915581 8.983535
44.947526 8.982056
44.979453 8.549466
45.011414 8.758059
45.043232 7.694989
45.075049 8.175181
45.106894 7.880173
45.138765 8.031245
45.170636 8.000613
45.202512 7.317571
45.234428 7.419649
45.266735 8.058222
45.299177 8.979097
45.331895 8.602201
45.364296 8.463313
45.39648 8.359147
45.428349 6.166608
45.511168 6.174179
45.542205 6.387907
45.57322 6.080194
45.604192 6.55412
45.635329 6.698578
45.667806 6.909869
45.698911 7.174506
45.729951 7.36056
45.760945 7.498492
45.792066 9.855852
45.824828 10.528277
45.855839 10.749489
45.886846 9.026089
45.917849 9.134346
45.948946 9.131909
45.981397 9.242863
46.012479 9.282894
46.043569 9.272277
46.074565 9.186646
46.105581 9.046975
46.137937 9.20379
46.168979 9.085178
46.189828 9.084569
46.220904 9.075779
46.252041 9.096056
46.284502 9.111111
46.31553 9.201788
46.346549 9.239208
46.377775 9.25348
46.40899 9.296469
46.441378 9.31544
46.472386 9.185776
46.503435 9.240252
46.534559 9.209707
46.565613 9.219802
46.598028 9.191955
46.62904 9.175595
46.659983 9.24852
46.691195 9.259485
46.722288 9.248868
46.754884 9.191433
46.785967 9.208924
46.81701 9.255394
46.84807 9.219367
46.87924 9.220672
46.911712 9.225807
46.942757 9.205008
46.973702 9.215538
47.004759 9.374094
47.035805 9.471385
47.068189 9.109283
47.099359 9.044973
47.130491 8.987103
47.161574 8.868665
47.192649 9.006161
47.225035 8.771461
47.25602 8.512655
47.287021 8.588452
47.317997 8.53676
47.349018 8.667207
47.38148 8.93167
47.412499 8.687919
47.443635 8.510392
47.474839 8.659985
47.505974 8.806705
47.538549 8.895294
47.569732 8.884068
47.600758 8.96587
47.631722 8.612296
47.662745 10.240753
47.695152 10.220216
47.726318 10.190715
47.757434 10.128494
47.78851 9.038099
47.819506 9.106585
47.851816 9.170634
47.882859 9.46686
47.913868 9.706782
47.944881 9.70156
47.975869 9.850804
48.008208 9.843233
48.039338 9.69982
48.070376 9.219802
48.101432 9.242515
48.132506 9.268535
48.164899 9.241732
48.19589 9.249912
48.226907 9.308652
48.257909 9.312481
48.289004 9.352425
48.321498 9.483568
48.352534 8.956471
48.38354 8.973006
48.414585 9.014602
48.445587 8.991802
48.478021 8.989279
48.509117 9.001897
48.54039 9.007815
48.571426 9.019128
48.60262 9.148443
48.635111 9.302387
48.666293 9.127384
48.697354 9.170025
48.728751 8.964216
48.760012 8.894859
48.792706 9.067773
48.823776 9.145833
48.854894 9.173419
48.886113 9.131996
48.91733 9.311872
48.949794 9.346855
48.981159 9.08335
49.012321 9.090225
49.043584 9.069514
49.074768 8.973702
49.107372 8.897035
49.138513 8.972396
49.169606 8.944201
49.200724 8.966044
49.231814 9.104932
49.2643 9.541612
49.295338 9.055155
49.326312 9.06699
49.357292 9.144963
49.388375 9.088572
49.420701 8.902517
49.451718 9.082567
49.482685 9.085787
49.51371 9.035227
49.544765 9.29821
49.577122 9.103975
49.618282 9.038621
49.649222 8.858484
49.68055 8.97579
49.711555 9.025306
49.744035 8.799395
49.775267 8.854568
49.806278 8.928537
49.837254 9.050456
49.868284 9.049934
49.900617 8.529711
49.941831 8.514482
49.972867 8.455133
50.003876 8.524229
50.03496 8.48942
50.067474 8.478107
50.098577 8.378901
50.129631 8.224349
50.160681 8.545376
50.191789 8.723337
50.224153 8.712285
50.255164 8.674778
50.286163 8.773549
50.317337 8.604116
50.348436 8.688702
50.380951 8.805922
50.412057 8.962215
50.443183 8.645278
50.474237 8.780946
50.505366 8.995805
50.537828 8.783383
50.568887 8.742656
50.599907 8.841949
50.63097 8.835074
50.66194 8.69723
50.694422 8.588452
50.725476 8.713504
50.756677 8.603768
50.787731 8.745963
50.818722 8.922445
50.851186 8.78347
50.882278 8.750575
50.913387 8.805313
50.9444 8.733345
50.975621 8.996676
51.008031 9.001897
51.039054 9.023044
51.070054 9.000766
51.101084 8.848998
51.132133 8.56278
51.164553 8.336608
51.195551 8.800874
51.226563 8.848476
51.25756 8.720465
51.288784 8.770068
51.321183 8.743875
51.352437 8.763803
51.383483 8.892248
51.414636 8.961954
51.445897 8.692357
51.478402 8.665467
51.50947 8.75745
51.5405 8.809925
51.571534 8.589844
51.602575 8.598198
51.635005 8.602811
51.666028 8.564869
51.697104 8.916267
51.728195 8.869361
51.75932 8.344005
51.812116 8.17344
51.844234 8.369938
51.875286 8.965348
51.906275 8.98545
51.937279 8.906433
51.968327 8.769111
52.00059 8.932192
52.031684 9.032616
52.062787 8.14655
52.114148 8.157602
52.145258 7.973897
52.177634 7.776442
52.208729 7.874169
52.239845 7.911502
52.271174 7.883567
52.302353 7.812209
52.334855 8.34209
52.365885 8.449738
52.396846 9.84332
52.427909 10.299755
52.459109 8.794
52.491657 8.840296
52.522738 8.927319
52.553861 8.949074
52.584939 8.987451
52.616091 8.970308
52.648604 9.052631
52.679625 9.069862
52.710699 8.967175
52.741738 8.704366
52.772882 8.723511
52.795202 8.525621
52.826262 8.603507
52.857307 8.482632
52.888421 8.625349
52.919532 8.600722
52.952017 8.597067
52.983114 8.768241
53.014099 9.200657
53.045199 8.663117
53.096603 8.672342
53.128998 8.678869
53.16008 8.60603
53.191189 8.635966
53.22229 8.639447
53.253415 8.552598
53.285852 8.601244
53.31697 8.495947
53.34804 8.956819
53.379114 8.813406
53.42052 8.741264
53.452924 8.86327
53.484031 8.907738
53.515135 8.896251
53.546241 8.947334
53.577339 8.936108
53.609848 8.981447
53.640905 9.047323
53.671916 9.158016
53.703015 8.701059
53.734131 8.54642
53.766513 8.675823
53.797703 8.656156
53.828756 8.131756
53.859874 8.118616
53.891124 7.962236
53.923573 8.411796
53.954651 8.991802
53.985808 8.837598
54.016844 8.743613
54.047909 8.680348
54.070175 8.676432
54.101225 8.732126
54.132205 8.754752
54.163321 8.743004
54.194506 8.539197
54.226929 8.219127
54.257969 8.496817
54.289022 8.680261
54.320041 10.228483
54.351129 10.444561
54.383511 10.434118
54.414528 8.891987
54.445545 8.980315
54.476589 9.057418
54.507781 9.155318
54.540363 9.155144
54.57143 9.19561
54.602481 9.186385
54.633571 9.110153
54.664681 9.167414
54.697199 8.846561
54.738522 8.703757
54.76962 8.555557
54.79052 8.549379
54.821829 8.771026
54.854325 8.866664
54.88546 8.870754
54.916622 8.922271
54.947741 8.850651
54.978896 9.125556
55.011359 8.447562
55.052624 8.556166
55.083632 8.484721
55.114652 8.321292
55.145713 8.271602
55.17811 8.303452
55.209096 8.420498
55.240115 8.25411
55.271152 8.246539
55.302184 8.632572
55.334523 10.596764
55.365583 8.0919
55.427266 7.954056
55.458318 7.317571
55.489415 7.659658
55.521782 8.033943
55.552834 8.251761
55.583979 8.440078
55.615137 8.634313
55.646372 9.103366
55.678835 7.405116
55.78126 7.066249
55.812393 6.90517
55.843605 6.881935
55.87492 6.719464
55.907324 6.510783
55.938369 6.901602
55.969462 7.261877
56.000511 7.585079
56.031568 9.630898
56.064008 10.572136
56.095078 10.671603
56.126162 10.54133
56.157337 8.83725
56.188482 9.169503
56.220931 9.06203
56.252003 8.911393
56.283071 9.147573
56.314102 9.337805
56.34522 9.339371
56.377751 9.227982
56.408785 9.490878
56.439813 8.746224
56.47086 8.524055
56.501969 8.313895
56.53434 8.278303
56.565403 8.217909
56.596427 7.493444
56.627545 7.384057
56.658717 7.849193
56.69151 8.09103
56.722764 8.239229
56.753944 8.237402
56.785065 8.434073
56.816092 8.509783
56.84876 8.469231
56.879946 8.526144
56.900934 8.422673
56.932133 8.227481
56.963326 7.886526
56.995775 7.37257
57.027077 7.357341
57.05831 7.658178
57.089506 8.15473
57.120642 8.846039
57.153186 9.686853
57.184427 7.232724
57.327646 7.222716
57.358662 7.027872
57.389743 6.522531
57.422215 6.085329
57.453176 5.86812
57.48427 6.122748
57.515317 5.782837
57.546338 5.594085
57.578699 5.565367
57.609727 5.660918
57.640819 6.009706
57.671895 6.789343
57.703263 6.705714
57.735869 6.527926
57.766971 6.2934
57.797928 6.190713
57.828962 5.906497
57.860233 5.811294
57.882497 5.725924
57.9137 6.111783
57.944715 8.036901
57.97571 8.397785
58.006742 8.868317
58.03913 9.104845
58.070128 9.359474
58.101134 9.606792
58.132164 9.936522
58.1633 8.490203
58.206278 8.570003
58.237378 8.590714
58.268588 8.595414
58.299899 8.635792
58.331108 8.689311
58.363726 8.77529
58.394781 8.80801
58.425828 8.809925
58.45685 9.639948
58.487929 9.077694
58.540684 9.155318
58.571717 9.208315
58.602809 9.200918
58.633866 9.231289
58.664865 9.266881
58.697164 9.405683
58.728183 9.408903
58.759453 9.560931
58.790575 9.62585
58.8218 9.034096
58.854844 9.084569
58.886248 9.170634
58.917502 9.122163
58.948623 9.177944
58.979791 9.186037
59.012411 9.163846
59.043582 9.18012
59.074704 9.46947
59.105772 9.56624
59.136794 8.987103
59.169164 8.914526
59.200262 8.902865
59.231354 8.932627
59.262398 8.901734
59.293418 8.908957
59.325795 9.108326
59.356827 8.871972
59.38778 9.056199
59.418878 8.825328
59.449925 8.937761
59.482273 8.935586
59.513254 8.927754
59.544225 8.888071
59.575255 8.868317
59.60627 8.894685
59.638669 8.89834
59.66972 8.915048
59.700716 9.046105
59.731679 9.176465
59.762776 9.038012
59.805418 9.058984
59.836669 9.209969
59.867921 9.212144
59.899166 9.287245
59.930372 9.330234
59.962944 9.306738
59.994096 9.363738
60.025234 9.560931
60.0564 9.210317
60.097769 9.241036
60.130499 9.275062
60.161788 9.188822
60.193037 9.192303
60.224362 9.210491
60.25565 9.208837
60.288356 9.204573
60.319584 9.371657
60.350579 9.473648
60.381766 9.143744
60.412806 9.156537
60.445151 9.229723
60.476319 9.201788
60.507606 9.158712
60.538692 9.205704
60.570009 9.143396
60.602602 9.207445
60.633968 9.451805
60.665402 9.579119
60.69681 9.232072
60.728102 9.111285
60.760912 8.900429
60.792057 8.874757
60.823201 9.215016
60.854275 9.376182
60.885648 9.328929
60.918333 9.414385
60.949493 9.581295
60.980621 8.790432
61.042331 8.847084
61.073662 8.731778
61.106241 8.588539
61.137382 8.389344
61.168729 8.405269
61.200083 8.350009
61.231289 8.607597
61.263914 8.855003
61.295146 9.835575
61.32653 11.163717
61.357645 8.915657
61.388852 9.091182
61.421405 9.148879
61.452442 9.200309
61.483495 9.161758
61.514608 9.024349
61.54576 8.97405
61.578116 9.103366
61.609135 9.193434
61.630014 9.214929
61.661073 8.817583
61.692116 8.725774
61.724604 8.706368
61.755674 8.776595
61.786636 8.615168
61.81768 8.346006
61.848746 8.287962
61.88119 7.893314
61.912462 7.688375
61.943657 7.482044
61.974986 7.575768
62.006046 8.365848
62.038589 8.506824
62.069725 8.851435
62.100773 8.942112
62.132001 8.93837
62.163308 8.907825
62.195908 8.852044
62.227161 8.805574
62.258236 8.293184
62.320022 8.25881
62.351189 8.166565
62.383695 8.048388
62.414712 8.076584
62.445776 8.041688
62.477004 8.380903
62.50813 8.622739
62.540598 8.989105
62.571609 10.199592
62.602629 11.203399
62.633629 8.770765
62.664697 8.986842
62.697165 9.025567
62.729783 8.947943
62.762249 9.028265
62.794358 9.033747
62.826389 8.762149
62.858567 8.379075
62.890607 8.171091
62.922966 8.499515
62.954945 9.095273
62.986844 9.065163
63.018683 9.357037
63.0513 9.073865
63.083314 8.803485
63.1152 7.994521
63.147234 7.923337
63.179691 8.193717
63.211791 8.126274
63.24365 7.930647
63.274845 8.040121
63.30591 7.645386
63.336941 7.230548
63.36803 7.236553
63.400428 7.450368
63.431589 7.654349
63.462646 8.242362
63.493758 8.990845
63.524808 8.965609
63.557394 8.187973
63.58846 8.181185
63.619448 8.06997
63.650501 7.991476
63.681611 8.001657
63.714065 7.901929
63.746232 7.708913
63.778409 7.430527
63.810415 7.455154
63.842344 7.712481
63.874346 9.993348
63.90675 10.152164
63.939212 10.25546
63.971457 8.291269
64.024232 8.475322
64.056325 8.703409
64.088444 8.80949
64.120275 8.885722
64.152188 9.02696
64.184278 9.059767
64.215368 8.856482
64.236418 8.715853
64.267415 8.880674
64.318989 9.127645
64.351242 9.199961
64.382526 8.693401
64.413613 8.66451
64.444689 8.555731
64.475812 8.458701
64.508306 8.614559
64.540786 8.91557
64.572974 8.919138
64.615433 9.084221
64.647526 9.321619
64.679432 9.306303
64.711454 9.192042
64.743402 9.067338
64.775245 8.918007
64.796913 8.77703
64.828745 8.124969
64.860747 8.347399
64.892666 10.264075
64.924649 9.905716
64.956731 9.66066
64.988658 9.224066
65.020491 9.29003
65.052561 9.433878
65.084523 9.873517
65.116481 10.56822
65.148573 10.781165
65.18063 10.875498
65.212651 10.829724
65.244639 9.105367
65.317955 9.112068
65.349871 9.117202
65.381665 9.119639
65.413757 8.944375
65.446066 8.41049
65.478397 8.140807
65.510456 7.907063
65.543116 7.715178
65.575371 7.711871
67.777083 7.97964
67.808152 7.830048
67.839126 7.746158
67.870133 7.588647
67.901259 7.402505
67.933701 8.405095
68.005691 8.492031
68.03675 8.585406
68.057566 8.867186
68.08859 8.892422
68.120926 8.761975
68.152921 9.041318
68.184905 9.575116
68.216732 10.186277
68.248577 10.64306
68.280472 6.974179
68.485908 6.860005
68.516947 6.464661
68.548002 6.161386
68.579317 5.875778
68.610536 5.60592
68.643002 5.345287
68.673979 5.155664
68.70504 5.220931
68.736021 5.69068
68.767029 6.29105
68.799445 6.756361
68.830438 5.56119
68.922418 5.545961
68.953445 5.191082
68.984406 4.883022
69.016991 4.44025
69.048926 4.064486
69.080814 3.772872
69.111816 3.983641
69.142902 4.318679
69.173988 4.998501
69.20507 9.571983
69.237365 10.197764
69.268444 10.817801
69.299422 9.265228
69.340628 9.577814
69.37164 10.320379
69.403799 10.867666
69.434807 11.629898
69.465808 12.176227
69.49681 9.086831
69.538022 9.219193
69.570404 9.847062
69.60262 11.826047
69.634717 12.258812
69.666716 12.314854
69.698658 9.463205
69.730544 8.96352
69.762389 8.50082
69.794348 8.350967
69.826181 8.433551
69.858119 8.467055
69.890177 9.516463
69.921957 8.604116
69.953847 8.780163
69.985718 9.610273
70.017538 11.314702
70.049977 11.660269
70.082057 7.35386
70.144545 7.502059
70.176543 7.804377
70.208587 8.395696
70.24062 8.139066
70.272505 7.909413
70.304439 7.874691
70.336171 8.122967
70.368018 8.39587
70.39994 8.476279
70.431795 8.314156
70.463695 8.562432
70.495934 9.893881
70.527868 9.49549
70.559782 9.654829
70.591652 10.005444
70.623779 10.308283
70.645526 10.501822
70.677761 10.630528
70.709895 9.293684
70.813233 9.203181
70.844242 8.612557
70.875337 8.304671
70.906375 7.920987
70.937657 7.528427
70.970003 7.644081
71.001937 7.884786
71.033855 8.219823
71.066473 8.888942
71.097514 9.407858
71.128579 7.299644
71.24121 7.166935
71.27222 6.760364
71.304605 6.411403
71.336482 5.984034
71.368359 5.799807
71.400168 6.167478
71.432037 6.613296
71.463913 6.843732
71.496109 7.041622
71.527992 7.155013
71.560184 7.446887
71.59215 9.474779
71.625049 9.21606
71.656986 8.243319
71.678713 8.007053
71.711161 7.812122
71.743597 7.947355
71.776017 8.426589
71.80836 9.296034
71.840294 10.217692
71.872244 8.506999
71.924676 8.662943
71.95654 8.808271
71.988521 8.815668
72.020457 8.819584
72.052368 8.786342
72.084924 8.488028
72.117056 8.154991
72.149229 7.756775
72.181344 7.703343
72.213499 8.097817
72.245634 9.809643
72.277619 0.0
72.371269 7.300167
72.403362 7.201135
72.435263 7.214362
72.467366 7.255089
72.499286 7.320965
72.53112 7.275887
72.563021 7.580206
72.595089 7.998872
72.627202 10.09412
72.659684 12.735697
72.691805 9.208837
72.733826 9.352164
72.765904 9.405248
72.798555 9.486092
72.831005 10.163651
72.863131 10.582492
72.895263 10.756798
72.927375 11.017432
72.959432 11.400941
72.991284 9.133563
73.084783 9.144788
73.115826 8.389779
73.146855 7.895489
73.177842 7.447322
73.208856 7.174071
73.241104 6.772722
73.272936 6.513307
73.294705 6.528187
73.327229 6.65498
73.359409 7.394412
73.391568 7.901581
73.423691 8.392651
73.455733 6.775071
73.610315 6.814144
73.641378 6.596413
73.672552 6.393563
73.703643 6.136759
73.734744 5.733234
73.767209 5.38932
73.798439 4.98188
73.829497 4.953597
73.860659 5.780575
73.891762 6.331429
73.924238 6.749312
73.955312 8.680087
73.986348 6.393215
74.048009 6.504169
74.079069 6.487287
74.111613 6.416885
74.142717 6.221693
74.173708 6.039729
74.204711 5.942089
74.235846 5.96924
74.268236 6.488331
74.299247 7.33515
74.330283 11.046236
74.361301 11.03649
74.392429 9.374355
74.435082 9.680849
74.46705 9.980816
74.49813 9.92547
74.529124 9.828526
74.560028 9.890835
74.591105 10.067143
74.623425 10.200723
74.654423 9.319878
74.716114 8.749618
74.747145 8.486287
74.778146 8.203637
74.810615 7.904453
74.842544 7.724229
74.874418 7.474299
74.906762 7.511719
74.938775 7.551314
74.970691 7.614667
75.001638 8.203637
75.032624 8.923228
75.063657 9.065337
75.094694 9.171591
75.127304 9.165935
75.158367 9.165848
75.189406 6.353011
75.251116 6.258156
75.282203 8.240883
75.314573 8.369938
75.346519 7.912372
75.378525 7.346724
75.410472 6.775245
75.442591 6.579792
75.474532 6.069142
75.506513 6.073232
75.538746 5.55858
75.570655 5.574418
75.601689 5.668402
75.632897 6.102385
75.664015 6.652717
75.695158 7.273364
75.727628 7.545658
75.758807 7.604746
75.789787 7.54618
75.820926 7.680369
75.851996 7.580989
75.884472 5.310043
75.925727 5.245559
75.956827 5.771437
75.987831 7.794282
76.018998 7.569676
76.051521 7.575855
76.082895 7.647475
76.114242 7.667055
76.145525 7.359429
76.176873 7.611012
76.209647 7.897665
76.240875 8.742743
76.272059 9.908413
76.303631 10.136239
76.33477 10.203247
76.367351 10.211775
76.398441 10.184102
76.429599 7.106541
76.481081 7.102016
76.512208 7.730233
76.544618 9.22833
76.575614 8.991019
76.606587 8.438163
76.637661 8.25968
76.668744 8.075453
76.701313 7.599873
76.733696 7.393368
76.765715 7.498666
76.797612 7.8867
76.829445 8.07641
76.861331 8.643276
76.893161 8.742917
76.925014 8.989105
76.956773 8.968132
76.988628 8.837946
77.020678 8.875627
77.052818 8.847954
77.085301 8.664945
77.117565 6.598502
77.150288 8.505084
77.182552 9.23564
77.214599 9.373049
77.246551 9.442145
77.278905 6.543068
77.372663 7.72623
77.404956 8.587669
77.436168 8.690268
77.467473 8.405965
77.498564 8.737435
77.529757 8.599156
77.562204 8.739175
77.593214 8.810795
77.624254 8.661725
77.65534 8.765108
77.676211 8.796871
77.708622 8.848563
77.75067 8.086766
77.781718 6.683349
77.812786 5.718266
77.84381 4.740827
77.874912 3.672796
77.907326 2.779507
77.938372 1.980638
77.969404 1.615142
78.000422 2.753139
78.031538 4.043078
78.064009 5.278105
78.096654 6.870187
78.128785 7.808728
78.151035 8.059092
78.183105 8.300145
78.215024 9.514722
78.246963 9.342852
78.278853 10.057483
78.311183 10.310198
78.343156 10.742614
78.375164 10.726602
78.407084 11.03092
78.439052 11.124557
78.471058 8.233486
78.615266 8.491247
78.646314 7.906541
78.67735 7.962758
78.708477 7.783839
78.739626 7.364999
78.772134 6.959646
78.804051 6.854001
78.836253 6.968349
78.867311 7.15101
78.898484 7.325229
78.91947 7.723271
78.950494 8.222695
78.982991 8.35993
79.014019 8.47393
79.045022 8.553556
79.076054 8.482458
79.107086 8.331212
79.139376 8.21817
79.170827 6.225435
79.202022 6.179052
79.233394 7.479956
79.264533 6.674212
79.296986 6.321247
79.328261 4.954206
79.359511 3.779747
79.390537 3.193736
79.421792 2.860438
79.454261 2.834593
79.486918 2.515045
79.519094 3.308693
79.551983 4.482369
79.584604 5.948094
79.617194 7.537565
79.64931 8.624653
79.681954 8.891117
79.714461 9.366174
79.746451 12.001485
79.778288 13.294905
79.810161 9.085352
79.882906 9.18508
79.914888 9.244343
79.945927 9.976813
79.976944 10.355449
80.00795 10.031028
80.03901 9.735673
80.071421 9.271059
80.102443 8.851348
80.133683 9.497318
80.164688 9.439535
80.195776 9.60218
80.228156 9.737936
80.259231 9.966022
80.290252 10.097427
80.321248 10.126318
80.352258 10.146421
80.384651 9.402985
80.456333 9.499319
80.487342 9.493402
80.51834 9.526296
80.549381 9.521771
80.581645 9.209882
80.612641 9.094054
80.643725 8.76972
80.674725 8.397437
80.705838 8.462269
80.738273 8.385863
80.769311 8.514831
80.800381 9.212579
80.831494 9.551968
80.862578 9.832355
80.894979 9.9313
80.926014 10.035467
80.957072 9.624023
80.988145 9.072386
81.01923 8.392477
81.051542 7.888702
81.082584 8.617343
81.113556 6.687091
81.14459 5.696772
81.175644 4.347484
81.208107 3.731362
81.239143 4.001133
81.270275 4.444601
81.301341 4.670599
81.332432 4.980835
81.365025 5.30543
81.396049 5.900318
81.427085 7.518594
81.458099 8.674343
81.489103 9.458332
81.521495 8.676171
81.553699 8.886766
81.585627 9.039839
81.617509 9.116767
81.649377 9.076824
81.681402 8.734389
81.714131 7.335933
81.746746 7.258135
81.779371 7.32549
81.811841 8.680348
81.844426 10.223871
81.876874 9.785189
81.909532 9.307695
81.931635 8.834726
81.964248 8.141416
81.99635 8.088071
82.028363 8.485417
82.060709 9.751946
82.092942 10.233618
82.125027 10.493032
82.157109 7.294597
82.209985 7.945789
82.242287 8.807401
82.274551 8.779989
82.305575 8.573136
82.336551 8.307542
82.367546 8.185449
82.39853 8.09364
82.430953 8.389518
82.462075 8.561997
82.49312 8.713678
82.524177 9.158364
82.555256 8.766152
82.587716 7.348464
82.618835 5.654653
82.649873 5.187427
82.680906 3.720746
82.711982 3.047624
82.744378 2.496335
82.776572 2.203764
82.808682 3.143175
82.841467 3.686023
82.873989 3.99478
82.906259 4.917483
82.937235 5.944004
82.968302 6.969741
82.999448 7.890964
83.030459 8.314417
83.062744 9.485309
83.093848 9.074387
83.124974 8.909479
83.155992 9.409947
83.187226 9.615843
83.219555 9.231289
83.250702 8.585841
83.281797 8.289268
83.312883 7.99574
83.343985 7.68298
83.376667 6.032245
83.408735 5.796935
83.439803 6.069839
83.470971 7.113677
83.501977 7.467163
83.533025 8.133584
83.565405 5.933126
83.596368 5.966891
83.627365 6.796044
83.658368 7.072863
83.689422 6.941894
83.721701 6.656894
83.752779 6.158167
83.783802 5.652738
83.814967 5.413513
83.846123 5.731668
83.878555 9.428918
83.909659 9.363825
83.940761 9.108674
83.971914 8.941764
84.003131 8.809751
84.035497 8.617866
84.066523 9.258788
84.097533 9.965587
84.128588 10.618867
84.159799 11.149184
84.192206 10.289834
84.223227 7.950575
84.264678 8.110436
84.295719 8.610208
84.326766 9.531257
84.359126 9.367219
84.39016 9.174376
84.421214 8.994065
84.452231 8.936456
84.483272 9.192738
84.515387 9.322141
84.577731 9.068295
84.609629 8.864488
84.641494 8.638316
84.673296 8.163955
84.705236 8.287092
84.737004 8.259767
84.768041 8.261855
84.798967 8.627438
84.829993 8.863618
84.861054 9.126514
84.893148 7.685939
84.966385 7.635552
84.998408 7.436792
85.02957 7.326883
85.060695 7.108281
85.091673 6.927274
85.122691 6.85052
85.155146 6.753576
85.186228 6.728862
85.217251 6.970611
85.248263 7.110718
85.279414 7.523815
85.311793 9.584602
85.3428 9.678586
85.373799 10.061573
85.404753 10.625307
85.435794 10.834249
85.467949 10.95756
85.498977 6.944069
85.672556 6.836596
85.703613 6.294879
85.734646 6.059483
85.767083 5.970197
85.798125 5.617842
85.829105 5.426392
85.860115 5.291072
85.89117 5.171502
85.923357 5.160624
85.954358 5.451455
85.985543 5.771698
86.016581 6.201852
86.047667 6.539065
86.080048 5.871078
86.111111 5.480172
86.142122 4.883805
86.173122 4.247843
86.204175 3.757904
86.236512 2.927272
86.267569 2.308279
86.298704 1.215882
86.329695 1.324834
86.360713 3.091484
86.393068 3.686023
86.424089 4.110782
86.45513 4.510912
86.486097 4.993628
86.517261 5.505757
86.549733 6.42289
86.580873 7.482305
86.611927 8.206161
86.642963 9.076911
86.674115 8.748139
86.70707 8.994587
86.738446 9.152011
86.769695 9.196393
86.800939 9.117115
86.832141 8.858745
86.864569 8.661464
86.896697 7.093139
86.928898 7.019779
86.960805 9.745942
86.992819 10.605205
87.025024 10.78978
87.057028 10.934847
87.089361 7.994608
87.141891 7.784622
87.173994 7.702038
87.205868 8.120182
87.236954 8.259332
87.267982 8.412927
87.299239 8.128275
87.330283 7.965282
87.362834 7.660441
87.393842 7.148138
87.424888 6.828851
87.455887 6.766456
87.487047 5.838967
87.519439 5.42091
87.550582 5.770306
87.581771 6.15573
87.613135 6.509652
87.644396 6.625827
87.677093 6.579357
87.70852 6.595717
87.739822 6.719725
87.770982 6.779509
87.802287 6.651151
87.834822 5.025391
87.865975 4.817668
87.896956 5.369218
87.928076 6.845734
87.959347 6.985057
87.991824 7.173461
88.022932 7.433398
88.05429 7.762084
88.085804 7.982947
88.117055 9.290813
88.149812 9.775617
88.181375 10.61791
88.212643 11.049108
88.243738 11.414082
88.275036 11.859116
88.307734 9.403159
88.359357 9.769612
88.390458 10.712591
88.421557 11.603008
88.452825 11.492837
88.485356 11.583602
88.516663 9.229723
88.548035 9.245648
88.579502 9.015647
88.610868 8.842819
88.643481 8.721945
88.676136 9.038969
88.708838 9.750206
88.741458 8.60925
88.774039 8.286048
88.806703 8.851957
88.839256 10.173137
88.871571 10.214734
88.904047 10.624611
88.9365 9.026263
89.009762 9.169068
89.042228 9.106847
89.073491 9.005291
89.104733 8.903213
89.135941 8.858571
89.167285 8.836815
89.19988 8.847519
89.23117 9.202398
89.262281 9.164456
89.344467 9.25583
89.375777 9.40168
89.408255 9.610012
89.439317 9.846888
89.4704 9.899537
89.501485 10.204465
89.532775 10.162172
89.56529 9.815647
89.596492 9.3821
89.627723 9.497927
89.658927 9.573028
89.690327 9.593478
89.722918 9.678934
89.754263 9.807032
89.78544 9.840449
89.816596 10.089073
89.847715 10.300886
89.880383 10.383819
89.911522 9.250173
90.003693 9.101103
90.034766 9.300907
90.066078 9.341025
90.098791 9.053763
90.130173 8.698014
90.161545 8.188408
90.192855 7.868164
90.224247 7.792019
90.256877 7.740415
90.288253 7.711436
90.319537 8.175442
90.350847 8.732823
90.382013 9.275584
90.414362 9.406379
90.445414 9.559365
90.476488 9.562411
90.507626 9.560235
90.538754 9.564325
90.571407 6.491725
90.614207 6.371372
90.646851 8.730473
90.679763 9.02226
90.712831 8.787299
90.745611 8.432942
90.778056 8.020367
90.810064 8.054741
90.83187 9.05063
90.863814 9.481654
90.894887 9.201179
90.936152 8.962563
90.967176 9.247475
90.9984 9.449629
91.031204 9.655177
91.062597 9.677281
91.094072 9.665707
91.125442 9.600266
91.156796 8.695229
91.219973 8.690268
91.252188 8.304409
91.284795 8.207292
91.316061 8.323642
91.347161 8.279782
91.378449 8.084764
91.409683 8.410664
91.442178 8.909914
91.474879 9.31631
91.507266 8.114004
91.558767 8.274735
91.589923 8.20764
91.621163 8.153947
91.652475 8.143504
91.685159 8.146898
91.707483 7.006639
91.790995 6.963737
91.823425 6.59389
91.854494 6.505475
91.885588 6.415928
91.916737 6.860527
91.94775 7.455328
91.980152 7.751989
92.0112 8.074495
92.042257 8.441122
92.073343 8.750053
92.104467 8.960561
92.137068 6.0131
92.178352 6.38869
92.209545 5.968979
92.240633 5.085089
92.271763 4.19267
92.30442 3.261613
92.336491 2.596324
92.369224 1.512281
92.401526 2.033896
92.432828 2.603895
92.463968 4.057785
92.495214 6.075147
92.526545 7.581511
92.559318 8.430244
92.59046 9.494446
92.621829 9.056808
92.67347 9.347813
92.704746 9.722968
92.737386 9.920597
92.768588 9.76178
92.799634 9.632203
92.830911 9.559539
92.862138 9.62585
92.894609 9.910502
92.926845 9.285156
93.000158 9.146964
93.032407 8.927406
93.065098 8.506389
93.096237 8.484808
93.127236 8.227829
93.158288 7.886091
93.189352 7.814297
93.222036 7.581946
93.253161 7.565325
93.284373 7.1893
93.315669 7.273799
93.346962 7.201135
93.379623 7.894358
93.41098 8.427025
93.442133 8.45026
93.473304 8.416843
93.504594 8.325034
93.537035 8.212078
93.568227 5.697207
93.660718 8.038033
93.691946 8.297013
93.723205 8.310762
93.745579 8.40962
93.776904 7.897926
93.808224 7.79289
93.839401 7.846322
93.87071 7.722749
93.90331 7.909674
93.934563 7.980163
93.965835 8.030636
93.997033 8.434073
94.028176 9.414733
94.060624 9.550489
94.091619 9.633595
94.122728 9.631855
94.153911 9.647519
94.185077 9.597394
94.217584 9.446322
94.24861 6.835117
94.279669 8.292748
94.31076 9.859594
94.341867 9.783101
94.374281 9.810861
94.405513 9.728537
94.436687 9.677542
94.468037 9.98421
94.499347 10.093598
94.531852 10.126231
94.562955 9.171679
94.624665 9.030441
94.655679 9.299776
94.686887 9.457809
94.719377 9.329973
94.750457 9.239904
94.78151 8.713678
94.812615 8.582795
94.843653 8.219214
94.876023 8.0577
94.898003 8.054132
94.930107 8.480544
94.962378 9.060899
94.994513 9.330321
95.02686 9.52882
95.05913 9.835923
95.09145 9.977335
95.123876 10.003007
95.15611 7.116113
95.219033 8.412666
95.251138 9.918856
95.282202 9.91172
95.31325 9.999265
95.344266 9.92721
95.375352 10.291314
95.407742 10.101691
95.439006 9.614973
95.470217 9.204747
95.501357 8.916267
95.532566 8.722554
95.565134 9.307521
95.596496 9.129385
95.62785 8.447997
95.659131 7.929167
95.690565 7.569415
95.723143 7.138565
95.75448 6.948421
95.785848 6.898034
95.817061 7.246474
95.848262 7.924729
95.881043 8.542069
95.912242 7.691247
95.943449 7.789931
95.974688 7.811774
96.005834 7.839012
96.03842 7.785319
96.069479 7.656177
96.100579 7.442014
96.131627 6.166608
96.16294 6.1566
96.195424 8.268295
96.227975 9.800157
96.260713 9.905107
96.291957 10.276085
96.322999 10.74914
96.354122 9.207184
96.395416 9.485831
96.427993 10.802398
96.460044 11.892446
96.492029 12.32286
96.524125 12.530671
96.556081 9.241558
96.588033 9.267491
96.620359 9.550576
96.652391 10.86636
96.684572 11.985212
96.717182 9.192738
96.760023 9.123381
96.792298 8.603942
96.814622 8.25559
96.846695 8.299797
96.879336 8.354012
96.911967 9.076128
96.944552 9.173419
96.977017 8.447475
97.009668 8.742743
97.042453 9.266533
97.074899 11.005945
97.106958 7.44271
97.190237 7.489702
97.222658 7.998002
97.253773 8.459919
97.284863 8.326339
97.315877 8.243842
97.346893 8.128449
97.379313 7.687505
97.411833 7.368131
97.443336 6.853131
97.474693 6.916831
97.506 7.262486
97.53714 7.988952
97.569587 9.08979
97.60066 9.918073
97.631819 10.334825
97.66322 10.495469
97.694628 6.778987
97.859866 6.775071
97.892573 6.751314
97.92397 6.739827
97.955324 6.421062
97.986575 6.212208
98.017926 5.820518
98.050473 5.570241
98.081537 5.5276
98.112637 5.804245
98.143724 6.426545
98.174724 6.929711
98.207174 7.278237
98.238326 6.135976
98.310241 6.139109
98.341405 5.868816
98.372568 5.454326
98.405024 5.08709
98.436251 4.697837
98.467629 4.388471
98.498821 4.526489
98.530033 4.913567
98.562742 7.021781
98.59391 10.21221
98.625077 10.640275
98.656245 11.169025
98.687408 8.878847
98.740059 9.174376
98.771097 9.785798
98.802162 10.450478
98.833208 11.10341
98.864275 11.430616
98.896807 11.253612
98.927915 9.384536
99.00981 9.544658
99.040836 9.476954
99.071983 9.301604
99.104414 9.178118
99.135475 9.114331
99.16664 9.226677
99.198171 9.785363
99.229084 10.264685
99.261443 9.916768
99.292434 9.564847
99.323416 9.35869
99.354412 8.93898
99.385406 8.796523
99.417558 8.47245
99.448526 8.640404
99.479797 8.435118
99.510822 8.216168
99.541857 7.478476
99.574209 7.39389
99.605349 7.221324
99.636457 7.12995
99.66753 7.5722
99.698723 8.003485
99.731276 8.278825
99.76336 8.128623
99.784215 8.180837
99.815169 8.327819
99.84631 8.532496
99.877348 8.473756
99.909726 8.454698
99.940705 8.349313
99.971684 6.186014
100.023138 6.905866
