1.7e-05 0.069966
0.032285 0.142978
0.368684 0.03272
0.633847 0.027325
0.817731 0.032285
1.042094 0.059958
1.247657 0.11017
1.573835 0.120787
1.737277 0.121048
1.890551 0.142891
2.054051 0.124964
2.218709 0.126966
2.514582 0.17596
2.67796 0.204503
2.841399 0.211378
2.994704 0.206156
3.159484 0.209463
3.445129 0.253671
3.598374 0.287088
3.761838 0.305188
3.91493 0.21277
4.069725 0.193973
4.355407 0.2689
4.508708 0.34052
4.662043 0.406135
4.815288 0.295268
4.969669 0.251234
5.265164 0.405265
5.418559 0.537539
5.571919 0.691221
5.725237 0.554248
5.879846 0.457043
6.165657 0.776678
6.319001 1.000152
6.472239 1.158099
6.615354 1.079169
6.770005 1.044795
7.055345 1.38575
7.208591 1.502013
7.351848 2.10743
7.505225 1.289416
7.700874 1.193952
8.038765 3.000023
8.325588 3.404157
8.601066 2.778463
8.754444 2.887938
8.8975 5.573983
9.040712 2.155554
9.35803 2.281215
9.734701 3.411728
9.877759 3.667836
10.020829 5.610706
10.174153 7.944309
10.349267 6.852086
10.736506 7.785667
10.879667 9.046453
11.022817 9.777618
11.176372 3.235507
11.392099 2.232569
11.687788 5.779095
11.841046 8.635705
11.994223 10.124143
12.137546 10.552382
12.302428 6.841644
12.618339 3.142131
12.76165 4.592105
12.914825 6.303321
13.058006 8.501255
13.243309 6.537412
13.630186 4.700622
13.783416 6.064008
13.926407 8.79574
14.079723 11.343245
14.234307 3.137345
14.550167 0.41884
14.723804 0.632916
14.877148 2.599544
15.020358 5.693117
15.185165 8.880848
15.592693 0.923398
15.796663 3.687677
16.010989 7.457156
16.174448 8.345832
16.329061 9.38384
16.655076 0.644577
16.84904 1.364952
17.012485 3.115676
17.155562 0.412836
17.472947 1.773698
17.839634 5.53987
18.206479 4.849692
18.3598 6.704844
18.533585 8.675562
18.708442 9.605052
19.055043 0.121483
19.38101 2.380073
19.564827 6.122052
19.748618 8.18162
19.923688 9.37653
20.22947 8.739959
20.402966 8.603507
20.596993 9.58025
20.750573 10.590933
20.90509 9.112068
21.241322 7.427916
21.414939 6.039294
21.568256 9.049586
21.72159 10.477107
21.876318 9.852806
22.19237 8.38273
22.355701 8.972309
22.498686 10.426982
22.652002 10.452393
22.806573 7.58943
23.112199 7.712306
23.295973 7.486743
23.510125 8.979184
23.673693 9.919726
23.859025 9.501843
24.185135 10.27652
24.348849 8.810969
24.532591 9.955841
24.685941 9.187778
24.87116 9.722707
25.176931 9.360779
25.350585 9.222848
25.503725 9.643516
25.656991 9.706346
25.821777 9.256352
26.117369 9.437446
26.270731 9.502017
26.433985 8.523272
26.597271 9.108065
26.751934 9.86203
27.088255 9.899189
27.261841 6.96861
27.435397 6.045907
27.649718 4.86962
27.895778 1.741325
28.211815 4.418929
28.36505 8.905911
28.528425 9.821652
28.691908 9.82287
28.866822 8.376377
29.182875 8.05683
29.366927 7.225588
29.540511 10.042515
29.693726 9.963673
29.858551 8.885113
30.153974 9.991955
30.307234 11.875389
30.450394 9.284112
30.603731 10.294708
30.768687 8.879543
31.064389 9.778749
31.217809 3.591082
31.391564 3.482564
31.544905 7.415211
31.699462 10.167828
31.984472 3.2617
32.137747 4.700448
32.290981 6.86923
32.434084 10.439513
32.619404 8.760583
32.935501 9.334063
33.108965 7.973462
33.252042 9.605487
33.405365 9.256265
33.559832 9.027308
33.936738 9.015125
34.100273 10.750272
34.263795 10.154166
34.437347 10.271298
34.592004 10.356581
34.948507 7.534606
35.101763 7.758864
35.295716 8.090246
35.509951 8.705236
35.685067 9.727493
36.001142 8.941851
36.174616 9.31953
36.348169 9.212927
36.542158 9.226677
36.727414 7.83118
37.073975 6.358232
37.237354 7.738413
37.390509 8.566522
37.54376 9.745246
37.719137 4.618473
38.056217 2.162864
38.209607 5.181423
38.36292 8.34444
38.516498 8.581316
38.681315 7.895141
38.977123 10.556907
39.140681 9.064031
39.304112 10.706151
39.457442 9.331278
39.632569 10.184537
39.938091 7.704997
40.101749 8.009924
40.295673 7.75547
40.499764 8.113569
40.664555 9.792586
40.990501 7.881827
41.143942 8.737696
41.327776 8.085286
41.521836 8.560518
41.676481 9.371396
42.034521 9.429092
42.361009 7.428612
42.534628 5.765172
42.68801 9.891792
42.831133 10.438121
42.985764 9.538828
43.291454 9.85385
43.444757 9.967328
43.608278 9.337805
43.761559 9.948009
43.916067 9.912765
44.211499 9.303344
44.364593 9.948705
44.517842 9.583209
44.681369 10.052784
44.836057 9.770917
45.152153 9.562672
45.305328 8.880152
45.458658 9.451022
45.612072 10.392434
45.766752 8.657635
46.102881 0.750658
46.256364 1.878821
46.409572 5.155316
46.552644 0.352877
46.757977 1.525422
47.074126 7.610316
47.400316 8.445125
47.553653 8.987973
47.706975 9.819563
47.861841 10.062792
48.178068 10.902301
48.341535 9.52795
48.515159 10.569177
48.678557 8.207379
48.85371 8.346877
49.200127 9.127906
49.383926 9.811992
49.557749 10.453089
49.711143 9.368959
49.896497 9.846975
50.192178 9.070645
50.355607 8.585145
50.529408 9.629331
50.713244 8.418844
50.878088 8.878499
51.204215 7.890007
51.377801 9.296643
51.530963 8.989627
51.68426 9.083786
51.859127 8.556689
52.195623 8.349661
52.36917 10.200027
52.532581 10.232225
52.685876 11.459246
52.84054 5.43492
53.166784 5.203266
53.391511 4.684262
53.63636 1.2285
53.881067 4.392648
54.066077 7.943178
54.412638 8.47306
54.576138 9.959148
54.770132 8.743265
54.92366 12.276042
55.078253 9.486005
55.394397 9.190475
55.557968 9.301952
55.711461 9.128689
55.885112 9.213188
56.049965 8.875975
56.345628 8.54642
56.529369 8.043428
56.733518 8.983187
56.886855 9.884395
57.061923 9.506716
57.367714 9.027395
57.541169 7.877215
57.735193 9.196132
57.898735 10.194718
58.073855 9.658049
58.379606 9.388974
58.543061 8.716636
58.71664 10.010056
58.869829 9.17542
59.044904 10.039122
59.371139 7.080086
59.544792 7.411469
59.73877 8.028895
59.932623 8.095294
60.087299 8.288745
60.383329 8.739784
60.546774 8.982926
60.750905 9.702256
60.9144 10.626351
61.06909 7.682284
61.405235 8.053262
61.599189 7.820128
61.823669 9.156624
61.987197 10.169569
62.141782 9.610273
62.457869 9.993783
62.631565 8.060137
62.815416 8.634661
62.989005 8.290921
63.194592 9.271755
63.490154 9.514461
63.653925 9.81791
63.827836 9.365217
64.011898 9.244952
64.177403 8.672168
64.473061 9.389322
64.64664 10.855221
64.8103 9.187256
64.984081 9.910589
65.159272 7.917767
65.516704 8.200939
65.710911 8.076845
65.895036 9.385929
66.058606 9.087615
66.223471 9.219889
66.529665 9.400548
66.693206 8.763803
66.836354 9.977074
66.989826 10.159126
67.144695 9.895186
67.440565 9.608881
67.59427 8.850477
67.748126 10.51035
67.901636 9.678499
68.066668 9.518899
68.372683 9.043494
68.52603 10.299668
68.679316 9.494881
68.822628 10.005792
68.977427 9.883177
69.2832 9.269318
69.436444 9.746638
69.609879 8.357493
69.773362 9.965848
69.92803 9.082915
70.233747 10.02659
70.397104 5.921465
70.591138 6.357971
70.815683 4.567303
71.082336 5.03157
71.428822 0.069966
71.703891 2.077059
71.887517 6.682653
72.040953 9.838708
72.195639 9.410643
72.511784 1.619493
72.675378 2.442294
72.818461 2.932754
72.971905 0.447732
73.157068 1.793713
73.473017 5.964976
73.850105 6.679607
74.023981 6.405311
74.197809 7.988169
74.372899 8.418148
74.73948 8.799047
74.913162 9.571548
75.107125 8.968741
75.270658 9.770569
75.435579 9.40168
75.782063 5.32092
75.945477 2.843469
76.088615 4.175701
76.241871 7.199916
76.386461 10.644452
76.763283 5.800416
76.926716 6.874103
77.080043 9.632551
77.233407 11.712135
77.388127 9.627069
77.693943 9.857592
77.847265 8.788778
78.000569 10.311677
78.143678 10.374855
78.29844 10.195066
78.594289 9.991085
78.747502 9.696426
78.890742 10.243364
79.044109 10.192456
79.198715 9.908065
79.504376 9.570156
79.657761 8.643798
79.811111 9.561105
79.95423 11.470298
80.108892 8.766762
80.414767 8.960735
80.588511 9.486788
80.77242 8.954644
80.935793 9.427177
81.090369 8.917746
81.406368 8.931322
81.580142 7.493183
81.774108 8.709326
81.957981 9.673191
82.143328 8.090595
82.540903 5.45276
82.724841 6.968349
82.888284 9.098144
83.031373 11.844409
83.196158 9.173854
83.491908 9.702169
83.645109 10.538023
83.798423 10.924491
83.962043 7.758864
84.126873 7.595696
84.483423 7.84841
84.65696 5.569196
84.922027 6.088461
85.15675 4.690092
85.41328 6.872885
85.721064 0.031763
85.935083 0.962036
86.078228 4.017058
86.231587 6.598067
86.386056 1.510541
86.742517 7.053979
87.058466 8.253762
87.211838 9.613058
87.354929 10.192369
87.519724 10.071755
87.86617 9.661269
88.039924 10.68953
88.203321 8.097556
88.377018 8.609598
88.551866 8.829505
88.938733 9.367219
89.102102 10.288877
89.275809 8.774071
89.469862 10.090291
89.624357 8.248541
89.960442 7.302342
90.164524 8.019584
90.31789 8.90069
90.481353 9.678499
90.636002 8.47715
90.95207 8.68
91.135748 7.711001
91.339862 8.599939
91.513393 7.44271
91.708678 8.194413
92.065186 6.322901
92.259072 6.987668
92.432665 8.243494
92.585926 9.217975
92.760891 7.484568
93.127702 8.310066
93.311367 8.98545
93.485126 9.280457
93.658851 6.905083
93.843987 8.879717
94.139817 11.415213
94.283018 7.151619
94.446507 7.574201
94.64049 8.585754
94.83598 7.516592
95.263892 8.348791
95.458055 9.235466
95.641971 7.699514
95.836031 8.545898
96.03131 8.41197
96.408215 9.159408
96.571636 10.229614
96.734983 8.09599
96.908581 8.897905
97.093709 7.957972
97.471866 8.143156
97.869271 7.578727
98.04309 6.753925
98.206515 10.039992
98.349743 10.925449
98.50468 7.778618
98.820888 8.672255
99.01485 7.493792
99.229122 8.583056
99.412933 8.480195
99.618467 8.261855
99.985222 7.926034
100.1791 7.961105
