0.0 0.145502
0.031573 0.179963
0.062998 0.208506
0.094411 0.203633
0.1258 0.208767
0.15718 0.208419
0.188751 0.211726
0.220143 0.215816
0.251494 0.221821
0.282883 0.220515
0.314193 0.22652
0.345481 0.230001
0.376982 0.233743
0.408379 0.23644
0.440128 0.234265
0.471801 0.236005
0.503375 0.239573
0.534911 0.24375
0.566323 0.266811
0.597742 0.294398
0.629219 0.326683
0.66056 0.382204
0.692153 0.439029
0.723521 0.477494
0.754826 0.501425
0.786212 0.531274
0.817525 0.49864
0.848969 0.505341
0.880368 0.504819
0.912534 0.504645
0.944096 0.510823
0.975588 0.488458
1.006911 0.508909
1.038244 0.526574
1.069564 0.571304
1.100973 0.614728
1.132366 0.636658
1.163851 0.65328
1.195392 0.673817
1.227074 0.685826
1.258505 0.699054
1.290024 0.712107
1.321198 0.730904
1.352469 0.734994
1.383831 0.743348
1.415283 0.761623
1.44673 0.777287
1.478206 0.798695
1.509644 0.824018
1.541052 0.849951
1.572379 0.87423
1.603692 0.906951
1.635211 0.935755
1.666699 0.957163
1.698019 0.97918
1.729413 1.002502
1.760698 1.022952
1.792485 1.04523
1.824191 1.071337
1.855644 1.092832
1.876799 1.118155
1.908334 1.147308
1.939998 1.17472
1.97155 1.198912
2.002912 1.222844
2.034286 1.241118
2.065636 1.265833
2.096924 1.293941
2.128264 1.323094
2.159588 1.349462
2.191001 1.382182
2.222269 1.406984
2.253572 1.440749
2.285006 1.476863
2.31635 1.51028
2.347691 1.542565
2.379334 1.5772
2.41084 1.613924
2.442183 1.646209
2.473675 1.685805
2.505128 1.72627
2.536453 1.760296
2.567845 1.796672
2.599116 1.844882
2.630948 1.888742
2.662473 1.933907
2.69395 1.989514
2.725308 2.021887
2.756745 2.037638
2.788407 2.098467
2.819834 2.144502
2.85163 2.188361
2.883478 2.210639
2.915513 2.260764
2.947376 2.330034
2.979091 2.37285
3.010762 2.421408
3.0424 2.458915
3.074071 2.473013
3.105626 2.524269
3.137049 2.588318
3.168397 2.652193
3.199789 2.684652
3.231166 2.720854
3.262579 2.734168
3.293999 2.840597
3.325516 2.865921
3.356938 2.978093
3.388794 2.972176
3.420211 3.121942
3.451626 3.18338
3.483204 3.255696
3.514715 3.369957
3.546066 3.454891
3.577386 3.518069
3.60907 3.590908
3.640529 3.647559
3.672183 3.72675
3.703771 3.808029
3.735229 3.893051
3.766668 3.957535
3.798082 4.032809
3.829467 4.158644
3.860903 4.229916
3.892709 4.289613
3.924141 4.432244
3.956064 4.524662
3.987511 4.608204
4.018928 4.733256
4.050937 4.915133
4.082554 4.939064
4.113979 5.004506
4.145436 5.168892
4.176989 5.260353
4.208552 5.46007
4.239976 5.652999
4.271386 5.748289
4.302875 5.785535
4.334295 5.973852
4.365731 6.156078
4.397339 6.214993
4.428986 6.336998
4.460375 6.465444
4.481567 6.549943
4.513061 6.719202
4.544509 6.872102
4.575859 7.021607
4.607217 7.135345
4.638668 7.242035
4.67 7.266576
4.701979 7.319399
4.733705 7.565586
4.765697 7.993999
4.797181 8.162823
4.828699 8.227655
4.860033 7.930124
4.891348 7.665488
4.922706 7.385275
4.954468 6.978356
4.986389 6.512697
5.018168 6.05226
5.050102 5.633071
5.081796 5.373569
5.113381 4.980487
5.144853 5.156186
5.176122 5.423955
5.20745 6.039381
5.2388 6.293835
5.27012 6.776115
5.30145 7.083045
5.332758 7.661398
5.364075 7.997219
5.395539 8.513873
5.426851 8.685308
5.458288 8.65485
5.489595 8.882154
5.521087 8.690878
5.552551 8.751271
5.583936 8.588974
5.615339 8.756928
5.646597 9.220498
5.677912 9.436663
5.709473 8.661551
5.740917 9.186646
5.772407 9.42944
5.803756 9.663879
5.835195 9.752991
5.866571 9.797546
5.898067 9.836794
5.929638 8.418061
5.961032 8.488637
5.99252 9.555014
6.024337 9.859333
6.055814 9.981687
6.087238 10.211688
6.118679 10.410883
6.150083 8.786342
6.191722 9.042537
6.223158 9.896491
6.244308 10.255199
6.275653 9.720879
6.306991 9.753513
6.338302 9.664576
6.369698 9.280283
6.401107 8.936456
6.432596 9.093445
6.464017 10.129886
6.495504 10.774551
6.527517 10.839209
6.558964 7.841187
6.611102 7.867033
6.642998 8.131321
6.674542 8.21817
6.706024 8.595327
6.73739 8.794696
6.768993 8.765543
6.800744 8.388212
6.83232 8.225567
6.86395 8.77851
6.895812 8.939328
6.927578 9.167762
6.958904 9.021216
6.990478 8.152729
7.022276 7.616581
7.054098 6.947115
7.086189 6.090637
7.11804 5.115808
7.149621 5.678236
7.180946 5.573287
7.212445 4.124966
7.243887 4.204766
7.275228 5.09118
7.306598 5.331015
7.337977 6.005964
7.369796 6.797088
7.401215 7.314612
7.432671 8.505171
7.464146 9.281066
7.495555 10.04765
7.527012 9.462248
7.559049 9.763695
7.590543 10.178619
7.621902 10.35632
7.653351 10.501996
7.68474 10.448129
7.716182 10.437773
7.747559 8.245234
7.778931 8.431202
7.810365 10.063314
7.841761 11.260312
7.873128 11.07478
7.904638 10.824154
7.93608 9.423261
7.967469 9.629505
7.998754 9.958713
8.030489 11.013081
8.061913 12.654765
8.093529 9.302387
8.156265 9.476345
8.188313 9.763782
8.220035 10.809708
8.251596 11.003682
8.283132 11.230028
8.314483 11.205662
8.345887 8.025676
8.499831 8.059875
8.531526 7.922554
8.563106 8.101907
8.594491 8.033246
8.625761 7.904888
8.657069 7.773222
8.688473 7.590126
8.719758 7.465162
8.751159 7.601178
8.782542 7.816734
8.813854 7.96737
8.845152 7.233333
8.886668 7.302516
8.918013 7.37022
8.949346 7.445843
8.980702 7.513111
9.012151 7.32636
9.043662 7.174245
9.075011 7.058765
9.106476 6.937543
9.137971 8.726557
9.20056 8.8577
9.232292 8.991106
9.264112 8.976922
9.295685 8.784514
9.327787 9.20057
9.360036 9.682415
9.39174 10.268862
9.423154 10.498776
9.454714 10.635315
9.486242 9.765087
9.517657 8.777813
9.569629 8.908957
9.601344 9.000331
9.632801 8.961344
9.664128 8.873974
9.695533 8.630919
9.726849 8.684177
9.758163 8.869187
9.789504 8.771809
9.820943 9.390367
9.852341 10.066969
9.883729 8.557994
9.956098 8.706368
9.987499 8.772244
10.018934 8.854045
10.050443 8.972135
10.081983 9.018344
10.113376 8.984057
10.144797 9.095273
10.176102 9.340764
10.197293 9.145572
10.279846 9.421782
10.311332 9.994392
10.342753 10.165566
10.374073 10.351707
10.395569 10.648542
10.426999 11.052241
10.45823 11.442364
10.489882 11.934739
10.521315 8.357406
10.655024 8.442167
10.686604 8.245582
10.718251 8.243581
10.749629 8.238881
10.78094 8.217822
10.812221 8.357841
10.843581 8.789561
10.874942 9.09301
10.906457 9.311176
10.938276 8.75658
11.010714 8.894859
11.04223 9.133911
11.073883 9.110414
11.105374 9.091879
11.13679 9.073082
11.168236 9.017387
11.199545 9.250521
11.230887 9.49958
11.2622 9.326927
11.334869 9.67293
11.366592 9.654133
11.398249 9.31544
11.429629 8.98806
11.450919 8.962998
11.482355 8.819149
11.513813 8.928537
11.545216 9.176378
11.576488 9.545528
11.608199 9.898841
11.640004 8.499689
11.712425 8.638229
11.744007 8.732997
11.775417 8.652501
11.806838 8.390388
11.838208 8.311719
11.869452 8.192237
11.890618 8.215646
11.922059 8.643972
11.953482 8.924969
11.984798 11.922643
12.016303 9.07195
12.078622 9.126427
12.110055 8.02028
12.141465 7.171112
12.172778 6.12153
12.20419 5.005637
12.225317 3.862767
12.256634 3.335148
12.287911 3.329839
12.31918 3.385795
12.350575 3.89862
12.382306 4.537628
12.414179 5.5276
12.44571 6.966869
12.477165 8.496382
12.508546 9.175246
12.540051 9.745942
12.612275 10.167306
12.643788 10.675258
12.675149 10.974268
12.706573 11.160062
12.737902 10.96165
12.769324 10.676041
12.800672 11.014212
12.832157 11.038665
12.863693 9.165152
12.936346 9.487919
12.96766 9.501582
12.999048 9.452936
13.030352 9.554492
13.061773 9.337979
13.093797 9.369568
13.125191 9.791803
13.156613 10.120923
13.188028 8.236358
13.311349 8.462356
13.342795 8.474104
13.37435 8.450173
13.405805 8.608206
13.437741 8.709239
13.469519 8.713417
13.501105 8.851087
13.532761 9.28037
13.564105 9.45546
13.595631 7.932126
13.667855 8.032811
13.699478 8.108869
13.730936 8.090856
13.762334 8.125926
13.793751 8.179706
13.82529 8.136717
13.856788 8.113481
13.88828 8.333127
13.919806 8.714113
13.951103 8.967523
13.982443 8.898253
14.064757 8.997807
14.096119 9.155927
14.127736 9.278281
14.15927 9.286113
14.190801 9.487919
14.222422 9.695121
14.253846 9.978815
14.285204 7.26118
14.439137 7.409989
14.470662 7.611795
14.502811 7.804899
14.534917 7.776094
14.566879 7.69029
14.598723 7.815951
14.630315 8.067446
14.66178 8.445647
14.693123 8.720552
14.724525 7.544178
14.786338 7.745462
14.817668 7.738935
14.849021 7.754251
14.880501 7.708303
14.911934 7.634334
14.943539 7.561322
15.005726 7.500145
15.037208 7.911241
15.068568 8.771983
15.141017 9.161845
15.172441 9.060028
15.203782 9.226851
15.23519 9.420912
15.26659 9.699646
15.297984 10.686571
15.329375 9.588344
15.411905 9.693641
15.443324 9.539437
15.474694 9.804595
15.506032 9.86116
15.537512 9.993522
15.568968 10.144854
15.600422 10.229963
15.63225 8.158646
15.776213 8.30528
15.80787 8.562519
15.839318 8.622913
15.870654 8.522837
15.902657 8.209033
15.934426 8.066663
15.965916 7.767653
15.997246 7.977291
16.02866 8.553991
16.060004 8.305802
16.091748 8.327732
16.123365 7.886439
16.15534 7.88583
16.186849 8.046474
16.218292 7.904801
16.24972 7.953011
16.281067 7.851891
16.31245 7.610229
16.343793 7.718485
16.375104 9.323794
16.437083 9.468687
16.468461 9.810513
16.500074 9.237294
16.531486 8.90652
16.563069 8.828113
16.594469 8.814624
16.626098 8.927319
16.657618 9.174115
16.689668 9.579293
16.721309 9.669014
16.752846 8.463487
16.815117 8.598808
16.846951 8.796001
16.878424 8.902256
16.909996 9.003376
16.941431 8.804442
16.972937 8.633008
17.004425 8.559299
17.035907 8.48385
17.067298 8.830897
17.098771 9.060899
17.161181 9.410556
17.192766 9.677629
17.213946 9.762302
17.245361 9.940873
17.276731 10.156863
17.308092 10.359104
17.339456 7.113938
17.513793 7.266228
17.545345 7.151271
17.57683 7.317658
17.608171 7.366391
17.639529 7.196696
17.670886 7.030744
17.702597 6.955208
17.734666 7.076866
17.76662 7.694815
17.79847 7.646865
17.830198 7.403985
17.872046 7.494488
17.903474 7.659049
17.924682 7.748943
17.956145 8.061094
17.987461 8.104518
18.019034 7.955796
18.050403 9.330147
18.143372 9.43588
18.175023 9.299167
18.206572 9.624284
18.238 9.183079
18.269384 9.309349
18.30076 9.26897
18.332396 9.374529
18.36406 9.830789
18.395597 10.279479
18.427056 10.095686
18.458412 9.070471
18.520469 9.384797
18.552106 9.34468
18.583914 9.345724
18.615368 9.292031
18.646761 8.997111
18.678153 8.918703
18.709621 8.753621
18.741285 8.906433
18.772741 9.538567
18.804861 9.901103
18.836492 8.410229
18.898847 8.555296
18.93045 8.700885
18.961801 8.66303
18.993235 8.566087
19.0144 8.607597
19.046203 8.543635
19.07766 8.645365
19.109133 8.889203
19.141067 9.430136
19.203678 9.76587
19.23528 9.969764
19.266833 9.960627
19.298563 10.090291
19.330525 10.430724
19.362532 10.494251
19.3946 10.60973
19.426762 10.866099
19.458894 10.878717
19.49086 8.744745
19.573911 8.877716
19.605658 8.984667
19.637201 9.094228
19.668719 9.171156
19.700131 9.226938
19.732108 9.258701
19.764076 9.701038
19.796056 10.099776
19.828097 7.96563
19.972145 7.952924
20.00385 7.942482
20.035675 8.177356
20.067142 8.408141
20.098611 8.395522
20.130232 8.657548
20.162001 9.055329
20.19423 9.283503
20.226242 9.393587
20.248212 7.7727
20.331203 7.907499
20.363388 7.777922
20.395391 7.626067
20.427134 7.536346
20.458769 7.534345
20.490618 7.607183
20.522014 7.970938
20.553551 8.304845
20.585303 8.543635
20.617094 8.82994
20.68965 8.826024
20.72124 8.903909
20.753216 8.733345
20.785174 8.5204
20.816988 8.504823
20.848817 8.578879
20.880142 8.501864
20.912124 8.500211
20.944112 8.725339
20.975823 9.376443
20.997057 9.613841
21.028541 7.976769
21.090802 8.065619
21.122261 8.027416
21.153654 8.060224
21.185264 8.122532
21.206605 8.125404
21.238599 7.953969
21.270158 7.807945
21.301945 7.573244
21.333636 7.550009
21.365306 7.865118
21.39675 9.275062
21.42836 9.382448
21.460175 9.072734
21.491702 8.8852
21.523089 8.736478
21.554544 8.867795
21.58606 9.195958
21.617458 9.305171
21.649276 9.318573
21.680942 9.06525
21.712541 8.765108
21.744572 8.71185
21.776319 8.916354
21.808006 9.266533
21.839558 9.388191
21.871097 9.366871
21.902753 9.165065
21.93435 7.130646
21.965885 9.892575
21.99804 10.058441
22.029887 10.445344
22.061457 10.593196
22.092906 10.723817
22.124354 7.336542
22.15574 7.561409
22.187084 8.193717
22.218875 9.959931
22.250574 10.178097
22.282065 10.432204
22.313435 10.424894
22.345036 8.614646
22.376417 9.181425
22.407932 11.601355
22.439281 12.905217
22.470654 8.968306
22.542902 8.863357
22.574343 9.164021
22.605762 9.363912
22.63731 9.166544
22.668728 9.976639
22.700228 9.957059
22.731636 9.728102
22.763025 9.91172
22.794396 9.192042
22.866485 9.098492
22.897818 9.554057
22.929266 9.993174
22.960638 10.382862
22.99195 10.049912
23.023242 9.740111
23.055032 9.624806
23.086826 9.563977
23.11852 9.501582
23.149833 0.646492
23.557711 0.665289
23.58922 1.012074
23.620626 1.597825
23.641789 1.999087
23.673136 2.592756
23.704451 3.065203
23.735746 3.438009
23.767132 3.783663
23.798745 4.037857
23.830162 6.195238
23.861562 5.411598
23.893239 5.169153
23.91448 5.224847
23.945854 4.592975
23.977271 4.315633
24.008639 3.159101
24.060477 2.767672
24.091873 3.592039
24.123615 3.408769
24.155412 3.289113
24.187157 3.26579
24.218683 3.673579
24.250446 4.16343
24.281917 5.223107
24.313404 5.739239
24.345083 5.052194
24.376725 4.223737
24.449311 4.737694
24.480879 5.424304
24.512371 6.090637
24.543902 6.874886
24.575544 7.38249
24.607004 7.562888
24.638702 8.120095
24.670222 9.306912
24.701759 10.057135
24.733158 8.72151
24.816092 8.83812
24.847672 9.030702
24.879019 9.214059
24.910537 9.278368
24.942001 9.269666
24.973473 9.217627
25.005038 9.393761
25.036494 10.492075
25.067956 11.173638
25.09922 8.941416
25.171739 8.169698
25.203572 6.941633
25.235286 5.651172
25.266921 4.46949
25.298679 4.690614
25.330257 5.293769
25.361812 6.334562
25.393218 7.076779
25.424574 9.113025
25.455946 11.492837
25.487334 12.240189
25.518738 9.56537
25.601561 9.746812
25.632927 10.186625
25.664336 10.4624
25.695602 10.659159
25.72707 10.619302
25.75857 10.465446
25.789993 10.495382
25.821457 10.126754
25.852905 10.335434
25.884321 9.156711
25.946699 9.401245
25.978102 9.418736
26.009464 9.537087
26.040685 9.681545
26.071952 9.702779
26.103249 9.738806
26.134595 8.132975
26.166071 8.025763
26.197495 9.594435
26.229388 8.598982
26.281768 8.068578
26.313293 6.868708
26.344644 5.530645
26.375942 4.723509
26.397074 5.886656
26.428479 6.702494
26.4604 7.455241
26.492013 8.496382
26.523445 9.030092
26.554945 10.90465
26.586357 8.008706
26.73035 7.991476
26.751632 8.276214
26.782894 8.335216
26.814373 8.309979
26.845884 8.277171
26.877307 8.357232
26.908843 8.321988
26.940603 8.254632
26.972379 8.610208
27.004179 8.935499
27.035665 7.475605
27.098005 7.566021
27.129477 7.528514
27.160883 7.397371
27.192385 7.293553
27.223953 7.189213
27.255416 6.954425
27.287261 7.202005
27.318883 7.644168
27.340208 7.906106
27.371657 9.109283
27.444029 9.125556
27.47563 9.674061
27.507138 10.347443
27.53892 10.823023
27.570525 11.183297
27.601963 11.355776
27.633524 11.454808
27.66528 11.576988
27.696909 9.503757
27.78998 9.592347
27.821698 9.707391
27.853332 9.535869
27.884818 9.505498
27.916508 9.605226
27.948127 9.573985
27.979592 9.397155
28.011105 9.18273
28.042589 9.205443
28.073889 9.203007
28.105206 9.223718
28.126332 9.018954
28.157634 9.23303
28.18894 9.393761
28.220356 9.617583
28.25165 9.851239
28.282985 9.965935
28.314596 9.849064
28.346388 8.356971
28.469804 8.408402
28.501285 8.694533
28.533023 8.50726
28.564461 8.498731
28.595899 8.409272
28.627254 8.265945
28.658614 7.999917
28.690097 7.655568
28.721469 7.703256
28.75293 7.837793
28.784309 8.150205
28.8156 8.197023
28.84735 8.281871
28.878832 8.455742
28.910424 8.615603
28.931717 8.684699
28.963587 8.840905
28.99527 8.844821
29.026883 9.02139
29.109301 9.125992
29.140628 9.08161
29.172204 8.898427
29.204108 8.974572
29.235876 9.15819
29.267384 9.409512
29.298716 9.683634
29.33036 10.044169
29.361752 10.313504
29.393115 8.738131
29.465774 8.946986
29.497362 8.926535
29.528831 8.757798
29.560316 8.597415
29.591857 8.887027
29.623275 8.896861
29.654767 8.791128
29.686312 9.081175
29.717794 9.489573
29.749474 9.722098
29.781003 8.971526
29.833255 8.666772
29.864917 7.967457
29.89644 6.827633
29.927885 5.299426
29.959238 4.015579
29.990576 2.605113
30.021926 2.369543
30.053291 3.005331
30.08469 4.50717
30.116227 6.079498
30.147575 7.087831
30.178954 8.39822
30.210804 10.224654
30.242096 11.356995
30.273362 9.505063
30.345901 9.872734
30.377406 10.26425
30.408895 10.483808
30.440268 10.564652
30.47218 10.874453
30.503921 10.788388
30.535528 10.385124
30.56705 10.343092
30.598791 10.382949
30.630346 9.21928
30.692709 9.456417
30.724457 9.482524
30.756289 9.497144
30.787994 9.637686
30.819706 9.634292
30.851646 9.640035
30.883126 9.648302
30.915184 6.517136
31.130254 6.547594
31.161788 6.635226
31.193287 6.579792
31.224745 6.732256
31.256111 6.777595
31.287513 6.942416
31.318891 7.389887
31.350864 7.73763
31.382294 7.991302
31.413666 6.313589
31.527065 6.389995
31.558944 6.322988
31.59067 6.141284
31.622604 6.11831
31.643887 6.067924
31.675302 6.028938
31.706998 6.372765
31.738738 6.778291
31.770255 7.179988
31.80196 8.301973
31.894958 8.571743
31.926797 8.871972
31.958441 9.369046
31.990239 9.969677
32.021836 10.345355
32.05348 10.30515
32.085068 10.192891
32.116559 10.505477
32.148035 10.663684
32.179403 9.339023
32.24142 9.563281
32.272843 9.678151
32.304214 10.008925
32.335461 10.19028
32.367176 10.268775
32.398715 10.278173
32.430385 10.575356
32.461933 10.744528
32.503454 9.306303
32.575845 9.480609
32.607671 9.564238
32.639332 9.42944
32.670742 9.503235
32.69189 9.354078
32.723537 9.563542
32.754935 9.697818
32.786367 10.083242
32.817815 11.387801
32.8492 9.149053
32.92148 9.37888
32.952872 9.520205
32.984238 9.581991
33.015723 9.49375
33.047117 9.607576
33.07857 9.594522
33.109826 9.600353
33.141232 9.801985
33.172655 10.231703
33.20417 8.756928
33.28687 8.989888
33.318405 9.242776
33.350095 9.487658
33.381938 9.610534
33.413457 9.740111
33.444793 9.91903
33.476088 10.21221
33.507484 10.644104
33.538951 7.989126
33.692944 8.18484
33.724348 8.249237
33.7558 8.339393
33.787281 8.430593
33.818727 8.427286
33.850388 8.527623
33.882104 8.566522
33.913969 8.872494
33.945483 9.126427
33.977112 7.65931
34.039559 7.713264
34.070964 7.694119
34.102792 7.765303
34.134304 7.687157
34.165749 7.665575
34.187218 7.628329
34.218632 7.594304
34.250021 8.000961
34.281455 8.307716
34.312768 9.05237
34.395651 9.219889
34.427511 9.386016
34.458953 9.863249
34.490405 10.425677
34.521729 10.515484
34.553076 10.863053
34.584465 10.843038
34.615813 10.981491
34.647179 11.024916
34.678563 9.37331
34.7411 9.647867
34.772829 9.870036
34.804188 10.122141
34.835525 10.115615
34.867073 10.263466
34.898786 10.431072
34.930545 10.732084
34.962079 8.167523
35.126291 8.06353
35.157767 8.223043
35.189151 8.267251
35.220602 8.448954
35.251965 7.844581
35.28338 7.711001
37.633329 8.222956
37.66485 9.794762
37.696245 7.474212
37.73774 7.530255
37.769097 6.401569
37.800593 5.311174
37.831923 4.22922
37.863368 3.397978
37.895282 2.354575
37.927116 2.440901
37.958946 2.426021
37.990642 2.795693
38.022148 3.237856
38.053561 4.343045
38.085034 5.685111
38.116394 7.01186
38.147864 8.700537
38.179477 10.309675
38.211221 12.299625
38.242807 13.538134
38.274365 8.680609
38.397804 8.716375
38.429391 8.858658
38.460747 8.93489
38.492025 8.839251
38.523294 8.598808
38.554714 8.535194
38.586099 8.257678
38.617444 8.326513
38.648783 8.512481
38.680067 8.706281
38.71133 8.369764
38.74264 8.423979
38.774026 8.447823
38.805414 6.589974
38.836702 5.810946
38.868106 4.91261
38.899966 4.446864
38.931554 3.409378
38.963708 2.636268
38.995597 3.359775
39.02739 2.747222
39.059153 3.638422
39.090786 4.984403
39.122287 6.591279
39.154083 7.749117
39.185996 8.495076
39.217965 9.670319
39.249654 10.407315
39.28137 10.644539
39.312678 9.324578
39.384852 9.565196
39.40608 9.904149
39.437647 10.139285
39.469073 10.886462
39.500474 11.224459
39.531899 11.398417
39.56323 11.487964
39.594548 11.587605
39.625918 9.296469
39.69831 9.548661
39.729711 9.692684
39.761093 9.762041
39.792629 9.779707
39.824041 9.945833
39.85539 10.11518
39.886804 10.274518
39.918326 10.70737
39.949961 6.853044
40.144511 6.835639
40.175951 7.052848
40.20734 7.117419
40.23875 7.441927
40.270112 7.502233
40.30152 7.65609
40.332863 7.690638
40.364269 8.063269
40.395733 8.310849
40.427109 7.91916
40.458699 6.985666
40.500355 7.098535
40.531714 7.182164
40.552857 7.210968
40.58427 7.298252
40.61563 7.323315
40.646958 7.236553
40.678255 7.346202
40.709595 7.705693
40.740963 9.291248
40.833686 9.687463
40.865244 9.973593
40.89696 9.964978
40.928544 10.189497
40.960401 10.440819
40.991767 10.88333
41.023284 11.299908
41.054627 11.501365
41.086544 9.30813
41.179418 9.530038
41.210946 9.662313
41.232169 9.784058
41.263497 9.798243
41.294877 9.830963
41.326377 9.884482
41.357886 10.213167
41.389285 10.717116
41.42079 8.057961
41.574843 8.179706
41.606407 8.322684
41.638348 8.627873
41.669964 8.626307
41.701396 8.826546
41.732748 8.875366
41.764134 8.934541
41.795526 9.44902
41.826875 7.542177
41.980839 7.588995
42.012271 7.520508
42.043534 7.378139
42.074864 7.326099
42.106307 7.2758
42.138168 7.280325
42.169599 7.893488
42.201022 8.542852
42.232469 7.902886
42.396338 7.955361
42.427787 8.150814
42.459653 8.083111
42.491022 8.054915
42.522443 8.161344
42.554039 8.128188
42.585436 8.077541
42.616857 8.362454
42.648188 8.795566
42.679547 7.525556
42.751492 7.665923
42.782881 7.685503
42.814491 7.669926
42.845951 7.87678
42.877309 8.052392
42.908711 7.996523
42.929942 8.158385
42.961437 8.6344
42.992808 8.8852
43.024092 9.534825
43.106606 9.633944
43.138314 9.8743
43.169705 10.375378
43.201585 10.605727
43.233304 10.625829
43.264839 10.854786
43.296207 11.206619
43.327561 11.51964
43.358917 9.197263
43.451966 9.494794
43.48379 9.612884
43.515354 9.735151
43.54686 9.731409
43.578275 9.762998
43.609646 9.730104
43.641008 9.619411
43.672423 9.485744
43.703717 9.457635
43.735042 9.56946
43.76636 9.279413
43.818594 9.536913
43.850141 9.701386
43.881492 9.942004
43.912897 9.996219
43.944206 10.304454
43.975507 10.604422
44.007144 10.696753
44.038975 9.154448
44.121429 9.339807
44.153029 9.412035
44.184908 9.25757
44.216855 9.473996
44.248785 9.527254
44.280659 9.645692
44.312613 9.589649
44.344187 9.631246
44.375743 10.076106
44.407308 8.467838
44.500272 8.728559
44.531658 8.821499
44.563001 8.890595
44.594517 9.064553
44.62599 9.134346
44.657383 9.133127
44.688767 9.226416
44.720259 9.7308
44.751564 10.079674
44.782921 6.954599
44.957155 6.874886
44.988469 6.946158
45.020148 6.979836
45.051513 7.084785
45.082905 6.956775
45.114307 6.822673
45.145628 6.867315
45.176954 7.247257
45.208308 7.591693
45.239698 5.835051
45.363229 6.058177
45.394756 5.328491
45.426224 3.645645
45.457629 2.887415
45.48929 2.36815
45.520871 2.691266
45.552217 3.042664
45.583539 3.435311
45.614824 4.690876
45.677012 4.605506
45.70843 4.575918
45.73972 4.602025
45.771189 4.746135
45.802649 4.151682
45.834093 4.457567
45.865524 5.026
45.897475 5.710957
45.929429 7.145092
45.961032 8.797742
45.992655 10.330996
46.024294 11.466208
46.055871 8.386124
46.178931 8.517441
46.210354 8.794522
46.241739 8.887375
46.27306 8.924795
46.304353 8.937065
46.335683 8.893902
46.367084 8.9261
46.398954 9.004334
46.430634 9.193608
46.461997 7.571591
46.575352 7.679934
46.606823 7.701951
46.638615 7.615624
46.670179 7.428699
46.701855 7.256394
46.733563 7.204877
46.765034 7.558102
46.796458 7.840578
46.827952 8.77529
46.910799 8.760409
46.942435 9.101712
46.973945 9.298036
47.005419 9.547356
47.026665 9.860812
47.0585 10.221521
47.090034 10.589889
47.121363 10.984624
47.152619 11.345334
47.183918 8.291617
47.307335 8.405182
47.33886 8.451739
47.370262 8.594805
47.401502 8.580011
47.433321 8.670862
47.465158 8.595414
47.49725 9.006074
47.529225 9.524469
47.561221 7.806726
47.725569 7.936042
47.7575 7.755122
47.789033 7.295641
47.820735 6.912654
47.852439 6.753751
47.884387 6.635748
47.916343 6.434116
47.947973 6.31446
47.979508 6.193498
48.011002 6.559255
48.042564 6.867837
48.0745 5.894923
48.146983 6.070361
48.178397 6.276692
48.209804 6.362061
48.241163 6.342394
48.272607 6.412969
48.304387 6.486417
48.335788 6.464052
48.367281 6.298534
48.399095 8.457396
48.440719 7.66192
48.47207 6.658113
48.503982 0.706799
48.709047 1.239465
48.740907 2.219951
48.772667 3.445405
48.80443 4.522835
48.835953 5.493052
48.867464 6.23318
48.899379 6.871753
48.930901 7.29129
48.962463 8.874061
48.993935 12.464011
49.02539 12.272648
49.056855 9.648302
49.078273 9.962455
49.109862 10.331518
49.141329 10.399483
49.173137 10.443429
49.204937 10.486245
49.236514 10.486941
49.267959 10.791695
49.299584 10.621391
49.331577 9.674148
49.384061 9.960018
49.416142 10.197503
49.448167 10.157908
49.480268 10.096035
49.51235 9.999352
49.544339 9.923468
49.57642 9.769786
49.608334 9.786407
49.640343 8.991193
49.723335 9.248868
49.755518 9.318921
49.787649 9.476693
49.819781 9.730104
49.851774 9.897361
49.884037 10.029462
49.91615 10.531932
49.948196 9.114243
50.071889 9.236685
50.10403 9.322663
50.135838 9.571983
50.167978 9.613667
50.200029 9.447976
50.232133 9.403246
50.264504 9.464423
50.296498 9.79772
50.32884 9.918421
50.361043 7.613884
50.494502 7.654088
50.525925 7.779401
50.557552 7.870688
50.588995 6.39922
50.620392 4.105125
50.733751 4.588624
50.765373 5.599567
50.796877 4.945765
50.828322 4.392735
50.859799 3.84806
50.983371 3.965628
51.01488 4.589233
51.046381 5.303516
51.077933 5.976463
51.109887 5.29551
51.162106 5.78597
51.193616 7.096185
51.225002 7.627111
51.256504 8.028634
51.287882 6.704235
51.390863 6.759146
51.422433 6.937978
51.453987 6.951901
51.485448 7.628504
51.516927 7.850847
51.548628 5.669621
51.610962 5.683631
51.642563 5.799024
51.674083 6.516962
51.705494 5.988733
51.736953 4.899556
51.768564 3.929948
51.799949 3.909324
51.831288 3.417558
51.934364 4.099643
51.965976 4.9167
51.997473 6.073929
52.018664 7.04284
52.050022 5.551531
52.173519 5.889614
52.20523 7.034312
52.237046 7.786015
52.268785 7.917158
52.300264 5.922074
52.423829 5.200394
52.455406 5.092747
52.486837 4.528143
52.51851 3.528599
52.549867 3.148919
52.612522 3.445667
52.644364 3.709868
52.676083 4.290049
52.707532 5.053761
52.738946 5.674059
52.770284 5.206834
52.832526 6.702494
52.863986 7.404681
52.8955 7.809163
52.92702 8.303887
52.95841 8.296926
52.989721 8.366196
53.021103 8.635096
53.052458 9.077607
53.084003 9.308478
53.115422 9.118856
53.187996 9.421782
53.219544 9.84976
53.251131 6.991671
53.374705 7.251434
53.406142 7.545919
53.437441 7.84519
53.468848 8.266468
53.500254 6.548638
53.603412 6.947376
53.634793 6.578835
53.666238 5.577725
53.69762 5.381314
53.728986 5.266183
53.842124 5.226849
53.873475 5.637248
53.90507 6.218822
53.936944 6.63949
53.968629 7.053979
54.000194 8.31259
54.031631 8.339654
54.063209 8.351663
54.094515 6.423673
54.197695 6.716505
54.229568 5.009379
54.26132 6.16391
54.293073 6.678302
54.324476 4.664769
54.417318 5.239902
54.44898 5.819735
54.480672 6.340479
54.512333 6.816146
54.543964 6.777421
54.575695 7.785493
54.607424 8.534498
54.63895 9.296817
54.670726 9.812514
54.702286 6.021628
54.774823 5.598523
54.806262 4.734909
54.837665 4.787558
54.869059 4.578094
54.900407 3.135691
54.931922 1.860024
54.963298 1.217796
54.994675 1.250865
55.025974 1.329621
55.057337 1.832612
55.078524 1.689199
55.110054 1.55092
55.141468 1.351028
55.173356 1.287415
55.204744 1.606962
55.236321 2.696052
55.26769 4.17718
55.299558 5.668402
55.320943 7.050846
55.352562 8.8577
55.383894 10.353187
55.415317 9.685113
55.446684 9.629244
55.508754 9.192129
55.540132 9.778401
55.571709 10.259028
55.603379 10.172179
55.635315 10.658724
55.666939 10.555689
55.698389 10.755232
55.729819 10.765588
55.761292 8.439991
55.915248 8.431724
55.936724 8.253588
55.968174 7.711088
55.999763 7.521466
56.031241 7.249171
56.062729 7.161191
56.094232 7.032572
56.125658 6.921966
56.157095 6.633746
56.188667 6.867054
56.220561 7.018213
56.252624 7.374397
56.28448 6.966782
56.316294 7.101668
56.348361 7.315222
56.380375 7.584296
56.411901 7.87121
56.443404 7.822825
56.475019 7.86799
56.506501 9.569634
56.568893 9.764913
56.600432 10.009447
56.632369 10.361976
56.664102 10.777858
56.695688 11.319314
56.727231 11.219412
56.758653 11.525036
56.790218 11.890444
56.821769 8.779989
56.935062 8.875888
56.966864 8.699058
56.998414 8.686875
57.029733 9.248346
57.061101 9.406814
57.09309 9.383927
57.124622 9.924687
57.156323 10.378684
57.187869 7.945876
57.34194 8.04543
57.373219 8.126013
57.405136 8.229396
57.436585 8.178749
57.468004 8.226176
57.49938 8.197981
57.530695 8.615081
57.562117 9.152795
57.593417 7.835792
57.6966 7.930995
57.72838 7.935346
57.759926 7.939697
57.791724 8.019758
57.823051 8.058657
57.854773 8.203028
57.886255 8.923577
57.917947 9.273669
57.94941 8.863531
58.06243 9.119378
58.093916 9.118682
58.125509 9.314744
58.156888 9.387408
58.188309 9.337892
58.219982 9.462596
58.251287 9.648911
58.28262 10.164434
58.313914 7.921074
58.478143 8.114613
58.5097 8.362193
58.541308 8.309892
58.572849 8.408924
58.604329 8.307803
58.635796 8.226698
58.667279 8.688006
58.698693 9.072211
58.730134 7.83614
58.823148 7.950488
58.854653 8.088158
58.886134 8.384644
58.917715 8.48533
58.949066 8.627177
58.980422 8.787821
59.011764 8.850651
59.043099 9.239817
59.074582 9.644995
59.105909 8.707238
59.188818 8.930103
59.220686 9.115549
59.252767 9.262008
59.284707 9.549705
59.316364 9.716267
59.347908 9.884482
59.369175 10.287746
59.40065 10.728777
59.432042 7.845103
59.596306 7.920552
59.628319 8.099123
59.660046 8.056743
59.692271 8.149161
59.72405 8.158298
59.756029 8.199982
59.78766 8.210425
59.81944 8.313808
59.851113 8.516136
59.882799 7.372657
59.95552 7.478389
59.977317 7.379444
60.009187 7.372744
60.041156 7.355252
60.072775 7.374136
60.104779 7.480043
60.136629 7.363258
60.168391 7.520508
60.200061 9.174898
60.303248 9.414298
60.334681 9.234596
60.366104 9.260094
60.397464 8.870058
60.428968 9.058114
60.460261 9.369133
60.49211 9.497231
60.523771 9.647258
60.555291 9.365652
60.586974 8.50404
60.648955 8.708282
60.680375 9.019563
60.711828 9.068818
60.743219 8.993804
60.774541 8.997633
60.805863 8.972135
60.83713 8.961519
60.8685 9.001375
60.900364 8.984144
60.98313 9.183688
61.015146 9.40577
61.046616 9.6966
61.078003 9.773528
61.10938 9.924948
61.140661 10.001789
61.172059 10.03538
61.203442 10.51357
61.224775 10.780904
61.256402 9.238251
61.349179 9.309087
61.380836 8.835858
61.412377 8.64754
61.443726 8.827503
61.475098 8.351924
61.506726 7.96241
61.538045 7.373701
61.569463 7.261093
61.600822 7.191475
61.632123 7.193216
61.663615 7.284677
61.694968 7.741807
61.726615 8.08633
61.758042 7.149704
61.789399 7.527905
61.820726 7.735193
61.852164 7.611534
61.883544 7.405638
61.915124 7.284502
61.946559 5.926686
61.977916 5.872471
62.009363 6.14668
62.040902 11.096274
62.07232 11.550359
62.103621 9.393064
62.155436 9.745942
62.187017 10.381556
62.218448 11.825873
62.249901 12.425112
62.28157 12.572964
62.31305 9.570765
62.354561 9.860725
62.385921 10.457788
62.417304 12.506304
62.448676 12.686703
62.480108 9.523512
62.511472 9.879522
62.542869 10.086201
62.574234 10.479457
62.605597 11.86573
62.636898 9.52473
62.699057 9.724882
62.730786 10.358843
62.76211 11.627548
62.793508 12.745269
62.824924 12.686964
62.846139 9.54988
62.887756 9.786407
62.919133 10.63897
62.950475 11.363347
62.981818 9.699037
63.033739 9.747073
63.065253 10.220564
63.096738 10.268514
63.128189 10.672386
63.159462 12.227919
63.190815 9.29995
63.232937 9.873604
63.264617 10.854612
63.296438 11.636686
63.327878 9.467643
63.37991 9.696426
63.411358 9.532127
63.432538 9.713743
63.464199 10.356668
63.495753 12.340613
63.527253 13.08518
63.558655 9.661095
63.59021 9.656482
63.621614 9.851849
63.653005 10.102387
63.684304 10.186973
63.715756 9.588779
63.747314 9.63638
63.778972 9.793369
63.810571 10.35484
63.842237 11.273105
63.873769 12.366546
63.905235 9.069601
63.998296 8.000265
64.029694 6.981837
64.061085 4.727251
64.092508 3.484479
64.123849 2.564735
64.155363 2.28574
64.186756 3.924031
64.218192 5.036617
64.249596 7.068251
64.281499 9.543179
64.313233 10.453002
64.344614 11.779838
64.376081 9.480783
64.478912 9.734455
64.510244 9.851849
64.541641 10.106564
64.572935 10.102648
64.604486 10.517399
64.635916 10.684134
64.667379 10.62026
64.698838 10.639318
64.730225 10.888377
64.761941 8.949248
64.824106 9.127819
64.855591 9.358603
64.886937 9.472951
64.918301 9.468513
64.949627 9.494446
64.980921 9.601049
65.012245 9.572505
65.043707 9.850021
65.075562 10.186364
65.107141 9.256352
65.190011 9.467643
65.22152 9.749249
65.253054 9.904497
65.284521 10.038077
65.316004 10.15199
65.348027 10.312721
65.379569 10.819977
65.410997 11.159105
65.442353 10.557168
65.473773 9.693554
65.515412 9.758647
65.547044 10.042515
65.578647 10.162172
65.610016 10.229005
65.64131 10.104911
65.672602 10.275563
65.703882 10.44517
65.735157 9.990041
65.766505 10.646715
65.798078 12.791304
65.829441 8.854306
65.881114 7.778009
65.912893 6.063747
65.944471 4.824978
65.975854 4.916177
66.007454 5.662485
66.03908 6.525925
66.070926 7.731277
66.102763 8.699058
66.13476 11.169025
66.166593 7.124381
66.361277 7.242819
66.392837 7.669926
66.424785 7.912981
66.456696 8.146289
66.488771 8.164564
66.520773 8.3836
66.552638 8.644059
66.584832 9.011296
66.616787 7.130037
66.770959 7.2074
66.803093 7.05424
66.835103 7.008205
66.86719 6.981924
66.899195 6.891856
66.931002 7.074255
66.962491 7.7043
66.994018 8.136804
67.025599 7.573244
67.179605 7.727187
67.211287 7.81917
67.242787 7.897143
67.274292 7.928471
67.305783 7.840143
67.33727 7.855198
67.369031 8.281522
67.400838 8.757624
67.432457 8.973528
67.463812 7.747116
67.535912 7.809511
67.567206 7.991737
67.598629 8.073886
67.630332 8.048824
67.662298 8.030549
67.694248 8.195631
67.725862 8.784775
67.757332 9.136956
67.788884 9.083873
67.892024 9.236859
67.923896 9.159495
67.955301 9.347116
67.986778 9.573724
68.018187 9.65509
68.049596 9.65335
68.070946 9.859594
68.102591 10.196024
68.134093 10.385124
68.165672 8.778684
68.248412 8.872233
68.279918 8.916354
68.311357 8.90243
68.342687 8.913221
68.374142 8.936891
68.405497 8.958212
68.436857 9.484874
68.468205 9.821391
68.499524 8.728036
68.612367 8.780511
68.64375 8.368806
68.675219 8.171004
68.706567 7.893836
68.738072 7.935433
68.769391 8.021411
68.80077 8.292574
68.832376 8.766413
68.863801 9.263139
68.895294 9.173593
68.926609 7.767914
69.008958 7.938914
69.040325 7.902625
69.071977 7.752859
69.103473 7.604833
69.134831 7.585427
69.166162 7.838664
69.197581 8.29649
69.228807 8.570177
69.260122 8.622391
69.291455 9.426133
69.333003 9.544049
69.364392 9.907108
69.396552 9.913635
69.428767 9.847671
69.460288 9.751163
69.491645 9.677368
69.522975 10.144593
69.554509 10.164521
69.586174 10.429593
69.618056 8.917485
69.690804 9.107108
69.722325 9.249564
69.753645 8.91618
69.785152 7.136216
69.816568 6.125881
69.848413 5.17333
69.880083 4.507257
69.911612 4.522225
69.943119 6.337869
69.974494 5.560407
70.005992 3.832135
70.037357 4.441033
70.069289 5.444145
70.101222 6.672993
70.133226 8.007314
70.165044 9.308913
70.196906 10.374246
70.218293 11.287202
70.249781 6.8359
70.454581 6.936063
70.48634 7.052674
70.518152 7.103234
70.549597 7.059549
70.581115 7.049019
70.612797 6.91892
70.644472 6.945288
70.675924 6.657677
70.707499 7.149008
70.73902 7.322705
70.770444 7.392063
70.801857 6.120573
70.833139 5.403418
70.864616 4.856132
70.896153 3.993823
70.927604 3.605266
70.959114 2.780812
70.990548 1.822344
71.02196 1.239378
71.04314 1.463288
71.074522 3.170849
71.106002 3.575243
71.137434 4.668337
71.168863 6.091594
71.200219 7.655133
71.231535 8.92114
71.263067 10.692141
71.294577 12.198592
71.315798 12.669211
71.34711 8.514569
71.480754 8.688615
71.512496 8.980054
71.543987 9.206749
71.575576 9.386538
71.607304 9.51829
71.639186 9.533258
71.670788 9.686505
71.702347 9.908065
71.733867 12.534326
71.765259 8.020454
71.817002 8.169698
71.848355 8.026894
71.880016 7.91037
71.911756 7.880783
71.943274 7.739197
71.974669 7.735019
72.006026 11.07243
72.037438 12.005749
72.068846 14.83077
72.100353 9.119987
72.183109 9.329277
72.214569 9.546138
72.246049 9.754818
72.277397 10.017279
72.308881 10.199331
72.340323 11.126384
72.371686 11.967546
72.403094 12.042299
72.43458 7.41347
72.598611 7.525991
72.630158 7.798633
72.661553 7.999134
72.692931 8.121314
72.724357 7.986776
72.755668 7.931517
72.787025 8.142025
72.818425 8.618127
72.849822 7.124555
72.942779 6.549856
72.963974 5.753859
72.995259 4.597935
73.026561 3.812119
73.05789 2.821365
73.089294 2.771501
73.120776 3.401459
73.152264 4.078235
73.183723 4.737433
73.215411 8.079282
73.247363 9.865337
73.278944 10.7474
73.310305 11.205749
73.341776 9.274104
73.403773 9.352077
73.435201 8.435466
73.466931 7.406944
73.498564 6.063051
73.53023 5.181597
73.561643 3.801416
73.593079 2.909693
73.624365 2.680997
73.655733 2.986621
73.687094 3.014121
73.718695 3.675407
73.750122 4.632831
73.781569 5.889092
73.81297 7.002549
73.844441 8.145245
73.876037 9.919465
73.908043 11.656005
73.939602 12.708023
73.97114 7.131429
74.145497 7.226371
74.177003 7.802375
74.208595 8.033943
74.240115 8.338958
74.271553 8.33217
74.303461 8.253588
74.335754 8.36167
74.367278 6.044428
74.551872 6.164084
74.583585 4.33356
74.615198 2.648451
74.646791 2.661156
74.678525 2.967563
74.71029 4.008356
74.854155 3.643121
74.885782 4.550508
74.91767 5.679019
74.949108 6.244232
74.980449 7.221324
75.01179 8.317898
75.043186 8.988931
75.074562 9.501669
75.105899 8.660594
75.239795 9.213362
75.271263 9.937131
75.302857 10.240405
75.334593 10.286614
75.366586 10.558822
75.398451 10.770113
75.430473 10.69536
75.462204 7.97468
75.575593 8.221912
75.607604 8.24915
75.639534 8.318072
75.67172 8.236184
75.703618 8.236706
75.735588 8.430331
75.767478 8.845865
75.799589 9.387234
75.821357 7.768958
78.635511 8.433812
78.667371 8.457657
78.698959 8.460789
78.730555 8.505345
78.762015 8.472712
78.793356 8.814972
78.814514 7.31818
78.897196 7.40529
78.928796 7.729798
78.960391 7.861289
78.991943 7.954404
79.023373 7.881305
79.055081 7.989909
79.08699 8.068317
79.118946 8.404486
79.150688 8.791128
79.182571 8.947769
79.214542 9.108065
79.256337 9.375225
79.287892 9.917116
79.319864 10.464228
79.351946 10.704933
79.383919 10.531758
79.415998 10.619651
79.4481 10.631312
79.480151 10.6562
79.512256 10.588845
79.544296 9.003812
79.6068 9.265837
79.638666 9.50193
79.670201 9.598264
79.702144 9.645866
79.734112 9.551011
79.766262 9.583905
79.798301 9.540655
79.830326 9.580947
79.862378 9.810252
79.894393 9.168111
79.957295 9.453458
79.989372 9.899972
80.021042 10.12014
80.052628 10.315593
80.08436 10.585973
80.116034 10.597634
80.147993 10.509306
80.179962 10.493816
80.211979 9.207619
80.284784 9.581034
80.316802 10.106216
80.348866 10.315245
80.3809 10.502692
80.412914 10.721293
80.444342 10.843908
80.475888 10.986539
80.507244 7.356296
80.691642 7.4354
80.723227 7.588125
80.754924 7.633638
80.786925 7.512241
80.818669 7.473951
80.850874 7.442623
80.882593 7.386493
80.914474 7.353773
80.946416 7.309304
80.978312 7.770699
81.009784 6.646451
81.0622 6.855828
81.093626 6.983578
81.124999 7.064944
81.156518 7.161017
81.188427 7.218887
81.220539 6.978356
81.252612 6.076278
81.284584 6.031113
81.316398 8.822282
81.348402 8.714548
81.380242 7.638859
81.412053 6.386253
81.444169 5.008248
81.476174 4.377942
81.508314 5.54309
81.540516 7.133779
81.572639 7.916114
81.604768 8.600461
81.636766 9.256961
81.668881 9.614537
81.701017 9.108326
81.773707 8.92758
81.805786 9.047932
81.837643 9.232159
81.869668 9.619933
81.901714 9.717398
81.93363 9.970374
81.965144 10.134934
81.997066 10.255025
82.028657 10.500864
82.060438 8.442863
82.143213 8.655024
82.174765 8.786081
82.206584 8.90156
82.238347 8.971613
82.270251 9.004769
82.302217 9.001462
82.333632 9.101016
82.365532 9.320574
82.397023 9.786843
82.42872 10.033813
82.460152 3.731623
82.614023 3.229415
82.645659 2.196455
82.677238 1.511585
82.708635 1.363037
82.740145 2.208377
82.771517 3.550181
82.803141 3.92142
82.834588 5.304821
82.866153 6.368936
82.897618 7.450803
82.929166 8.384122
82.960584 9.023392
82.991999 9.907369
83.0236 11.503367
83.055019 6.905779
83.249668 7.122466
83.281083 7.647649
83.312496 7.936477
83.343974 8.195805
83.375479 8.255677
83.407082 8.317376
83.438574 8.112437
83.469989 7.824566
83.50156 8.021672
83.533347 6.51731
83.606075 6.720247
83.637734 6.758276
83.669141 6.803528
83.700848 6.890811
83.732419 6.912654
83.764357 6.867228
83.796036 6.91979
83.827935 6.860092
83.859555 6.810141
83.881202 6.776376
83.913241 7.097404
83.945184 8.198677
83.986742 8.509348
84.018168 9.037576
84.049839 9.536652
84.081261 9.75856
84.112531 9.880827
84.143877 10.07863
84.175177 6.583708
84.217274 6.790474
84.248714 7.141089
84.280153 7.892357
84.311711 9.669014
84.343175 9.214668
84.37496 8.639969
84.406602 8.724817
84.438022 8.531017
84.469491 8.139936
84.501181 7.431658
84.532841 7.196609
84.564277 7.31644
84.595757 7.176942
84.62744 7.757123
84.658965 7.677497
84.690473 7.477693
84.721885 7.577682
84.753425 7.734758
84.784911 7.976334
84.816372 8.520574
84.847977 0.96047
85.093631 1.068291
85.125026 2.289134
85.156502 3.595694
85.187987 4.601329
85.21962 5.339978
85.251245 5.60096
85.282565 6.041817
85.313973 6.372765
85.345347 6.582403
85.376775 6.770285
85.408227 8.993978
85.460032 9.061769
85.491477 9.366261
85.522923 10.001789
85.554404 10.620086
85.585973 10.261726
85.617712 10.283395
85.649324 10.387822
85.68077 9.068992
85.763543 9.064118
85.795272 8.870841
85.826874 8.771113
85.858964 8.717594
85.89095 8.371504
85.922681 8.179619
85.954229 8.56426
85.985801 8.61743
86.017781 8.608728
86.049487 8.797481
86.081491 0.092853
86.428921 0.713673
86.460896 1.663701
86.49297 2.407224
86.524925 3.064681
86.557102 3.63964
86.589056 3.999305
86.621168 4.413795
86.653233 4.829764
86.685156 6.924489
86.706506 8.211469
86.748575 8.620302
86.780419 8.051956
86.822396 8.455655
86.854089 8.836815
86.885524 9.141569
86.916961 9.228678
86.948547 9.286026
86.980515 9.436924
87.01225 10.103257
87.043947 10.291053
87.075835 9.085004
87.128059 9.419432
87.159829 9.79598
87.191248 10.016496
87.222577 9.945485
87.254002 10.045561
87.285564 10.106477
87.317012 10.013102
87.348397 8.734128
87.379906 7.741546
87.411326 8.126361
87.442682 9.388539
87.474087 10.037555
87.505375 7.750161
87.536774 7.876518
87.568148 8.007923
87.59946 8.138196
87.631185 8.277258
87.663052 8.214428
87.69453 8.258723
87.725962 7.983295
87.757555 7.566978
87.78938 7.517811
87.821054 7.278846
87.85267 7.272754
87.884299 7.318615
87.905728 7.327231
87.937287 7.348377
87.968713 7.278063
88.000003 7.338892
88.031304 7.255959
88.062645 7.26527
88.094298 7.495446
88.125777 5.973243
88.157168 5.947049
88.188712 6.002309
88.220347 6.733561
88.251907 7.646343
88.283838 7.574985
88.315364 7.683937
88.346839 7.677758
88.378444 7.588995
88.409831 6.522705
88.441173 6.077758
88.472496 7.395631
88.50384 7.308434
88.535403 7.21384
88.566926 7.086439
88.598332 7.228634
88.630316 7.110457
88.662295 7.153446
88.693907 6.974962
88.72563 6.608335
88.757185 6.040686
88.788792 6.131364
88.820509 6.401308
88.852163 6.852782
88.883528 6.728601
88.915109 6.677083
88.946607 6.703974
88.978099 6.743482
89.009597 6.824761
89.041045 5.347375
89.07254 5.42587
89.104469 5.458416
89.136007 7.018039
89.167458 7.402592
89.199121 7.368915
89.230757 7.4696
89.262542 7.601352
89.294466 5.563366
89.326067 5.374701
89.357836 6.359189
89.389624 8.221303
89.421039 8.370199
89.4527 8.258984
89.484153 7.91594
89.515496 7.843624
89.547086 7.00455
89.578971 5.888918
89.610548 5.933996
89.631676 6.774375
89.663507 7.666532
89.695322 7.482131
89.727107 7.432528
89.758943 7.188864
89.790548 7.124816
89.822106 7.050585
89.853667 6.982882
89.885246 6.4302
89.917117 6.09464
89.948858 6.773157
89.980545 6.795696
90.012181 6.892204
90.043609 6.902472
90.075084 7.055894
90.096441 7.047888
90.128358 7.097926
90.159958 6.533235
90.191648 5.519767
90.223187 5.575114
90.254696 5.634289
90.286262 7.106889
90.317997 7.367
90.349398 7.434791
90.380904 7.564803
90.412641 6.259461
90.443972 5.636204
90.47529 5.716613
90.50687 5.799111
90.538726 5.864552
90.570536 7.655394
90.602534 7.515287
90.634211 7.605791
90.66614 7.71979
90.697581 5.88944
90.729465 5.972112
90.761397 7.190605
90.793391 7.35238
90.825186 7.243515
90.857131 7.094097
90.889139 7.159016
90.921395 7.237684
90.953455 7.190953
90.985302 7.122553
91.017338 5.933387
91.048987 7.247692
91.081009 7.280935
91.112839 7.401635
91.144865 7.245255
91.166637 7.04284
91.198445 7.10802
91.230159 7.277715
91.261797 7.354034
91.293487 6.079846
91.325331 5.945918
91.357224 6.028416
91.388996 6.05722
91.420884 7.351423
91.452623 7.362388
91.48454 7.43044
91.516152 7.475517
91.547704 6.042687
91.57912 5.45772
91.610587 5.50419
91.642582 6.379727
91.674318 7.538696
91.706028 7.412948
91.737617 7.0981
91.769256 7.125338
91.800929 7.00455
91.832612 6.582403
91.864077 5.873689
91.895892 5.927208
91.927389 6.436117
91.959233 7.6929
91.990687 7.513459
92.022355 7.670797
92.053959 7.614319
92.085631 7.544178
92.117101 0.260024
92.372722 0.794082
92.404056 1.381747
92.435483 1.928685
92.46684 2.561254
92.498249 2.985751
92.529753 3.334712
92.561414 3.683674
92.59316 3.977115
92.625018 6.627132
92.65655 8.143678
92.688219 8.538936
92.720304 9.291683
92.752019 9.841232
92.783659 8.627873
92.815507 9.074126
92.847276 9.982383
92.879071 10.064967
92.910678 10.212906
92.942054 10.793696
92.973828 10.709284
93.005631 10.894294
93.037515 8.894685
93.100042 9.073691
93.131731 8.581925
93.163717 8.852305
93.195694 8.638838
93.227785 8.963259
93.259681 8.73961
93.291726 7.605965
93.32374 1.839052
93.599927 1.761428
93.63162 1.933994
93.663521 1.825215
93.69549 1.898488
93.727503 2.196193
93.759382 2.576048
93.791374 3.014382
93.823253 3.477778
93.85529 3.877213
93.887453 4.302406
93.91946 4.634137
93.951353 4.886068
93.983114 1.589035
94.401988 1.755945
94.433881 1.962363
94.465867 2.568042
94.497699 3.295639
94.529652 3.57681
94.561385 3.674275
94.593291 4.583576
94.625199 4.655631
94.657262 4.631439
94.6892 5.099012
94.721009 5.641164
94.752918 6.376072
94.784598 6.955904
94.816342 7.577856
94.848224 7.70256
94.880143 8.078324
94.911826 8.559908
94.943524 9.050891
94.975136 9.277237
95.017112 9.538305
95.048755 10.123534
95.080497 10.857745
95.112195 11.594132
95.143941 11.448456
95.175612 11.717269
95.207571 10.568481
95.239215 7.331234
95.271015 9.20701
95.292316 12.224438
95.323986 12.019673
95.355807 11.981818
95.387439 8.994413
95.419137 9.331017
95.450875 9.419432
95.48253 9.584254
95.514127 10.150424
95.545905 9.276367
95.587902 9.620281
95.619726 9.989171
95.65142 10.409926
95.683008 11.566545
95.71474 11.900278
95.746585 11.428527
95.778533 8.077106
95.821001 8.194239
95.853166 8.7893
95.885372 9.823131
95.917635 10.25137
95.949858 9.71296
95.982178 9.58904
96.014387 9.454416
96.046648 9.32919
96.079186 9.218236
96.111114 8.977618
96.142985 9.20144
96.175002 8.858309
96.206966 8.835248
96.239036 8.957341
96.271138 9.377661
96.303143 9.454938
96.335098 9.361475
96.367118 9.864467
96.399001 9.166631
96.430919 9.786059
96.462619 10.248324
96.494504 10.444387
96.526401 10.721641
96.558125 7.016298
96.600334 7.1551
96.632101 7.194434
96.664083 8.936195
96.6961 11.303389
96.727849 11.413559
96.759846 11.346204
96.791825 11.669406
96.823516 9.59487
96.906415 9.187952
96.93835 7.93961
96.970209 6.365281
97.002043 4.930362
97.033981 3.428871
97.065829 2.300012
97.097862 3.202177
97.129983 4.153684
97.162006 4.883892
97.194195 5.731755
97.226375 8.349835
97.258295 9.772745
97.290266 10.444735
97.322212 8.902604
97.415458 9.302996
97.447388 9.552751
97.479328 9.806162
97.511305 10.200375
97.54326 10.565
97.575111 10.603638
97.607023 10.588932
97.639045 10.790128
97.671084 9.054546
97.754049 9.250086
97.786113 9.529603
97.817825 9.797459
97.849737 9.970635
97.881615 10.133106
97.913763 10.367546
97.945909 9.143744
97.978071 8.66773
98.010113 11.038404
98.042049 11.827962
98.074057 11.456984
98.106021 8.034117
98.137889 7.049193
98.16983 5.617581
98.201996 5.119289
98.234254 5.467119
98.266591 5.805028
98.298819 6.5053
98.331067 7.298339
98.363399 8.377683
98.395583 10.021195
98.427858 10.186973
98.460156 9.805204
98.492334 8.773549
98.524381 7.922031
98.55655 7.268142
98.588598 4.02489
98.630834 4.08511
98.662794 5.056371
98.694671 6.115874
98.726692 7.067294
98.758713 8.12201
98.790825 9.084308
98.822896 9.578597
98.854987 10.679
98.887383 10.996111
98.91936 8.903822
98.98193 9.290465
99.013942 9.640035
99.045885 9.961236
99.077923 10.21804
99.109879 10.630528
99.141823 10.769765
99.173874 10.937632
99.205811 10.727733
99.237906 8.839251
99.331202 9.01556
99.363221 9.235031
99.39527 9.282023
99.427225 9.545789
99.459217 9.692423
99.491192 9.660137
99.523129 8.806444
99.555185 8.835074
99.587255 12.509611
99.619265 12.130801
99.651278 8.690268
99.693524 7.73119
99.72548 6.22735
99.757488 5.210837
99.789491 6.078715
99.821503 6.882109
99.853579 7.265096
99.88552 7.786015
99.91751 8.662334
99.949379 9.122424
99.981292 9.519248
100.013351 9.04828
