2.4e-05 0.040291
0.276611 0.097204
0.307564 0.144718
0.338568 0.161253
0.369518 0.17126
0.583949 0.182486
0.616296 0.1891
0.638173 0.210595
0.670024 0.176482
0.894425 0.181877
0.925575 0.196149
0.956682 0.154813
1.191471 0.148286
1.224025 0.134363
1.255215 0.191972
1.286289 0.220863
1.317429 0.244882
1.3485 0.261938
1.380924 0.282649
1.411988 0.300141
1.443078 0.409181
1.474077 0.509779
1.505345 0.508735
1.537743 0.509605
1.568815 0.508735
1.599921 0.507168
1.63097 0.505689
1.662036 0.506037
1.69468 0.504558
1.725807 0.504209
1.756926 0.501077
1.788216 0.498466
1.819425 0.498205
1.851801 0.504035
1.882967 0.502643
1.914051 0.505167
1.945158 0.504035
1.976304 0.506994
2.008683 0.508909
2.039692 0.507516
2.070756 0.50682
2.101801 0.504993
2.132819 0.504645
2.165213 0.503339
2.196293 0.502643
2.227341 0.500642
2.258344 0.500206
2.289464 0.499771
2.321835 0.498466
2.352893 0.497248
2.383915 0.496813
2.414927 0.502121
2.44601 0.501599
2.478373 0.503513
2.509392 0.5036
2.540538 0.501164
2.57181 0.50186
2.602865 0.503426
2.635493 0.504819
2.66657 0.504384
2.697504 0.506733
2.728481 0.504993
2.759538 0.506733
2.792027 0.508735
2.823091 0.508735
2.854086 0.509257
2.885106 0.50917
2.916149 0.506472
2.948608 0.506559
2.979615 0.503948
3.010571 0.501773
3.041613 0.502817
3.072621 0.50186
3.104992 0.499597
3.136087 0.496377
3.167207 0.499336
3.198344 0.49864
3.229412 0.502817
3.261734 0.501251
3.292779 0.504732
3.323781 0.502295
3.354822 0.504297
3.385878 0.5083
3.418305 0.509953
3.44939 0.50595
3.480463 0.50769
3.51155 0.505776
3.542665 0.503513
3.575101 0.504471
3.606122 0.503078
3.637112 0.498901
3.668348 0.500032
3.699432 0.499336
3.731934 0.499249
3.763005 0.499597
3.794202 0.49629
3.825242 0.490373
3.856281 0.50099
3.888687 0.501338
3.919734 0.50099
3.950721 0.500555
3.981716 0.5036
4.012725 0.503339
4.044909 0.50273
4.075868 0.509953
4.106802 0.511084
4.137808 0.509083
4.16884 0.512999
4.201234 0.513956
4.222226 0.514043
4.253226 0.51413
4.284346 0.514217
4.31538 0.515435
4.347745 0.514565
4.378772 0.514565
4.409773 0.513173
4.440803 0.514043
4.471792 0.514565
4.504127 0.515435
4.525012 0.512912
4.556017 0.509518
4.587084 0.513956
4.618199 0.518046
4.65064 0.516915
4.681864 0.521353
4.712933 0.522484
4.744043 0.523616
4.775279 0.523964
4.807952 0.525095
4.838972 0.524486
4.86999 0.524225
4.90119 0.524312
4.932343 0.523006
4.964982 0.524312
4.996155 0.523529
5.02721 0.52466
5.058235 0.526487
5.089344 0.525878
5.121733 0.522397
5.152849 0.529272
5.183981 0.527967
5.215007 0.535973
5.246151 0.526574
5.278608 0.536495
5.309649 0.536756
5.340652 0.540846
5.371645 0.542325
5.40265 0.538322
5.435004 0.539106
5.466259 0.54102
5.497343 0.539976
5.528339 0.541716
5.559385 0.537974
5.591746 0.540411
5.622949 0.543196
5.654027 0.543196
5.685006 0.543631
5.71608 0.551202
5.748425 0.553029
5.779469 0.55329
5.810592 0.557206
5.841666 0.558512
5.872761 0.559643
5.905248 0.559121
5.936261 0.559295
5.967298 0.56469
5.998409 0.561645
6.0295 0.562689
6.061823 0.559991
6.09292 0.561993
6.12399 0.563907
6.155023 0.565822
6.186053 0.569041
6.218482 0.572522
6.249587 0.575568
6.280645 0.575133
6.311742 0.580354
6.342781 0.58488
6.375072 0.587055
6.406118 0.587838
6.437133 0.588186
6.468198 0.587577
6.499261 0.589405
6.531593 0.58662
6.562595 0.587577
6.593627 0.589144
6.624589 0.576874
6.655625 0.58662
6.688034 0.590101
6.719172 0.597237
6.750201 0.595932
6.781253 0.59158
6.81239 0.585315
6.84485 0.596976
6.875831 0.601762
6.90682 0.612379
6.937882 0.619167
6.96884 0.615512
7.001106 0.614989
7.03217 0.617948
7.063481 0.620211
7.094496 0.624127
7.12553 0.618296
7.158098 0.620124
7.189276 0.616121
7.220278 0.615773
7.251527 0.623692
7.282645 0.627869
7.315021 0.631437
7.34606 0.633873
7.377081 0.638138
7.408143 0.644055
7.439198 0.646927
7.471529 0.650756
7.50259 0.645709
7.533645 0.648145
7.564666 0.648319
7.595789 0.651017
7.628176 0.649363
7.6592 0.649712
7.690277 0.649625
7.721325 0.647884
7.752405 0.648145
7.784846 0.655629
7.815847 0.658153
7.846938 0.661112
7.877955 0.666507
7.909067 0.670771
7.941387 0.671902
7.97242 0.678168
8.003495 0.678081
8.034495 0.67782
8.065557 0.677646
8.097773 0.675644
8.128797 0.678081
8.159823 0.682084
8.190845 0.682606
8.222075 0.683912
8.254336 0.680344
8.285468 0.685391
8.316599 0.685739
8.347677 0.692875
8.378691 0.696791
8.411036 0.700881
8.442109 0.702186
8.473122 0.706886
8.504132 0.712542
8.535279 0.714457
8.567726 0.71524
8.598836 0.716197
8.630072 0.713586
8.661214 0.717589
8.692356 0.718199
8.724825 0.717154
8.756058 0.717589
8.787209 0.716023
8.818403 0.71933
8.849555 0.716632
8.882091 0.722724
8.913321 0.726466
8.944344 0.729686
8.975553 0.736386
9.006537 0.738301
9.038799 0.745176
9.069879 0.748744
9.100821 0.751354
9.13184 0.751963
9.16287 0.747351
9.19521 0.754313
9.226208 0.749788
9.257316 0.753878
9.28856 0.750571
9.319725 0.751267
9.352411 0.753791
9.383465 0.755705
9.414462 0.759186
9.445557 0.761971
9.476568 0.771456
9.508976 0.774328
9.539966 0.778244
9.571026 0.783118
9.602195 0.786598
9.633247 0.792168
9.665615 0.789557
9.696625 0.788252
9.727663 0.790514
9.75866 0.79034
9.789747 0.784075
9.822116 0.767802
9.85316 0.786947
9.884329 0.792603
9.915549 0.795823
9.946934 0.798695
9.979397 0.803307
10.010343 0.808006
10.041342 0.809572
10.072368 0.819145
10.103418 0.821843
10.135706 0.82454
10.166758 0.828456
10.197738 0.82689
10.228702 0.828282
10.259789 0.828195
10.292252 0.821146
10.323369 0.819754
10.354394 0.826368
10.3855 0.829501
10.416543 0.829153
10.449389 0.832285
10.480811 0.837333
10.511966 0.844208
10.543302 0.848037
10.574491 0.852214
10.607002 0.859001
10.638108 0.864658
10.669125 0.866311
10.700131 0.871533
10.731206 0.868139
10.76355 0.86927
10.794567 0.86518
10.825578 0.870575
10.856589 0.864919
10.887717 0.869618
10.920111 0.869009
10.95114 0.868313
10.982125 0.876319
11.013076 0.876145
11.044151 0.88389
11.076531 0.890852
11.107584 0.892505
11.138617 0.898771
11.169668 0.903209
11.200763 0.909126
11.233242 0.914609
11.264267 0.913304
11.295316 0.914522
11.326491 0.913826
11.357725 0.907125
11.390138 0.913826
11.421322 0.911302
11.452574 0.914087
11.483741 0.915653
11.514887 0.916175
11.547303 0.922006
11.578547 0.925052
11.60969 0.930621
11.640727 0.935233
11.671767 0.945328
11.704161 0.948983
11.73522 0.957163
11.766265 0.957685
11.797458 0.958991
11.828703 0.959861
11.861283 0.956728
11.892503 0.959165
11.923595 0.957598
11.944482 0.957424
11.97557 0.954204
12.007881 0.960383
12.038858 0.961688
12.069894 0.967084
12.100875 0.965691
12.131953 0.978397
12.16446 0.982922
12.195589 0.989884
12.226831 0.990841
12.257966 1.001371
12.289105 1.004068
12.321627 1.008245
12.35268 1.003459
12.383848 1.010073
12.415031 1.007375
12.446228 1.008507
12.478763 1.008681
12.509835 1.010073
12.541019 1.005026
12.572219 1.010421
12.603557 1.016513
12.636323 1.02391
12.667616 1.027303
12.698946 1.021299
12.730202 1.035484
12.761421 1.040444
12.793885 1.039052
12.825049 1.020516
12.856108 1.041662
12.887187 1.061068
12.918473 1.057587
12.950927 1.05576
12.982168 1.059328
13.013334 1.052279
13.044566 1.059067
13.075767 1.058806
13.108217 1.061242
13.139291 1.065593
13.170328 1.065419
13.20133 1.078473
13.232355 1.083259
13.264712 1.08439
13.295756 1.095181
13.326753 1.099706
13.357966 1.107364
13.389143 1.110758
13.421635 1.112847
13.452867 1.109366
13.484012 1.111716
13.515158 1.109279
13.546273 1.107364
13.578686 1.109192
13.609817 1.112847
13.640813 1.112325
13.671795 1.113108
13.702781 1.032438
13.735422 1.127119
13.766487 1.134951
13.797684 1.142086
13.828795 1.152181
13.860117 1.151833
13.89295 1.161841
13.924388 1.169325
13.955859 1.16332
13.976962 1.163233
14.008338 1.159752
14.040994 1.157315
14.073879 1.158969
14.105912 1.160187
14.137059 1.158273
14.168149 1.158273
14.199447 1.162798
14.230577 1.171935
14.263263 1.183335
14.294558 1.194039
14.325853 1.192212
14.357243 1.207441
14.388623 1.208398
14.421315 1.213619
14.442458 1.224584
14.473787 1.227456
14.50509 1.22267
14.536145 1.22119
14.568613 1.213967
14.599611 1.225976
14.63087 1.227108
14.661896 1.227282
14.692952 1.22267
14.725508 1.226586
14.756815 1.22763
14.788174 1.243033
14.819574 1.243729
14.850872 1.25626
14.88355 1.25774
14.914899 1.265746
14.946085 1.277146
14.977107 1.285065
15.008119 1.284456
15.04042 1.286718
15.071529 1.290199
15.102572 1.285848
15.133642 1.287937
15.164733 1.28724
15.197175 1.287763
15.228271 1.282976
15.259277 1.286979
15.290372 1.296726
15.321428 1.300555
15.35378 1.311172
15.385022 1.313956
15.416136 1.326836
15.447301 1.333537
15.47845 1.342413
15.510821 1.34659
15.541842 1.35303
15.572871 1.350419
15.603924 1.355379
15.635012 1.349375
15.667443 1.35155
15.698432 1.349723
15.729378 1.347634
15.760346 1.352421
15.79136 1.340934
15.823618 1.329447
15.854604 1.341282
15.885614 1.369651
15.916618 1.38723
15.947816 1.391842
15.980222 1.400544
16.011171 1.406114
16.042231 1.416121
16.073262 1.422648
16.104257 1.42143
16.136804 1.424823
16.167856 1.420385
16.198993 1.416208
16.230182 1.415512
16.261231 1.42143
16.293643 1.420907
16.324701 1.420646
16.35568 1.428043
16.386694 1.441967
16.417797 1.448059
16.450223 1.452149
16.481223 1.462069
16.512195 1.471729
16.543211 1.477472
16.574242 1.486523
16.606497 1.492266
16.637517 1.49157
16.668478 1.492005
16.699502 1.494268
16.730484 1.48922
16.762687 1.490874
16.79369 1.490613
16.824683 1.492353
16.855675 1.4907
16.886668 1.499837
16.919261 1.511846
16.950446 1.519243
16.981488 1.52899
17.012522 1.535255
17.043625 1.543087
17.07605 1.553878
17.107021 1.562494
17.137993 1.567106
17.168968 1.565539
17.199983 1.561449
17.232326 1.564234
17.263345 1.567193
17.294334 1.565626
17.32534 1.563364
17.35631 1.565278
17.388749 1.568759
17.419774 1.574155
17.450847 1.588513
17.481903 1.596693
17.513 1.60644
17.545351 1.615055
17.576356 1.625672
17.60751 1.624193
17.638728 1.640379
17.669844 1.643338
17.702296 1.645339
17.733407 1.639944
17.764416 1.64064
17.795464 1.644643
17.826514 1.642642
17.859006 1.644208
17.890023 1.647776
17.920983 1.650387
17.95209 1.657174
17.983254 1.663353
18.015754 1.675101
18.046721 1.683977
18.077797 1.696335
18.108836 1.702078
18.139928 1.707996
18.172336 1.716002
18.203382 1.720962
18.234391 1.726706
18.265324 1.723747
18.296351 1.727489
18.328752 1.72862
18.359834 1.728533
18.390851 1.723225
18.42209 1.725052
18.453313 1.733754
18.485745 1.738802
18.516762 1.75055
18.547747 1.762733
18.578745 1.769608
18.609754 1.784402
18.642155 1.789362
18.673135 1.798064
18.704144 1.807115
18.735198 1.814947
18.766413 1.809899
18.798766 1.788144
18.829776 1.750637
18.860735 1.772741
18.891752 1.810508
18.922777 1.809899
18.955209 1.81016
18.986323 1.815121
19.01729 1.816861
19.048309 1.83618
19.079315 1.851322
19.111732 1.86046
19.142931 1.869858
19.174155 1.88178
19.205344 1.891266
19.236523 1.896226
19.269093 1.906147
19.30015 1.904058
19.33119 1.90136
19.362179 1.901447
19.393229 1.90049
19.425636 1.901447
19.456715 1.904145
19.487721 1.896487
19.518763 1.904319
19.549758 1.913369
19.582244 1.92416
19.613291 1.657522
19.644302 1.894137
19.675308 1.956446
19.706331 1.973937
19.738666 1.982814
19.76968 1.995867
19.800677 1.99752
19.831676 1.997085
19.862741 1.995867
19.884885 1.992995
19.91596 1.996737
19.946999 1.999087
19.978074 1.992386
20.009216 1.999609
20.041495 1.993952
20.072462 2.003786
20.103422 2.015534
20.134693 2.027108
20.16599 2.040423
20.198558 2.054085
20.229701 2.065311
20.260777 2.08289
20.29185 2.091592
20.323018 2.098206
20.355506 2.096987
20.386678 2.096204
20.417803 2.096987
20.449355 2.10012
20.480662 2.096987
20.513416 2.092201
20.544586 2.09342
20.575641 2.101687
20.606745 2.109345
20.637963 2.129012
20.670535 2.136409
20.701684 2.144589
20.733045 2.16121
20.764392 2.171392
20.795747 2.1767
20.828312 2.198717
20.85936 2.195932
20.890316 2.204548
20.921292 2.203068
20.952418 2.200545
20.984836 2.205853
21.015969 2.199587
21.047206 2.19689
21.078248 2.206897
21.109332 2.202024
21.141896 2.221517
21.17302 2.230741
21.204141 2.245622
21.235193 2.249451
21.266349 2.264941
21.298725 2.281041
21.329959 2.291222
21.361025 2.314805
21.392062 2.314196
21.423225 2.315328
21.456069 2.311412
21.487464 2.317677
21.518541 2.315676
21.549738 2.319853
21.580905 2.312804
21.61347 2.315589
21.644677 2.315676
21.675794 2.331427
21.706844 2.347091
21.737927 2.361363
21.770353 2.368324
21.80146 2.358056
21.832532 2.312108
21.863527 2.351529
21.894594 2.429937
21.927145 2.429414
21.958433 2.425411
21.989716 2.426978
22.020876 2.43159
22.052182 2.427848
22.084753 2.434897
22.115824 2.432634
22.146859 2.433766
22.17789 2.43568
22.208989 2.437856
22.241333 2.464746
22.272474 2.478669
22.303662 2.493724
22.334993 2.510781
22.366198 2.521746
22.398699 2.528359
22.429742 2.549941
22.460948 2.547504
22.492163 2.553335
22.523275 2.553944
22.555765 2.550463
22.586757 2.551159
22.617886 2.548897
22.648954 2.553596
22.680028 2.546895
22.712502 2.562298
22.743604 2.575613
22.774636 2.590668
22.805692 2.610074
22.83674 2.614599
22.869087 2.632178
22.900187 2.650452
22.931256 2.66455
22.962411 2.674384
22.993561 2.676385
23.025997 2.672121
23.057087 2.652193
23.088083 2.627652
23.119189 2.609813
23.150265 2.452301
23.182623 2.61808
23.213696 2.579355
23.244759 2.566301
23.275845 2.568651
23.306908 2.650974
23.339245 2.678213
23.370275 2.732602
23.401278 2.765148
23.432407 2.778724
23.463484 2.786382
23.496095 2.752356
23.527164 2.747918
23.558204 2.78847
23.589335 2.795432
23.620377 2.805353
23.653019 2.764626
23.684155 2.742261
23.715303 2.762712
23.746549 2.801089
23.777719 2.82006
23.810146 2.723116
23.841192 2.802481
23.872254 2.748527
23.903348 2.792212
23.934408 2.791864
23.966601 2.824933
23.997677 2.891418
24.028744 2.939542
24.059938 2.959818
24.091103 2.94955
24.123514 2.957904
24.154553 2.951116
24.185599 2.955032
24.216624 2.956163
24.247795 2.953988
24.28032 2.955989
24.311335 2.943719
24.342375 2.958252
24.37343 2.978876
24.404583 2.996977
24.437026 3.008203
24.468145 3.020038
24.499431 3.049104
24.530508 3.060591
24.561635 3.072948
24.594089 3.095226
24.625185 3.09131
24.656234 3.094443
24.687467 3.092963
24.71855 3.097836
24.751026 3.09949
24.782136 3.09453
24.8132 3.057719
24.844251 2.987231
24.875379 3.066943
24.897622 3.11733
24.928655 3.132733
24.959666 3.157882
24.990751 3.076951
25.021841 3.181813
25.054398 3.213751
25.08561 3.230198
25.116611 3.252128
25.147681 3.257697
25.178807 3.2436
25.211179 3.259264
25.242237 3.256653
25.273306 3.266226
25.30433 3.261787
25.335356 3.266922
25.367732 3.251867
25.398738 3.266052
25.429758 3.283456
25.461112 3.303123
25.492392 3.320615
25.52505 3.338977
25.556132 3.352726
25.587357 3.371784
25.618481 3.389711
25.649614 3.398326
25.682161 3.413468
25.71322 3.420691
25.744292 3.416514
25.775607 3.41808
25.806849 3.417993
25.839259 3.415383
25.87031 3.421735
25.901369 3.417297
25.932421 3.424955
25.963493 3.441663
25.995958 3.455152
26.02702 3.48152
26.058139 3.505886
26.089259 3.530601
26.120446 3.549659
26.152885 3.560711
26.183888 3.572807
26.214878 3.586992
26.24583 3.593518
26.276822 3.590734
26.309217 3.591691
26.340201 3.586382
26.371268 3.584207
26.402282 3.592126
26.433341 3.590298
26.465854 3.602133
26.49687 3.620756
26.527971 3.639988
26.558966 3.550007
26.58999 3.683587
26.622389 3.704907
26.653438 3.728317
26.684502 3.746156
26.715586 3.766607
26.746664 3.771393
26.77921 3.766345
26.810315 3.770523
26.841617 3.760776
26.87274 3.754771
26.90396 3.761472
26.936438 3.761472
26.967648 3.760776
26.998741 3.777571
27.029915 3.795063
27.061069 3.825956
27.093528 3.851367
27.124518 3.8726
27.155501 3.886437
27.186563 3.914719
27.217588 3.83109
27.249982 3.95388
27.281008 3.956055
27.31207 3.953793
27.343083 3.958492
27.374222 3.956316
27.406597 3.96293
27.437615 3.94657
27.468611 3.95388
27.499557 3.951095
27.530696 3.97433
27.563253 3.994345
27.594231 4.015144
27.625409 4.047951
27.656485 4.06466
27.687605 4.101383
27.72013 4.120441
27.751283 4.140195
27.782344 4.154554
27.813425 4.090157
27.844694 4.047342
27.877121 4.149333
27.90824 4.157165
27.939545 4.158644
27.970575 4.150551
28.001716 4.150551
28.034164 4.154032
28.065204 4.194324
28.096243 4.223128
28.12745 4.228959
28.1586 4.198588
28.190994 4.263942
28.222118 4.291528
28.253262 4.323813
28.284277 4.251149
28.315362 4.365671
28.347747 4.360363
28.37881 4.364279
28.409874 4.36132
28.440984 4.362974
28.472214 4.374461
28.504631 4.360015
28.535745 4.35958
28.566976 4.347223
28.598157 4.393693
28.629271 4.4198
28.66172 4.441381
28.69272 4.440772
28.72378 4.483848
28.754871 4.499861
28.785933 4.53232
28.818295 4.562952
28.849305 4.584708
28.880331 4.573395
28.911415 4.548506
28.94242 4.595237
28.97471 4.5861
29.005694 4.549551
29.036671 4.535801
29.067867 4.577311
29.099062 4.582271
29.131663 4.603592
29.162874 4.639706
29.193935 4.668772
29.224994 4.680172
29.256034 4.721856
29.288408 4.753271
29.319423 4.774243
29.350404 4.775288
29.381435 4.810271
29.412569 4.8027
29.444964 4.811054
29.475973 4.805223
29.506946 4.794868
29.537933 4.794433
29.568938 4.782772
29.601203 4.803048
29.6322 4.816188
29.663238 4.839162
29.694207 4.874755
29.725226 4.879454
29.757629 4.924619
29.788668 4.953945
29.819617 4.997196
29.850685 4.991974
29.881737 5.027132
29.914264 4.949855
29.945354 5.034964
29.976369 5.027654
30.007479 5.010423
30.038565 5.043927
30.071042 5.054109
30.102096 5.040881
30.133127 5.04297
30.164241 5.072383
30.195288 5.090049
30.227684 5.111631
30.258701 5.11398
30.289779 5.165585
30.320762 5.207182
30.351827 5.233376
30.384693 5.262093
30.416141 5.290288
30.447443 5.291159
30.478581 5.207269
30.509728 5.301601
30.542279 5.29142
30.573351 5.292203
30.604571 5.290114
30.635813 5.279846
30.667139 5.248517
30.699652 5.314568
30.730756 5.336323
30.761803 5.288896
30.792831 5.390974
30.823939 5.28002
30.856339 5.306823
30.88757 5.492355
30.9186 5.534735
30.949653 5.567369
30.980843 5.563453
31.013339 5.389407
31.044476 5.573635
31.075771 5.578334
31.106768 5.584861
31.137986 5.57729
31.170611 5.575375
31.201922 5.571546
31.233064 5.616711
31.264236 5.647778
31.295589 5.678497
31.32807 5.610271
31.359184 5.738369
31.390346 5.753424
31.421332 5.808248
31.452335 5.738282
31.484896 5.686764
31.515925 5.842883
31.546925 5.838445
31.577986 5.853935
31.609215 5.843579
31.64175 5.730363
31.672934 5.828872
31.703918 5.727578
31.734881 5.823216
31.765986 5.883262
31.798577 5.890311
31.819785 5.930341
31.850888 5.972199
31.88192 5.994564
31.912966 6.037205
31.945417 6.079498
31.976533 6.113263
32.007762 6.127796
32.038855 6.133713
32.070001 6.144678
34.138435 7.47865
34.169694 7.45907
34.200783 7.43862
34.23183 7.420606
34.262907 7.394934
34.29538 7.448279
34.32735 7.432789
34.359455 7.404159
34.391699 7.458461
34.423845 7.508499
34.455986 7.55114
34.488053 7.614058
34.519878 7.665488
34.551789 7.70491
34.582885 7.725621
34.613967 7.783752
34.645079 7.819693
34.676171 7.833181
34.708562 7.835357
34.739539 7.801331
34.770519 7.722836
34.801468 7.811338
34.832527 7.832224
34.864829 7.772787
34.895873 7.787755
34.926907 7.831441
34.95789 7.873908
34.989077 7.955013
35.021439 8.008358
35.052653 8.050216
35.083825 8.075278
35.114956 8.112698
35.146286 8.154208
35.178765 8.19624
35.210045 8.200765
35.241435 8.204768
35.272839 8.181272
35.304297 8.205813
35.337085 8.159778
35.368208 8.149248
35.399395 8.108347
35.43054 8.227133
35.461739 8.20355
35.494229 8.166826
35.525442 8.322075
35.556502 8.41136
35.587744 8.459919
35.618908 8.487679
35.651365 8.537369
35.682555 8.597328
35.713633 8.622565
35.744689 8.655807
35.77584 8.60255
35.808276 8.628308
35.839386 8.630919
35.870445 8.632659
35.901535 8.619693
35.932642 8.617866
35.955015 8.635879
35.986048 8.668687
36.017209 8.718725
36.048332 8.774158
36.079407 8.73465
36.111906 8.848911
36.142937 8.878586
36.173912 8.92523
36.204857 9.024697
36.235991 9.048454
36.258196 9.061247
36.289181 9.04332
36.320204 9.045234
36.351234 9.072821
36.382287 9.021825
36.414559 9.036967
36.445539 9.07517
36.476524 9.033573
36.507531 9.078825
36.538542 9.113373
36.57093 9.095011
36.602198 9.170808
36.633423 9.268796
36.664704 9.34059
36.695967 9.337544
36.728448 9.434487
36.759495 9.377923
36.790533 9.32771
36.821723 8.936717
36.852875 8.926013
36.885397 9.129908
36.916487 9.087789
36.947569 8.922619
36.978693 9.123033
37.009886 9.131735
37.042328 9.19326
37.0734 8.987277
37.104528 8.971265
37.135597 9.078477
37.166874 9.019041
37.19934 9.199787
37.230288 9.175856
37.261477 9.2225
37.292566 9.301081
37.323693 9.250347
37.356111 9.040535
37.387212 9.183166
37.418251 9.025132
37.449385 9.142091
37.480566 9.164282
37.513031 9.151141
37.5441 9.097709
37.575238 9.192738
37.606283 9.080827
37.637519 9.161845
37.669994 9.248433
37.701261 9.246257
37.732355 9.188213
37.763505 9.353643
37.794587 9.488964
37.826897 9.455286
37.857922 9.499406
37.888926 9.179946
37.919938 9.164543
37.951124 9.167414
37.983476 9.123555
38.014545 9.203007
38.04556 9.094837
38.076594 9.191955
38.107601 9.236423
38.140012 9.318051
38.171086 9.137043
38.202113 9.213275
38.233124 9.142961
38.264215 9.355384
38.296514 9.232507
38.327533 9.238773
38.358531 8.905302
38.389638 9.28446
38.42064 9.42213
38.453019 9.540742
38.484004 9.110153
38.514977 8.968306
38.545985 9.095534
38.576998 9.184036
38.609321 9.209882
38.640329 9.223109
38.671352 9.084482
38.702455 9.32684
38.733612 8.723076
38.796673 8.861877
38.827727 8.83316
38.858842 8.905302
38.889832 8.971961
38.920786 9.008076
38.953171 9.038012
38.984206 9.008859
39.015444 9.283416
39.046744 10.049912
39.077969 9.427787
39.110646 9.472342
39.141791 9.068644
39.172871 9.461116
39.204013 9.486266
39.235097 9.657788
39.267552 9.636815
39.298823 9.594609
39.330005 9.80973
39.361307 8.713243
39.392502 8.687136
39.425071 8.665032
39.457541 8.690094
39.490053 8.694968
39.522829 8.673647
39.555367 8.694533
39.588022 8.748835
39.62064 8.925839
39.653018 9.25931
39.684947 11.430703
39.71691 9.248955
39.778569 9.338849
39.809625 9.380011
39.840629 9.323881
39.871833 9.414298
39.904417 9.569199
39.935624 9.571896
39.966903 9.905019
39.998248 10.035032
40.029351 9.172027
40.092591 9.169242
40.125159 9.360518
40.157123 9.31048
40.189463 9.201788
40.221462 9.338153
40.253958 9.348248
40.286114 9.409338
40.318326 9.772658
40.35063 10.074453
40.382851 9.405509
40.425643 9.430397
40.458411 9.572592
40.490907 9.366348
40.522947 9.486266
40.555434 9.769612
40.587573 9.587125
40.619945 9.88483
40.652298 9.832442
40.684844 9.432138
40.747914 9.456069
40.779205 9.702343
40.810221 9.648824
40.841264 9.526383
40.872456 9.790672
40.904914 9.766131
40.936851 9.999352
40.969012 10.459616
41.000988 10.795785
41.032847 8.981969
41.105803 9.072299
41.136798 8.921488
41.167774 8.987712
41.198808 8.960822
41.219855 8.968132
41.252472 8.933584
41.284741 9.3204
41.317091 9.575116
41.349192 10.231007
41.381421 11.786191
41.412454 9.257396
41.48421 9.321097
41.515328 9.306825
41.546376 9.260529
41.578816 9.408293
41.611001 9.570417
41.643354 9.50837
41.675821 10.082459
41.707733 10.365892
41.739599 10.718073
41.771428 9.258527
41.844364 9.078303
41.876443 9.15323
41.908684 9.515419
41.9406 9.479043
41.972863 9.6282
42.004988 9.978989
42.037114 10.239013
42.069195 10.630528
42.101168 9.262965
42.204855 9.404464
42.235855 9.290204
42.266881 9.23068
42.297889 9.204138
42.318807 9.4686
42.351215 9.530038
42.382244 10.192369
42.41326 11.030398
42.444303 11.254047
42.475401 7.316875
42.6506 7.043884
42.681682 7.090964
42.7025 7.038837
42.733559 6.92153
42.764816 6.707019
42.797142 6.556818
42.828097 6.777856
42.859057 7.096707
42.890086 7.387102
42.921124 7.53391
42.953478 7.243341
43.005977 7.513111
43.038137 7.714395
43.06918 7.828308
43.10015 8.117659
43.131206 8.35993
43.16234 8.423022
43.194697 8.585232
43.22574 9.610012
43.297633 9.62176
43.318504 9.737414
43.349591 10.202028
43.382008 10.419411
43.413043 10.626003
43.444118 10.702757
43.475178 10.654373
43.506314 10.753666
43.538635 9.038534
43.610355 8.931148
43.641333 9.043755
43.672383 9.283764
43.703563 9.624371
43.736056 9.656395
43.76809 9.974464
43.800324 9.977161
43.831393 9.87343
43.852468 10.053915
43.883787 10.205161
43.915154 9.568938
43.947829 9.775791
43.979212 10.063488
44.010481 10.289312
44.041795 10.506434
44.073129 10.694403
44.105676 11.088355
44.136855 11.277978
44.168056 9.49871
44.239899 9.575986
44.271073 9.76996
44.303765 10.072886
44.335049 9.966806
44.366434 9.92312
44.397741 9.747073
44.429071 9.934781
44.461766 10.199505
44.49308 10.24815
44.524216 9.093793
44.575852 9.3935
44.606889 9.900494
44.639259 10.291401
44.671342 10.486419
44.703729 10.771418
44.735003 11.001594
44.766284 11.114549
44.797652 8.050564
44.930953 8.281348
44.96344 8.710719
44.99456 8.732039
45.025705 8.992934
45.056857 9.055068
45.087908 9.011731
45.120319 8.915309
45.151427 8.965522
45.182441 9.240775
45.213427 7.686113
45.275025 7.963628
45.307388 8.462356
45.339464 8.748661
45.371848 9.119552
45.404358 9.436489
45.436842 9.797111
45.468189 9.921032
45.499257 8.071101
45.632167 7.980337
45.66354 8.068056
45.695885 8.397524
45.726922 8.429896
45.757909 8.43738
45.788895 8.515875
45.820022 8.631963
45.85239 8.820281
45.883346 9.054546
45.91435 7.240469
46.047446 7.313481
46.07892 7.644342
46.111314 8.134715
46.143444 8.389083
46.174695 8.752403
46.206004 8.840035
46.237158 8.990149
46.26825 8.976486
46.300816 7.802462
46.403278 8.020802
46.434336 8.194413
46.465511 8.485504
46.496692 8.603768
46.529097 8.900429
46.561104 9.217627
46.593091 9.537957
46.624153 9.766479
46.655153 9.142091
46.747405 9.459898
46.778496 9.762215
46.81087 10.127972
46.842012 10.373985
46.873097 10.533933
46.904167 10.795001
46.935316 10.987322
46.967612 11.220369
46.99861 9.241297
47.080811 9.38706
47.1119 9.773006
47.142975 10.180621
47.175388 10.49077
47.206381 10.7702
47.237884 10.897253
47.26909 11.076607
47.300358 7.614493
47.485347 7.852065
47.516404 8.059962
47.547464 8.253414
47.578471 8.433551
47.609732 8.762758
47.642452 9.066468
47.673718 9.306564
47.704927 7.328623
47.858331 7.371525
47.889462 7.592302
47.921855 7.869035
47.953914 8.001309
47.985005 8.176225
48.016042 8.385341
48.047165 8.723685
48.078255 9.222761
48.110624 8.064575
48.213169 8.294315
48.244246 8.474191
48.27537 8.6344
48.306686 8.792259
48.339322 8.954035
48.370512 9.0515
48.40161 9.206662
48.432939 9.410991
48.464191 9.603137
48.496731 8.461399
48.558308 8.551119
48.589307 8.991541
48.620362 9.289855
48.651473 9.724447
48.683887 9.909893
48.714997 10.251979
48.746177 10.536109
48.777497 9.398025
48.869833 9.777879
48.902263 10.224219
48.93328 10.509915
48.964324 10.745747
48.995533 10.943027
49.026779 11.264837
49.059203 11.450979
49.090201 8.453392
49.223055 8.593064
49.25404 8.676606
49.285109 8.786168
49.307331 9.017039
49.33834 9.205617
49.369537 9.584254
49.400657 9.69573
49.431951 10.100038
49.464408 7.916462
49.627825 8.068665
49.658888 8.11879
49.689939 8.363411
49.720965 8.334693
49.753408 8.386211
49.784393 8.4748
49.815447 8.51805
49.846524 8.728384
49.877865 9.025393
49.910457 7.131778
49.982236 7.345679
50.013253 7.574898
50.044358 7.842841
50.075415 8.024979
50.107885 8.367849
50.139085 8.59524
50.170164 8.767806
50.20135 9.105889
50.232462 9.243298
50.264816 8.345136
50.336889 8.543113
50.367925 8.680261
50.398957 9.030963
50.429996 9.536478
50.462692 9.845322
50.493778 10.194022
50.52499 10.308718
50.556181 10.463793
50.58727 10.622609
50.619569 8.866142
50.691248 9.05707
50.722437 9.429005
50.753566 9.716528
50.784621 9.927036
50.817103 10.19028
50.848148 10.481981
50.879168 10.640362
50.910244 10.92162
50.941385 8.623261
51.065623 8.82498
51.096657 9.284112
51.127983 9.375486
51.159001 9.440057
51.190081 9.589562
51.222603 9.708
51.253645 9.665272
51.284697 9.947748
51.315771 7.68881
51.479292 7.761474
51.511862 8.118268
51.543101 8.24184
51.574392 8.529537
51.605455 8.688093
51.636723 9.035488
51.669234 9.101799
51.70028 9.181686
51.731334 7.194869
51.894771 7.267533
51.925757 7.605094
51.958055 7.774876
51.989103 8.113133
52.02012 8.388038
52.051275 8.632485
52.082384 8.924969
52.114729 9.250434
52.145736 7.639294
52.238065 7.91185
52.269138 8.118877
52.300252 8.314069
52.332744 8.427895
52.363684 8.700972
52.39478 8.950119
52.425794 9.325448
52.456901 9.663531
52.489334 8.363498
52.61205 8.479412
52.643274 8.654154
52.674362 8.70863
52.695299 8.910088
52.727701 8.994761
52.75877 9.120248
52.789882 9.107195
52.820943 9.15906
52.852184 9.501408
52.884666 7.947007
52.966823 8.100689
52.997962 8.297535
53.028995 8.605508
53.060152 8.795218
53.0929 9.163585
53.12395 9.470776
53.155088 9.71383
53.186484 9.841667
53.217627 10.051131
53.250036 8.687049
53.311789 8.797829
53.342917 8.665206
53.374064 8.065619
53.405173 7.861551
53.437579 8.034639
53.468791 7.974332
53.500008 8.243581
53.531127 8.429983
53.562232 8.354622
53.594877 8.454002
53.625862 7.136912
53.687685 7.363258
53.718737 7.600221
53.749899 7.987473
53.782206 8.289268
53.813193 8.67913
53.844211 8.883633
53.875374 9.10528
53.906527 9.339545
53.939133 9.186472
53.980323 8.728123
54.011346 8.769024
54.042382 9.02139
54.073449 9.064902
54.105889 9.33093
54.136827 9.399417
54.167954 8.841427
54.198938 8.792607
54.230006 8.910262
54.262359 8.831506
54.293422 8.357232
54.32458 8.489159
54.355746 8.835074
54.386861 9.227721
54.419455 9.459289
54.450625 9.784667
54.481663 10.144506
54.512858 10.478674
54.543928 8.459223
54.647629 8.359321
54.678711 8.459136
54.709715 8.305541
54.740801 8.310849
54.772042 8.848389
54.804588 9.370874
54.835652 9.540133
54.866764 9.284373
54.897853 7.034921
55.07155 7.237336
55.104142 7.424261
55.135153 7.504235
55.16619 7.45411
55.197368 7.278063
55.228487 7.101233
55.260963 6.84643
55.292203 6.583621
55.323484 2.883412
55.629222 3.467074
55.660407 4.321986
55.692894 5.045928
55.72398 5.864378
55.755043 6.698491
55.887944 6.934845
55.918989 7.584122
55.951467 8.085982
55.982496 8.177182
56.013487 8.544157
56.0446 8.792085
56.075686 9.071776
56.10808 9.503148
56.139068 9.771788
56.170125 8.118964
56.282792 8.387429
56.313879 8.509
56.346313 8.89921
56.377254 8.945332
56.408298 8.960213
56.439403 8.975529
56.470468 8.889986
56.502857 8.804529
56.534088 8.745528
56.565099 7.651042
56.626739 7.709
56.657841 7.921335
56.690377 8.167262
56.721493 8.288136
56.752715 8.815059
56.784101 9.272277
56.815676 9.325187
56.848278 9.656831
56.879328 0.006961
57.215354 0.733863
57.246444 2.188622
57.277547 3.164757
57.310004 4.404222
57.341176 5.086655
57.372213 5.663877
57.403265 6.288266
57.434275 6.729123
57.466715 7.556014
57.630264 7.736586
57.651106 7.933083
57.682146 8.038555
57.713191 8.205378
57.745551 8.545463
57.776566 8.773027
57.807624 8.805835
57.838779 8.772592
57.869848 6.496511
58.044941 6.772722
58.076316 7.041535
58.107591 7.233681
58.139105 7.516244
58.170765 7.691595
58.203283 8.086156
58.234469 8.047431
58.265474 0.220776
58.551103 0.935059
58.572191 2.406527
58.604692 3.667749
58.635761 4.337998
58.666815 5.273406
58.697911 5.776659
58.729023 6.312806
58.761655 7.060419
58.792706 6.761583
58.823725 8.226176
58.895461 8.374202
58.926505 8.753012
58.958872 9.026002
58.989941 9.282371
59.010816 9.561802
59.042062 9.85298
59.073269 9.923816
59.105834 10.162868
59.136944 10.445518
59.168194 8.677041
59.260521 8.916615
59.291652 9.175682
59.324549 9.434226
59.355672 9.715571
59.386857 9.867252
59.417882 10.108914
59.449061 10.353274
59.481619 10.620782
59.512636 8.662856
59.594732 8.877106
59.625922 9.249216
59.657012 9.818867
59.689693 10.108392
59.720822 10.332649
59.752083 10.501735
59.783104 10.660638
59.814319 10.84034
59.846858 9.319269
59.949345 9.576421
59.98034 9.856635
60.011699 10.028331
60.042869 10.104737
60.075381 10.191237
60.106513 10.773159
60.137534 11.085484
60.168644 7.220367
60.382946 7.321661
60.415412 7.565847
60.44664 7.955448
60.477734 7.945441
60.508784 7.925077
60.539964 7.894184
60.572301 7.97703
60.60351 8.251935
60.634621 7.002288
60.737132 7.12177
60.768165 7.410076
60.800732 7.805943
60.831726 8.125491
60.862797 8.31842
60.893822 8.636401
60.924839 8.778858
60.957116 9.062378
61.059543 9.15584
61.090532 9.335281
61.121524 9.658745
61.152535 10.045648
61.184964 10.348052
61.216155 10.126579
61.237047 10.174094
61.268069 10.719727
61.299144 8.725078
61.413172 8.789213
61.444245 8.995109
61.475368 9.209359
61.506362 9.437707
61.537401 9.555449
61.569792 10.001267
61.59068 10.165305
61.621803 10.677347
61.652862 8.036901
61.816267 8.06675
61.848854 8.39178
61.880011 8.810273
61.911138 8.754143
61.942244 8.734041
61.963199 9.022086
61.995619 9.076824
62.026731 9.381926
62.057864 7.480391
62.170512 7.670013
62.201669 7.992172
62.234215 8.271515
62.265366 8.416147
62.296421 8.643015
62.327744 8.885635
62.358854 9.082654
62.391295 9.497753
62.422406 8.902082
62.535048 9.099537
62.566163 9.20701
62.597448 9.297862
62.630278 9.487919
62.651368 9.601223
62.682544 9.731757
62.713575 9.827569
62.74481 9.872647
62.777149 9.899276
62.808253 8.322858
62.88012 8.588365
62.911503 8.858919
62.942813 9.158712
62.97543 9.346333
63.006494 9.495229
63.03763 9.938262
63.068799 10.260769
63.099921 10.568046
63.122138 6.230047
63.356738 6.286786
63.387823 6.448736
63.418933 6.603288
63.450156 6.685525
63.482585 6.903691
63.513597 7.000025
63.544623 7.023608
63.57565 7.227503
63.60665 5.531255
63.700314 5.751857
63.731433 6.003701
63.762411 6.230396
63.793401 6.423586
63.824412 6.712676
63.856826 6.917701
63.887813 7.133866
63.918789 7.282501
63.949733 8.404486
63.980778 0.040117
64.257485 0.793647
64.288604 2.538889
64.319684 3.767738
64.350799 4.665726
64.382059 5.451194
64.414595 6.149725
64.445815 6.860702
64.47696 7.22289
64.508074 8.605508
64.610399 8.985189
64.643033 9.402376
64.674194 9.674844
64.705276 10.08037
64.736385 10.039731
64.767459 10.357625
64.799845 10.613211
64.830941 10.896731
64.861965 8.869796
64.954277 9.186385
64.985367 9.676063
65.017753 9.977596
65.048832 10.226308
65.080027 10.412971
65.111318 10.426373
65.14243 10.26425
65.174884 10.320466
65.2061 10.475715
65.227074 8.672777
65.288839 8.869709
65.320054 9.306564
65.35262 9.608272
65.383644 9.688768
65.414685 9.527602
65.445888 9.697818
65.477196 9.695817
65.509672 9.854894
65.541087 8.971787
65.603031 9.145572
65.634285 9.559365
65.665547 9.821565
65.6982 10.074105
65.729372 10.784994
65.760598 10.843473
65.791684 6.835204
65.822696 7.26179
65.85498 7.96415
65.886009 9.263749
65.917028 8.327122
65.968461 8.520835
65.999594 8.80801
66.032087 9.13452
66.063431 9.583209
66.094772 9.931039
66.12598 10.497035
66.157163 8.341394
66.189703 8.853958
66.220965 9.75447
66.252225 11.305825
66.283263 8.011056
66.365473 8.145767
66.397776 8.357493
66.428798 8.71681
66.459787 8.899036
66.490767 8.588539
66.5219 8.598111
66.554373 8.696447
66.585423 8.927841
66.616505 8.853871
66.647622 8.868056
66.678962 8.887636
66.711634 8.664858
66.742917 8.210164
66.773991 7.99339
66.804978 7.964586
66.836023 8.011317
66.868426 8.078933
66.899498 8.438599
66.930524 8.55869
66.961616 9.05646
66.992689 9.518551
67.014938 9.896665
67.046014 10.330387
67.077114 10.537936
67.108265 5.361038
67.180142 5.445624
67.212629 5.717483
67.244787 7.855459
67.275776 9.015473
67.306796 1.699903
67.551676 1.971762
67.584263 2.357882
67.615375 2.161732
67.646532 2.390689
67.677615 2.855565
67.708757 3.623541
67.741032 4.098773
67.772047 4.44199
67.803138 4.644666
67.834148 4.823237
67.865145 5.03418
67.897459 5.163583
67.928609 5.089179
67.980216 5.009727
68.011351 5.280629
68.042456 5.608009
68.074851 5.778747
68.106013 6.169741
68.137222 6.251716
68.168692 6.632267
68.189801 6.851651
68.222192 6.828764
68.253301 0.241923
68.57946 1.357642
68.610577 2.349702
68.641834 3.316264
68.674322 4.044209
68.705347 4.513001
68.73645 4.990669
68.767564 5.362691
68.798671 5.93652
68.831205 6.131364
68.862374 6.337695
68.893413 8.463574
68.934612 8.788517
68.965658 9.222239
68.997925 9.241993
69.028931 9.427264
69.059982 9.124425
69.091059 8.809577
69.122145 8.434596
69.154581 8.524055
69.185636 6.454131
69.216587 6.763236
69.247741 7.195391
69.278769 7.478998
69.311167 7.801592
69.342199 8.901038
69.37319 7.118376
69.404191 6.972526
69.435273 7.676453
69.46759 7.9551
69.498599 8.173353
69.529601 8.116353
69.560541 8.951598
69.591513 8.89599
69.623996 8.324599
69.655025 8.634052
69.686245 10.139372
69.71732 10.127363
69.748436 10.25224
69.770705 10.198895
69.801787 10.549075
69.832818 6.535758
69.894475 6.765586
69.92564 7.060941
69.958118 7.408684
69.978994 8.945245
70.01004 9.138784
70.041162 9.591999
70.07219 9.854807
70.104591 8.462008
70.166342 8.821151
70.197491 8.610643
70.228551 8.927928
70.259908 8.811926
70.292518 9.196828
70.324192 9.507151
70.355532 9.526296
70.386881 7.186428
70.417941 7.216277
70.450729 7.815951
70.482062 8.320596
70.513365 8.46253
70.544535 7.444972
70.575816 7.560713
70.608643 7.932996
70.639865 8.264031
70.670962 8.634487
70.701983 8.931322
70.733062 9.209359
70.765561 9.488528
70.796933 6.872624
70.828352 7.359081
70.859581 8.289964
70.890733 9.888659
70.923141 11.238557
70.954323 7.14457
70.995573 7.285634
71.016381 7.816038
71.047401 8.221564
71.079704 8.604725
71.110737 10.919705
71.141802 11.569678
71.172955 7.757297
71.203969 8.062051
71.236442 8.820629
71.267621 9.656395
71.298644 9.925383
71.329625 8.602201
71.360734 8.745093
71.393303 8.973528
71.42435 9.324665
71.455575 9.279674
71.486645 9.277324
71.51769 9.8106
71.550137 8.352185
71.58133 8.815581
71.61232 9.656221
71.633149 11.08209
71.664182 11.99696
71.696637 7.82561
71.737951 7.757993
71.769116 8.237924
71.800254 8.500385
71.831422 8.963433
74.12061 12.060052
74.15191 8.279521
74.193207 8.611426
74.224378 9.107891
74.255661 9.451196
74.288304 10.059746
74.319638 10.424807
74.350996 8.706716
74.392457 8.938544
74.423782 9.431616
74.456704 10.27739
74.488011 10.791956
74.519335 8.964042
74.55062 9.175508
74.581711 9.376356
74.614236 10.216996
74.645352 10.876803
74.676421 8.319725
74.748327 8.411448
74.779649 9.089355
74.812475 9.839752
74.843856 11.631377
74.875197 11.851197
74.906497 8.730038
74.937852 9.240514
74.970251 10.183057
75.001309 10.725035
75.032366 8.739871
75.104244 8.958995
75.135281 9.144701
75.167879 9.45459
75.199064 10.145115
75.230296 11.539829
75.261549 11.290944
75.292637 11.221761
75.325148 9.537348
75.397447 9.843146
75.428535 10.295317
75.459691 10.269993
75.490874 10.253546
75.52326 10.543419
75.5543 10.493555
75.585289 10.718334
75.616312 10.843734
75.647482 8.971352
75.720708 9.170112
75.751786 9.406379
75.782765 9.601484
75.813972 9.289594
75.84509 9.402898
75.877618 9.229897
75.908687 8.847171
75.939653 9.16463
75.970772 9.121901
76.001934 9.164282
76.034369 9.050195
76.065409 9.495229
76.09644 10.231442
76.127539 10.437251
76.158704 10.806576
76.191328 11.092793
76.222763 6.355273
76.294915 6.651934
76.326448 7.163193
76.357767 9.839926
76.390231 10.665686
76.421267 10.529756
76.45234 10.453176
76.48344 10.393478
76.514479 9.073952
76.567285 9.222848
76.598351 9.747247
76.629367 10.140242
76.660384 10.441515
76.69144 10.685005
76.72378 10.556733
76.754831 10.775856
76.785836 9.267317
76.867957 9.489834
76.899023 9.610882
76.931427 9.335107
76.962521 9.691205
76.993525 10.08916
77.02462 10.083851
77.055735 10.252676
77.088217 10.384602
77.119353 8.828896
77.180965 9.031746
77.211931 9.332062
77.242996 9.276019
77.275523 9.223283
77.306542 9.274452
77.337732 9.411861
77.369049 9.906934
77.400364 10.084635
77.433017 10.064532
77.464155 7.959364
77.535989 8.201113
77.56706 8.586276
77.598101 8.817757
77.630672 9.012688
77.661722 9.075518
77.692754 9.226416
77.723895 9.395588
77.755016 9.234944
77.787568 8.961606
77.818783 9.001897
77.850086 9.084743
77.881305 7.982425
77.912348 8.191541
77.94482 8.419193
77.97589 8.796088
78.007048 9.205182
78.038382 9.48
78.069484 9.795893
78.102353 10.066447
78.133424 9.523686
78.21535 9.750641
78.246473 9.820868
78.277712 9.772658
78.310116 9.416474
78.341149 9.614276
78.372217 9.734542
78.403427 9.716441
78.434539 9.46451
78.467195 9.430658
78.498392 9.398808
78.529641 8.134019
78.560793 8.326252
78.591927 8.630136
78.624606 9.055677
78.655641 9.418823
78.686697 9.568589
78.717959 9.853241
78.749108 10.188627
78.781713 10.44021
78.81302 8.61804
78.895149 8.982665
78.92646 9.372962
78.957929 9.606444
78.990439 9.942439
79.021629 10.251022
79.052906 10.622261
79.084153 8.368806
79.227377 8.203898
79.259987 8.559821
79.291235 8.769024
79.322266 8.8738
79.353331 8.892161
79.384415 8.828809
79.416917 8.795566
79.447961 9.231985
79.478986 7.924381
79.63223 7.962671
79.663325 8.187364
79.695666 8.539545
79.72681 8.725426
79.757781 7.772526
79.809185 7.909065
79.840257 8.059527
79.873326 8.289442
79.904376 8.457483
79.935529 7.48683
79.987003 7.565238
80.018019 7.888702
80.050438 8.366022
80.081434 8.95856
80.112435 5.927121
80.153684 6.171829
80.184704 6.391823
80.21712 7.066423
80.248261 7.644342
80.279362 8.049781
80.36151 7.457243
80.392735 8.092248
80.425159 8.48533
80.456415 8.774594
80.487616 9.706869
80.518714 9.366348
80.549884 9.199439
80.571983 8.764499
80.603015 8.740394
80.634004 8.63936
80.664972 8.799134
80.696019 9.088224
80.728482 9.839317
80.759522 9.622544
80.790529 9.733324
80.821452 9.745594
80.852431 9.9769
80.884936 8.660594
80.916005 6.536455
80.947014 9.636989
80.978069 11.186691
81.00922 11.178685
81.041583 7.726926
81.072695 7.944483
81.103815 8.398568
81.134953 8.771374
81.166029 9.132692
81.198378 9.461551
81.22945 8.276823
81.301291 8.444255
81.332347 9.003028
81.353232 9.595654
81.385593 10.292271
81.416841 11.54244
81.447929 8.582708
81.479195 8.910871
81.510496 8.929146
81.542824 9.294294
81.573983 9.606009
81.605118 9.673539
81.626019 7.794021
81.667353 8.122706
81.699747 8.271341
81.730849 9.672147
81.751693 11.446454
81.782745 11.679936
81.814084 7.463682
81.877447 7.783143
81.908774 8.307194
81.940054 9.11816
81.971446 10.879327
82.00287 11.555755
82.035528 8.332518
82.066858 8.618127
82.098021 8.947421
82.129155 9.3546
82.160214 9.930865
82.192648 9.911633
82.223693 8.483937
82.254739 8.704453
82.285838 9.156972
82.316964 9.494968
82.349376 10.426634
82.38045 11.212015
82.411484 7.773745
82.432733 8.147855
82.463799 8.660594
82.496223 9.371048
82.527367 9.992564
82.558397 7.792716
82.63047 8.070927
82.661533 8.211121
82.693866 8.702713
82.724856 10.190367
82.755849 10.948771
82.786919 8.791911
82.817984 9.170373
82.840224 9.353469
82.871314 9.057505
82.902349 9.015386
82.93355 9.490356
82.964638 7.864596
83.007273 8.010447
83.038398 8.366979
83.069625 8.604812
83.10083 9.20614
83.132026 9.412993
83.164412 9.015821
83.195428 8.981447
83.226395 9.233291
83.257501 9.124164
83.288678 9.143831
83.321314 8.663727
83.352386 8.42511
83.383427 8.299101
83.414437 8.329385
83.445472 8.382643
83.477791 8.37629
83.498611 8.16761
83.5296 7.933866
83.560622 7.92908
83.591823 6.743047
83.624251 6.672558
83.655355 6.939718
83.686346 7.023869
83.717332 7.043362
83.748401 7.403463
83.780827 7.473429
83.81187 7.073385
83.842902 6.654284
83.87394 6.886895
83.904993 7.250651
83.937408 7.435139
83.968371 7.511284
83.999435 7.583948
84.030423 6.847822
84.061484 5.915112
84.093846 6.187145
84.124871 6.443514
84.155964 6.70876
84.187057 6.987668
84.218359 7.093923
84.250806 7.406508
84.281845 7.258222
84.312785 6.039294
84.344006 6.217429
84.375261 6.540284
84.407802 6.74705
84.428661 6.922836
84.45971 7.362736
84.490782 8.066489
84.521811 7.709261
84.554192 6.148507
84.585192 6.428982
84.616211 6.722161
84.647214 6.912567
84.678405 7.104278
84.710802 7.300167
84.741836 7.760256
84.772858 7.095141
84.803878 6.044254
84.835014 6.268512
84.867633 6.45709
84.898696 6.671427
84.929825 7.355252
84.960996 7.972679
84.992072 8.079282
85.024433 7.23107
85.045352 5.90728
85.076382 6.117179
85.107651 6.408618
85.138753 6.576485
85.171178 6.781685
85.202184 7.810294
85.233199 8.18806
85.264293 7.165629
85.295609 6.682131
85.327974 7.014819
85.359147 7.338979
85.390155 7.460463
85.421129 7.584383
85.452377 7.577247
85.484781 7.479956
85.515821 7.534693
85.546793 6.348224
85.577871 6.305844
85.608982 6.519398
85.641355 6.877932
85.672422 6.866358
85.713616 7.079912
85.744711 7.024565
85.7759 6.923793
85.808315 6.917701
85.839558 6.261985
85.870647 5.553271
85.90173 5.600525
85.932822 5.798066
85.965282 5.987428
85.996286 6.163127
86.027282 6.607204
86.058269 6.872537
86.089236 6.329514
86.121592 5.270969
86.152877 5.61088
86.183967 5.817995
86.214994 5.93652
86.246065 6.085764
86.278552 6.355447
86.309601 6.520094
86.340548 6.738173
86.371829 7.03466
86.40298 0.160818
86.679491 0.433808
86.710496 0.954117
86.741531 1.621756
86.772516 2.326554
86.803647 2.656196
86.835964 3.169108
86.867158 3.678017
86.898312 3.992953
86.929311 4.109302
86.960448 4.412229
86.992922 4.671382
87.023991 4.71733
87.055052 4.906518
87.08606 5.06838
87.106943 5.078301
87.139399 6.376594
87.170478 7.397023
87.201469 7.624413
87.232452 7.639816
87.263536 7.946659
87.295913 8.103561
87.32698 8.224087
87.357978 7.778357
87.389115 5.284893
87.420318 5.495401
87.452907 5.946179
87.483978 6.296794
87.515092 6.514177
87.546163 8.017756
87.577276 8.249324
87.609727 6.542198
87.641015 6.773505
87.672113 7.085046
87.7032 7.234812
87.734299 7.41347
87.766724 7.655655
87.797767 7.765042
87.829016 7.672015
87.860065 7.605617
87.891412 6.936933
87.924055 6.962518
87.955146 7.136477
87.986406 7.019257
88.017472 6.944853
88.048587 7.242819
88.081082 7.194347
88.112192 6.405659
88.143269 6.630787
88.174262 6.861485
88.205398 7.069469
88.237768 7.51111
88.268836 7.859723
88.289663 7.852413
88.320732 6.746441
88.351982 5.268881
88.384524 5.524641
88.415717 5.734018
88.446836 6.042339
88.477844 6.720508
88.508867 8.049781
88.541384 8.199982
88.572458 7.655307
88.603546 5.618886
88.634552 7.329667
88.665587 8.484895
88.698591 9.587038
88.729621 10.37912
88.760564 6.160603
88.822252 6.304974
88.853324 6.65759
88.885952 6.801352
88.916975 9.133301
88.948027 9.471124
88.979026 9.415255
89.010421 9.599395
89.043031 7.585427
89.074096 8.312851
89.105176 8.69053
89.126054 9.343287
89.157246 7.352293
89.230631 7.769742
89.261787 8.17431
89.293161 8.539458
89.324454 10.115441
89.355679 10.880545
89.388244 11.263445
89.419571 7.422782
89.583051 7.464205
89.614077 7.681849
89.645183 7.636597
89.677509 7.39067
89.708554 7.30417
89.7397 6.993411
89.770668 6.776551
89.801682 6.948246
89.834066 6.597632
89.865069 6.32995
89.896286 4.316852
89.978499 4.578094
90.009733 5.057938
90.042243 5.512458
90.073421 6.00579
90.1045 6.319681
90.13568 0.443294
90.594635 0.882411
90.627157 1.664745
90.658246 2.280344
90.689226 2.522703
90.720226 3.303558
90.751276 3.673318
90.783626 4.08598
90.814711 4.662593
90.845871 4.973526
90.876961 4.099469
91.010018 4.065095
91.042607 4.738216
91.07362 5.253391
91.104689 5.618277
91.135813 5.097533
91.167989 0.991885
91.516057 1.359121
91.547141 2.182183
91.57823 2.842599
91.609287 3.319745
91.640409 4.015753
91.672741 4.999545
91.70374 5.939391
91.734728 6.316983
91.765734 6.571264
91.796739 4.709933
91.931016 4.920442
91.962028 5.326925
91.993035 5.89179
92.02405 6.131625
92.055179 6.458395
92.087665 6.996283
92.121336 7.512328
92.152405 0.057609
92.437841 0.530751
92.469062 1.586164
92.501464 2.412967
92.532554 3.303906
92.563587 4.11374
92.594625 4.85735
92.625722 5.399937
92.658259 5.871862
92.689401 6.526012
92.720531 7.092443
92.843379 7.309478
92.874505 7.503017
92.906982 7.847801
92.938073 8.181011
92.969083 8.458701
93.000081 8.706716
93.031224 8.942722
93.063777 9.253828
93.094949 7.818126
93.268533 7.901233
93.299754 8.089724
93.331022 8.10182
93.363383 8.138544
93.394451 8.274909
93.425528 8.374637
93.456797 8.38099
93.487946 8.525795
93.520385 8.603507
93.551509 7.21297
93.623309 7.428612
93.654336 7.696381
93.68534 7.97616
93.717748 8.233051
93.748793 8.497165
93.779969 8.793303
93.811009 8.917137
93.842099 8.063617
93.976243 8.293358
94.007266 8.340089
94.038271 8.630223
94.069374 8.916702
94.100428 8.993282
94.132839 9.349292
94.163935 9.577118
94.19504 9.732714
94.226413 7.792716
94.379915 8.026459
94.412722 8.307716
94.443891 8.696273
94.475258 8.862922
94.506403 8.98397
94.537515 9.32188
94.559792 9.538218
94.590807 9.65918
94.621832 7.349596
94.764794 7.493618
94.795865 7.659136
94.828335 7.873821
94.859463 8.037946
94.890598 8.211643
94.921859 8.455133
94.952976 8.555383
94.985342 9.004769
95.016329 9.154448
95.047397 7.792803
95.119498 8.004007
95.150916 8.413101
95.183409 8.754752
95.214545 9.037489
95.245628 9.348422
95.276862 9.61358
95.308058 9.780664
95.340805 9.995349
95.371948 8.025327
95.505047 7.718224
95.536239 8.060485
95.567557 8.230527
95.600198 8.315896
95.631522 8.554774
95.662636 8.566348
95.693876 8.780424
95.725103 8.840731
95.757545 8.954644
95.788595 6.993498
95.870928 7.084002
95.902545 7.473429
95.934206 7.715091
95.966717 8.011839
95.997785 8.354535
96.028908 8.501951
96.059926 8.688876
96.090925 9.033225
96.123391 8.808794
96.22583 9.065163
96.257135 9.281762
96.28859 9.517768
96.319984 9.81382
96.352633 10.040427
96.383769 10.305585
96.414966 10.617127
96.446275 10.953731
96.47745 7.820389
96.632089 7.823348
96.663155 7.986341
96.694137 8.478629
96.725135 8.769111
96.756174 9.258962
96.788403 9.24382
96.819361 9.436576
96.850393 9.583209
96.881423 7.269622
97.044831 7.402244
97.077276 7.662094
97.108311 7.755296
97.139571 7.787233
97.1706 7.796632
97.201709 8.075975
97.234286 8.519356
97.265392 8.827677
97.296469 7.352119
97.398953 7.623717
97.43005 8.067969
97.462618 8.420324
97.493839 8.476628
97.525073 8.660942
97.556157 8.845778
97.587319 9.173158
97.619787 8.806009
97.762846 8.999112
97.79391 9.159843
97.825167 9.250608
97.856292 9.341199
97.888774 9.597046
97.919849 9.538044
97.950858 9.331365
97.981907 9.326666
98.012978 8.170133
98.106601 8.360539
98.137777 8.593847
98.168786 8.85918
98.199788 9.044364
98.230877 9.182904
98.263241 9.331539
98.294348 9.618192
98.325447 9.648737
98.346291 10.079674
98.377351 9.868818
98.409843 8.568611
98.45118 8.818366
98.482223 9.232856
98.513278 9.548661
98.544391 10.093424
98.576849 10.361976
98.607928 10.679087
98.638946 7.930734
98.781936 8.163259
98.813084 8.316419
98.845698 8.734911
98.876737 9.149401
98.907725 9.229288
98.938721 9.622021
98.969746 9.849412
99.002025 9.936609
99.033063 7.438533
99.196523 7.509021
99.227639 7.666184
99.258845 7.868425
99.281319 7.987821
99.312437 8.107999
99.343443 8.22313
99.374592 8.430767
99.40559 8.801484
99.438164 6.8587
99.601608 6.772809
99.632857 7.057286
99.663985 7.394151
99.695002 7.61867
99.727408 7.814123
99.758417 7.983905
99.789425 8.209903
99.820448 8.691226
99.851517 7.406769
100.006064 7.716832
