2e-05 0.028543
0.032343 0.033155
0.268594 0.034983
0.340442 0.026715
0.452963 0.033155
0.535055 0.039334
0.596596 0.034983
0.679919 0.032285
0.721136 0.038377
0.762275 0.038028
0.80343 0.039682
0.834514 0.043772
0.866906 0.064396
0.897907 0.065876
0.928908 0.072228
0.959988 0.07423
0.991101 0.082236
1.023564 0.083976
1.054685 0.092592
1.085711 0.092766
1.116703 0.096856
1.14771 0.100946
1.180049 0.107734
1.21126 0.117132
1.242506 0.125747
1.273532 0.132883
1.304847 0.141934
1.337265 0.149766
1.368432 0.159338
1.399692 0.164908
1.430939 0.177439
1.462363 0.190144
1.484778 0.205895
1.516095 0.213205
1.547339 0.215903
1.578488 0.216164
1.60975 0.219645
1.642374 0.219123
1.673738 0.217556
1.705016 0.221124
1.726207 0.223126
1.757656 0.224518
1.790391 0.231567
1.821663 0.240008
1.852956 0.239573
1.884118 0.240269
1.915405 0.239312
1.948039 0.252801
1.979364 0.276906
2.010639 0.303274
2.041697 0.334341
2.072761 0.362188
2.105058 0.404307
2.136059 0.44164
2.167036 0.494202
2.197994 0.544327
2.229023 0.58575
2.261312 0.617948
2.28216 0.652148
2.313199 0.682084
2.34426 0.714631
2.375293 0.758838
2.407671 0.795127
2.438724 0.847775
2.469743 0.888763
2.500721 0.945937
2.531691 0.99641
2.564061 1.066464
2.595107 1.145915
2.626098 1.219537
2.657165 1.308039
2.688173 1.3995
2.720569 1.497923
2.752018 1.598347
2.783351 1.711041
2.81473 1.805113
2.845889 1.933037
2.878427 2.079409
2.909603 2.218123
2.940629 2.375373
2.971701 2.512173
3.002844 2.660025
3.035252 2.803003
3.066348 2.522877
3.107616 3.082869
3.138751 3.506321
3.169881 3.758078
3.202356 4.048038
3.233419 4.366106
3.264554 4.684088
3.295759 4.965606
3.326917 5.120768
3.359369 5.325446
3.3904 5.77779
3.421575 6.201852
3.452853 6.592323
3.484301 7.089833
3.516836 7.338109
3.54796 8.108173
3.57916 8.681653
3.610323 8.969438
3.641488 9.951229
3.673825 10.61382
3.704834 9.24443
3.756274 9.170895
3.787461 9.454416
3.818658 9.280892
3.851232 8.771287
3.883644 7.474821
3.915713 6.343699
3.947692 4.953771
3.980266 4.759972
4.022787 4.424325
4.055366 3.059546
4.087622 3.807594
4.120128 4.961255
4.140948 6.132582
4.171998 7.076953
4.203088 8.199721
4.234259 9.205269
4.266554 10.10961
4.297562 10.478935
4.328734 8.749705
4.410919 8.953077
4.442082 9.342852
4.474524 9.530386
4.505486 9.889616
4.536511 9.962716
4.567553 10.369982
4.598599 10.563608
4.630983 10.689704
4.661978 10.669341
4.692932 8.556863
4.764857 8.812623
4.796108 9.062987
4.82844 8.822282
4.859474 6.925446
4.890689 5.496793
4.921751 4.728556
4.952707 5.816689
5.036143 5.049844
5.067177 3.682543
5.098203 2.276602
5.129197 2.907083
5.160357 4.250018
5.192735 5.579987
5.22383 6.484763
5.254858 7.150139
5.285833 8.971091
5.317196 11.638165
5.349969 12.733782
5.381276 9.335455
5.463445 9.342504
5.494992 9.586516
5.526573 9.66153
5.55951 9.61506
5.580577 9.592869
5.611617 9.602702
5.642892 9.55336
5.674349 9.566414
5.706986 9.718095
5.738407 10.036163
5.769732 8.42746
5.811228 8.747007
5.842396 9.261747
5.874759 9.646562
5.9059 9.993174
5.936894 10.346225
5.967862 10.709458
5.999191 7.033268
6.031905 7.410773
6.062918 7.991737
6.09388 8.84456
6.125026 12.124361
6.156106 8.582708
6.188621 8.682349
6.219744 8.975442
6.250794 9.365826
6.281791 9.958277
6.312901 11.3355
6.34533 11.726667
6.376373 8.232007
6.407467 8.601505
6.43869 9.240165
6.469855 10.470929
6.502218 8.548682
6.543373 8.842645
6.57443 9.184645
6.605431 9.520553
6.636467 9.822087
6.668821 10.465011
6.699854 10.800919
6.730892 8.916702
6.761949 9.139567
6.793138 9.958539
6.825574 11.658006
6.856636 8.710632
6.908155 9.053328
6.939283 9.429701
6.970423 9.561454
7.002875 10.073844
7.033986 10.786212
7.065093 8.927057
7.096113 9.10676
7.127326 9.796067
7.159866 10.369112
7.190908 10.78247
7.222129 9.456417
7.253304 8.497861
7.284345 6.618778
7.316688 5.826349
7.347748 6.403745
7.378783 5.661963
7.409811 3.930906
7.44099 2.402786
7.473436 2.032417
7.504481 3.153096
7.535477 4.970654
7.566566 6.08559
7.597624 7.292509
7.629877 8.118442
7.660898 9.44493
7.691895 11.080436
7.722907 8.140372
7.845736 8.077715
7.87821 8.489855
7.909217 8.825676
7.940322 8.765543
7.971281 8.819323
8.002364 8.912525
8.034774 9.218149
8.065804 8.980141
8.09683 9.088572
8.127842 8.287788
8.158828 7.706563
8.191191 7.978509
8.222277 8.151249
8.253356 8.47976
8.284596 8.760409
8.315774 9.205356
8.348225 9.591476
8.379199 9.769786
8.410261 9.8562
8.441388 8.531452
8.513435 8.020193
8.545952 6.995848
8.576941 5.785448
8.608006 3.872078
8.639054 3.275015
8.67016 2.529926
8.70254 1.530556
8.733627 1.875514
8.795343 2.303144
8.826398 3.278757
8.857532 3.966672
8.889919 4.646407
8.920962 5.437792
8.952045 5.981162
8.983059 6.433159
9.014089 6.79587
9.046456 9.241297
9.087646 9.541438
9.118647 9.746638
9.149659 9.981077
9.18072 10.133976
9.213198 10.136761
9.244241 10.184189
9.275295 10.206553
9.306303 9.177683
9.368116 9.304736
9.400523 9.247301
9.431643 9.968198
9.452543 10.323947
9.483587 10.594327
9.514627 10.441341
9.547066 9.871864
9.57813 8.179097
9.609111 8.465228
9.680934 7.633812
9.711993 6.040251
9.744484 4.756665
9.77564 3.891223
9.80683 3.037182
9.837964 2.185577
9.869001 2.485457
9.901449 3.12873
9.932633 3.417123
9.963891 4.008791
9.994957 4.309977
10.026148 5.382707
10.058783 5.816428
10.089954 6.002483
10.121054 6.220649
10.152278 6.391127
10.183471 8.366022
10.215927 7.74581
10.246907 7.899057
10.278033 7.855894
10.30909 8.303278
10.340161 8.463835
10.372626 8.573136
10.403816 8.198416
10.434915 6.23144
10.4661 7.257351
10.497146 6.39452
10.529532 5.512545
10.5504 4.797304
10.581402 3.739368
10.612417 2.945199
10.643445 2.229697
10.675619 1.693811
10.706657 2.337779
10.73771 2.872012
10.768702 3.320789
10.799733 3.67619
10.832072 3.854587
10.863263 4.098598
10.89415 4.500731
10.92517 4.816449
10.956185 5.250345
10.988559 5.566847
11.019587 5.778399
11.050628 5.70443
11.091839 5.876126
11.12287 6.120399
11.155278 6.452478
11.186482 6.71137
11.2175 7.034138
11.248443 7.43044
11.279455 7.382316
11.31176 7.153272
11.342904 0.778766
11.861756 0.866572
11.892996 1.226325
11.924097 1.879082
11.956627 2.289395
11.987819 2.683695
12.01888 3.110281
12.049917 3.328447
12.081022 3.546961
12.113439 3.732929
12.144481 3.980509
12.175491 4.197369
12.206487 4.359841
12.237504 4.51596
12.269968 5.131907
12.301908 7.948312
12.334138 6.324641
12.366589 6.443775
12.398522 6.538543
12.430608 6.622433
12.46332 6.702059
12.496068 6.764019
12.528509 6.785862
12.56068 6.677693
12.592762 5.5618
12.624777 6.392954
12.656725 7.963367
12.688612 8.075714
12.720418 8.053262
12.752602 8.203028
12.78479 8.217561
12.816765 8.260463
12.848642 6.633746
12.880957 8.057613
12.913248 8.414928
12.945116 8.476715
12.977028 8.721684
13.009191 8.824545
13.041129 8.978575
13.07315 9.000418
13.105372 8.912177
13.137542 9.079782
13.169562 8.871798
13.20176 8.898514
13.233651 8.876323
13.265616 8.737174
13.297552 8.586015
13.329593 8.624131
13.3616 8.39413
13.39359 7.763911
13.425608 7.411121
13.456644 7.379879
13.487645 7.433137
13.518668 7.899667
13.549695 7.826654
13.582223 8.158298
13.613275 8.002005
13.644387 7.806204
13.675562 6.978269
13.706732 7.061637
13.739249 7.629809
13.77041 7.280848
13.801502 6.296707
13.83255 5.647778
13.863626 4.641534
13.896056 4.133756
13.927274 4.52823
13.958308 4.370371
13.989423 3.704385
14.020763 3.145699
14.053125 3.226108
14.084334 3.72266
14.115367 4.210336
14.146531 4.78721
14.177606 5.173417
14.210209 5.333974
14.24241 5.59539
14.274614 6.090724
14.306679 6.767848
14.338659 8.252457
14.370778 8.336347
14.402643 8.609946
14.433738 8.890595
14.464768 8.828722
14.495773 8.616125
14.526793 8.25733
14.55938 6.837031
14.591601 7.451673
14.623932 8.545463
14.656239 8.670688
14.688426 8.715331
14.720602 8.514569
14.752873 8.472712
14.784847 6.02302
14.816778 8.258461
14.848931 8.435031
14.88093 8.311197
14.912816 8.402919
14.945477 8.014972
14.977358 7.944918
15.008362 8.074147
15.039499 7.777051
15.070622 7.804725
15.101743 7.890964
15.1341 8.457657
15.165246 8.556863
15.196368 9.040187
15.227532 8.720901
15.258666 9.04245
15.280962 9.009294
15.312012 9.138784
15.343109 8.06092
15.374208 7.587168
15.405248 7.968502
15.437671 7.474734
15.468913 6.543591
15.499965 5.629938
15.531046 4.914872
15.562208 4.035072
15.594669 3.514676
15.625715 3.76652
15.656733 4.010705
15.687757 3.957709
15.719099 3.959101
15.751612 4.318679
15.782885 5.143916
15.813979 5.972286
15.845067 6.674038
15.876149 6.643319
15.908545 7.196174
15.940704 8.112872
15.972844 8.771026
16.005105 8.794261
16.037249 9.292031
16.069634 9.9655
16.101689 10.140155
16.133678 10.238578
16.165613 10.499994
16.19667 10.527319
16.227735 10.503562
16.258799 6.958515
16.30022 7.076344
16.332568 8.463835
16.353424 8.87145
16.384411 8.735085
16.415447 8.614385
16.446539 8.399699
16.478884 8.050912
16.509908 8.264727
16.561251 8.053349
16.592244 7.075909
16.623249 6.012926
16.655499 4.939413
16.686536 4.014099
16.71753 3.177723
16.748545 3.809683
16.779775 4.873449
16.812303 6.464835
16.844572 8.565217
16.876692 9.704171
16.908754 11.087311
16.939759 12.359497
16.970837 9.217627
17.063013 9.320836
17.094061 9.291074
17.126462 9.248955
17.157505 9.071254
17.188519 8.784079
17.219534 8.113656
17.250619 6.713633
17.374618 5.516113
17.405647 4.115829
17.436705 2.889678
17.467785 2.946243
17.49888 3.93047
17.531325 4.755185
17.563284 5.728883
17.595172 6.884198
17.626197 8.231832
17.657164 11.848934
17.688111 7.044842
17.882303 7.013252
17.914863 6.769676
17.946082 5.432484
17.977274 3.197129
18.161178 2.439683
18.192283 1.901708
18.224599 2.385381
18.255627 3.618407
18.286674 4.708976
18.31773 5.363997
18.348838 5.849062
18.381249 6.42202
18.413114 8.791389
18.496704 8.909653
18.527788 9.113025
18.558793 8.889464
18.5898 8.958908
18.620847 8.604029
18.6532 8.785732
18.685246 8.604986
18.716357 8.849868
18.747401 9.279848
18.778553 9.499754
18.809596 8.68818
18.882687 8.795914
18.914797 8.883285
18.945942 8.779467
18.977129 8.712546
19.008219 8.653023
19.039394 8.443733
19.072081 8.642493
19.103327 8.927145
19.134434 8.779989
19.206201 8.874409
19.237479 9.009816
19.269919 9.157494
19.301109 9.258353
19.332231 9.295773
19.363274 9.399852
19.394286 10.172353
19.426935 10.654808
19.458028 11.071734
19.489219 9.397851
19.561074 9.405248
19.592219 9.421608
19.624728 9.522815
19.656808 9.358777
19.688889 9.702779
19.720772 9.149401
19.752751 8.928102
19.784611 8.91618
19.81665 8.860659
19.848535 8.555383
19.880527 8.463748
19.912396 8.486113
19.944199 8.250194
19.976077 7.937086
20.008486 7.854502
20.040433 7.736934
20.072862 7.570285
20.105143 7.550531
20.137436 7.295032
20.169931 7.209141
20.20186 7.048845
20.234046 7.009859
20.26643 6.957993
20.298448 7.008901
20.331052 7.048497
20.362256 6.894031
20.393375 6.829982
20.424651 6.726425
20.455923 6.707367
20.488716 6.706149
20.509721 6.634964
20.54098 6.63305
20.57204 6.65089
20.603357 6.678128
20.635879 6.737042
20.667124 6.564128
20.698371 5.466597
20.729674 6.565433
20.761008 7.241078
20.79358 7.312698
20.82468 7.300167
20.856008 7.289985
20.88705 7.281109
20.918343 5.046277
20.950873 5.074646
20.983414 6.917614
21.015982 7.109848
21.048848 7.270231
21.08124 7.444537
21.1131 7.653914
21.145606 7.835009
21.178101 8.94159
21.210684 8.815059
21.243268 8.760061
21.275958 8.103474
21.308555 8.208162
21.341189 8.250194
21.373491 8.039686
21.405354 7.715091
21.437215 7.449846
21.469143 7.330276
21.500916 7.142829
21.532773 6.902124
21.564698 7.088962
21.595865 7.260484
21.62705 7.200177
21.658344 7.204616
21.68965 7.533562
21.722458 7.449933
21.755041 7.25039
21.787819 6.973396
21.819198 6.117179
21.850495 6.074625
21.881693 6.0198
21.912733 6.709108
21.94508 7.787407
21.976113 7.618148
22.007359 7.619018
22.038641 6.375724
22.069917 5.316395
22.102613 6.952162
22.133933 7.25709
22.165361 7.399547
22.196666 7.550183
22.227874 7.706563
22.260301 7.833355
22.292231 7.813166
22.32412 6.148333
22.355918 7.801157
22.387808 7.592389
22.419664 7.49562
22.451571 7.811948
22.483782 7.607792
22.515735 7.715961
22.547773 7.803071
22.579825 7.819954
22.6117 7.862334
22.643723 7.617713
22.675693 7.757906
22.707656 7.842841
22.739703 8.201287
22.771609 8.311893
22.80348 8.671036
22.835386 7.83057
22.867509 6.390953
22.899537 6.308629
22.931515 6.323423
22.963435 7.07382
22.995364 7.969807
23.02741 7.997567
23.059378 7.996436
23.0913 6.910392
23.123136 6.713111
23.155037 6.774462
23.186956 7.524772
23.218953 7.598742
23.250897 7.576029
23.283062 7.264661
23.315199 7.384144
23.346318 7.539044
23.37755 7.34655
23.408788 7.212709
23.440101 7.185384
23.472712 7.349944
23.504904 7.230983
23.537 7.083828
23.568891 7.013252
23.60098 7.048323
23.633074 6.906127
23.654772 6.876888
23.686906 6.209075
23.718091 6.175136
23.749128 7.295728
23.78023 7.451934
23.81128 7.896708
23.843711 8.108956
23.874764 8.125491
23.905836 5.555534
23.936891 5.579639
23.967944 5.710695
24.0003 7.43627
24.031491 7.548182
24.062777 7.633029
24.093972 7.709696
24.124987 7.749813
24.157449 7.463247
24.190061 6.827894
24.222102 6.977747
24.2541 7.631288
24.286139 8.074408
24.318047 8.456786
24.349894 8.08955
24.381804 7.513198
24.413643 7.59587
24.445487 7.741633
24.47732 8.403789
24.509222 8.426154
24.541521 8.437554
24.573559 8.36637
24.605368 8.54407
24.637282 8.441557
24.669242 8.048214
24.701271 7.993303
24.733577 7.595609
24.76564 7.347246
24.798044 7.726491
24.829993 8.051347
24.861927 7.870079
24.894014 8.175703
24.926079 8.027938
24.958345 7.078955
24.990291 7.674103
25.02254 8.333388
25.055049 8.162997
25.087502 8.022021
25.119536 7.94135
25.151505 7.8297
25.183791 7.972679
25.215664 7.286156
25.247648 6.385905
25.279482 7.159973
25.311408 7.276409
25.343353 7.434356
25.375207 7.468991
25.407009 7.387189
25.438877 7.293205
25.471241 6.98175
25.50356 6.961474
25.53578 6.495032
25.567763 6.364759
25.598806 7.336716
25.629888 7.395631
25.660995 7.39067
25.692195 7.610751
25.724574 7.593433
25.756875 7.544265
25.788913 7.288767
25.8209 6.10517
25.852013 7.0753
25.883034 7.349509
25.914066 7.34507
25.945173 7.261354
25.977626 7.31644
26.009614 7.395108
26.041469 7.40616
26.073574 7.461072
26.105518 7.478215
26.137289 7.907934
26.169089 7.822042
26.201159 7.568893
26.233072 7.573331
26.264925 7.505018
26.2968 7.540785
26.328677 7.54531
26.360534 7.897056
26.392608 7.749204
26.414342 7.468904
26.446237 7.362562
26.478215 7.357167
26.510453 7.25448
26.543012 7.534867
26.575093 7.72945
26.607071 7.798198
26.63901 7.706302
26.670866 7.773483
26.702769 7.083393
26.734736 6.480673
26.76696 6.58919
26.79958 6.663943
26.831958 6.907085
26.864454 6.958515
26.896838 7.318093
26.92929 7.492139
26.961636 6.634703
26.994189 6.042861
27.027185 6.126664
27.059638 7.500058
27.092288 7.83614
27.124536 7.90863
27.157114 7.992346
27.189403 7.862769
27.221975 6.878193
27.254117 5.808074
27.286049 5.667271
27.318379 6.3048
27.350455 6.915091
27.382396 7.027611
27.414299 6.94668
27.446432 6.810054
27.47858 6.92066
27.509675 7.170155
27.54073 7.149791
27.571731 6.77159
27.602797 7.242993
27.635293 7.439055
27.666341 7.668447
27.697371 7.691421
27.728479 7.722314
27.759648 7.792977
27.792094 6.734954
27.823128 5.791105
27.854165 5.940784
27.885189 5.307432
27.91622 4.685306
27.948527 4.037595
27.979627 3.259699
28.010701 2.715806
28.041697 2.243534
28.072689 2.700403
28.105324 3.253868
28.136333 3.825956
28.167452 4.367847
28.198615 5.067945
28.229956 6.43342
28.262464 7.870427
28.294689 8.900951
28.326771 9.268448
28.358786 9.456852
28.390676 8.773114
28.442916 8.888071
28.474958 8.606814
28.506874 8.497252
28.528592 8.371678
28.560422 7.844494
28.592446 7.64878
28.624316 7.191736
28.65619 6.922575
28.688588 6.551945
28.720571 6.367892
28.752897 6.209684
28.784827 6.388777
28.815824 6.474756
28.84686 6.449867
28.877785 6.454044
28.908858 7.183382
28.941189 7.225327
28.972236 7.24482
29.003279 7.279716
29.034364 7.333844
29.065679 7.393629
29.098127 7.373353
29.130061 7.314873
29.162312 7.053805
29.194204 5.127556
29.216093 6.96774
29.248558 7.464901
29.280573 7.538609
29.312702 7.629809
29.344833 7.604833
29.376983 7.517114
29.408923 7.597175
29.440855 6.310108
29.472917 6.232136
29.50514 6.819105
29.537225 7.594217
29.569574 7.507107
29.601618 7.63242
29.633493 7.680543
29.665356 7.659571
29.697176 7.603876
29.7291 6.676474
29.761136 7.195565
29.793212 7.679934
29.825462 7.880957
29.85774 7.703256
29.889794 7.650607
29.921733 7.51842
29.953668 7.639642
29.985513 7.629896
30.017506 6.514003
30.049383 7.266054
30.081606 7.637032
30.113733 7.540001
30.14573 7.699166
30.177667 7.494575
30.209611 7.409032
30.241663 7.348812
30.274142 7.240991
30.30636 5.839315
30.338457 6.335171
30.370456 6.98001
30.402534 7.037445
30.434424 7.109413
30.466677 7.13639
30.498739 6.985666
30.530749 6.833986
30.563114 6.717897
30.595432 6.51174
30.627684 6.469099
30.658744 6.147811
30.689785 6.443862
30.720943 6.425588
30.752125 6.571525
30.784533 6.686308
30.815641 6.762105
30.846928 6.925446
30.877944 6.972787
30.909082 5.906323
30.941519 5.911457
30.972521 5.941741
31.003508 6.120486
31.034485 7.091921
31.065503 7.020823
31.097811 7.041013
31.128936 7.285721
31.159953 7.331843
31.190988 5.586427
31.222015 5.423346
31.254363 5.505322
31.285458 7.089745
31.316523 6.958776
31.347522 6.918398
31.378554 7.022651
31.41085 7.079999
31.443089 6.563867
31.47526 5.968457
31.507162 5.976724
31.539313 6.743656
31.571132 7.32549
31.603128 7.061811
31.635287 7.011251
31.667289 7.160147
31.69959 7.080956
31.731986 6.223434
31.764182 6.111
31.796468 6.081674
31.828389 6.829199
31.860373 6.993237
31.89227 7.009685
31.92482 6.944679
31.957236 7.045016
31.989655 7.137869
32.020966 5.970894
32.052179 6.013448
32.0832 6.940414
32.114261 7.475082
32.146641 7.407205
32.177682 7.370829
32.208674 7.44593
32.239688 7.388669
32.270795 7.388321
32.303196 5.832962
32.335179 5.83305
32.367151 6.705888
32.399048 7.562975
32.430834 7.223238
32.462933 7.217495
32.495599 7.043536
32.528131 6.949813
32.560828 6.970959
32.593443 6.001787
32.626054 6.051129
32.658059 6.445342
32.690515 6.822499
32.722661 6.92153
32.755362 7.015515
32.787317 7.091573
32.819248 7.038228
32.851232 7.024391
32.883319 5.94966
32.914449 6.689267
32.945428 7.51111
32.976751 7.229417
33.008058 7.552794
33.04061 7.577334
33.07271 7.576986
33.104721 7.711262
33.136707 7.000373
33.169009 5.816602
33.201117 7.141959
33.233132 7.552707
33.265207 7.372918
33.297599 7.093226
33.328738 7.105497
33.359824 7.061637
33.390877 7.238554
33.421963 7.176072
33.454289 6.527056
33.485448 6.174353
33.516541 7.066684
33.547621 7.054066
33.578827 7.086352
33.611465 7.158755
33.632496 7.263008
33.663777 7.366739
35.986598 7.519638
36.017682 7.605181
36.049717 7.567065
36.080749 7.483959
36.111831 7.529994
36.142841 7.590301
36.173912 7.289811
36.206661 7.416516
36.237917 7.463073
36.26887 7.225066
36.299926 7.331234
36.3309 7.29947
36.363388 7.458113
36.394473 7.27406
36.425526 7.335933
36.456626 7.264487
36.487666 7.181816
36.520077 6.681174
36.55109 6.943721
36.582079 7.250216
36.613096 7.295554
36.64413 7.199568
36.676398 7.254741
36.707447 7.326186
36.738528 7.596305
36.769524 7.474995
36.800717 7.029961
36.83308 6.947202
36.864128 6.833899
36.895305 6.81632
36.926379 6.914134
36.95755 6.785688
36.989968 6.566565
37.021005 6.499644
37.052038 6.885851
37.08325 7.54618
37.114526 7.54383
37.147084 7.551575
37.178208 7.389017
37.209569 7.440099
37.240914 7.43862
37.272194 7.390496
37.304893 7.193738
37.336185 6.982707
37.367591 7.064683
37.398897 7.008553
37.430016 7.118811
37.462613 7.258657
37.493753 7.243254
37.524896 7.281544
37.556077 7.203658
37.587098 7.610664
37.61959 7.545049
37.650678 7.26675
37.681733 7.464118
37.712768 7.420519
37.744079 7.377617
37.776654 6.988886
37.807937 7.339153
37.839022 7.436357
37.870081 7.346289
37.9012 7.460376
37.933665 7.391453
37.964693 7.379531
37.995783 7.352728
38.02687 7.362562
38.05806 7.245081
38.090587 7.071123
38.121808 7.220802
38.153028 7.217495
38.184308 7.346985
38.215609 7.353163
38.24807 7.392933
38.268955 7.471166
38.299987 7.516157
38.331317 7.526687
38.362577 7.528253
38.395209 7.486221
38.426322 7.404159
38.457368 7.373266
38.488414 7.41756
38.519572 7.474647
38.551905 7.42574
38.582937 7.495011
38.614023 7.510153
38.645184 7.600482
38.676353 7.397197
38.708718 7.387799
38.739745 7.352641
38.770783 7.218539
38.802022 7.299818
38.833209 7.363432
38.865774 7.351771
38.896857 7.285895
38.927838 7.453849
38.958845 7.367435
38.99014 7.433747
39.022533 7.462203
39.053527 7.467076
39.084422 7.255872
39.115443 7.306954
39.146479 7.284502
39.178794 7.135607
39.209819 7.341938
39.240944 7.556188
39.271935 7.377791
39.302973 7.471253
39.335236 7.663052
39.36632 7.302342
39.397646 7.354556
39.428706 7.317484
39.459852 7.315657
39.492241 7.180075
39.523193 7.036226
39.554396 7.183556
39.585413 6.986624
39.616453 7.074778
39.648854 7.498492
39.67995 7.479521
39.710989 7.480391
39.74204 7.528166
39.773122 7.502669
39.80551 7.485003
39.836558 7.372047
39.86763 7.457156
39.89877 7.411034
39.929975 7.404681
39.962297 7.330799
39.993323 7.307128
40.024501 7.47134
40.055585 7.564716
40.086772 7.585079
40.11929 7.473081
40.150425 7.416342
40.181517 7.529994
40.212565 7.557493
40.243846 7.51694
40.276381 7.448889
40.307372 7.353599
40.338485 7.260832
40.369475 7.433834
40.400521 7.258396
40.432856 7.417647
40.463934 7.307215
40.495007 7.229417
40.526175 7.558711
40.557388 7.626502
40.589916 7.645299
40.621024 7.639991
40.652067 7.524511
40.683098 7.280673
40.714242 7.373179
40.74672 7.379792
40.777814 7.376921
40.808838 7.115069
40.83985 7.272232
40.870988 7.228634
40.903587 7.354121
40.934662 7.381533
40.965598 7.599177
40.996677 7.589169
41.027808 7.370655
41.060111 7.402244
41.09118 7.45498
41.122229 7.179553
41.153282 7.096272
41.184368 7.24308
41.216765 7.333931
41.247793 7.312698
41.278977 7.406595
41.310073 7.436009
41.341309 7.323663
41.373682 7.413296
41.404636 7.435313
41.435691 7.350379
41.466734 7.243689
41.497705 7.179466
41.530052 7.292248
41.561516 7.199046
41.592826 7.324359
41.624086 7.284764
41.655199 7.153794
41.687646 7.494314
41.718651 7.486482
41.749732 7.402331
41.780802 7.351075
41.811882 7.317658
41.844172 7.294945
41.875165 7.350118
41.906156 7.442275
41.93723 7.371351
41.968264 7.235248
42.000669 7.435835
42.03178 7.569415
42.062876 7.55671
42.093943 7.577856
42.12501 7.349509
42.157276 7.037445
42.188368 7.319312
42.21935 7.486917
42.250401 7.617365
42.271281 7.575333
42.303729 7.593259
42.334802 7.540611
42.365809 7.525643
42.39684 7.597088
42.427998 7.246387
42.460509 7.124381
42.491577 7.004463
42.522611 7.098361
42.553648 7.143003
42.574512 7.176768
42.607175 7.088701
42.638272 7.183034
42.6694 7.163889
42.700637 7.40207
42.73181 7.478476
42.764409 7.206095
42.795495 7.176159
42.826586 7.238467
42.847479 7.212187
42.878588 7.308434
42.910936 7.380402
42.941957 7.431223
42.972965 7.39624
43.004023 7.567588
43.035043 7.525556
43.067422 7.475866
43.098511 7.430788
43.129556 7.428351
43.160589 7.404072
43.19168 7.297208
43.224009 7.258048
43.255038 7.422695
43.286104 7.221585
43.31717 7.626415
43.348201 7.677323
43.380687 7.566717
43.411724 7.338021
43.442823 7.520421
43.473823 7.495968
43.504845 7.448192
43.537422 7.43131
43.568468 7.38745
43.599418 7.291203
43.630441 7.274582
43.661469 7.417473
43.693789 7.328014
43.72484 7.234812
43.755906 7.233072
43.787044 7.28137
43.818341 7.426524
43.850612 7.519203
43.881626 7.499275
43.912672 7.513633
43.943731 7.49414
43.974804 7.564281
44.007098 7.655829
44.038064 7.659049
44.069067 7.417386
44.100118 7.221411
44.121066 7.414253
44.153398 7.517027
44.184401 7.438707
44.215475 7.511545
44.246671 7.53887
44.277745 7.444276
44.310168 7.551662
44.341247 7.669143
44.372367 7.632333
44.403476 7.114634
44.434573 7.117245
44.467171 7.118376
44.49836 7.190866
44.529428 7.305997
44.560454 7.310696
44.591481 7.197828
44.623808 7.313394
44.654918 7.584209
44.68597 7.459157
44.716996 7.17468
44.748033 7.218104
44.780262 7.05511
44.811271 6.991236
44.84254 7.215406
44.873584 7.089049
44.904695 7.139087
44.937079 7.186515
44.968091 7.592389
44.999087 7.281544
45.030092 7.189735
45.061185 7.240121
45.093661 7.304953
45.124742 7.2121
45.155777 7.299993
45.186784 7.255524
45.217923 7.206182
45.250488 7.197393
45.281628 7.403811
45.312758 7.591432
45.33378 7.45089
45.365058 7.51024
45.397642 7.34829
45.428918 7.463247
45.460109 7.367609
45.491348 7.46316
45.522514 7.466119
45.554989 6.933975
45.586075 7.513285
45.61708 7.693597
45.648054 7.371003
45.679134 7.52338
45.71155 7.484394
45.74268 7.537304
45.773709 7.485351
45.80475 7.525817
45.8358 7.032572
45.868174 7.02152
45.899254 7.100275
45.930296 7.132474
45.961381 7.008814
45.992476 7.123075
46.024842 7.122988
46.056036 7.090181
46.08714 7.309826
46.118317 7.747203
46.14942 7.735019
46.181798 7.761996
46.212843 7.731451
46.24399 7.620759
46.275273 7.543917
46.306548 7.558537
46.339129 7.520334
46.370229 7.413296
46.401458 7.46316
46.432597 7.448192
46.463765 7.477606
46.496361 7.58212
46.527412 7.734062
46.558451 7.83292
46.589478 7.753207
46.620599 7.671319
46.652929 7.548617
46.683866 7.49153
46.714813 7.550096
46.745843 7.646256
46.776872 7.629287
46.809442 7.596218
46.840633 7.540611
46.871859 7.418431
46.903087 7.682371
46.93435 7.707259
46.966851 7.494924
46.997929 7.433573
47.029088 7.308086
47.060188 7.406944
47.091286 7.439316
47.123748 7.438011
47.154937 7.358994
47.185954 7.469078
47.217049 7.536085
47.248156 7.667316
47.28066 7.699862
47.311743 7.653218
47.342962 7.521814
47.374129 7.468382
47.405228 7.506759
47.437625 7.675148
47.468675 7.597088
47.499873 7.610925
47.531203 7.523989
47.562762 7.543308
47.595425 7.770525
47.626759 7.715265
47.658048 7.665749
47.689216 7.323315
47.720247 7.644603
47.753064 7.602571
47.784257 7.577247
47.815348 7.545049
47.846446 7.385275
47.877494 7.410773
47.909961 7.433311
47.941003 7.54122
47.97188 7.265096
48.002847 7.220628
48.033835 7.261528
48.066154 7.236553
48.097394 7.32636
48.128593 7.424957
48.159753 7.380924
48.19082 7.237684
48.223217 7.434878
48.254315 7.653305
48.285348 7.467511
48.316804 7.578552
48.348065 7.569502
48.380887 7.269796
48.412033 7.431223
48.443143 7.589343
48.474365 7.445756
48.50557 7.203832
48.538362 7.623804
48.569375 7.649911
48.600422 7.089397
48.631434 7.296164
48.662555 7.48422
48.694993 7.128471
48.726029 7.194869
48.757325 7.406857
48.788389 7.463508
48.819479 7.202266
48.851957 7.299209
48.883121 7.341328
48.914034 7.217234
48.945031 7.33837
48.976271 7.488223
49.008823 7.354643
49.039901 7.399547
49.07098 7.453849
49.102098 7.524946
49.13333 7.47047
49.165951 7.750597
49.197265 7.565238
49.228716 7.561322
49.259971 7.435313
49.29115 7.51198
49.323878 7.557319
49.35493 7.407292
49.38629 7.492922
49.417472 7.262747
49.448681 7.183904
49.481098 7.578639
49.512145 7.59265
49.543303 7.655481
49.574561 7.527122
49.605697 7.406073
49.638135 7.416864
49.669613 7.583165
49.700793 7.684546
49.732085 7.616494
49.763376 7.439316
49.795815 7.362562
49.826878 7.527731
49.85806 7.56898
49.889221 7.524946
49.920413 7.660702
49.952823 7.637815
49.983969 7.634421
50.014991 7.621716
50.046046 7.624588
50.077298 7.550705
50.109783 7.454719
50.141002 7.497882
50.172203 7.456547
50.203402 7.415907
50.23482 7.428699
50.257192 7.28311
50.288482 7.497273
50.319696 7.516418
50.35097 7.337412
50.382257 7.430701
50.414844 7.533736
50.446061 7.584905
50.477288 7.657308
50.508569 7.650346
50.539931 7.686809
50.572402 7.564368
50.603504 7.599351
50.634572 7.529733
50.665743 7.487701
50.696874 7.489354
50.729326 7.345331
50.760363 7.427394
50.791458 7.431484
50.822495 7.613188
50.853609 7.574462
50.885951 7.663313
50.917024 7.786102
50.948052 7.794891
50.979066 7.650259
51.010103 7.710305
51.042441 7.761735
51.073588 7.735629
51.104577 7.640339
51.135644 7.645908
51.166959 7.605878
51.19957 7.697861
51.230841 7.748769
51.262102 7.737978
51.293366 7.637989
51.32469 7.707955
51.357383 7.733801
51.388585 7.763737
51.419833 7.637641
51.451094 7.460027
51.482503 7.554969
51.515203 7.593085
51.546445 7.65609
51.577837 7.708477
51.609121 7.573853
51.640472 7.563062
51.663009 7.356209
51.694372 7.628678
51.725695 7.6406
51.756949 7.595261
51.788337 7.368131
51.821136 7.566804
51.852305 7.492226
51.883431 7.637293
51.914515 7.737717
51.945595 7.600569
51.978018 7.305997
52.009049 7.492487
52.040312 7.601613
52.071615 7.608314
52.102973 7.562453
52.135791 7.446278
52.156868 7.583948
52.18814 7.551836
52.219436 7.669404
52.250754 7.744244
52.283147 7.314438
52.314231 7.33689
52.345342 7.556971
52.376576 7.632594
52.407881 7.525033
52.440475 7.570024
52.471701 7.525382
52.502779 7.551662
52.533934 7.725534
52.565153 7.679673
52.597719 7.513198
52.628794 7.54209
52.65993 7.658178
52.691042 7.702821
52.722241 7.753033
52.74466 7.777487
52.775958 7.772439
52.807126 7.783491
52.838157 8.055263
52.869262 7.747986
52.901668 7.71396
52.932689 7.688375
52.963701 7.715439
52.99479 7.660093
53.025835 7.699166
53.058232 7.665488
53.089255 7.673842
53.120265 7.730059
53.151235 8.106346
53.182299 8.077019
53.214622 7.890964
53.245661 7.994347
53.276661 7.974071
53.307728 7.833181
53.338892 7.962497
53.371173 7.886178
53.402252 7.938044
53.433334 7.940567
53.46457 8.042384
53.495751 7.950662
53.528352 7.958842
53.559581 7.978683
53.590926 7.770873
53.62233 7.782795
53.653652 7.825523
53.686223 7.759212
53.717326 7.694641
53.748376 7.823609
53.779481 7.902625
53.810697 7.846844
53.843156 7.957102
53.874209 8.060137
53.905239 8.053088
53.936366 8.015407
53.967502 8.059092
53.999944 8.026024
54.031049 7.962932
54.062256 7.967022
54.093517 7.930734
54.124727 7.971982
54.157295 8.079456
54.178258 8.064575
54.209326 8.021759
54.240391 7.97616
54.271508 7.97146
54.304002 8.013231
54.335188 8.006269
54.366307 7.845103
54.397452 7.678455
54.428627 7.526165
54.461158 7.36204
54.492526 7.74085
54.523709 7.669491
54.554996 7.781838
54.58626 7.835879
54.618762 7.813688
54.649808 7.614232
54.680856 7.76365
54.711913 7.592563
54.742984 7.407814
54.775444 7.263617
54.806578 7.386145
54.837694 7.354295
54.868985 7.252739
54.900217 7.368305
54.93276 7.38893
54.963707 7.133605
54.994749 7.64791
55.026067 7.615276
55.057328 7.417995
55.089683 7.299644
55.12072 7.499623
55.151827 7.586994
55.182946 7.480739
55.214017 7.575855
55.246391 7.439751
55.277465 7.306954
55.308382 7.519377
55.339435 7.6634
55.370424 7.605617
55.402613 7.449759
55.433707 7.417473
55.464765 7.198959
55.49608 7.555578
55.527156 7.836575
55.559796 7.801853
55.590819 7.742242
55.622105 7.728145
55.653401 7.790018
55.674341 7.826828
55.70682 7.825349
55.737938 7.605268
55.768986 7.361344
55.799951 7.182686
55.83105 7.303735
55.86348 7.391279
55.894455 7.319486
55.9255 7.369263
55.956568 7.375528
55.987599 7.289463
56.019988 7.757993
56.050977 7.724403
56.082008 7.421128
56.113009 7.438968
56.144066 7.500841
56.176445 7.495359
56.207488 7.463682
56.238526 7.438359
56.269562 7.320704
56.300606 7.2758
56.332901 7.465858
56.364003 7.703778
56.395206 7.906715
56.426453 7.795761
56.457542 7.845886
56.490033 7.932909
56.521263 7.823957
56.552277 7.751467
56.5834 7.763998
56.614419 7.725882
56.647004 7.711958
56.678111 7.678977
56.709424 7.557319
56.740702 7.496751
56.771832 7.637815
56.804257 7.706128
56.835578 7.90306
56.866836 7.841796
56.897938 7.732757
56.929084 7.910805
56.961585 7.792367
56.992851 7.670536
57.023964 7.781054
57.055136 7.650172
57.086367 7.692291
57.118984 7.729189
57.150288 7.626676
57.181715 7.693074
57.212774 7.587342
57.243933 7.701429
57.276401 7.694728
57.307497 7.807683
57.338661 7.651216
57.369726 7.551749
57.400803 7.551575
57.433408 7.729624
57.464449 7.801244
57.495708 7.695337
57.526903 7.898448
57.557973 7.672276
57.590358 7.753294
57.621446 7.6292
57.652771 7.664009
57.684101 7.589604
57.7154 7.412774
57.748326 7.433137
57.779733 7.48422
57.811029 7.386319
57.842237 7.437227
57.873289 7.421041
57.905631 7.740589
57.936628 7.799242
57.967767 7.868947
57.988651 7.908717
58.01973 7.838577
58.052031 7.701168
58.083112 7.725969
58.114165 7.71805
58.145315 7.543134
58.176537 7.592563
58.208883 7.605704
58.239908 7.712219
58.270968 7.72945
58.291791 7.860245
58.322929 7.843537
58.355353 7.683589
58.386423 7.79637
58.417491 7.759299
58.448554 7.486917
58.479589 7.638511
58.512236 7.592911
58.543437 7.595348
58.57442 7.587168
58.605427 7.608662
58.636472 7.695772
58.668834 7.791149
58.699869 7.773222
58.730858 7.647213
58.761921 7.591432
58.792946 7.649215
58.825235 7.551662
58.856397 7.417125
58.887472 7.655568
58.90835 7.582033
58.939387 7.658613
58.971831 7.700471
59.002846 7.827438
59.033851 7.812644
59.06485 7.795326
59.095889 7.811861
59.128252 7.622847
59.159306 7.554447
59.190401 7.593433
59.211309 7.391802
59.242436 7.545745
59.274824 7.629722
59.305844 7.66105
59.337006 7.752772
59.368093 7.487527
59.399158 7.879129
59.431356 7.886526
59.462445 7.888354
59.493441 7.746245
59.514367 7.555752
59.545576 7.115678
59.578174 7.446974
59.609396 7.490224
59.640488 7.557145
59.671618 7.499797
59.702963 7.587168
59.735474 7.626241
59.766746 7.785667
59.797956 7.867468
59.829015 7.516418
59.860009 7.421041
59.892362 7.448714
59.923639 7.327753
59.954713 7.283545
59.985877 7.296773
60.017003 7.175202
60.049362 7.330538
60.07026 7.349857
60.101309 7.561061
60.132359 7.974854
60.163444 7.638598
60.195854 7.827264
60.22691 7.851456
60.257943 7.629635
60.288981 7.645821
60.32019 7.59587
60.352646 7.52338
60.383629 7.261964
60.414664 7.476649
60.445697 7.798285
60.476701 7.583513
60.509012 7.684894
60.540234 8.002005
60.571383 8.023413
60.602428 8.009489
60.633578 7.956318
60.665931 7.661485
60.697009 7.592998
60.728151 7.570546
60.759343 7.583687
60.79043 7.519029
60.82282 7.55436
60.853876 7.504931
60.884869 7.520247
60.916056 7.844494
60.94725 7.960931
60.979782 7.901407
61.01094 7.86712
61.042088 7.937173
61.073136 7.839273
61.104217 7.646952
61.136552 7.808206
61.167605 7.92499
61.198596 7.753468
61.229561 7.855111
61.260576 8.024283
61.292797 7.94927
61.323752 8.009924
61.354752 7.994608
61.385761 7.729015
61.416938 7.74903
61.449271 7.753207
61.480267 7.742155
61.51138 7.729102
61.542662 7.809424
61.573715 7.867294
61.606222 7.790018
61.637282 7.901842
61.668308 8.12784
61.699361 8.164477
61.730501 8.195979
61.762865 8.248367
61.7939 8.228874
61.824902 8.232877
61.855917 8.157863
61.886997 8.084851
61.919442 8.037598
61.95047 8.024718
61.981509 8.030549
62.012504 8.064749
62.043613 8.068404
62.076294 7.983556
62.1075 7.865031
62.138642 8.121052
62.169709 7.926121
62.200748 7.78149
62.233222 7.602571
62.264252 7.833355
62.295538 7.67567
62.326736 7.642688
62.357831 7.714047
62.39025 7.721357
62.421299 7.681065
62.452406 7.869644
62.483537 7.922989
62.514563 7.78236
62.546982 7.428177
62.578011 7.574462
62.608951 7.597262
62.639976 7.569502
62.671013 7.598742
62.703485 7.740067
62.73477 7.692291
62.766045 7.539653
62.797042 7.878346
62.828118 7.842406
62.860455 7.767392
62.891441 7.67654
62.922436 7.677845
62.953413 7.745984
62.984445 7.5608
63.016679 7.658439
63.047625 7.767218
63.078607 7.722749
63.109637 7.590997
63.140868 7.690377
63.1733 7.789148
63.204404 7.542699
63.235419 7.497708
63.266475 7.584644
63.297549 7.599525
63.3299 7.501972
63.360924 7.363345
63.392098 7.689594
63.423262 7.708042
63.454402 7.697513
63.486884 7.895315
63.517922 7.739893
63.549041 7.734584
63.580312 7.698644
63.611396 7.56898
63.643795 7.637815
63.674892 7.50145
63.705994 7.421128
63.737144 7.442101
63.768299 7.434443
63.800709 7.511284
63.831785 7.549487
63.862833 7.010903
63.8939 7.033268
63.925112 7.354817
63.957572 7.595696
63.988621 7.577421
64.019645 7.503191
64.050732 7.500319
64.081947 6.331951
64.134881 6.61843
64.165993 7.157101
64.197156 7.174854
64.228446 7.319399
64.259755 7.32288
64.292326 7.44506
64.323474 7.42635
64.354648 7.462377
64.385684 6.657503
64.416797 6.54507
64.449147 6.721552
64.480253 6.765151
64.511253 6.754012
64.54243 6.625914
64.573823 6.64941
64.606283 6.569436
64.637396 6.801265
64.668496 7.082523
64.699594 7.325142
64.730735 7.471514
64.763241 7.898883
64.79428 7.981555
64.825249 7.948834
64.856331 7.817604
64.887433 7.77009
64.919738 7.668447
64.950804 7.690029
64.981822 7.623804
65.012849 7.440099
65.043908 7.267446
65.076176 7.271971
65.107391 7.409989
65.138395 7.472559
65.169457 7.596827
65.200522 7.537043
65.232914 7.705867
65.2639 7.852674
65.295112 7.996436
65.326211 8.009489
65.357399 7.995827
65.389659 7.888789
65.420696 7.982077
65.451764 7.960321
65.482797 7.670449
65.513854 7.301037
65.546139 6.998459
65.57717 6.996805
65.608302 6.924054
65.639364 7.40938
65.660259 7.716832
65.692545 7.777574
65.72364 7.741372
65.754764 7.735542
65.785913 7.62685
65.816886 7.100449
65.849374 7.068164
65.880379 6.998459
65.911426 6.870709
65.942536 6.742786
65.973593 6.670122
66.005774 6.651586
66.036831 7.050846
66.067848 7.216103
66.098884 7.678977
66.129958 7.794804
66.16226 7.790279
66.193448 7.765564
66.224527 7.723097
66.255636 7.668795
66.276588 7.632246
66.308956 7.526165
66.339964 7.519029
66.371029 7.652261
66.40208 7.586733
66.433265 7.679499
66.465646 7.902712
66.496665 7.923772
66.527954 8.005138
66.559061 7.974593
66.590237 7.802984
66.622746 7.717876
66.653838 7.668012
66.685048 7.719007
66.716143 7.697165
66.747227 7.501102
66.779521 7.672189
66.810664 7.558276
66.841697 7.755818
66.862563 7.927862
66.89363 8.029679
66.926065 8.015146
66.957153 7.982947
66.98825 8.005312
67.019338 7.905758
67.050507 7.804551
67.082981 7.923946
67.114011 7.891312
67.145003 7.70752
69.192028 7.85398
69.22331 7.987124
69.255919 8.099645
69.28705 7.708129
69.318188 7.997915
69.349241 7.860245
69.380367 7.436618
69.413024 7.3556
69.444305 7.430005
69.475455 7.390148
69.506736 7.381011
69.537892 7.471863
69.570466 7.581337
69.591569 7.505714
69.622648 7.537043
69.653979 7.944744
69.685282 8.107651
69.717924 7.883915
69.749101 8.012013
69.780298 7.901755
69.811373 7.982077
69.842705 8.010621
69.875295 8.037598
69.906569 8.042123
69.937799 8.003137
69.969016 8.07232
70.000223 8.081718
70.032618 8.093988
70.063906 8.000439
70.095054 7.940654
70.12634 7.881566
70.147289 7.893314
70.179779 7.946311
70.210935 8.020193
70.242083 8.082849
70.273161 8.148639
70.304422 7.927688
70.336997 8.020715
70.368124 8.121227
70.399436 7.959712
70.420255 7.823783
70.451594 7.765129
70.484153 7.731364
70.515468 7.7774
70.5466 7.764433
70.577931 7.999134
70.609136 7.873212
70.641664 7.94605
70.672868 8.156036
70.704076 7.920204
70.735136 7.879477
70.766161 7.752424
70.798492 7.746158
70.82953 7.694989
70.860655 7.703865
70.891647 7.72945
70.9227 7.722401
70.955129 7.795587
70.986112 8.042819
71.017156 8.08459
71.048193 8.071362
71.079307 8.1375
71.111815 8.273429
71.14289 7.967631
71.173878 8.058222
71.204912 8.080152
71.235975 8.130538
71.268281 8.108869
71.289103 7.865815
71.320101 7.665836
71.351064 7.799242
71.382083 7.851195
71.414363 7.876867
71.445422 7.797154
71.476499 7.742329
71.507545 7.685329
71.538612 7.615798
71.570985 7.880696
71.60203 8.01123
71.622905 7.756253
71.653956 7.614058
71.685137 7.778792
71.717614 7.91594
71.748862 7.896534
71.779929 8.013753
71.811079 7.993216
71.842214 8.007923
71.874916 7.895576
71.895816 8.178836
71.926692 8.056046
71.957765 8.034726
71.988872 8.015233
72.021088 8.061355
72.0521 7.91681
72.08317 7.998089
72.114224 7.940828
72.145335 7.970764
72.177698 8.01297
72.208822 8.103822
72.239813 8.123576
72.270884 7.910196
72.301944 8.11879
72.334369 8.035074
72.365423 7.825784
72.39645 7.976247
72.427447 8.061355
72.458525 7.850151
72.490844 8.058396
72.521843 8.092683
72.552925 7.984688
72.58428 7.925338
72.615564 7.966848
72.648414 7.949792
72.679693 7.834138
72.71103 7.8981
72.742421 7.912981
72.773798 7.626328
72.806457 7.806987
72.837512 7.916201
72.868726 7.777922
72.899895 7.897839
72.931106 7.93465
72.963709 7.745984
72.99481 7.861115
73.025889 7.899841
73.057031 7.939958
73.088166 7.934737
73.120699 7.916375
73.151786 7.791497
73.182838 7.875213
73.21398 7.940828
73.244993 8.073799
73.27731 7.606574
73.308327 7.605443
73.339467 7.880173
73.370721 7.697165
73.401876 8.002266
73.43435 8.032898
73.465569 7.890007
73.496773 7.947094
73.528058 7.973984
73.559236 8.001744
73.591871 7.500319
73.622963 7.408249
73.654398 7.399024
73.685872 7.427916
73.71736 7.373614
73.750088 7.512415
73.781279 7.504061
73.812484 7.544701
73.843687 7.844407
73.874943 8.223304
73.907847 7.999221
73.938788 7.980772
73.970096 7.834312
74.001303 7.819954
74.032602 7.854241
74.065253 7.865293
74.096387 7.651913
74.127506 7.720139
74.158868 7.75312
74.19009 7.980337
74.22286 8.067533
74.253992 8.057787
74.285243 7.866511
74.316466 7.903147
74.347579 7.835618
74.380108 7.879999
74.411201 7.779401
74.442378 7.672189
74.473612 7.802636
74.504868 7.768958
74.537395 7.94457
74.568499 8.021585
74.599654 8.064923
74.630624 7.994173
74.66165 7.898622
74.694005 8.107912
74.7254 8.08781
74.756758 8.250455
74.787904 8.012448
74.81903 7.959364
74.851442 8.114874
74.882566 7.951967
74.913804 7.997915
74.944906 8.02028
74.9761 7.854415
75.00845 7.944831
75.039458 7.738239
75.060309 8.066141
75.091327 8.153773
75.12242 8.040208
75.154863 8.106607
75.185902 8.112872
75.216978 8.004442
75.248074 8.129233
75.279252 8.091117
75.311663 7.979727
75.342746 7.856851
75.373791 7.843798
75.404953 7.683589
75.436023 7.319834
75.468377 7.185209
75.499526 7.247866
75.530575 7.155187
75.561591 6.947724
75.592736 6.984883
75.625099 7.075039
75.656189 7.225327
75.687246 7.229243
75.718528 7.335933
75.749895 7.518159
75.782522 7.313394
75.81371 7.231506
75.844725 7.081565
75.875777 6.989147
75.906837 6.845821
75.939369 6.784992
75.970439 6.70467
76.001486 6.681087
76.032479 7.022216
76.063535 7.056851
76.095942 7.287983
76.127072 7.412861
76.158135 7.674713
76.189217 7.850586
76.220291 8.043602
76.252658 8.095468
76.283637 8.240187
76.314685 8.065445
76.345675 7.997915
76.376677 8.01123
76.409048 7.98434
76.440113 7.997828
76.471178 7.991476
76.502269 7.99748
76.533312 7.903321
76.565789 7.782273
76.597019 8.130451
76.628025 8.07963
76.659084 8.109478
76.690206 8.178226
76.722683 8.189539
76.753756 8.060572
76.785029 8.069535
76.816217 8.157515
76.847333 8.155078
76.880059 7.88757
76.911096 8.042036
76.942245 8.059266
76.973495 8.02846
77.004652 8.026459
77.03697 8.072755
77.068063 7.908804
77.09912 8.064749
77.130131 8.270732
77.161212 7.921248
77.193557 7.867903
77.224624 7.845364
77.255646 7.694902
77.286705 7.753816
77.31773 7.849106
77.350146 7.922379
77.381256 7.836749
77.412355 7.754861
77.443377 8.271341
77.474456 8.014101
77.506712 8.158559
77.537793 8.183187
77.568895 8.119312
77.600038 8.065097
77.631153 7.947007
77.663633 7.962671
77.694694 8.086504
77.72573 8.002353
77.757097 8.085895
77.788491 7.993738
77.82094 8.124794
77.852031 8.191715
77.883152 8.194152
77.914431 8.12697
77.945766 8.144375
77.978493 8.08633
78.009624 8.117485
78.04071 8.21495
78.072015 8.052566
78.103412 8.16761
78.136078 8.154382
78.167192 8.110784
78.198327 8.206683
78.229416 8.134802
78.260515 8.222782
78.292882 8.140633
78.324023 8.059266
78.355161 8.048563
78.386261 8.060137
78.417303 8.079804
78.449638 8.048737
78.480672 8.064053
78.511677 8.070666
78.542702 8.08224
78.573765 7.987211
78.606166 8.035161
78.637196 8.129929
78.668165 8.021847
78.699113 8.079282
78.730221 8.153599
78.76258 8.094946
78.793604 8.125752
78.824569 8.182926
78.855582 8.191367
78.886645 8.17344
78.918761 7.99574
78.94998 8.142025
78.981231 8.034378
79.002123 7.971373
79.033365 8.020454
79.065894 8.059005
79.097104 8.07493
79.128112 7.851804
79.159142 8.030984
79.190413 7.973549
79.222606 8.070144
79.253579 8.270645
79.2846 8.095381
79.315747 7.63242
79.346941 7.831006
79.37938 7.9665
79.410476 7.887918
79.441501 7.794978
79.472607 7.734758
79.503706 7.837271
79.536202 7.501276
79.567369 7.693336
79.598741 7.760517
79.630123 7.693074
79.661243 7.773048
79.69368 7.969198
79.724827 8.04717
79.755927 7.937783
79.787013 7.941176
79.818132 7.881392
79.850578 7.79376
79.881672 7.950053
79.912743 7.937173
79.94377 7.769829
79.974832 7.9209
80.007437 7.948834
80.038573 8.185014
80.069725 8.222782
80.100732 8.28918
80.131796 8.28979
80.164089 8.12288
80.195115 8.141329
80.226151 7.993825
80.257201 7.78558
80.288225 7.968066
80.320559 7.940567
80.351598 7.668099
80.382828 7.568023
80.413928 7.981816
80.444974 8.029156
80.477392 8.076236
80.508523 8.078498
80.539573 7.963889
80.570626 7.768262
80.601729 7.559669
80.634128 7.870253
80.665142 7.9323
80.696146 7.876083
80.727158 7.747551
80.758319 7.830832
80.790646 7.855633
80.821694 8.017495
80.852665 8.060398
80.883726 7.929254
80.914741 7.78558
80.947076 7.73119
80.978106 7.869557
81.009153 7.960844
81.040177 7.965369
81.071409 7.992694
81.104042 7.96972
81.13527 8.073364
81.166535 8.079717
81.197787 8.219997
81.229055 8.052827
81.261648 7.830744
81.292993 7.908282
81.324311 7.887222
81.355596 7.635204
81.376559 7.846409
81.408853 8.11966
81.439875 7.991214
81.470905 8.194674
81.501963 8.288397
81.533071 8.17988
81.565508 8.030636
81.596776 7.90715
81.628108 8.035422
81.659487 7.672798
81.690813 7.613449
81.723422 7.737891
81.754846 7.786102
81.786168 7.887396
81.817604 8.070492
81.848867 8.14159
81.881246 8.007053
81.912371 7.837271
81.94335 8.062399
81.974425 7.985645
82.005478 7.977639
82.037873 7.979205
82.06914 7.966326
82.100432 7.871123
82.131803 8.024718
82.163194 8.156558
82.195931 8.073625
82.227223 8.174136
82.258573 8.217996
82.289627 8.183796
82.320778 8.162214
82.353197 8.186581
82.384258 7.90454
82.415333 7.947007
82.446437 8.208336
82.477572 7.996262
82.509909 8.028547
82.540908 8.095207
82.57185 8.070405
82.602924 7.884699
82.633979 8.054306
82.666387 8.102256
82.697381 7.892966
82.728369 7.972679
82.759481 8.169437
82.790583 8.085895
82.822946 7.958407
82.854012 7.945789
82.885029 8.068578
82.91604 7.900972
82.947113 8.102952
82.979607 8.129929
83.010664 8.096164
83.041852 8.213297
83.072871 8.253066
83.103874 8.153425
83.136444 7.955274
83.167421 8.111741
83.19858 8.061268
83.229561 7.830744
83.260743 8.153425
83.293066 8.024283
83.324075 7.99017
83.355115 8.142808
83.386152 8.171787
83.417438 8.126187
83.44983 8.057265
83.481023 7.823086
83.5123 7.554012
83.543322 7.668795
83.574398 7.71483
83.606998 7.529472
83.638001 7.651042
83.668987 7.445756
83.69996 7.78558
83.73099 7.541655
83.75317 7.81247
83.784327 8.2696
83.815296 8.30528
83.846385 8.192063
83.87749 8.167958
83.909956 8.085025
83.940957 7.82561
83.971944 7.917245
84.002962 7.933518
84.033976 7.667403
84.066556 7.809163
84.09762 7.820041
84.128593 7.997567
84.159564 8.053001
84.190597 8.062138
84.222817 7.959799
84.253857 7.923076
84.284926 7.963367
84.316054 8.040208
84.347198 7.86947
84.379615 7.900363
84.41069 7.963541
84.441796 7.893836
84.473051 7.886091
84.504237 8.276475
84.536727 8.309805
84.567976 8.291791
84.599224 8.255764
84.63046 8.004529
84.65136 8.107999
84.683649 7.989039
84.714676 8.093292
84.745654 7.99896
84.776729 8.054219
84.807797 8.082937
84.84011 8.036814
84.871245 8.072059
84.90232 8.387777
84.933372 8.310762
84.964481 8.282132
84.996956 8.325121
85.027977 8.273603
85.059036 8.302582
85.090058 8.271776
85.121066 8.262639
85.153468 8.218518
85.184528 8.245582
85.215522 8.25733
85.246607 8.196153
85.267498 8.174571
85.299764 8.202071
85.331039 7.962236
85.362199 8.03725
85.393255 8.249411
85.424303 8.256112
85.456704 8.045604
85.487792 7.753468
85.518787 8.119138
85.550023 8.123402
85.570945 8.008793
85.603403 8.297709
85.634483 8.143852
85.665588 7.749726
85.696643 7.788887
85.727676 8.015929
85.760088 7.846322
85.791167 7.79054
85.822221 7.707694
85.853287 7.776877
85.884596 7.821085
85.917034 7.91359
85.948073 8.086853
85.979164 7.917854
86.010219 8.051434
86.041284 8.233399
86.073641 7.957015
86.10464 7.955187
86.13564 8.222173
86.166642 8.021237
86.197698 7.885221
86.230018 8.121314
86.261047 8.170046
86.292071 8.151684
86.3231 7.841709
86.354126 8.04865
86.386577 7.818561
86.417699 7.716397
86.44873 7.919247
86.479745 7.964411
86.510763 7.908978
86.543057 7.985384
86.574022 8.084155
86.604981 8.016451
86.635966 8.338087
86.666977 7.855372
86.69932 7.853022
86.730368 7.844059
86.761404 7.844668
86.792461 7.811861
86.813361 7.912633
86.845638 7.923685
86.876681 7.918725
86.907767 7.830309
86.938791 7.854502
86.969821 8.4634
87.00223 8.105301
87.033218 8.190149
87.06417 8.232964
87.095349 8.130277
87.126474 8.118703
87.158779 8.180924
87.18988 8.209642
87.220899 8.170568
87.251928 8.130625
87.282965 8.134802
87.315227 8.084851
87.346286 8.100254
87.377399 8.172222
87.408396 8.224436
87.439668 8.185971
87.472053 7.939697
87.503159 8.108347
87.534276 8.109914
87.565329 8.261246
87.596431 8.312242
87.628899 8.241405
87.66 8.226089
87.691053 8.079369
87.722236 8.007662
87.743177 8.354883
87.775625 8.230614
87.806682 7.998611
87.837738 8.162127
87.868745 8.297187
87.899889 8.178488
87.932316 8.238359
87.963335 8.329472
87.994465 8.274561
88.02552 7.938305
88.04647 7.974419
88.078788 8.203637
88.109948 8.131669
88.141026 7.999047
88.172099 8.093466
88.203204 8.036205
88.235659 8.058048
88.266661 7.935433
88.297669 8.189191
88.328727 7.92003
88.359799 7.84841
88.392175 7.950923
88.423195 8.106172
88.454221 8.07493
88.485237 7.996175
88.516529 8.012709
88.548943 8.03168
88.580007 8.153338
88.610991 8.246278
88.64201 7.517027
88.673008 7.448976
88.705287 7.499101
88.736334 7.530168
88.76752 7.662878
88.798671 7.953099
88.829985 7.93143
88.862768 8.01445
88.893796 8.21582
88.925041 7.680978
88.9562 7.619018
88.987384 7.544091
89.020159 7.51111
89.051191 7.393542
89.082343 7.321574
89.113366 7.281457
89.144625 7.280499
89.177013 7.22115
89.207985 7.996697
89.239099 8.039686
89.270165 8.289355
89.301227 8.300232
89.333696 8.275083
89.364735 8.248628
89.395727 8.237141
89.426759 8.262465
89.457796 8.318159
89.490029 7.995043
89.521018 8.260463
89.552058 8.077367
89.58335 8.171526
89.614576 8.330516
89.647017 8.329211
89.678081 8.286135
89.709107 8.368458
89.740139 8.31929
89.771316 7.349596
89.803733 7.641731
89.834786 7.726143
89.865797 7.747203
89.896837 7.44184
89.928019 7.57394
89.960484 7.697774
89.991508 7.698035
90.022592 7.927079
90.05368 7.987211
90.08477 7.882349
90.117176 7.822999
90.148229 7.868164
90.1793 7.841709
90.210326 7.863639
90.241383 7.831702
90.273736 7.732931
90.304761 7.639294
90.33579 8.189539
90.366833 8.300493
90.397919 8.21321
90.430493 8.042558
90.461575 8.233225
90.492659 8.24593
90.523736 8.127231
90.554796 8.067185
90.58717 8.109043
90.618216 8.290312
90.649491 8.079456
90.68078 8.416495
90.711974 8.253153
90.744521 8.176747
90.775571 7.912546
90.806586 8.203028
90.837623 8.197197
90.868737 8.150466
90.901166 8.059614
90.932175 8.099297
90.963207 7.98756
90.994246 8.305454
91.025282 8.361496
91.057633 8.14568
91.088719 8.163781
91.119616 8.020193
91.15069 8.178313
91.18172 8.318333
91.214154 8.151075
91.245238 8.321379
91.276423 8.210512
91.307481 8.37542
91.33854 8.401353
91.370791 8.102865
91.401806 8.229918
91.432743 8.092683
91.463725 8.104431
91.494751 8.062399
91.527034 8.250629
91.558067 8.058483
91.58902 8.196675
91.62018 8.298318
91.651289 8.264466
91.683734 8.217561
91.715013 8.246365
91.746255 8.145941
91.777228 8.095468
91.808318 7.858157
91.84067 8.057004
91.871802 8.05274
91.902883 8.00566
91.934094 8.272124
91.965341 8.264031
91.997819 8.318681
92.028837 8.391693
92.059843 8.335564
92.090858 8.384732
92.121918 7.833007
92.154296 7.553316
92.185545 7.585862
92.216694 7.416777
92.24774 7.335411
92.278798 7.374571
92.311261 7.320878
92.342365 7.41904
92.373447 7.363258
92.40443 7.536085
92.435486 7.842406
92.467859 7.725534
92.498908 7.452892
92.529921 7.175115
92.560954 7.120987
92.592242 7.006726
92.624865 6.918137
92.656046 6.875234
92.687146 6.992889
92.718172 7.249606
92.749625 7.424348
92.782362 7.531212
92.813488 7.782273
92.844511 7.98608
92.875576 7.995392
92.906626 8.10095
92.938926 8.346354
92.969918 8.501516
93.001026 8.43242
93.032058 8.391519
93.063102 8.358799
93.09548 8.324512
93.126493 8.244103
93.157634 8.161431
93.188818 8.200591
93.219971 8.115918
93.252329 8.122184
93.283399 8.107042
93.314502 8.10739
93.345575 8.182926
93.376678 8.169437
93.409112 8.361235
93.440159 8.214167
93.471168 8.366979
93.502175 8.449302
93.533234 8.400135
93.565523 8.291356
93.596525 8.325121
93.62754 8.312329
93.658551 7.700819
93.689573 8.010272
93.721839 7.700297
93.752936 7.387973
93.784095 7.286591
93.815166 7.228808
93.846538 7.39711
93.879226 7.222368
93.910281 7.27989
93.941328 7.218452
93.972353 7.558798
94.003485 7.94196
94.035867 7.660789
94.066878 7.613623
94.09792 7.498492
94.128944 7.430353
94.159979 7.378487
94.192303 7.235335
94.22329 7.175202
94.254322 7.436792
94.285199 7.460898
94.316371 7.705606
94.349038 7.879129
94.380246 7.814819
94.411419 7.911502
94.442791 8.057352
94.473964 8.219736
94.506338 8.30789
94.537362 8.433812
94.568403 8.590627
94.599402 8.566
94.630535 8.384296
94.662896 8.345136
94.693941 8.241579
94.724962 8.205116
94.755977 8.179619
94.786966 8.235661
94.8191 8.069448
94.850096 8.115483
94.881068 8.167175
94.912284 8.225828
94.943458 8.413797
94.975864 8.347225
95.006873 8.330255
95.037933 8.291878
95.068989 8.388125
95.100014 8.168306
95.1325 8.404225
95.163554 8.281522
95.194615 8.361235
95.22578 8.261159
95.256882 8.535803
95.289209 8.375507
95.320265 8.47567
95.351272 8.43973
95.382344 7.991998
95.413463 7.958233
95.445782 7.855633
95.476788 7.766261
95.507833 7.949357
95.538867 7.937173
95.569937 8.059962
95.602704 8.123489
95.633856 8.115135
95.664925 8.421716
95.695962 8.30702
95.727094 8.408402
95.759372 8.373332
95.790363 8.095816
95.821379 8.140372
95.852429 8.094772
95.883466 8.17083
95.915866 7.823348
95.946911 7.939088
95.978041 7.926121
96.009284 8.323554
96.040395 8.316854
96.072773 8.494728
96.103796 8.17431
96.134804 8.453567
96.165812 8.470275
96.196882 8.093118
96.22929 8.079891
96.260333 7.976247
96.291334 7.783317
96.322384 7.838228
96.343219 7.969633
96.37542 7.981642
96.40642 7.803332
96.43739 7.497882
96.468404 8.078672
96.499386 8.422499
96.531688 8.486548
96.562666 8.322597
96.593648 8.448432
96.624718 8.347312
96.65573 8.313547
96.677869 8.373332
96.708862 8.329559
96.739847 7.843189
96.770836 7.710914
96.801832 7.845625
96.834171 7.889398
96.865235 7.973027
96.896209 8.080065
96.927197 7.896708
96.958275 8.053436
96.990572 8.052304
97.021837 8.313286
97.052868 8.403441
97.083934 8.299884
97.114921 8.409533
97.147318 8.287701
97.178402 8.160822
97.209464 8.219997
97.240637 8.178313
97.271867 8.145419
97.304483 8.355318
97.335524 8.275257
97.366568 8.215472
97.397705 8.239316
97.428678 8.29797
97.461041 8.298405
97.492104 8.313199
97.52312 8.368893
97.554244 8.335564
97.585319 8.381686
97.617874 8.376551
97.6489 8.444168
97.679931 8.403615
97.711018 8.419889
97.742219 8.459049
97.774653 8.349835
97.805647 8.442254
97.836643 8.337652
97.867709 8.440861
97.898749 8.466881
97.920915 8.383948
97.95193 8.232268
97.98296 8.327906
98.014003 8.354274
98.045167 8.424153
98.077508 8.394391
98.108686 8.376464
98.139711 8.277084
98.170707 8.182491
98.20184 8.291008
98.224176 8.256286
98.255254 8.301451
98.286511 8.391432
98.317621 8.238098
98.34878 8.389518
98.381134 8.510566
98.41229 8.58062
98.443292 8.512742
98.474301 8.249324
98.505296 8.452348
98.537765 8.3836
98.568816 8.372635
98.599885 8.418322
98.630943 8.28509
98.661997 8.319116
98.694368 8.274126
98.725424 8.325904
98.756476 8.281697
98.787531 8.171526
98.818577 8.309109
98.850985 8.317289
98.882066 8.433203
98.913119 8.370112
98.94432 8.439643
98.975441 8.413014
99.007914 8.398829
99.03906 8.596545
99.070161 8.546507
99.101265 8.529189
99.132308 8.47715
99.164959 8.204507
99.196029 8.31929
99.2271 8.392825
99.258393 8.413623
99.289658 8.290573
99.322174 8.398655
99.353258 8.391084
99.384294 8.53824
99.415351 8.53911
99.446471 8.320248
99.478893 8.31259
99.509938 8.041166
99.541014 8.107042
99.5721 8.35027
99.603128 7.801157
99.635519 7.973636
99.666578 8.209294
99.697581 8.408489
99.728486 8.333823
99.759692 8.346616
99.792142 8.267077
99.823088 8.253066
99.854052 8.227568
99.885046 8.063269
99.916149 7.672972
99.948629 7.566891
99.979731 7.596479
100.01083 7.770699
