1.6e-05 0.03829
0.266278 0.045861
0.297332 0.050125
0.328393 0.030719
0.359444 0.033503
0.39051 0.039508
0.422783 0.042902
0.453756 0.044468
0.484703 0.048732
0.515885 0.051256
0.546961 0.095812
0.579557 0.096769
0.610652 0.091199
0.641943 0.095986
0.673 0.097987
0.704319 0.101729
0.736936 0.106689
0.76817 0.111911
0.799274 0.113912
0.830463 0.122179
0.861546 0.141934
0.893954 0.141499
0.925348 0.148634
0.956497 0.156466
0.98777 0.16395
1.0191 0.172479
1.041409 0.184227
1.072652 0.193538
1.103849 0.204068
1.135129 0.214946
1.166287 0.228869
1.198734 0.245404
1.229872 0.259066
1.260975 0.273338
1.292026 0.296834
1.312902 0.316066
1.345195 0.338431
1.376273 0.360535
1.407347 0.382813
1.438317 0.408571
1.469336 0.435113
1.501637 0.441988
1.533717 0.458174
1.566036 0.460872
1.598334 0.460002
1.63035 0.46531
1.662294 0.468008
1.694182 0.465136
1.72615 0.467138
1.758231 0.477755
1.790391 0.472272
1.822722 0.475144
1.853769 0.463918
1.884783 0.445121
1.915899 0.464266
1.946944 0.50682
1.979413 0.616469
2.010415 0.701316
2.041403 0.812792
2.07237 0.909649
2.103412 1.048885
2.135728 1.184641
2.166742 1.300903
2.197761 1.422213
2.228821 1.51524
2.259869 1.590689
2.292153 1.66257
2.323156 1.753509
2.354197 1.858371
2.385229 1.933385
2.416308 2.037551
2.448835 2.228479
2.479975 2.37868
2.511036 2.494595
2.542092 2.705886
2.573218 2.881411
2.605703 3.032395
2.636766 3.17842
2.667771 3.452454
2.698787 3.596825
2.729764 3.783924
2.762261 4.130362
2.793294 4.461919
2.824367 4.72934
2.855402 5.002678
2.886403 5.314655
2.918858 5.468946
2.949843 5.860375
2.980894 6.181837
3.011896 5.983425
3.042926 6.301841
3.075236 6.254153
3.106334 6.416102
3.137471 6.407487
3.168447 6.411751
3.199518 6.423412
3.23194 6.788299
3.26299 6.968262
3.294114 7.170503
3.325189 7.224631
3.356237 7.399111
3.388594 7.737195
3.419612 8.257852
3.450694 8.264118
3.481808 7.094445
3.512806 7.249606
3.545168 7.414776
3.576201 8.048475
3.607226 8.330168
3.638228 8.532931
3.669301 8.660246
3.701583 7.890964
3.732793 7.824392
3.76398 7.706824
3.794979 7.801418
3.826115 6.843732
3.858409 7.204442
3.889467 7.687766
3.920522 8.170655
3.951514 8.264118
3.982684 7.290507
4.015106 6.407922
4.04621 6.87828
4.077301 7.056938
4.108285 7.266489
4.139213 7.608836
4.171622 7.883393
4.202655 7.939175
4.23368 7.284502
4.264711 6.111087
4.29576 6.401047
4.328259 6.729732
4.359317 7.982164
4.390389 7.464379
4.421443 5.575984
4.452503 4.681912
4.484853 4.194585
4.515837 4.08424
4.546811 3.960058
4.577798 3.442969
4.608788 2.510955
4.640958 1.989079
4.692467 2.78995
4.723522 3.598392
4.754536 4.028371
4.785585 4.551726
4.818141 4.887286
4.849276 5.243035
4.880333 5.513502
4.911371 5.867511
4.942383 6.033724
4.974705 6.545505
5.005796 7.147703
5.036832 7.493966
5.067883 7.659223
5.098937 7.847888
5.131516 7.672537
5.162617 7.448366
5.193613 6.562387
5.224707 5.625935
5.255736 5.127382
5.288126 4.160472
5.319146 3.5011
5.350281 2.952421
5.381349 3.992779
5.412431 4.541718
5.444915 4.950639
5.477215 5.207356
5.508279 5.344069
5.539306 5.19204
5.570317 5.309782
5.601385 5.628807
5.633818 5.818343
5.664865 5.957579
5.695944 6.127187
5.727216 6.462224
5.758454 7.535128
5.790926 7.366217
5.82196 7.140654
5.853029 7.291203
5.88405 7.51929
5.915147 7.621542
5.947522 7.649998
5.978535 7.702299
6.009668 6.632789
6.040712 5.849758
6.071732 7.708477
6.104083 7.813253
6.135397 7.967892
6.166667 7.991389
6.197736 7.968763
6.228796 7.888005
6.261425 5.908846
6.292445 8.15151
6.323396 8.510479
6.354462 8.54233
6.385537 8.244103
6.418139 8.244973
6.449196 8.354448
6.480253 8.160822
6.501218 8.185362
6.532352 7.658613
6.564919 8.428156
6.596235 8.363498
6.627418 8.488811
6.658502 8.238185
6.689576 8.047518
6.72193 7.89636
6.752959 8.080848
6.784173 8.348791
6.81543 8.60107
6.846524 8.228265
6.878844 7.420954
6.910734 6.328644
6.942618 5.470948
6.974507 4.861614
7.006706 3.998783
7.039313 3.497271
7.071741 2.599457
7.10397 2.574394
7.136327 3.060678
7.168625 3.999392
7.200832 5.351204
7.232731 6.535671
7.264725 7.727971
7.296639 8.467142
7.328634 8.722032
7.360473 9.822957
7.392274 10.400962
7.424096 8.80627
7.466382 8.952207
7.498653 9.000157
7.531141 8.929494
7.563615 8.988844
7.595896 9.007728
7.628355 9.077433
7.660505 9.042102
7.692469 9.122076
7.724732 9.212753
7.787743 9.438664
7.820587 9.689725
7.853243 9.737588
7.885762 10.079935
7.918371 10.094033
7.9506 10.340046
7.983406 10.870537
8.015919 11.284331
8.048604 8.750401
8.162686 8.846561
8.194746 8.398046
8.225766 8.074756
8.256806 8.016277
8.287829 7.305301
8.318857 7.01743
8.351254 6.760538
8.383275 6.433855
8.414288 6.198893
8.445343 6.125098
8.476328 6.15982
8.507387 6.239794
8.539825 6.237792
8.571872 6.485981
8.604373 7.483088
8.636739 7.741024
8.668725 7.833877
8.700593 7.958407
8.733206 8.058918
8.765448 8.034378
8.797549 7.894967
8.829659 7.957276
8.86171 5.416036
8.893802 6.862268
8.925797 7.760082
8.957661 7.87356
8.989726 8.038207
9.021582 7.989561
9.053504 8.08459
9.085391 8.173875
9.117203 6.592062
9.149204 7.372918
9.181156 8.431376
9.212985 8.204942
9.24487 7.736673
9.276668 7.538087
9.308484 7.412687
9.340476 7.292509
9.372773 6.959472
9.404914 6.978095
9.436853 7.02413
9.468941 7.19191
9.500893 7.551401
9.533143 7.535389
9.565262 7.281457
9.597387 7.283197
9.629378 7.321139
9.661395 7.315047
9.693596 7.483872
9.725629 7.329754
9.757596 7.096011
9.79003 5.609662
9.822454 6.501297
9.85468 7.569328
9.886948 7.570198
9.919189 7.680456
9.951355 7.712045
9.983587 7.954491
10.015951 7.91359
10.048407 5.997174
10.080879 6.115438
10.112838 7.476997
10.144778 7.82474
10.176804 7.701342
10.208912 7.865902
10.241124 7.965195
10.273427 8.070318
10.305303 7.430875
10.337216 6.338565
10.369254 7.861899
10.401136 8.2059
10.433633 8.160387
10.465558 8.178139
10.497537 8.431811
10.529734 8.19537
10.56199 7.328536
10.59468 6.764976
10.627139 6.803267
10.659334 7.664879
10.691224 7.950662
10.723201 7.853893
10.755059 8.042558
10.787156 8.043863
10.819039 7.556536
10.851079 6.93206
10.883118 8.419367
10.915057 8.353838
10.947001 8.491683
10.978879 8.582882
11.010892 8.254981
11.042866 8.090333
11.074805 7.49823
11.107029 6.762627
11.138905 6.815363
11.170819 7.600134
11.202775 8.001396
11.234771 7.55584
11.267204 7.40355
11.299897 7.449498
11.322392 7.580467
11.354679 6.679868
11.387009 6.842862
11.419453 7.676018
11.451357 7.566195
11.483304 7.451586
11.515162 6.883414
11.547783 6.962866
11.580437 6.810054
11.613 7.117158
11.645371 6.850955
11.677875 6.5442
11.710381 6.572047
11.742715 7.002984
11.774778 7.09897
11.806701 7.164933
11.838788 7.501276
11.870673 7.522945
11.902708 7.476301
11.934642 7.046495
11.966546 5.756818
11.99833 6.001874
12.030159 7.638946
12.06191 7.648258
12.093722 7.659484
12.125665 7.718572
12.157537 7.658962
12.18956 6.451346
12.211152 6.687091
12.242953 8.432159
12.274923 8.831158
12.306864 9.160714
12.338691 9.275584
12.370581 7.038576
12.412615 7.206443
12.4446 7.362301
12.476409 8.471232
12.508839 8.661551
12.540898 8.658853
12.572988 8.554165
12.60515 8.321205
12.637192 7.964324
12.669309 7.645821
12.701156 6.877323
12.733129 6.845647
12.765013 6.702059
12.796941 6.977312
12.829002 7.295815
12.860878 8.0235
12.892753 7.554447
12.924791 7.747551
12.956694 7.762171
12.988493 7.782621
13.02032 8.032811
13.052111 8.073016
13.08392 7.930386
13.11583 6.027197
13.147796 6.005964
13.179848 5.955142
13.211666 7.051717
13.24355 7.731451
13.275411 7.552794
13.307384 7.574462
13.33942 7.41756
13.371987 7.241861
13.404732 6.645407
13.437282 5.859678
13.459251 6.860702
13.491109 6.760538
13.523046 6.781424
13.55506 6.674995
13.587265 6.405833
13.619195 6.647409
13.64093 6.805616
13.672873 6.855567
13.705028 6.801961
13.737428 6.425414
13.769778 6.641404
13.80189 6.82215
13.833928 6.937108
13.865898 6.905257
13.897784 6.823108
13.929737 7.023608
13.961605 7.036836
13.993512 6.337085
14.025468 5.525772
14.057479 5.485568
14.089434 7.234464
14.121575 7.065379
14.153844 7.074778
14.185987 7.048584
14.217914 7.041883
14.249964 7.139087
14.281842 6.830157
14.313883 5.540131
14.34582 6.182533
14.377653 6.925882
14.409516 6.687352
14.441684 6.708847
14.473908 6.547594
14.506519 6.865749
14.537613 7.159973
14.568662 7.076779
14.599891 6.686395
14.620688 6.007269
14.653052 7.566978
14.684195 7.470383
14.71516 7.242906
14.746257 7.19339
14.777344 7.339414
14.809878 7.305475
14.841009 7.488136
14.872035 7.591606
14.903106 5.802069
14.93442 6.625131
14.966817 6.378856
14.99905 5.937825
15.031075 5.111892
15.062996 4.544068
15.094891 4.193627
15.126666 3.52155
15.158607 3.084435
15.19059 4.445906
15.222534 4.710282
15.253596 4.777289
15.284687 5.032527
15.315749 5.4022
15.34679 5.598784
15.379192 5.988733
15.410226 6.372504
15.441267 6.548116
15.472289 7.111414
15.503447 7.525207
15.535949 7.643036
15.566994 7.888789
15.59818 8.174746
15.629518 8.039773
15.660747 8.171004
15.693362 8.078411
15.725588 8.004964
15.758029 7.986167
15.789958 8.000787
15.821838 7.92412
15.853913 6.303408
15.885773 7.228199
15.917893 8.186668
15.949924 8.203811
15.981789 8.107912
16.013801 8.2126
16.045857 8.247758
16.077671 7.428177
16.109488 6.44569
16.141355 7.469861
16.173419 8.340263
16.205564 8.527275
16.23758 8.408315
16.269552 8.402049
16.301528 8.381251
16.33342 8.133323
16.365266 7.877563
16.397148 7.239164
16.428852 7.01917
16.460719 7.151532
16.492554 7.004202
16.524357 6.998546
16.556282 6.78795
16.588332 6.742612
16.620775 6.72834
16.652971 6.53602
16.685327 6.579009
16.717457 6.713372
16.750023 6.595543
16.782112 6.573178
16.813292 6.859396
16.84449 7.073298
16.875739 6.921443
16.906773 6.929101
16.939317 7.13169
16.970551 7.132213
17.001621 7.251956
17.032917 5.402287
17.063949 5.23442
17.096665 5.14496
17.127701 5.956622
17.158858 5.237553
17.190076 4.517961
17.221346 3.741457
17.253882 3.311651
17.284997 2.988884
17.31618 3.547744
17.347248 2.980443
17.378379 2.432112
17.410712 2.409225
17.44172 3.103754
17.472706 3.961277
17.503713 4.77494
17.534734 5.308302
17.567054 5.574592
17.599245 5.874907
17.631454 6.198545
17.663423 6.700928
17.69526 9.294468
17.727248 9.306564
17.75931 9.378793
17.791159 9.154013
17.823101 9.040361
17.85504 8.855351
17.876826 8.760757
17.908861 8.602463
17.941139 8.631354
17.973149 8.709501
18.005017 8.797219
18.03691 8.761366
18.058543 8.57505
18.090405 8.339828
18.122263 8.497078
18.154202 8.987103
18.186085 8.686439
18.218093 8.708369
18.249898 8.275866
18.281705 9.081958
18.313499 9.29351
18.345503 9.329016
18.377354 9.135216
18.409151 9.074648
18.440938 9.138871
18.472735 9.174289
18.504561 6.378073
18.536392 7.886178
18.568219 8.672081
18.600065 8.519443
18.632011 8.21904
18.664235 8.18893
18.696106 7.945528
18.728062 7.927253
18.759899 8.25324
18.791806 8.238446
18.823601 8.270819
18.855687 8.645278
18.887562 8.487331
18.919391 8.088767
18.951281 8.02585
18.983127 8.195892
19.014957 8.070231
19.04684 8.078585
19.078655 8.170394
19.110418 8.185275
19.142402 7.876954
19.174275 9.00503
19.206166 9.22894
19.238167 9.429962
19.270014 9.429962
19.301991 9.413254
19.334417 6.243971
19.366313 6.283305
19.398142 6.749138
19.429993 8.617082
19.461869 8.643885
19.493728 8.653371
19.525519 8.738392
19.557361 8.938719
19.589191 9.291857
19.620983 9.114069
19.693983 9.323533
19.725076 9.557363
19.756194 9.359909
19.787237 9.733062
19.818482 9.673887
19.850779 9.688768
19.872698 9.807119
19.904777 10.019629
19.93659 10.332214
19.968402 10.466142
20.000232 9.172984
20.062517 9.202572
20.093567 9.246866
20.124582 9.378184
20.155617 9.395849
20.17646 9.428222
20.208823 9.426046
20.240024 9.451631
20.271005 9.795023
20.302023 9.562063
20.333112 8.913134
20.396198 8.71185
20.427236 8.605421
20.458211 8.737261
20.47915 8.489507
20.510155 8.349661
20.542565 8.454437
20.573621 8.408141
20.60466 8.90974
20.635761 9.887789
20.666865 10.771331
20.699289 8.140372
20.782533 8.261072
20.813568 8.245321
20.844582 8.193107
20.875647 8.053088
20.906681 7.962758
20.939152 7.803158
20.970186 8.140807
21.00132 8.602288
21.032431 8.917485
21.0635 13.514986
21.095887 8.997633
21.167555 8.890247
21.198615 8.464183
21.229641 8.178836
21.250504 6.929624
21.282967 5.858112
21.314007 4.85091
21.344994 4.121398
21.376072 4.68783
21.407169 5.586166
21.440062 5.975158
21.47127 6.08733
21.502476 7.185209
21.533552 7.135258
21.564673 6.844602
21.596952 6.718158
21.628011 6.703886
21.658996 7.238293
21.690057 7.929602
21.721172 8.074495
21.753488 7.888092
21.784501 7.728232
21.815598 7.382055
21.84667 7.40294
21.877766 7.471079
21.910265 7.62772
21.941336 7.634856
21.972534 7.21384
22.003735 8.151249
22.034863 7.983295
22.067229 7.836488
22.098329 7.897491
22.129391 7.840143
22.160381 7.95014
22.191404 7.825697
22.223779 7.085307
22.254968 5.755077
22.286036 6.314111
22.317003 7.500928
22.348149 7.508151
22.380504 7.323924
22.411507 7.421824
22.442504 7.601178
22.473605 7.466815
22.504669 7.127948
22.537267 6.405659
22.568313 6.961213
22.59942 7.225849
22.630579 7.026306
22.661603 7.135868
22.694232 7.303996
22.725485 7.606052
22.756627 7.109152
22.787821 6.345005
22.819179 6.428633
22.85168 7.490659
22.884094 7.905584
22.916216 7.957015
22.948773 8.191106
22.980868 8.21321
23.013457 8.219562
23.045716 6.067054
23.076767 6.821976
23.107748 8.118616
23.138794 8.244103
23.170057 8.257069
23.20265 8.376638
23.235266 8.73961
23.267817 8.787734
23.29901 6.232832
23.330057 8.222782
23.36116 8.767197
23.392164 8.99276
23.424482 8.7712
23.45549 8.562345
23.486481 8.630745
23.517558 8.368197
23.548794 8.274735
23.581016 7.150487
23.612897 7.956318
23.644754 8.900167
23.676527 8.672255
23.708487 8.113307
23.741245 8.10739
23.773655 8.352533
23.805607 8.316767
23.837598 8.205552
23.869575 7.062768
23.900654 8.20033
23.931698 7.911763
23.962701 7.633551
23.993702 7.493357
24.026193 7.801592
24.057194 8.068404
24.088223 7.901668
24.119257 7.858592
24.150289 7.897317
24.18268 7.861377
24.213735 7.767392
24.244733 7.895489
24.275729 8.187103
24.306936 8.526318
24.339315 8.722728
24.370419 8.495076
24.401538 6.403397
24.432617 6.530276
24.463669 8.172744
24.496208 8.824371
24.527252 9.024871
24.558259 9.097709
24.589375 9.102756
24.620388 9.070819
24.65278 6.921792
24.684691 9.114156
24.717071 9.776922
24.749798 9.728102
24.781884 9.736195
24.813777 9.669014
24.846193 9.360257
24.878115 9.286984
24.910078 7.91768
24.952455 8.030897
24.984448 8.067359
25.016504 7.899754
25.047679 7.956057
25.07881 7.716223
25.109996 7.83936
25.141185 8.159343
25.173732 8.815668
25.204872 9.019476
25.236052 8.829157
25.267215 8.352968
25.298511 8.501255
25.331131 8.647888
25.362364 8.805661
25.393496 8.927406
25.424668 8.849955
25.455873 8.734215
25.488356 7.63094
25.520592 8.15386
25.552968 9.784841
25.585528 11.647477
25.618193 9.064031
25.661158 9.101712
25.693464 9.199352
25.726091 9.662661
25.758395 11.141439
25.790364 11.810296
25.822233 8.956297
25.875027 9.169329
25.907016 9.643603
25.938077 12.007925
25.969184 12.141418
26.000344 8.843429
26.031622 8.971526
26.064175 8.772157
26.096436 8.453741
26.128681 8.724207
26.160886 8.94481
26.193128 10.587365
26.225335 9.98247
26.257503 9.620542
26.289453 10.329343
26.321471 11.858072
26.353681 8.399612
26.416332 8.531452
26.448259 8.576008
26.480689 8.63762
26.512701 8.436684
26.544683 8.211817
26.576508 7.694728
26.608598 7.451586
26.640969 7.317658
26.672145 7.106193
26.703423 7.005159
26.734663 6.83999
26.765971 6.659418
26.798563 6.786123
26.829755 6.972265
26.860953 6.985492
26.892139 6.826066
26.923277 7.273886
26.955748 7.629809
26.986883 7.608923
27.018035 7.850499
27.049154 6.009184
27.080254 5.637944
27.112929 6.764541
27.144252 7.325664
27.175596 7.352467
27.20693 7.313916
27.238306 7.464466
27.270964 7.418953
27.302219 6.834247
27.333677 5.691376
27.364953 7.001156
27.396245 7.92325
27.428856 8.043254
27.460143 8.085199
27.491225 7.566804
27.522322 7.95832
27.553555 7.933692
27.586129 7.353773
27.617477 7.255872
27.648744 8.722815
27.680021 8.852479
27.711297 8.62152
27.743899 8.620389
27.776639 8.520574
27.8093 7.763563
27.841743 6.725642
27.874047 6.790648
27.906337 7.062333
27.938615 8.560169
27.97059 8.195805
28.002598 7.802462
28.035032 7.820824
28.066302 7.367261
28.097599 7.090268
28.12891 7.148921
28.160234 7.444798
28.192819 7.81421
28.224089 7.832137
28.255324 7.828221
28.286454 7.684285
28.317534 7.58682
28.349976 6.845473
28.381056 6.900297
28.412106 7.709435
28.443122 7.750771
28.474359 7.909587
28.506941 8.072146
28.538039 8.062486
28.569149 7.878259
28.600228 7.304866
28.631247 6.43664
28.663747 6.482849
28.694721 7.814036
28.725691 7.74407
28.756885 7.902103
28.788336 7.78001
28.820819 7.822651
28.851935 7.210968
28.883044 6.516526
28.91441 6.595195
28.945605 6.636792
28.978125 7.636336
29.009426 7.654262
29.040517 7.401809
29.071673 7.334367
29.092623 7.367435
29.124979 6.807444
29.157355 6.827807
29.189949 6.880021
29.222177 6.960343
29.253364 7.642514
29.274282 7.781403
29.305519 7.923511
29.336639 6.222912
29.369206 6.261985
29.400346 7.618409
29.431382 7.766696
29.462395 7.952141
29.49357 8.058135
29.525948 8.221129
29.557038 6.296272
29.598324 6.393824
29.629347 8.671385
29.660335 8.420846
29.692744 8.105562
29.723839 8.03899
29.755057 7.778966
29.786273 7.634247
29.817526 7.570546
29.850252 7.375441
29.882734 7.118376
29.915259 7.206617
29.94733 7.505801
29.979692 7.535737
30.010763 7.415646
30.041741 7.303909
30.072754 7.504322
30.103844 7.532517
30.136144 7.640948
30.167146 7.575333
30.198122 6.452739
30.229159 6.251455
30.260229 7.218713
30.292709 7.307651
30.32469 7.295815
30.356747 7.331147
30.388959 7.344983
30.419995 7.350205
30.451002 7.381968
30.47189 7.24482
30.502979 7.042144
30.535447 7.02822
30.567484 7.169893
30.599456 7.070252
30.631666 7.156927
30.662755 7.204964
30.69377 7.197567
30.724888 7.238467
30.755967 7.211142
30.78835 7.320704
30.819473 6.237792
30.850525 6.227959
30.881526 7.213405
30.912833 7.811774
30.945267 7.849541
30.976293 7.813949
31.007502 7.632942
31.03859 7.65287
31.069724 7.593955
31.102378 6.22413
31.13447 5.775527
31.165558 5.776659
31.196582 6.991932
31.227604 7.217147
31.258614 7.052848
31.290889 6.971917
31.322846 7.183991
31.354851 7.083045
31.385872 6.136933
31.416925 7.253
31.448138 8.08694
31.479285 8.154121
31.511889 8.071362
31.543058 8.166217
31.574141 8.151946
31.605175 7.116636
31.636185 5.893182
31.668456 7.988778
31.699494 8.191193
31.730561 8.352533
31.761582 8.44791
31.792657 8.515875
31.825075 8.445038
31.857117 8.508652
31.889068 8.662421
31.921018 8.525012
31.952951 8.261594
31.985519 7.986515
32.018043 7.464205
32.050008 7.183208
32.081832 7.281892
32.11292 7.456634
32.143897 7.363954
34.22266 9.889181
34.253735 10.017627
34.286153 10.20899
34.317236 9.309436
34.348267 8.902343
34.389523 9.20466
34.420522 9.398199
34.452965 9.412645
34.484046 9.396284
34.515115 9.289594
34.546118 9.445713
34.577232 9.47913
34.609604 9.821043
34.640663 7.513111
34.783738 7.620584
34.814782 7.743113
34.845845 8.293619
34.878443 7.693161
34.90947 7.413557
34.940474 7.608836
34.971506 7.763128
35.002572 8.03403
35.034857 8.383339
35.066915 8.712372
35.098783 7.351771
35.161495 7.422695
35.194016 7.307389
35.226176 7.054327
35.25843 6.935541
35.290672 6.801004
35.322609 6.58571
35.354595 6.577355
35.386536 6.939283
35.418842 7.424696
35.450836 8.980054
35.503254 9.230158
35.535229 9.545354
35.566248 10.004661
35.597374 10.148161
35.628561 10.538719
35.659692 10.794653
35.692158 10.79709
35.723261 9.733933
35.764546 9.250173
35.805709 9.394979
35.83678 9.412993
35.869246 9.481132
35.90036 9.531257
35.931501 9.594435
35.962599 9.6396
35.993632 9.811818
36.025981 10.18706
36.057024 7.757732
36.210258 7.733888
36.241492 7.581163
36.272635 7.473168
36.305252 7.269796
36.336313 7.080521
36.367397 7.095228
36.398388 7.005594
36.429414 7.243428
36.461877 7.690203
36.494221 8.154121
36.526221 7.271797
36.609071 7.290681
36.640996 7.126904
36.673074 6.825109
36.704179 6.598328
36.735344 6.35945
36.766477 6.110826
36.797664 6.114481
36.830125 6.437249
36.861187 7.419214
36.892237 8.799221
36.943732 9.145311
36.97475 9.540046
37.007173 9.896143
37.038203 10.096035
37.069199 10.598852
37.100247 10.934673
37.121078 11.237077
37.153548 10.176531
37.18463 9.229201
37.24622 9.372005
37.277217 9.421956
37.308404 9.552403
37.340938 9.431529
37.37201 9.536478
37.403048 9.514635
37.434253 9.849151
37.465382 10.167741
37.498006 10.44108
37.529103 8.227133
37.651823 8.358451
37.682872 8.111393
37.713876 7.965282
37.746281 7.999308
37.778448 7.850238
37.810693 8.075627
37.843091 7.800112
37.875021 8.17083
37.907316 8.536499
37.939845 8.687658
37.971797 8.116092
38.013753 8.186755
38.045691 8.19859
38.077561 8.21321
38.109422 8.035683
38.141314 7.952837
38.173287 7.772526
38.205503 7.675757
38.237519 7.823609
38.269519 7.927514
38.301409 8.754404
38.364102 8.559038
38.396059 8.36167
38.427104 8.225828
38.458105 8.03577
38.489074 7.933692
38.520204 8.020106
38.552545 7.778705
38.583591 7.432441
38.614599 7.141698
38.645643 6.890811
38.676676 6.700667
38.708966 6.727209
38.740283 6.915265
38.77147 7.513982
38.802591 7.7888
38.833733 7.68559
38.866234 7.808206
38.897249 7.866859
38.92833 7.524424
38.959365 7.746245
38.990339 7.94605
39.022795 7.13317
39.053795 7.776703
39.084823 7.797502
39.115863 7.768088
39.14692 7.778531
39.179282 7.847105
39.210334 7.830309
39.24142 7.820998
39.27251 6.804485
39.30364 6.162431
39.335968 7.992433
39.366964 8.10182
39.397955 7.248997
39.429288 7.521291
39.46039 7.516418
39.492894 7.454632
39.525123 7.631549
39.556217 7.40207
39.587271 7.257177
39.618262 7.081391
39.649434 7.000808
39.681679 7.133779
39.71358 7.216625
39.745585 7.170764
39.777404 7.282414
39.808399 7.261615
39.839367 6.615906
39.870435 6.520355
39.891314 6.569349
39.923744 6.57196
39.954763 7.20331
39.985747 7.406073
40.016713 7.27171
40.047769 7.39389
40.080033 7.255524
40.111051 5.74916
40.142024 5.710957
40.173083 5.742633
40.204294 7.013688
40.236659 7.111153
40.267699 7.163106
40.298707 7.289463
40.329698 7.127513
40.360739 6.868621
40.393162 6.135976
40.424205 6.080803
40.455242 6.138761
40.486447 6.18671
40.517565 6.626349
40.550119 6.799089
40.582289 6.806051
40.613545 6.274429
40.64486 6.453696
40.675988 6.678563
40.707126 6.310021
40.739901 6.478672
40.760741 6.466923
40.791837 6.704148
40.822891 6.947637
40.853984 6.961474
40.886497 6.785601
40.917568 5.921813
40.948735 6.096119
40.979847 6.031287
41.010951 5.924249
41.043332 5.95288
41.064121 6.979923
41.095118 7.179466
41.126113 7.024304
41.167326 6.702146
41.199592 6.407226
41.240871 6.001091
41.271963 5.178464
41.302991 5.426653
41.323955 5.891268
41.35641 5.790147
41.38744 5.921465
41.418434 5.823477
41.449461 6.106388
41.480485 6.257112
41.512705 6.170524
41.543694 6.098904
41.574851 5.715134
41.606116 6.608597
41.627139 6.696141
41.659494 6.811708
41.690571 6.833811
41.721615 6.881674
41.752634 6.873407
41.78383 6.796392
41.816273 6.829634
41.847518 5.709999
41.878838 5.186122
41.909977 6.443688
41.941046 7.076605
41.973449 6.895859
42.004468 6.789256
42.03547 6.708673
42.066468 6.479368
42.097623 6.447517
42.129985 6.581358
42.161048 6.365281
42.192102 6.213861
42.223149 6.316026
42.254289 6.283915
42.286716 6.191583
42.31771 6.337521
42.348701 6.485546
42.379714 6.612077
42.410722 6.679085
42.443129 6.092638
42.474112 5.303255
42.505179 5.759167
42.536307 6.837031
42.567525 6.954251
42.599822 7.053109
42.631011 7.10219
42.662216 7.152315
42.693429 5.593563
42.724498 5.236682
42.756814 7.216712
42.787876 7.565586
42.818889 8.067185
42.839728 8.012274
42.870893 7.890094
42.903297 7.923946
42.934469 7.940828
42.965649 7.059462
42.996761 6.981141
43.027845 7.573505
43.060243 8.062747
43.091264 8.085808
43.122287 8.226872
43.153335 8.450347
43.184335 7.491095
43.216939 6.617821
43.248878 8.184753
43.280836 8.497426
43.312818 8.725339
43.344663 8.859267
43.376731 8.906955
43.40872 8.930016
43.440549 8.971874
43.472432 7.647736
43.504298 8.337217
43.536229 8.15151
43.568119 7.958668
43.600458 7.619366
43.632694 7.531473
43.664958 7.47691
43.696125 7.313133
43.727328 7.316527
43.758424 7.161191
43.78988 7.235596
43.82252 7.461072
43.854986 7.744331
43.886198 7.762345
43.917347 7.783056
43.948603 7.87121
43.979765 7.907847
44.012169 7.984514
44.04319 7.910283
44.074204 6.388951
44.105326 5.656045
44.136506 7.126295
44.16896 7.818735
44.201541 7.933518
44.234141 7.975289
44.2663 7.995479
44.298476 7.987037
44.330812 7.124816
44.362973 7.444537
44.395316 8.659549
44.427566 9.137479
44.459486 9.488006
44.49139 9.569808
44.523623 9.739154
44.555644 9.763259
44.587746 6.808923
44.619906 7.776181
44.652161 8.979793
44.684412 8.944549
44.716492 8.679913
44.74906 8.208771
44.78151 8.012535
44.814018 7.786885
44.845909 7.528166
44.877957 7.553055
44.909141 7.61049
44.940187 7.464292
44.971257 7.207487
45.002521 7.284415
45.034849 7.445495
45.065858 7.461681
45.096864 7.468556
45.127845 7.52512
45.158867 7.578988
45.191259 7.588212
45.222295 7.574462
45.253409 6.684916
45.284454 6.160516
45.315512 6.188538
45.347788 7.978422
45.378829 7.868686
45.409807 7.749639
45.440787 7.592215
45.471788 7.191997
45.504069 5.738891
45.536058 5.770045
45.568544 5.74681
45.600399 7.039533
45.63261 8.069448
45.664832 7.993564
45.697012 7.968763
45.729375 7.873038
45.761316 7.784448
45.793623 6.989495
45.824711 7.640513
45.855759 7.735629
45.886863 7.945615
45.917966 7.924033
45.950469 8.275605
45.981548 8.330429
46.012679 8.029505
46.043796 6.864182
46.074856 6.836944
46.107195 8.440078
46.138223 9.071689
46.169227 9.466251
46.200321 9.507325
46.231412 6.433768
46.274134 6.520442
46.305145 6.750966
46.33619 8.734128
46.367193 8.966566
46.398216 9.089094
46.430519 9.064205
46.461512 7.546267
46.492547 7.844146
46.52352 8.220781
46.554521 10.180795
46.586798 10.784733
46.618617 10.903171
46.650489 9.322228
46.682445 9.263139
46.71436 9.658919
46.746428 10.627744
46.778428 11.997482
46.810483 12.221044
46.842278 10.858006
46.874602 8.577487
46.906671 8.543287
46.938598 9.758386
46.970482 11.032052
47.002318 10.908479
47.034565 10.536283
47.066468 9.276106
47.098418 9.786669
47.12946 10.400179
47.160441 11.67019
47.191458 9.064379
47.263321 8.796088
47.295691 8.685221
47.327705 8.746659
47.359701 9.451196
47.391662 9.650391
47.423529 9.613319
47.455578 9.531866
47.487582 9.387843
47.519701 8.527275
47.551665 8.409968
47.593675 8.548421
47.625495 8.562432
47.657444 8.565739
47.689726 8.511176
47.71164 8.403267
47.743975 8.312329
47.776079 8.271863
47.808053 8.538936
47.840178 8.816539
47.872202 8.607858
47.955682 8.568698
47.986918 8.527449
48.018062 8.376638
48.049363 7.661746
48.080523 7.54792
48.113025 7.279368
48.145035 7.15449
48.17707 6.927187
48.209055 6.948246
48.240904 6.909869
48.273083 6.754447
48.304961 7.016037
48.337069 7.224805
48.369436 7.805508
48.401556 7.891486
48.433723 7.907586
48.46568 7.951793
48.497625 7.839621
48.528713 7.751641
48.559712 5.7053
48.611084 5.687286
48.642147 8.036727
48.67464 8.805139
48.706611 8.882067
48.738862 8.768241
48.771188 8.597241
48.803023 8.392564
48.834833 7.993042
48.866687 7.930647
48.898821 7.639294
48.930718 8.643102
48.962938 8.568959
48.995429 8.335477
49.017243 8.456873
49.049898 8.459397
49.08202 8.408924
49.114014 8.234965
49.145923 8.046039
49.177702 8.123141
49.209612 8.157428
49.24153 8.363498
49.273711 8.141155
49.306028 8.117049
49.338167 7.978596
49.370179 7.913155
49.402143 7.778009
49.434016 8.034291
49.465811 7.735542
49.497632 7.424348
49.529608 7.250564
49.561719 7.052587
49.593673 6.603549
49.625617 6.8131
49.657519 6.948943
49.689653 7.20888
49.722256 7.07208
49.754391 6.825109
49.786599 6.796827
49.818684 6.72747
49.850622 6.731299
49.882752 6.42289
49.914795 5.937129
49.936446 5.865944
49.968402 6.219866
50.000255 6.884198
50.032093 6.972439
50.064713 7.175376
50.096969 7.065292
50.128848 6.188538
50.160678 5.518114
50.192471 5.630199
50.224375 5.612969
50.256262 5.714263
50.288287 7.275191
50.320718 7.741807
50.352783 6.606856
50.384757 6.103342
50.416892 6.120399
50.448958 6.218299
50.481121 6.292269
50.503151 6.850346
50.535052 7.920987
50.566994 7.934128
50.598885 7.636249
50.63074 6.745048
50.662605 6.843471
50.694584 6.939022
50.726368 7.115591
50.758181 7.249867
50.790044 7.510936
50.821975 7.729015
50.853773 7.832224
50.885603 7.115765
50.917427 6.714938
50.949336 6.817712
50.981527 7.52834
51.013792 7.463595
51.045843 7.552011
51.078047 7.55845
51.109907 7.68385
51.142151 6.924315
51.174294 5.993432
51.206718 5.9789
51.238685 6.462224
51.271263 7.215929
51.303556 7.092182
51.335811 7.204006
51.367908 6.934671
51.400303 7.007683
51.432355 7.109848
51.464531 6.476496
51.496578 6.220214
51.528453 6.417407
51.560688 6.509391
51.592548 6.653065
51.614867 6.663334
51.647101 6.628525
51.679513 6.653065
51.711712 6.724772
51.743804 6.804398
51.775665 6.18088
51.807521 6.122052
51.83935 6.165999
51.871231 7.381533
51.902959 7.243515
51.934803 7.353163
51.966689 7.25857
51.988283 7.104974
52.02018 5.370436
52.052243 5.212229
52.084245 5.257742
52.116156 7.062333
52.14795 7.262138
52.179793 7.394412
52.211668 7.481435
52.243508 7.49475
52.275313 7.014123
52.307094 6.026501
52.339363 7.365869
52.371352 7.629374
52.403839 7.660789
52.43584 7.638772
52.467991 7.530168
52.500267 7.059201
52.532181 7.128471
52.56405 6.80492
52.595919 6.58014
52.627771 6.572569
52.659662 6.460223
52.691512 6.600242
52.723565 6.765934
52.755432 6.892987
52.787285 6.773679
52.819542 6.787863
52.851461 6.815798
52.88334 6.804572
52.915102 6.716853
52.947278 6.173744
52.968985 6.233702
53.000858 6.32586
53.032666 6.500775
53.06475 7.483001
53.096692 7.518159
53.128567 7.397458
53.160758 5.32153
53.192641 5.191431
53.224499 5.169414
53.256392 6.851303
53.288263 7.408249
53.320138 7.509021
53.351936 7.575246
53.383825 7.609184
53.415667 7.574898
53.447548 6.281826
53.479388 6.297925
53.511223 6.37964
53.543276 6.878454
53.57517 6.917876
53.607084 6.961822
53.638892 6.829634
53.670827 6.846778
53.702702 6.776551
53.735378 6.78125
53.767433 6.839903
53.799494 6.961126
53.831456 7.3214
53.863638 7.476562
53.895564 7.692987
53.927552 7.762432
53.959596 6.627132
53.991578 5.595912
54.023452 6.424195
54.055304 7.194695
54.08706 7.275539
54.119089 7.313046
54.15089 7.305823
54.182778 5.905017
54.224795 6.062529
54.256649 8.690704
54.288696 8.590714
54.321149 8.548769
54.353483 8.240883
54.385534 7.934476
54.417783 7.770873
54.450194 7.640426
54.482764 7.47543
54.515257 7.73528
54.547964 7.707259
54.580002 7.765216
54.611995 7.667229
54.643885 7.162061
54.675698 6.908216
54.707805 6.974005
54.739923 7.020823
54.772319 6.987755
54.804405 7.122466
54.836276 7.225414
54.868309 6.70554
54.900348 6.819714
54.932128 7.039533
54.963944 7.157623
54.995816 7.158406
55.017439 7.019605
55.049355 7.109848
55.081211 7.291812
55.11307 7.49005
55.144982 5.876735
55.176819 5.369827
55.208566 6.964607
55.240403 7.354904
55.27219 7.402592
55.304081 7.4354
55.33602 7.461855
55.367813 5.966629
55.399713 5.687286
55.431711 7.380663
55.463768 8.211556
55.495752 8.42424
55.527977 8.542939
55.559971 8.354099
55.592028 8.077628
55.613874 8.106694
55.645733 7.393803
55.677774 8.98397
55.709682 8.745441
55.74181 8.794609
55.773827 8.209294
55.795514 8.129146
55.827401 8.468883
55.859387 8.428069
55.891524 8.647888
55.923525 8.763281
55.95561 8.827329
55.987711 8.302234
56.019825 8.869796
56.051917 8.802963
56.083706 8.542939
56.115565 8.754926
56.147787 9.027743
56.169491 8.87963
56.201378 8.897296
56.233295 8.60925
56.265391 8.876323
56.297364 9.029135
56.329357 8.740133
56.361484 8.223565
56.393419 8.046909
56.425378 8.217735
56.457391 8.207205
56.489788 8.049172
56.521811 7.891138
56.543472 7.816125
56.575369 7.909326
56.607783 7.822825
56.639937 7.72945
56.671919 7.779836
56.703789 7.717006
56.735709 8.03577
56.767529 8.377248
56.799461 6.537586
56.831451 7.401722
56.863335 8.388038
56.89554 8.443211
56.917209 8.508652
56.949023 8.564434
56.980913 8.584101
57.012899 6.129362
57.075801 7.247083
57.106837 8.425632
57.138006 8.619432
57.169332 8.475061
57.200685 8.136978
57.233393 7.886961
57.265996 7.558189
57.298736 7.34829
57.331354 7.319138
57.363603 7.40294
57.395526 7.272493
57.427342 7.152837
57.459156 7.364737
57.491018 7.577508
57.523011 7.781403
57.554944 7.809946
57.58696 8.059701
57.608967 8.04865
57.640177 8.092509
57.671473 8.0007
57.702798 7.362388
57.734244 6.154686
57.767022 6.170089
57.799846 7.259353
57.831824 8.185449
57.864133 8.252631
57.895265 8.080152
57.926516 6.292356
57.957716 6.383033
57.988835 7.686461
58.021459 8.42102
58.052786 8.670166
58.084045 8.996154
58.115322 9.0857
58.146642 6.786123
58.179371 7.080956
58.210606 8.945245
58.241749 8.874496
58.27276 8.719073
58.303822 8.684351
58.336252 8.519443
58.368292 8.539806
58.400273 8.329211
58.432294 8.142547
58.463473 8.809925
58.494603 8.960648
58.525654 9.236162
58.556767 8.924621
58.589213 8.946115
58.620269 8.362976
58.651285 8.349748
58.682363 8.578879
58.713403 8.718725
58.745983 8.415189
58.778046 8.232703
58.809936 8.004094
58.841978 7.724403
58.873961 7.711175
58.905825 7.856329
58.9377 7.727797
58.969606 8.156558
59.001394 8.994761
59.032409 9.149053
59.063433 9.055068
59.094413 8.93019
59.125422 8.604029
59.157529 8.45609
59.189739 8.542765
59.221588 8.010185
59.252563 8.222086
59.283541 8.158298
59.314529 8.134715
59.345613 6.853305
59.378304 6.979314
59.409391 8.047779
59.440352 8.25733
59.471455 8.382208
59.502636 8.522402
59.535143 8.706107
59.567487 6.051825
59.60037 6.0882
59.632766 7.387624
59.664671 7.725099
59.696526 7.705519
59.728444 7.751293
59.760402 7.467076
59.792608 7.610664
59.823646 7.387363
59.854764 7.228982
59.885845 7.187907
59.916936 7.333496
59.94935 7.57133
59.981437 7.787233
60.013365 7.832311
60.045263 7.784274
60.077265 7.760604
60.109133 7.826741
60.141137 7.759734
60.172173 7.575333
60.203409 7.081043
60.234446 6.5737
60.265556 6.650977
60.297922 7.249258
60.318828 7.470383
60.349899 7.298948
60.380936 7.274321
60.411959 7.292509
60.444297 7.292422
60.475309 7.27319
60.506399 6.331168
60.537473 7.588038
60.568564 7.78088
60.600969 7.87443
60.632073 7.9437
60.663143 8.025414
60.694167 8.028895
60.725241 8.020019
60.757557 5.566412
60.789561 6.947376
60.821501 8.138283
60.853527 8.30058
60.885911 8.364107
60.918075 8.261246
60.950211 8.494032
60.982219 8.820803
61.013357 8.947943
61.044446 8.725252
61.075496 8.914613
61.106538 8.564608
61.138906 8.942025
61.170868 9.053066
61.202939 9.338153
61.234883 9.53613
61.266799 9.375225
61.298652 7.590823
61.330527 7.848671
61.362354 8.351228
61.39427 9.628896
61.426412 9.300907
61.45834 9.380707
61.4801 9.328581
61.512089 8.809664
61.543895 7.692552
61.575854 7.76043
61.607791 7.696381
61.639735 7.678368
61.671728 7.815428
61.702741 7.553055
61.733797 7.566978
61.764881 7.53069
61.795989 7.475256
61.828293 7.239164
61.860644 8.106259
61.892594 8.337826
61.924461 8.462791
61.957043 8.525273
61.989444 8.389953
62.021447 8.15708
62.053423 8.008967
62.084494 6.440207
62.115548 6.332473
62.146635 6.823891
62.177802 7.824044
62.210184 7.941699
62.241369 7.756253
62.272449 7.579336
62.303512 7.762084
62.334607 7.0981
62.367102 6.525055
62.398179 6.546984
62.419083 6.924924
62.450275 7.326534
62.481484 7.63651
62.514039 7.584644
62.545159 7.196087
62.57622 7.047539
62.607304 6.998111
62.638372 6.758015
62.67075 6.45883
62.701779 6.499818
62.732808 7.198959
62.763848 7.126643
62.795006 7.203397
62.82711 7.262399
62.858134 7.07295
62.88926 6.826937
62.920264 6.047996
62.951379 5.782141
62.983834 5.855153
63.015084 7.398937
63.046212 7.434791
63.077634 7.379096
63.108873 7.309304
63.141509 7.08844
63.172654 5.968805
63.20401 6.018408
63.235309 6.121269
63.266775 6.167478
63.299169 6.557862
63.330426 7.111762
63.361655 6.55821
63.392753 6.400177
63.42397 6.442035
63.456434 5.948268
63.488724 6.170611
63.520988 6.320029
63.55208 6.43516
63.583335 6.468316
63.614497 6.415232
63.645785 6.695967
63.678388 6.782207
63.70956 6.090202
63.761191 6.227698
63.792307 6.427589
63.823515 6.528013
63.855987 6.61347
63.887177 6.901602
63.918369 6.697186
63.939277 5.604093
63.970433 5.602787
64.002954 5.537346
64.034113 5.569109
64.06512 6.913263
64.096194 7.432528
64.127281 7.516766
64.159648 5.522117
64.19058 5.568935
64.221638 6.554729
64.25271 7.646778
64.283736 7.740415
64.316024 7.863291
64.347026 7.927079
64.378016 7.798111
64.40903 8.130973
64.440031 7.727797
64.47221 7.261964
64.503247 7.499449
64.534301 8.288397
64.565376 8.639099
64.596443 8.340089
64.628732 7.626415
64.660631 7.472733
64.692456 7.591432
64.724303 7.603963
64.756137 7.796458
64.788001 8.789736
64.819946 8.496121
64.851757 8.168654
64.883607 8.111567
64.915928 7.057025
64.947848 7.138739
64.979874 7.345244
65.011918 7.498492
65.04381 7.445147
65.074761 7.118202
65.105753 7.468643
65.13678 7.204616
65.167787 7.159886
65.200192 7.220715
65.231442 6.962518
65.262658 6.852434
65.293668 7.155796
65.324719 7.078171
65.357054 7.312437
65.388193 7.437314
65.419191 7.255437
65.450312 6.782642
65.481473 6.275299
65.5139 6.168783
65.545007 7.854502
65.576211 7.954926
65.607228 8.107999
65.638314 8.201026
65.670785 7.542003
65.701824 5.643949
65.732811 6.732952
65.763781 7.662181
65.794805 7.908195
65.827165 8.051173
65.858223 8.217561
65.889286 6.266162
65.950984 6.391562
65.982139 7.589778
66.014611 8.375507
66.045725 8.609598
66.076725 8.958125
66.107805 8.37368
66.138844 8.058483
66.171365 8.076236
66.203278 7.654523
66.235148 7.972766
66.267179 8.791824
66.299211 8.993369
66.33112 9.035314
66.36298 8.784949
66.394857 8.551641
66.426746 8.408141
68.47839 8.339741
68.510338 8.288136
68.542329 8.513786
68.574562 8.658157
68.605759 8.881196
68.63697 7.7271
68.66818 8.006443
68.699497 8.212252
68.732244 7.987734
68.764372 7.910544
68.796416 8.010098
68.828428 7.898448
68.860227 8.230788
68.892153 8.245408
68.924341 8.171526
68.956263 8.168567
68.988332 7.768001
69.020267 7.894097
69.052264 7.884002
69.084536 8.130625
69.115888 8.30119
69.147008 8.171439
69.178078 7.892531
69.209219 7.761126
69.241611 6.628177
69.274154 6.620693
69.306015 7.053283
69.338291 7.534519
69.369298 8.037598
69.400274 8.137326
69.431297 8.10826
69.462405 7.586472
69.494954 6.418539
69.526918 6.480847
69.558927 6.577529
69.591012 7.200177
69.623095 7.747899
69.655129 7.733192
69.68618 8.094249
69.717247 7.172678
69.748263 6.29662
69.779299 7.809859
69.811577 7.970764
69.843515 8.040556
69.875413 8.099384
69.907707 8.148813
69.938749 8.111393
69.969831 7.983382
70.000949 6.847561
70.032108 6.632093
70.064495 6.615819
70.09556 7.192432
70.126597 6.909086
70.157756 6.791344
70.188856 6.84965
70.221401 6.894118
70.253839 7.054762
70.28503 7.191736
70.316058 6.942068
70.347237 7.455676
70.37834 7.189735
70.410756 7.384405
70.441849 7.510849
70.472855 7.557232
70.503915 7.491443
70.535025 7.539827
70.56748 7.547659
70.598576 5.752031
70.629647 5.763692
70.660957 7.19748
70.692188 7.627894
70.724709 7.59909
70.755775 7.689768
70.786834 7.525817
70.81807 7.330015
70.849315 7.321748
70.881837 6.375898
70.912914 5.878998
70.944043 6.473015
70.97509 6.90517
71.006153 6.941981
71.03853 6.875408
71.070507 6.943547
71.101528 7.008031
71.132516 7.237423
71.163493 5.980727
71.194541 6.074016
71.22701 6.505039
71.258174 7.646778
71.279043 7.683241
71.31012 7.921161
71.341203 7.843537
71.373641 7.91037
71.404628 7.546354
71.435572 5.62959
71.466614 5.663007
71.497653 7.110109
71.530025 7.197219
71.561079 7.170329
71.592162 7.305823
71.623201 7.418605
71.654259 7.327231
71.686625 7.286504
71.718806 7.077562
71.750815 6.868795
71.782797 6.444472
71.814654 6.644972
71.845634 6.952424
71.876572 7.175463
71.907611 7.241774
71.938747 7.127252
71.971107 7.015863
72.002162 6.663595
72.033272 6.633224
72.064278 6.753838
72.095323 6.866184
72.127652 6.931103
72.158705 7.073124
72.189903 7.832746
72.221066 5.775005
72.252245 5.797283
72.284641 7.199916
72.31583 7.512328
72.346946 7.55027
72.378069 7.553925
72.409192 6.078889
72.451746 6.205159
72.482798 7.237858
72.513837 8.708282
72.544907 8.796262
72.575989 8.642232
72.608212 8.076062
72.639209 8.085634
72.670211 7.972069
72.70123 7.810381
72.732315 8.126187
72.764406 8.193368
72.795435 8.619693
72.82643 9.841319
72.857333 7.96737
72.888456 8.150901
72.920743 8.219649
72.951749 8.225915
72.982705 8.250716
73.013664 8.505171
73.044784 8.739871
73.077065 8.576965
73.108956 6.756013
73.140068 7.314177
73.17108 9.68929
73.20211 9.116071
73.233221 9.018344
73.265745 8.553295
73.297805 8.529711
73.329788 8.511611
73.362403 8.578096
73.394878 8.653371
73.427016 8.670775
73.45905 8.598285
73.49109 8.553034
73.523273 8.786951
73.555335 8.935151
73.587328 8.436075
73.619231 8.239752
73.651171 8.00244
73.683189 6.991758
73.715126 7.132735
73.747441 7.668621
73.779712 7.669926
73.811661 7.548965
73.843567 7.757036
73.874636 7.818213
73.905784 7.654262
73.93715 7.851021
73.968385 6.93615
74.000935 8.006705
74.032991 8.37542
74.065157 8.553817
74.096199 8.203115
74.127195 8.246278
74.158165 8.007923
74.189256 8.119747
74.221695 8.059266
74.253751 6.016494
74.286164 7.228982
74.31874 7.645473
74.349977 8.164303
74.381225 8.731256
74.412529 8.257591
74.443866 8.21991
74.476484 6.960517
74.507626 6.683871
74.538785 6.910218
74.569809 8.775377
74.601005 8.394913
74.633556 8.563911
74.664682 8.614124
74.695888 8.0577
74.726987 6.681957
74.758177 8.536673
74.790581 9.447628
74.822698 9.586168
74.854718 9.614711
74.88664 10.06488
74.918633 7.171112
74.971072 7.381359
74.992794 7.803419
75.024837 8.33069
75.057166 8.407967
75.089409 8.12375
75.121386 7.845799
75.152453 7.673146
75.183544 7.528949
75.214564 7.221759
75.245599 7.158493
75.278105 7.473777
75.309201 7.486134
75.340272 7.442971
75.37128 7.411991
75.402342 7.326273
75.434839 7.390757
75.46677 7.592563
75.497924 7.568632
75.529079 7.780706
75.560351 7.360386
75.591407 5.672841
75.623811 7.371525
75.654938 7.970677
75.686039 8.006705
75.717224 8.057787
75.748416 8.166913
75.780944 8.1603
75.811972 5.695989
75.842975 7.727361
75.874018 8.416843
75.905186 8.71594
75.937699 8.620998
75.96886 8.542852
76.000046 8.908087
76.031514 8.943418
76.062582 8.914091
76.084839 7.095576
76.117084 8.444342
76.149024 8.78991
76.181022 8.766849
76.212892 8.599765
76.244692 8.541547
76.276533 8.319551
76.308325 8.338348
76.340187 8.196066
76.372154 7.31235
76.404008 7.445234
76.435971 7.158058
76.467815 6.955034
76.499701 7.022738
76.531597 7.162932
76.562961 7.310261
76.594137 7.2302
76.62529 7.43453
76.656401 6.737129
76.688699 6.716157
76.719777 7.272232
76.750807 7.456895
76.781822 7.535998
76.812855 7.770699
76.845324 7.993738
76.876368 6.099078
76.907447 6.095336
76.938565 5.923988
76.969677 5.913023
77.002089 7.277019
77.034231 7.713873
77.065233 7.31644
77.096288 7.42078
77.127311 7.582817
77.158398 6.108564
77.190897 8.183448
77.22189 8.145332
77.252901 8.367501
77.283963 8.749357
77.314995 8.72325
77.347231 8.676171
77.378248 8.604986
77.409296 6.474233
77.440307 7.429918
77.47153 8.160648
77.503941 8.04073
77.535005 7.914112
77.566077 7.968153
77.597116 8.042993
77.628434 8.157428
77.660889 7.78967
77.693122 7.509282
77.725418 7.423652
77.757493 7.636423
77.78853 7.599438
77.819508 7.556188
77.85056 7.570894
77.881619 7.514939
77.914149 7.844581
77.945267 8.147072
77.976277 8.203115
78.007546 6.988277
78.038811 6.968175
78.071244 7.074517
78.102298 7.878607
78.133466 8.219301
78.164572 8.138805
78.195655 7.889311
78.228107 5.964193
78.260312 5.903364
78.292458 5.863769
78.323553 6.008487
78.354589 7.500145
78.385754 8.156123
78.416954 8.106868
78.449397 8.02994
78.480562 6.508955
78.511549 6.605203
78.542588 7.534693
78.573612 7.990605
78.605978 8.163607
78.636967 8.171613
78.667917 8.09686
78.699018 7.980076
78.730264 7.46229
78.763 6.893596
78.795059 7.677758
78.827386 7.80516
78.859512 7.967283
78.891515 7.947181
78.924151 7.939697
78.955505 7.755209
78.986899 7.902277
79.018193 6.663247
79.049566 6.712067
79.082037 7.450107
79.113249 7.900972
79.14439 7.800635
79.175616 7.541481
79.19657 7.448192
79.229147 7.388147
79.261163 7.47282
79.292182 6.645494
79.323205 6.334997
79.354248 6.35449
79.38532 6.782468
79.41759 7.318964
79.448748 7.390757
79.46966 7.374832
79.500783 7.461768
79.532093 7.651478
79.564408 5.812773
79.59555 5.815645
79.626776 5.884393
79.657841 7.332626
79.68903 7.822738
79.721667 7.807248
79.752758 7.885047
79.783811 7.827525
79.814826 7.835444
79.845833 6.002918
79.878189 6.484415
79.910229 7.701081
79.942197 7.719007
79.974117 7.696468
80.006042 8.194065
80.03793 8.486635
80.069824 8.424936
80.100871 6.257286
80.1319 7.324359
80.163055 8.248889
80.194142 8.388299
80.226603 8.429461
80.257678 8.030288
80.288831 7.940393
80.31994 8.033943
80.351026 8.367849
80.383326 7.58038
80.414412 6.854001
80.445451 8.281261
80.476479 8.063704
80.507661 8.337739
80.539975 8.130973
80.5608 7.889746
80.591818 7.821346
80.622791 7.921509
80.653912 7.569589
80.686208 6.841121
80.718274 6.710239
80.750308 6.937717
80.781416 6.955817
80.812409 6.908738
80.843407 6.891682
80.874405 7.130559
80.906706 7.161974
80.93862 6.901341
80.969624 6.648366
81.000718 6.217081
81.031806 6.061745
81.062917 6.139196
81.095232 7.389017
81.127192 7.73032
81.158305 7.468469
81.189289 7.624413
81.220326 6.092987
81.251405 5.954881
81.283988 6.052521
81.315064 6.1224
81.346114 6.310979
81.377234 7.953534
81.408264 8.031767
81.440432 7.016646
81.471406 6.210728
81.502575 6.323858
81.53363 6.362322
81.564746 7.225762
81.597055 7.101058
81.62921 7.361431
81.66101 7.340545
81.692976 7.748595
81.72407 6.745918
81.755229 8.087897
81.786277 8.249324
81.817394 8.729603
81.849809 8.592455
81.88085 8.55634
81.911834 8.448867
81.942808 8.570525
81.973808 6.422107
82.006261 6.806573
82.038438 8.225219
82.070479 8.00801
82.102406 7.720922
82.134335 8.021324
82.166131 7.703082
82.198164 7.682023
82.23008 7.676627
82.262132 7.709609
82.293326 7.114373
82.32438 7.57951
82.355358 7.594217
82.386433 7.616755
82.418748 7.504235
82.449796 7.602136
82.470597 7.654436
82.501605 7.803158
82.532825 7.454023
82.565272 6.449084
82.597245 6.4644
82.629297 6.761583
82.661237 7.697948
82.692231 7.645299
82.723232 7.318528
82.754232 7.168414
82.78527 7.141959
82.817425 6.8131
82.849329 6.951292
82.881206 6.630526
82.913059 5.734105
82.944143 6.333518
82.975175 6.557862
83.006156 6.292878
83.037195 6.472493
83.069431 6.645581
83.100402 6.70963
83.13135 6.620432
83.162358 6.387298
83.193525 5.725924
83.22592 5.750726
83.256959 6.532713
83.288009 7.316266
83.319007 7.284502
83.339925 7.191823
83.372224 7.282936
83.403191 7.291377
83.434185 7.141524
83.465258 5.440055
83.496299 5.410206
83.528903 7.301124
83.559945 7.35882
83.590954 7.344548
83.622091 7.546441
83.642944 7.715265
83.675253 7.732148
83.707158 6.311153
83.739941 6.192889
83.772139 7.695685
83.804113 8.171787
83.836221 8.445125
83.868204 8.582795
83.899243 8.656852
83.930333 8.677476
83.961482 6.233963
83.992587 7.925251
84.02494 8.626307
84.057048 8.663117
84.089297 8.450956
84.121211 8.140459
84.153276 8.045082
84.18438 8.093031
84.215557 7.837967
84.246663 8.065184
84.27793 8.41049
84.310691 8.324251
84.341765 7.778618
84.372891 7.746245
84.403987 7.496229
84.435182 7.780793
84.467795 7.248388
84.499861 7.519986
84.531744 7.595
84.562915 6.954686
84.594186 6.665248
84.625482 6.981924
84.656617 7.089658
84.689035 7.279542
84.720046 7.284415
84.751245 7.319312
84.782224 7.392672
84.813182 7.324098
84.84549 7.417038
84.876519 6.466053
84.907566 7.353425
84.938588 7.498143
84.96969 7.471253
85.002125 7.461681
85.034307 7.46551
85.066234 7.424696
85.098086 7.502146
85.130533 7.654088
85.163189 8.277345
85.195655 8.135846
85.22805 8.217213
85.260641 7.683937
85.293109 7.575594
85.325412 7.514852
85.356656 7.551401
85.38792 7.542525
85.419049 7.263617
85.450233 7.253696
85.482798 6.913176
85.51496 6.795173
85.546016 7.238816
85.577256 7.508064
85.60847 7.459418
85.639759 7.437227
85.672285 7.338457
85.703402 7.019257
85.734558 6.524707
85.755442 6.447604
85.786556 6.676474
85.819195 7.660789
85.850282 7.716484
85.881439 7.757123
85.912535 7.789061
85.943653 7.719529
85.976087 7.545397
86.007123 5.516026
86.038159 7.30269
86.069245 7.223151
86.100251 7.34098
86.13285 7.262921
86.164039 7.245255
86.195306 7.417038
86.226559 7.517724
86.257859 7.501102
86.290547 7.491443
86.311586 7.737717
86.342633 7.821607
86.373745 8.056743
86.40485 8.144549
86.437387 8.036379
86.469707 8.013057
86.500729 7.797937
86.531877 7.766435
86.562905 7.906802
86.594112 6.405659
86.626718 6.876801
86.658048 8.295968
86.689244 8.208423
86.720456 8.287179
86.751556 7.939958
86.783927 7.969633
86.814994 7.944483
86.846177 0.071619
87.223045 0.390558
87.254382 0.965169
87.287063 1.242598
87.318359 1.645165
87.349624 2.165561
87.380699 2.470489
87.411778 2.684826
87.444303 3.00507
87.475436 3.902797
87.506428 5.636639
87.537413 5.663703
87.568407 5.692943
87.601035 5.723749
87.632207 5.81843
87.663493 5.929558
87.6948 6.066445
87.726169 6.255371
87.758806 6.484763
87.790069 6.707977
87.821009 6.910043
87.851956 7.11272
87.882939 7.380402
87.915183 7.16328
87.946242 7.329841
87.9773 7.691073
88.008401 7.50554
88.039637 7.514417
88.072182 7.612665
88.103472 7.496664
88.134755 7.566108
88.166037 7.481174
88.19739 7.497969
88.229937 7.142481
88.260992 7.1893
88.292207 7.223151
88.323314 7.021607
88.354451 7.223587
88.386895 7.345679
88.418066 7.344113
88.449001 7.131168
88.479993 7.438794
88.510976 7.672537
88.543224 7.620584
88.574177 7.632768
88.605265 7.410511
88.636248 7.065814
88.667294 7.124642
88.699685 7.26527
88.720529 7.334018
88.751551 7.147442
88.782602 7.000721
88.813603 6.902734
88.846025 7.368305
88.877071 7.577247
88.908092 7.746245
88.939138 7.297469
88.970236 7.05659
89.002408 7.073733
89.033522 7.229156
89.064512 7.216973
89.095457 7.083741
89.12649 6.807618
89.158747 6.821454
89.189802 6.962257
89.220806 7.379444
89.251891 7.318528
89.282938 7.269186
89.315292 7.293379
89.346405 7.223238
89.367396 7.316875
89.398494 7.650607
89.429611 7.369872
89.461987 7.306084
89.493006 7.264661
89.52416 7.200787
89.555314 7.23838
89.586409 7.328623
89.618921 7.187646
89.650196 7.024652
89.681311 6.802396
89.712347 7.312263
89.743393 7.477171
89.775768 7.664705
89.806882 7.522249
89.837854 7.52103
89.868902 7.488745
89.899924 7.438533
89.931935 7.232985
89.962971 7.115156
89.983772 6.953207
90.014758 6.81632
90.045823 6.833028
90.077961 6.686395
90.108935 6.784121
90.139888 6.74879
90.170877 6.494423
90.201926 7.07295
90.234078 7.522597
90.265042 7.478128
90.296048 7.325316
90.327048 7.275539
90.357991 7.306084
90.390295 7.29947
90.421469 7.391366
90.452471 7.224805
90.483662 7.11768
90.514702 7.027524
90.547224 6.694923
90.57827 6.686221
90.60929 7.130472
90.640385 7.212274
90.671545 7.210881
90.704086 7.232985
90.735082 7.381098
90.766142 7.472298
90.797249 7.540001
90.828356 7.426785
90.860745 7.328101
90.891785 6.951988
90.922857 6.955643
90.953905 6.959211
90.984978 6.594847
91.017372 6.837292
91.048373 6.350661
91.079452 5.598523
91.130784 5.632723
91.161828 5.782663
91.194119 5.836617
91.22507 6.1794
91.245891 6.208031
91.276892 6.465792
91.307968 6.540023
91.340273 6.754621
91.371238 6.169915
91.412616 6.096293
91.443711 5.937303
91.474815 5.833224
91.507228 5.744547
91.538266 5.54309
91.569375 5.425
91.600439 5.578682
91.631519 5.516287
91.663989 5.507497
91.695085 6.270687
91.726194 6.790039
91.757285 6.817277
91.788356 6.968262
91.820891 6.910479
91.851924 7.136738
91.882922 7.353076
91.91399 7.546702
91.945188 7.544091
91.977624 7.366478
92.008734 7.170155
92.039681 7.176681
92.070713 7.140393
92.101797 7.253522
92.134076 7.234899
92.165345 7.114112
92.196318 7.144483
92.227285 7.256568
92.258322 7.541046
92.290421 7.68385
92.321425 7.572026
92.352534 7.557754
92.38355 7.466032
92.414621 7.55349
92.446945 7.531386
92.477932 7.56576
92.508923 7.574114
92.539988 7.409119
92.571119 7.371438
92.603423 7.537739
92.634449 7.715091
92.665551 7.688897
92.696583 7.657134
92.727632 7.612056
92.759956 7.715961
92.780841 7.711697
92.811847 7.675148
92.842856 7.372395
92.873918 7.538
92.906186 7.503365
92.937283 7.472646
92.96825 7.446017
92.999318 7.574462
93.030387 7.35969
93.062787 7.100797
93.09385 7.552011
93.124945 7.518681
93.155942 7.382577
93.187002 7.421563
93.219322 7.440186
93.250302 7.361953
93.281306 7.114547
93.312318 7.153098
93.343448 7.329319
93.375846 7.185122
93.406836 7.334367
93.43789 7.498753
93.468877 7.304344
93.499951 7.206008
93.532357 7.116113
93.563367 6.979662
93.594423 7.007248
93.625592 7.065466
93.656957 7.146049
93.689498 7.194521
93.720738 7.31148
93.751967 7.333583
93.783189 7.330451
93.814513 7.298948
93.847019 7.171025
93.878076 7.097142
93.909155 7.298948
93.940297 7.278672
93.97141 7.288854
94.00396 7.209315
94.035154 7.251521
94.06628 7.275365
94.09735 7.337499
94.128478 7.645734
94.160832 7.776964
94.19197 7.757558
94.223001 7.777051
94.25403 7.726404
94.285071 7.684459
94.31741 7.678716
94.348453 7.68211
94.379508 7.659832
94.410536 7.662878
94.441716 7.667316
94.474076 7.593346
94.505256 7.542786
94.536288 7.569067
94.567411 7.732496
94.598589 7.828047
94.631149 7.582817
94.662236 7.504844
94.693582 7.694467
94.724822 7.856068
94.756171 7.624675
94.788667 7.602658
94.819985 7.586907
94.851149 7.550357
94.882489 7.483959
94.913736 7.593346
94.94643 7.565412
94.977717 7.421911
95.008754 7.413122
95.03985 7.481522
95.071088 7.647562
95.103562 7.535737
95.134769 7.458287
95.165968 7.557841
95.197254 7.488832
95.228378 7.403985
95.260691 7.253435
95.291743 7.061463
95.322726 7.114547
95.353721 7.073559
95.384743 7.3328
95.417043 7.202962
95.44811 6.997675
95.479121 7.190953
95.51014 7.094358
95.541208 7.086004
95.573642 6.457699
95.604703 5.967761
95.635677 5.811468
95.666647 5.428742
95.697922 5.087003
95.730261 4.71324
95.761279 4.315894
95.792346 3.809857
95.813221 3.43418
95.844267 3.667575
95.876649 3.80977
95.907707 3.25265
95.938752 3.186513
95.969778 3.225847
96.000891 3.160841
96.033264 3.25587
96.064214 3.2322
96.09515 3.403635
96.126209 3.478996
96.157309 3.538085
96.189507 3.854587
96.220555 3.800023
96.251542 3.791234
96.282567 3.774439
96.313591 3.57124
96.3459 3.58734
96.376981 3.601002
96.407984 3.566106
96.439074 3.59961
96.470206 3.634767
96.502602 3.69168
96.53362 3.706213
96.564649 3.74955
96.59567 3.835529
96.6267 3.746765
96.658924 3.717526
96.68998 3.759558
96.721048 3.832309
96.752106 3.775918
96.7832 3.814034
96.815583 3.787753
96.846665 3.846232
96.87763 3.887742
96.908938 3.826217
96.940028 3.802721
96.972374 3.788449
97.003407 3.758078
97.034373 3.711347
97.065408 3.762691
97.086247 3.76095
97.118645 3.689504
97.149764 3.744155
97.180917 3.86033
97.212141 3.838313
97.243322 3.872774
97.275823 3.858503
97.307011 3.839184
97.338024 3.720833
97.369132 3.74955
97.40029 3.794454
97.432625 3.74372
97.463684 3.756164
97.494823 3.838226
97.525887 3.837008
97.556939 3.801851
97.589233 3.876081
97.620261 3.841707
97.651256 3.792365
97.682281 3.803591
97.713351 3.814643
97.745854 3.749028
97.776938 3.761124
97.807968 3.785229
97.839127 3.750159
97.870126 3.714306
97.902379 3.877038
97.933434 3.893225
97.964462 3.885567
97.995529 3.851715
98.026558 3.892529
98.05887 3.879649
98.089934 3.86355
98.12103 3.867118
98.15208 3.787318
98.183104 3.72675
98.215075 3.795324
98.246147 3.788362
98.277166 3.779138
98.30822 3.791843
98.339421 3.808116
98.371796 3.820561
98.402881 3.865377
98.433908 3.912544
98.464879 3.786709
98.495903 3.784794
98.5282 3.824825
98.559232 3.807855
98.59025 3.831961
98.621301 3.834223
98.652348 3.800806
98.684576 3.792278
98.715516 3.843448
98.746881 3.880432
98.778037 3.775483
98.809237 3.825521
98.841782 3.814034
98.872763 3.783228
98.903729 3.835355
98.934759 3.843274
98.965799 3.783228
98.998073 3.823693
99.029065 3.920202
99.060117 3.857719
99.091172 3.811858
99.122197 3.82935
99.154632 3.802286
99.185666 3.744329
99.216653 3.764431
99.247656 3.794541
99.278894 3.743371
99.311364 3.764953
99.342373 3.88722
99.373437 3.93108
99.40442 3.908019
99.435499 3.947527
99.467763 3.850671
99.498805 3.815513
99.529779 3.835006
99.560906 3.813251
99.591946 3.820474
99.624193 3.857197
99.655231 3.84806
99.68621 3.843709
99.717325 3.824738
99.748533 3.915328
99.781077 3.949267
99.812099 3.929948
99.843085 3.883478
99.874079 3.86764
99.905161 3.819603
99.937488 3.822562
99.968502 3.868423
99.999583 3.797239
100.030653 3.874602
