1.9e-05 0.01079
0.236016 0.01897
0.267079 0.02689
0.298125 0.03272
0.329139 0.037419
0.360213 0.041161
0.392647 0.043859
0.423677 0.049428
0.454691 0.05317
0.485715 0.079973
0.516792 0.103731
0.549216 0.101903
0.580291 0.107473
0.6113 0.107212
0.642375 0.107995
0.673617 0.114521
0.706103 0.118873
0.737136 0.12305
0.768117 0.128706
0.799093 0.142369
0.830141 0.15255
0.862413 0.160905
0.89353 0.1663
0.924615 0.173784
0.955755 0.184314
0.986783 0.198585
1.019075 0.206853
1.050074 0.219645
1.081081 0.233134
1.112225 0.24784
1.143339 0.266202
1.175824 0.283781
1.206917 0.301707
1.238004 0.323376
1.269096 0.345567
1.300202 0.365147
1.332579 0.390732
1.363624 0.411878
1.394652 0.439987
1.425832 0.463048
1.456988 0.44077
1.489461 0.466181
1.520526 0.472446
1.551777 0.474535
1.582828 0.476362
1.613953 0.47497
1.646367 0.47497
1.677805 0.480278
1.709314 0.45391
1.740756 0.487066
1.771978 0.483933
1.804344 0.487066
1.835469 0.515609
1.866596 0.578962
1.897691 0.623257
1.928956 0.690525
1.961409 0.752747
1.992406 0.846644
2.02344 0.945241
2.054413 1.008768
2.085508 1.119809
2.117872 1.224236
2.148906 1.27819
2.180054 1.340063
2.211217 1.383575
2.242251 1.473643
2.274488 1.572762
2.305446 1.6389
2.33656 1.798499
2.367603 1.913282
2.39863 2.000914
2.431031 2.191407
2.462122 2.352138
2.493157 2.495726
2.524394 2.624258
2.555556 2.790385
2.587888 2.96504
2.618922 3.094182
2.649913 3.329404
2.680911 3.552443
2.711941 3.741805
2.744302 4.089722
2.77532 4.314676
2.806338 4.600894
2.837337 4.852738
2.868405 5.270012
2.900801 5.502015
2.93182 5.859156
2.962879 6.327687
2.994048 6.704496
3.025108 7.135519
3.057623 7.716658
3.088716 8.261768
3.119972 8.837946
3.151026 9.394457
3.182106 9.934781
3.214635 10.625394
3.245628 11.208969
3.276676 11.764609
3.307706 9.107195
3.37971 9.161584
3.401841 9.497318
3.432836 9.654916
3.463823 10.095164
3.494791 10.262683
3.525822 10.585712
3.558116 10.981926
3.589253 9.292901
3.681477 9.537348
3.712478 9.834183
3.743605 10.070276
3.775976 9.960453
3.806984 9.679456
3.837968 9.743331
3.868972 9.827047
3.900009 9.900146
3.932621 8.562258
4.014747 8.781294
4.045785 9.151228
4.076785 9.457026
4.107852 9.933911
4.140447 10.392956
4.171697 10.707805
4.202968 10.747313
4.234032 9.687288
4.265137 9.230419
4.307656 9.221282
4.338688 9.24617
4.369712 9.078303
4.400713 9.041754
4.431732 9.219454
4.464095 9.211187
4.49507 9.269144
4.526197 8.798264
4.557366 10.184276
4.588448 9.393239
4.620788 8.054393
4.652023 6.433246
4.683097 5.476256
4.71422 4.341653
4.745281 3.493007
4.777758 2.585359
4.810206 2.013185
4.851605 1.94931
4.882642 1.645165
4.913716 1.786229
4.944772 1.966888
4.977263 2.150158
5.008391 2.408616
5.039563 2.628523
5.070876 2.841032
5.101969 3.177201
5.134485 4.103124
5.165681 4.480019
5.19684 4.682782
5.228034 4.940544
5.259344 5.146179
5.29179 5.316134
5.322802 5.65883
5.353889 5.975332
5.384996 6.200286
5.416024 6.713807
5.44845 7.355165
5.480474 7.733453
5.512571 8.293793
5.54357 8.572353
5.574637 8.978923
5.60559 9.204747
5.636665 9.079608
5.669195 9.771265
5.700542 10.514005
5.731701 11.117421
5.762736 11.510155
5.793965 12.40005
5.8263 8.674778
5.898165 8.830288
5.919168 9.059854
5.950318 9.518725
5.981433 9.562063
6.013921 9.551359
6.044982 9.756385
6.076056 10.042167
6.10732 10.17305
6.138402 8.403615
6.221625 8.043341
6.252951 6.293574
6.284081 5.062811
6.315183 3.849278
6.346274 3.087655
6.378555 1.676145
6.410747 1.368781
6.441769 1.501665
6.472717 2.228218
6.503701 2.877321
6.534753 3.536866
6.566989 4.151073
6.598885 4.652934
6.63072 5.302559
6.661758 6.030156
6.692722 6.727557
6.723799 7.480478
6.755022 8.142373
6.787431 8.763368
6.818463 9.054024
6.849616 9.608185
6.880665 10.125883
6.911803 10.825895
6.944096 11.496144
6.975065 11.879827
7.006004 9.363651
7.057308 9.657179
7.088286 10.130321
7.120646 10.376683
7.151696 10.721641
7.182723 11.181383
7.213851 11.39015
7.245116 11.538437
7.277581 9.375225
7.369915 9.554492
7.401205 9.755601
7.432517 9.808598
7.463846 10.106564
7.496527 10.219694
7.527851 10.219955
7.559029 10.371723
7.590114 10.383384
7.621194 10.30341
7.653533 8.273603
7.725493 8.41136
7.756606 8.506911
7.788022 8.850303
7.81949 9.068818
7.852327 9.385058
7.883642 9.707217
7.914947 10.018497
7.946285 10.304628
7.9777 10.428462
8.0102 8.585754
8.082104 8.776247
8.113359 9.055416
8.144478 9.300472
8.175628 9.563281
8.208087 9.834705
8.239552 10.079935
8.270941 10.350228
8.302611 10.587713
8.323669 8.422673
8.468278 8.940981
8.489123 8.64084
8.520128 8.92523
8.551094 9.05881
8.582183 9.168024
8.61451 9.370787
8.645583 9.449977
8.676666 9.483133
8.707787 9.325274
8.738948 8.213558
8.822404 8.378205
8.853632 8.807836
8.885048 9.074996
8.916339 9.423435
8.947686 9.547008
8.980282 9.855852
9.012481 10.09238
9.04452 10.302975
9.076427 8.956906
9.138058 9.07665
9.169119 9.377748
9.200154 9.679805
9.231302 9.966371
9.263691 10.304715
9.294891 10.517051
9.325911 10.400353
9.357202 10.448738
9.388475 9.199178
9.46181 9.454416
9.492833 9.818345
9.523892 10.195415
9.554976 10.43055
9.586052 10.646628
9.618571 10.999418
9.649675 11.304259
9.680944 9.353991
9.763018 9.473038
9.794387 9.753948
9.826959 9.852632
9.85807 10.145812
9.889142 10.369895
9.920319 10.302104
9.951647 10.055395
9.984321 9.951664
10.015444 9.982209
10.046554 9.887006
10.077844 8.699232
10.109077 8.8805
10.141713 9.061334
10.172827 9.332584
10.204216 9.729321
10.235586 10.087767
10.266809 10.259724
10.299691 10.643234
10.330869 10.906391
10.362046 9.161932
10.413719 9.431442
10.445168 9.683198
10.477509 9.972462
10.508572 10.383558
10.539572 10.729995
10.570598 11.120728
10.601651 11.270929
10.634291 9.295599
10.716485 9.193956
10.747536 9.411948
10.778549 9.679543
10.809564 9.815734
10.841986 10.018236
10.873227 10.203421
10.90441 10.541852
10.935629 10.917181
10.966862 8.07554
11.121424 8.12697
11.152462 8.41867
11.183436 8.439121
11.214711 8.38508
11.246021 8.565217
11.278437 8.567044
11.309654 8.543983
11.340737 8.396567
11.371857 8.449563
11.402934 7.434095
11.486366 7.732061
11.517375 7.759212
11.548352 8.118181
11.579354 8.559038
11.610319 8.73143
11.642434 8.829331
11.674294 9.092314
11.706351 9.297426
11.738653 9.443364
11.770492 9.561541
11.801518 8.465837
11.832506 8.618997
11.863504 9.008076
11.894503 9.149836
11.926913 9.322837
11.957921 9.521597
11.988963 10.038251
12.019936 10.436729
12.051191 9.059854
12.134696 8.984928
12.165701 9.228678
12.196718 9.646301
12.227771 10.026938
12.258917 10.673866
12.291339 10.998809
12.322499 11.156233
12.353554 9.056112
12.456063 9.261312
12.487128 9.477216
12.519516 9.749162
12.550516 9.996742
12.581526 10.134499
12.612545 10.333259
12.643567 10.555602
12.675887 10.744354
12.706899 8.61743
12.799176 8.791215
12.830225 9.150358
12.861303 9.39933
12.893813 9.657788
12.924905 9.968459
12.956216 10.202986
12.987428 10.212558
13.018533 10.42559
13.051003 10.553948
13.08198 9.544049
13.113223 9.074126
13.14427 9.251739
13.175438 9.591563
13.207825 9.73254
13.238821 10.08768
13.269849 10.528973
13.300889 10.931888
13.332206 8.376203
13.476741 7.423652
13.508958 5.142089
13.540062 3.581596
13.57132 2.127358
13.602491 2.927881
13.633583 3.845536
13.665967 4.453825
13.697113 5.323618
13.728329 6.83677
13.75969 10.031551
13.790885 10.743832
13.82335 11.079566
13.854389 9.140437
13.91613 9.583209
13.947239 10.387126
13.978419 10.845736
14.010735 10.934325
14.04177 11.412167
14.072775 11.596568
14.103802 11.739112
14.134784 11.715615
14.167191 9.298384
14.239174 9.546834
14.27029 9.921989
14.301386 10.099864
14.332611 10.370243
14.365142 10.747226
14.396145 11.013951
14.427221 11.238296
14.458269 6.474843
14.713201 6.455785
14.74561 6.516265
14.776884 6.481543
14.808041 6.456046
14.839249 6.587624
14.870317 6.688309
14.902865 6.781076
14.933976 7.256742
14.975242 6.800482
15.006409 5.849758
15.037594 5.150269
15.070085 4.283522
15.101125 3.097053
15.132323 2.121528
15.163286 1.188296
15.194292 1.415164
15.226783 2.664724
15.258007 3.647646
15.289214 4.184316
15.320284 4.690005
15.351626 5.487482
15.38413 6.450041
15.415193 7.239599
15.436046 7.768871
15.467101 8.377335
15.498161 8.740046
15.53051 8.809664
15.561666 8.871624
15.592742 8.803485
15.623818 8.711763
15.654947 8.690007
15.687279 8.711154
15.718334 8.708369
15.749457 8.750836
15.780663 8.765021
15.811938 8.756928
15.844347 8.806705
15.87544 8.893554
15.906424 8.851783
15.937462 8.826198
15.968548 8.871276
16.000889 8.837076
16.031924 8.830549
16.062979 8.682001
16.094012 8.63936
16.125043 8.720117
16.157356 8.90417
16.188421 8.930538
16.219481 8.893032
16.250645 8.921923
16.281704 8.926448
16.314359 8.940459
16.335339 8.70541
16.366591 8.677476
16.397683 8.626916
16.428878 8.552511
16.461328 8.58384
16.492373 8.592629
16.523344 8.571047
16.554343 8.572266
16.585355 8.571308
16.617876 8.855438
16.648865 8.922445
16.679909 8.946638
16.710906 8.90565
16.742088 8.863618
16.774535 8.763542
16.805698 8.889638
16.836745 8.845082
16.867872 8.859963
16.899014 8.81532
16.931542 8.808619
16.962581 8.857526
16.993494 8.724468
17.024578 8.827329
17.055636 8.476541
17.088075 8.439469
17.119057 8.531191
17.150012 8.279521
17.180974 8.013318
17.212006 7.673494
17.244323 7.331843
17.27536 6.989147
17.306389 7.050759
17.337441 6.916396
17.368812 6.609641
17.401542 6.778726
17.432762 6.313763
17.463886 6.281217
17.494973 6.426023
17.526043 7.258831
17.558494 7.092356
17.58957 6.832158
17.620587 6.790213
17.651584 6.708238
17.682636 6.603462
17.714918 6.290789
17.746 6.133626
17.777176 5.891268
17.808363 6.153467
17.839494 6.635574
17.872028 6.871057
17.903329 7.132126
17.934618 7.361779
17.965659 7.769829
17.996817 8.322423
18.02931 8.611513
18.06031 8.812361
18.091344 8.828374
18.122535 8.942635
18.153595 8.953251
18.185919 8.908087
18.216934 8.936543
18.247916 8.917659
18.278951 8.888245
18.310021 8.731691
18.342327 8.465054
18.37333 8.193107
18.40435 8.146463
18.435613 8.510044
18.466852 8.759104
18.48915 8.758929
18.520323 8.779119
18.551338 8.78991
18.58236 8.798612
18.613439 8.555209
18.646123 8.490986
18.677194 8.243407
18.708238 8.14742
18.739324 8.079195
18.770427 8.08459
18.803025 8.087201
18.834184 8.087897
18.865274 8.15473
18.896371 8.510131
18.927712 8.751707
18.960577 8.942722
18.991809 8.942199
19.022803 8.788952
19.043639 8.90652
19.074729 8.888071
19.107045 8.883024
19.1382 8.869971
19.169353 8.876584
19.20039 8.899906
19.231501 8.89425
19.264191 8.951424
19.295405 8.692096
19.326528 8.686004
19.357557 8.726992
19.388615 8.670862
19.421047 8.711502
19.452097 8.711937
19.483389 8.720813
19.51447 8.725165
19.545621 8.829157
19.578126 9.007467
19.609228 8.904432
19.640291 8.936021
19.671383 8.887375
19.702512 8.815668
19.73504 8.856221
19.766118 8.875105
19.797249 8.865706
19.828482 8.849607
19.859632 8.892161
19.892178 8.86501
19.923304 8.916093
19.954514 8.904693
19.985707 8.906346
20.016901 8.870406
20.049355 8.85683
20.08048 8.904345
20.111567 8.850303
20.142627 8.896861
20.17364 8.93428
20.206192 8.903474
20.23726 8.964129
20.268237 8.957515
20.299228 8.976399
20.330267 8.944114
20.362633 8.938806
20.393606 8.96352
20.424757 8.887114
20.45584 8.949161
20.486885 8.953773
20.519276 8.891465
20.550443 8.903909
20.581562 8.951076
20.612583 8.939067
20.643779 8.94568
20.676112 8.94716
20.707244 8.897905
20.738306 8.89512
20.769331 8.941068
20.800374 8.90739
20.832888 8.873451
20.864009 8.898775
20.89508 8.858135
20.926252 8.846997
20.957348 8.888506
20.989807 8.927928
21.020774 8.924012
21.051792 8.925317
21.082798 9.026612
21.113805 9.042363
21.146158 9.030789
21.177199 9.024349
21.208235 8.951163
21.239244 8.926187
21.270246 8.91296
21.302511 8.907303
21.333549 8.684786
21.364571 8.535803
21.395617 8.46662
21.426761 8.694881
21.459181 8.93898
21.490178 9.041057
21.521168 8.992934
21.552189 8.984057
21.583249 8.918442
21.615782 8.751446
21.646904 8.586102
21.678015 8.539371
21.70903 8.48942
21.740107 8.345397
21.772548 8.373854
21.80371 8.486983
21.834765 8.522663
21.865929 8.685656
21.897065 8.896687
21.929525 8.751881
21.960592 8.715331
21.991666 8.743962
22.022691 8.759365
22.05373 8.732823
22.086168 8.717594
22.117181 8.741438
22.1482 8.732388
22.17926 8.702017
22.210283 8.967349
22.242635 8.971526
22.273607 8.900864
22.304611 8.965609
22.335641 8.987538
22.366669 8.95769
22.399003 8.944636
22.430145 9.013384
22.461264 8.951511
22.49238 9.008859
22.523508 9.029918
22.556041 8.951337
22.587257 8.924012
22.618345 8.961083
22.649351 8.949074
22.680698 8.868926
22.713147 8.901212
22.744251 8.904867
22.775301 8.917398
22.806393 8.988931
22.837633 9.028439
22.870077 8.96178
22.90127 8.965435
22.932278 8.985015
22.963362 8.900777
22.994447 8.868578
23.026861 8.905389
23.057841 8.867708
23.088905 8.86501
23.119926 8.889725
23.151028 8.909566
23.183407 8.946464
23.214421 8.977357
23.245465 9.105976
23.276519 8.983535
23.307566 9.003028
23.34007 8.9831
23.371253 8.949509
23.402392 8.995893
23.43349 8.991541
23.464653 8.977357
23.497067 8.954731
23.528096 9.003986
23.559317 9.032181
23.590342 9.044799
23.621588 9.08805
23.654267 9.019998
23.685283 9.02461
23.716418 9.037489
23.747791 9.042189
23.779047 9.038447
23.811517 9.024871
23.842512 9.017561
23.873551 9.040013
23.904723 9.040796
23.935932 9.033138
23.968469 9.018779
23.999622 8.90887
24.030665 8.914091
24.061894 8.979967
24.092941 8.946464
24.125363 8.967436
24.156496 8.99128
24.187693 9.015821
24.218784 9.020694
24.249909 9.029483
24.282382 8.922445
24.313455 8.745354
24.344525 8.57244
24.375752 8.475061
24.406868 8.597154
24.439327 8.787908
24.470655 8.857265
24.501641 8.869013
24.532737 8.877542
24.563732 9.072647
24.596141 8.920096
24.627387 8.796088
24.658478 8.7437
24.689577 8.675214
24.720771 8.64432
24.753216 8.649455
24.784206 8.637185
24.815521 8.610904
24.846752 8.655024
24.877848 8.929494
24.910295 9.0059
24.94149 8.784688
24.972518 8.977792
25.003553 8.972222
25.034719 9.057766
25.067231 9.053066
25.098289 9.060115
25.129323 9.018431
25.160411 8.999983
25.191447 9.039578
25.223849 8.736913
25.254906 8.709588
25.285915 8.667904
25.316931 8.712111
25.347976 8.643711
25.380349 8.709065
25.411337 8.690094
25.442369 8.700798
25.473597 8.822978
25.504703 9.11668
25.537343 9.095273
25.568365 9.11024
25.599543 9.0857
25.630584 8.997894
25.6617 8.919835
25.694095 8.668861
25.72509 8.783383
25.756122 8.714896
25.787161 8.777378
25.818179 8.869013
25.850605 8.882676
25.881819 8.850913
25.913111 8.931061
25.944256 8.822108
25.975425 8.687397
26.008026 8.55782
26.039093 8.586015
26.070249 8.244103
26.101378 8.45696
26.132747 8.496556
26.165382 8.47158
26.1965 8.500559
26.227702 8.609076
26.258764 8.645452
26.289867 8.672255
26.322316 8.639795
26.353364 8.504388
26.384528 8.323032
26.415615 8.426502
26.44665 8.429896
26.479169 8.375681
26.510503 8.380119
26.531414 8.462095
26.562464 8.455046
26.593534 8.597415
26.625969 8.621695
26.65697 8.804529
26.688037 8.433116
26.71905 8.290138
26.750114 8.599243
26.782497 8.438163
26.813579 7.996436
26.844567 8.45348
26.87557 8.561475
26.906568 8.614646
26.93929 8.537369
26.970364 8.394304
27.00146 8.152294
27.03251 8.131843
27.063561 8.163433
27.095988 8.013057
27.127018 7.94135
27.158051 7.836314
27.189055 7.790714
27.220095 8.192585
27.25249 8.349052
27.283548 8.533279
27.314593 8.548334
27.345713 8.390736
27.376848 8.254806
27.409427 8.197197
27.430268 8.387429
27.461305 8.619171
27.492321 8.485504
27.523468 8.542591
27.555762 8.55051
27.586835 8.328254
27.617803 8.662334
27.648805 8.425545
27.679863 8.398307
27.712279 8.314243
27.743411 8.251761
27.774447 8.315374
27.805398 8.132452
27.83636 8.162997
27.868694 8.179097
27.899708 8.238968
27.930745 8.444864
27.961784 8.558429
27.992847 8.636401
28.025427 8.492553
28.056611 8.547551
28.087696 8.494815
28.118833 8.641884
28.150078 8.566261
28.182677 8.636837
28.213721 8.649281
28.244812 8.517615
28.275785 8.700711
28.306856 8.610556
28.339332 8.3836
28.370409 8.572527
28.401384 8.580359
28.432413 8.51544
28.463553 8.600809
28.496135 8.61395
28.527319 8.667991
28.558405 8.709762
28.589461 8.473321
28.620589 8.399873
28.65296 8.342787
28.683932 8.278477
28.714919 8.082849
28.745912 8.190062
28.777119 8.194413
28.809536 8.09773
28.840554 8.19537
28.871536 8.488376
28.902559 8.868578
28.933676 8.757537
28.966263 8.830549
28.997316 8.683568
29.028592 7.860332
29.059896 7.783578
29.091282 8.297883
29.123866 8.248367
29.154943 8.271602
29.185938 8.154208
29.216902 7.983992
29.247934 8.305019
29.280375 8.471841
29.311468 8.141851
29.342521 8.056133
29.373517 7.943178
29.404524 8.067185
29.436903 7.965978
29.467981 7.942221
29.499018 8.015059
29.530177 8.047779
29.561214 7.957624
29.593591 8.674778
29.624606 8.684612
29.655631 8.584275
29.68659 8.488028
29.717667 8.596545
29.750061 8.692531
29.78112 8.373506
29.812222 8.549553
29.843246 8.566609
29.874271 8.65163
29.906748 8.78843
29.937879 8.756406
29.968916 8.611252
30.000117 8.370373
30.03125 8.533192
30.063734 8.572266
30.094873 8.486026
30.126068 8.375855
30.157455 8.214863
30.188817 8.433899
30.221323 8.564608
30.252416 8.767719
30.283493 8.696099
30.314547 8.703583
30.34561 8.516484
30.378101 8.440774
30.409163 8.588104
30.44033 8.607336
30.471471 8.49029
30.502532 8.49525
30.535008 8.537979
30.566221 8.757189
30.597326 8.758146
30.628401 8.776682
30.659458 8.727688
30.691879 8.727427
30.722938 8.370199
30.753906 8.121488
30.784899 8.544679
30.815894 8.30293
30.848272 8.362715
30.879343 8.873713
30.910329 9.028091
30.941496 8.960735
30.972604 8.438251
31.005096 8.410055
31.036154 8.267947
31.067192 8.200417
31.098167 8.175442
31.1292 8.064749
31.161513 7.8867
31.192513 7.867555
31.223682 7.976856
31.254702 8.434509
31.285948 8.629527
31.318446 8.798612
31.349507 8.902517
31.38057 8.955427
31.411591 8.9945
31.442688 9.05968
31.475187 8.868578
31.506256 8.942112
31.537265 8.892509
31.568399 8.854568
31.599449 8.745789
31.631834 8.752055
31.662825 8.458701
31.693842 8.592194
31.724858 8.727253
31.755929 8.950206
31.788421 8.925839
31.819548 8.626394
31.850656 8.716549
31.881687 8.777378
31.912643 8.711763
31.945135 8.173788
31.976175 8.018192
32.007291 7.981816
32.038294 8.083894
32.069329 8.109043
32.101652 8.266468
32.132719 8.41458
32.163683 8.489594
32.194694 8.482719
32.22571 8.847171
32.25797 8.665293
32.289 8.496208
32.320169 8.195196
32.351471 8.132975
32.382589 8.190671
32.41497 8.238272
32.446015 8.151772
32.477003 8.262029
32.508048 8.383687
32.539041 8.620737
32.57149 8.878586
32.602506 8.449912
32.633498 8.270993
32.664483 8.340437
32.695504 8.103996
32.727721 7.920726
32.758761 7.874082
32.789842 8.059614
32.820894 8.158124
32.851907 8.161866
32.88436 8.761105
32.915383 7.981903
32.946367 8.106955
32.977355 8.279956
33.008388 8.346093
35.088082 8.842993
35.1192 8.856656
35.150477 8.83812
35.18157 8.854568
35.212676 8.849085
35.245271 8.910349
35.276456 8.95943
35.30767 8.836641
35.338832 8.543113
35.369865 8.597589
35.402389 8.509261
35.433418 8.603072
35.464493 8.611339
35.495603 8.648933
35.526923 8.600809
35.559465 8.646235
35.590545 8.747529
35.621624 8.850913
35.652618 8.783035
35.683648 8.768241
35.71611 8.662856
35.747268 8.685917
35.768308 8.769894
35.799393 8.758755
35.830855 8.758407
35.863562 8.736652
35.89467 8.837685
35.926084 9.005117
35.957475 9.024175
35.988847 8.878325
36.021592 8.561388
36.052889 8.549727
36.084225 8.579924
36.11545 8.577922
36.146749 8.479673
36.179442 8.573049
36.210525 8.522402
36.24163 8.570699
36.272749 8.967784
36.30381 8.670775
36.326126 8.670601
36.357244 8.513351
36.388257 8.227481
36.41925 8.184318
36.450245 8.04134
36.482698 8.004181
36.513998 8.214689
36.5451 8.421542
36.576259 8.866316
36.607652 9.089355
36.640356 9.012079
36.67142 8.757885
36.702388 8.595501
36.733367 8.425806
36.764367 8.346616
36.796976 8.257504
36.828026 8.196501
36.859129 8.263683
36.890326 8.23453
36.921338 8.526579
36.953738 8.709152
36.984823 8.972048
37.015929 9.112329
37.04702 9.152272
37.078196 9.09388
37.110752 8.964738
37.141848 8.973093
37.173002 8.99685
37.194106 9.005378
37.225271 8.995283
37.257713 9.011557
37.288783 9.004334
37.319837 9.023218
37.35124 9.054198
37.382691 9.071428
37.41546 9.063509
37.446868 9.081436
37.47817 9.067425
37.509581 9.052196
37.541042 9.062552
37.573642 9.100233
37.604694 9.052892
37.635707 9.021825
37.666984 8.998938
37.698176 9.01234
37.730757 9.006509
37.761891 9.027743
37.793107 9.008946
37.824484 9.006509
37.855884 8.770852
37.888696 8.967784
37.919982 9.056286
37.951254 9.025393
37.982622 9.040709
38.014035 9.03923
38.046682 9.044538
38.078108 9.063509
38.109403 9.055242
38.140707 8.950902
38.171986 8.92523
38.20463 9.003725
38.235837 9.001984
38.267134 8.987451
38.298409 8.968915
38.329755 8.963433
38.362439 8.967958
38.393716 8.976138
38.424997 9.116767
38.456225 9.054372
38.487376 9.045147
38.509648 9.054372
38.540576 9.047671
38.571602 9.038708
38.602645 8.997372
38.633714 9.04915
38.666353 9.03427
38.69751 9.040013
38.728885 9.062117
38.760108 9.085526
38.791471 9.084569
38.824059 9.10119
38.855051 9.090399
38.886116 9.07517
38.917231 9.081088
38.948533 9.068208
38.980989 9.039578
39.012109 8.833073
39.043246 8.982578
39.074331 8.990149
39.105511 8.969351
39.137944 9.032007
39.169053 8.811317
39.200384 8.990671
39.231476 9.039056
39.262536 9.059506
39.294932 9.024175
39.325961 8.997807
39.356981 8.748226
39.388046 8.398481
39.419099 8.335477
39.451559 8.419018
39.48265 8.469492
39.5138 8.79574
39.544969 9.135564
39.576152 9.183253
39.608734 9.209272
39.639786 9.023479
39.671055 8.697926
39.702151 8.647801
39.733422 8.586102
39.766123 8.507782
39.797463 8.495947
39.828651 8.51805
39.859804 8.517528
39.890886 8.539893
39.923328 8.935673
39.95443 9.136173
39.985464 9.17368
40.016484 9.29351
40.047534 9.314657
40.079863 8.925839
40.111013 8.946725
40.142126 8.933584
40.173208 8.934106
40.204396 8.938893
40.236892 8.943157
40.267974 8.936282
40.298934 8.930538
40.329992 8.964477
40.360984 8.999199
40.393491 8.968654
40.424537 8.984057
40.455598 8.998155
40.486607 8.986842
40.517664 8.965522
40.549978 9.002593
40.580996 8.983274
40.612015 9.068992
40.643023 9.096752
40.674081 9.052022
40.70652 9.04915
40.7375 9.055677
40.768494 9.077433
40.799591 9.085526
40.830654 9.067164
40.863234 9.063422
40.894346 9.036097
40.925465 9.037925
40.956547 8.965609
40.98766 9.039926
41.020078 9.038795
41.051189 9.048019
41.082367 9.001114
41.113598 8.97579
41.145081 9.041492
41.177681 9.049673
41.208995 9.073256
41.24022 9.056808
41.271299 9.030179
41.302357 9.04741
41.334647 9.055416
41.365699 9.074387
41.396884 9.059854
41.427993 9.050456
41.459008 8.809838
41.491415 9.02696
41.52243 9.071254
41.553416 9.078042
41.584413 9.086657
41.615465 9.086918
41.647838 9.089964
41.678834 9.107543
41.709969 9.008685
41.740978 8.803485
41.772064 8.753186
41.804516 8.70193
41.835542 8.695055
41.866623 8.796349
41.897617 8.710545
41.928966 8.693488
41.961456 8.909044
41.992699 9.079086
42.023828 9.257657
42.054877 9.249738
42.085983 9.188387
42.118539 9.030876
42.149567 9.023827
42.180799 9.045234
42.211944 8.961954
42.243064 8.986059
42.275464 8.910175
42.306473 9.003115
42.337552 9.028874
42.368793 8.685047
42.399817 8.53824
42.432271 8.329385
42.463331 8.367501
42.494297 8.650238
42.525315 8.830201
42.556316 9.02635
42.588656 9.024088
42.619697 9.014776
42.65067 8.880326
42.681825 8.664336
42.71306 8.385341
42.745643 8.234878
42.77666 8.180489
42.807629 8.122532
42.83859 8.029853
42.869591 7.443754
42.901978 7.521466
42.932992 8.107303
42.964073 8.53998
42.995394 8.99041
43.026627 9.247127
43.059199 8.884938
43.090204 8.891813
43.121194 9.056982
43.152185 8.773462
43.183372 8.414319
43.215994 8.370286
43.247051 8.338696
43.278162 8.2857
43.309146 8.324164
43.330125 8.587582
43.362416 8.547986
43.393487 8.481936
43.424524 8.981795
43.455602 9.271581
43.486664 9.25931
43.519021 9.254872
43.550055 9.07343
43.581133 9.05794
43.612201 9.108587
43.633105 9.107369
43.665436 8.885722
43.696455 8.749009
43.727545 8.836206
43.758542 8.696708
43.789552 8.931322
43.82199 9.118769
43.853074 9.123729
43.884101 9.125469
43.91515 9.153752
43.936124 9.355732
43.968623 9.30813
43.999734 9.12895
44.030731 8.603594
44.061968 7.683241
44.103371 7.625545
44.13586 7.670449
44.166863 7.906367
44.198083 7.910805
44.229319 8.058744
44.260489 8.788517
44.293033 8.926361
44.324142 8.706803
44.355133 7.662878
44.386307 7.603615
44.417673 7.37753
44.450256 7.26762
44.481387 7.188951
44.512452 7.096011
44.543579 6.63888
44.574689 6.628612
44.607138 7.184861
44.638182 8.49673
44.669239 8.690617
44.700239 8.848911
44.731287 8.762671
44.763805 8.97083
44.794842 8.579837
44.825829 8.422499
44.856858 8.403354
44.887901 8.321553
44.920294 8.34618
44.951319 8.521183
44.98238 8.500298
45.013441 8.479847
45.044519 8.81854
45.076961 9.06525
45.108034 9.13217
45.139329 9.133127
45.170533 9.097274
45.201866 9.087005
45.234292 9.046366
45.265294 9.071602
45.296423 9.09301
45.327453 9.09797
45.358467 9.097187
45.390852 8.863966
45.421873 8.749183
45.452957 8.754491
45.484029 9.048541
45.515192 9.088572
45.547723 9.070906
45.578851 9.089094
45.609861 9.093184
45.640798 9.12721
45.671859 9.017039
45.704163 8.568001
45.735187 8.523446
45.766247 8.451391
45.797298 8.471667
45.818125 8.491334
45.8505 8.40727
45.881688 8.443298
45.912801 8.372548
45.943917 8.50665
45.974963 9.053937
46.007411 9.170634
46.038503 9.019998
46.069501 9.013384
46.10051 9.053502
46.131548 9.046975
46.163842 8.862661
46.194841 8.997894
46.226152 9.004508
46.257303 8.907912
46.288398 8.976573
46.320912 8.865793
46.351995 8.944723
46.3831 8.952903
46.40399 8.92114
46.435083 8.992934
46.467629 8.952729
46.498728 8.912612
46.529891 8.950031
46.561024 8.858832
46.592079 8.906085
46.624512 8.907912
46.655608 8.768763
46.686689 8.474713
46.717797 8.566609
46.748903 8.658157
46.781376 8.817235
46.812439 8.899384
46.843472 8.843255
46.874456 8.732649
46.905692 8.480108
46.93811 8.799482
46.969146 8.698623
47.000208 8.63353
47.031241 8.630484
47.062413 8.584014
47.094794 8.588452
47.125863 9.050195
47.156864 8.911393
47.187876 8.680261
47.219146 8.72473
47.251585 8.909827
47.282891 8.886244
47.303841 8.9147
47.335191 8.955601
47.366408 8.871711
47.398953 8.961257
47.430125 9.236336
47.461275 9.389497
47.492393 9.398373
47.523566 9.42448
47.556053 9.214233
47.587083 9.020346
47.618281 9.025219
47.649375 9.028613
47.68047 9.034444
47.712959 9.00416
47.74402 9.023914
47.775216 9.010947
47.806279 9.05968
47.837419 9.075083
47.869724 9.026002
47.900759 9.02957
47.931777 9.04506
47.962762 8.974746
47.993892 8.957428
48.026242 8.960735
48.05727 8.962998
48.088277 8.907042
48.119321 8.911393
48.150423 8.892422
48.182779 8.890595
48.213996 8.870319
48.245136 8.958821
48.276184 8.363846
48.307297 7.81743
48.339875 7.243428
48.371163 6.602331
48.4024 6.259026
48.433533 5.768392
48.464636 5.272014
48.49709 4.748833
48.528126 4.981096
48.55919 5.464247
48.590261 5.918593
48.621531 6.408879
48.653939 6.813796
48.685 7.400852
48.715982 7.883741
48.746937 8.377509
48.778063 8.64258
48.810562 8.553382
48.841566 8.635966
48.872622 8.592716
48.90365 8.609076
48.934981 8.675997
48.967538 8.679913
48.998698 8.716636
49.02969 8.599156
49.06077 8.670949
49.091776 8.479064
49.124187 8.373854
49.15529 8.352098
49.186446 8.409533
49.217509 8.349835
49.248582 8.428852
49.281025 8.494728
49.312146 8.319987
49.343172 8.470449
49.374237 8.672081
49.405287 8.636488
49.427672 8.490377
49.458953 8.499079
49.490245 8.451739
49.521436 8.460006
49.552737 8.455481
49.58521 8.540937
49.616448 8.463226
49.647742 8.488202
49.679026 8.610382
49.710294 8.664858
49.742824 8.659375
49.773922 8.629962
49.80527 8.625437
49.83641 8.652065
49.867532 8.71829
49.900143 8.685569
49.931191 8.686265
49.962172 8.722728
49.993232 8.69462
50.024335 8.690617
50.056836 8.648149
50.087919 8.628395
50.118875 8.538153
50.149864 8.602898
50.180892 8.617779
50.213376 8.63292
50.244509 8.621956
50.265458 8.659027
50.296535 8.693662
50.327578 8.711502
50.360007 8.728907
50.391153 8.718203
50.422225 8.683133
50.453272 8.691661
50.484755 8.67678
50.51721 8.66712
50.548292 8.667382
50.579304 8.688006
50.610416 8.696447
50.641445 8.640927
50.673917 8.744223
50.705006 8.725252
50.736027 8.684351
50.767152 8.767197
50.798242 8.77442
50.830767 8.701059
50.851625 8.758668
50.882607 8.73143
50.913629 8.747529
50.944692 8.696621
50.977117 8.709588
51.008219 8.707325
51.039357 8.696273
51.070577 8.684003
51.101725 8.712633
51.13425 8.699667
51.16527 8.690617
51.196267 8.736304
51.227279 8.753621
51.258286 8.726818
51.290672 8.788169
51.321666 8.748574
51.352666 8.637707
51.383783 8.125752
51.41491 8.302495
51.447331 8.350445
51.478337 8.51718
51.509353 8.675562
51.54034 8.608554
51.571608 8.687223
51.604149 8.641362
51.635245 8.709675
51.66631 8.049259
51.697346 8.017408
51.728407 7.96154
51.760799 7.882784
51.791825 7.903234
51.822927 7.975463
51.85416 7.854067
51.885345 7.958233
51.91781 8.030636
51.948944 8.64493
51.979959 8.686265
52.011059 8.598024
52.04213 8.583927
52.074474 8.558429
52.105501 8.510131
52.136617 8.519617
52.167679 8.422238
52.198789 8.54964
52.231266 8.48942
52.262319 8.561736
52.293323 8.520922
52.324438 8.750923
52.355572 8.717855
52.387967 8.660681
52.418946 8.610121
52.449997 8.465576
52.480984 8.450521
52.512026 8.431463
52.544333 8.347399
52.57537 8.297013
52.606374 8.407531
52.637659 8.447388
52.668902 8.460267
52.701303 8.599591
52.732332 8.703496
52.763418 8.660159
52.794438 8.670775
52.8255 8.551119
52.858092 8.357058
52.889351 8.341481
52.920412 8.38186
52.95151 8.402136
52.982633 8.368458
53.015083 7.983992
53.046166 8.212078
53.077205 8.42189
53.108268 8.720117
53.139292 8.721858
53.17161 8.733171
53.202709 8.701059
53.233715 8.725861
53.264735 8.608728
53.295741 8.100254
53.328267 8.048998
53.359358 8.059092
53.390387 8.081805
53.421522 8.103039
53.452554 8.112785
53.48493 8.117311
53.516028 8.139153
53.547074 8.526231
53.578122 8.810969
53.609138 8.819845
53.641446 8.814189
53.672489 8.836293
53.703701 8.757885
53.734736 8.82089
53.765888 8.807575
53.798265 8.73291
53.829377 8.78347
53.860432 8.817583
53.891437 8.811839
53.922478 8.786168
53.955083 8.837772
53.986272 8.769024
54.017391 8.715244
54.048416 8.77851
54.079561 8.712198
54.112056 8.616299
54.143037 8.535194
54.174033 8.65485
54.205167 8.646061
54.236285 8.643885
54.268679 8.646148
54.299686 8.466533
54.330735 8.447562
54.3618 8.435292
54.392878 8.236358
54.425496 8.159865
54.456554 8.398829
54.487589 8.479412
54.518675 8.458092
54.549761 8.540502
54.582258 8.668078
54.613399 8.689224
54.644519 8.604116
54.675676 8.463748
54.706838 8.445996
54.73923 8.400135
54.770409 8.398307
54.801615 8.379771
54.832739 8.294489
54.863813 8.371939
54.886223 8.400222
54.917292 8.482719
54.948374 8.699145
54.979522 8.804007
55.010587 8.842297
55.042986 8.816887
55.074182 8.79487
55.105343 8.674169
55.13639 8.652762
55.167574 8.674082
55.199967 8.657896
55.231025 8.634748
55.262032 8.623609
55.293025 8.636924
55.324117 8.651369
55.356694 8.64171
55.387731 8.811317
55.418756 8.82585
55.449792 8.794522
55.480807 8.830984
55.513021 8.825241
55.544051 8.79252
55.575068 8.76241
55.606065 8.802006
55.637075 8.823239
55.669526 8.835945
55.700539 8.845865
55.731569 8.783992
55.762568 8.764064
55.793573 8.821934
55.825782 8.788604
55.857004 8.668339
55.888198 8.682175
55.919492 8.665989
55.950645 8.644407
55.983189 8.613253
56.01423 8.612383
56.045247 8.661464
56.076424 8.653284
56.107543 8.782948
56.140047 8.849955
56.171076 8.849172
56.202214 8.780337
56.233298 8.788082
56.264371 8.712546
56.296926 8.71681
56.328188 8.722815
56.359277 8.702278
56.380209 8.701756
56.411451 8.712285
56.444213 8.712198
56.475259 8.766239
56.506285 8.760322
56.537259 8.841514
56.568406 8.810012
56.600929 8.820542
56.631909 8.817757
56.662901 8.80218
56.693929 8.76885
56.725047 8.816539
56.757445 8.827329
56.78843 8.746746
56.819497 8.669818
56.850507 8.722989
56.881548 8.611252
56.91419 8.69549
56.94537 8.277084
56.976407 8.635009
57.007432 8.620911
57.038419 8.403964
57.071031 8.443298
57.102199 8.232442
57.133468 8.367153
57.164704 8.495773
57.19581 8.636749
57.228415 8.007749
57.259504 7.906976
57.290537 7.949182
57.321559 7.982077
57.352708 7.963628
57.385206 7.92003
57.416322 7.74668
57.44743 7.938218
57.478574 8.031158
57.509663 8.620476
57.54207 8.674082
57.573129 8.698449
57.604092 8.749705
57.635135 8.749705
57.666177 8.49029
57.698787 8.497078
57.729834 8.439382
57.760861 8.438163
57.791932 8.469492
57.823004 8.528493
57.855902 8.530582
57.887334 8.54085
57.918745 8.689137
57.94991 8.848041
57.981182 8.899645
58.013579 8.899123
58.044758 8.916441
58.075831 8.924447
58.106818 8.909044
58.137872 8.910175
58.170192 8.935151
58.20126 8.921923
58.232396 8.90243
58.263433 8.869013
58.294487 8.923403
58.32683 8.919225
58.357775 8.923577
58.388743 8.925317
58.419815 8.922358
58.450863 8.922706
58.483321 8.933323
58.514269 8.925404
58.545437 8.827677
58.576536 8.791128
58.607819 8.815494
58.64021 8.830375
58.671239 8.816452
58.702208 8.816365
58.733218 8.821934
58.764248 8.802006
58.786409 8.794261
58.817536 8.89747
58.848566 8.888593
58.879626 8.828722
58.910663 8.791128
58.943504 8.815233
58.97476 8.812797
59.005831 8.688615
59.036938 8.617343
59.057941 8.808706
59.090814 8.772157
59.122029 8.825154
59.15315 8.888332
59.184122 8.765195
59.215214 8.811056
59.247676 8.837859
59.27874 8.81854
59.309857 8.442776
59.341182 8.422151
59.372479 8.45522
59.405135 8.465054
59.436274 8.451565
59.467415 8.513699
59.498445 8.459832
59.529514 8.480457
59.561828 8.745441
59.592884 8.910175
59.623856 8.901734
59.654886 8.912264
59.685939 8.902517
59.71827 8.901734
59.749345 8.899297
59.780381 8.923838
59.811581 8.941068
59.842669 8.946638
59.875144 8.936804
59.906241 8.955166
59.93734 8.945593
59.96848 8.967523
59.999549 8.958038
60.031999 8.947856
60.063038 8.909131
60.094106 8.948291
60.12519 8.952816
60.156461 8.961519
60.189042 8.965957
60.220191 8.971874
60.251263 8.893119
60.282345 8.968219
60.313423 8.955688
60.346008 8.907912
60.377068 8.66364
60.408225 8.476802
60.439268 8.460789
60.470335 8.689485
60.502826 8.922358
60.523689 8.900167
60.554786 8.840035
60.585817 8.879021
60.616899 8.890682
60.649219 8.760844
60.680239 8.60107
60.711353 8.550075
60.742433 8.514134
60.77354 8.445822
60.805801 8.510218
60.836874 8.523272
60.867966 8.52858
60.898957 8.582012
60.93001 8.772244
60.962505 8.865445
60.993581 8.708804
61.024629 8.939676
61.055688 8.950467
61.086784 8.91705
61.11925 8.904519
61.140103 8.954209
61.171125 8.967697
61.202166 8.962041
61.233491 8.97492
61.266032 8.499428
61.297246 8.482023
61.328372 8.472276
61.359541 8.462965
61.390779 8.471667
61.42338 8.479673
61.454471 8.464009
61.485592 8.449825
61.516671 8.668252
61.547769 8.94394
61.580315 8.933323
61.611441 8.956906
61.642582 8.930886
61.673742 8.903648
61.70492 8.888854
61.737474 8.836902
61.768533 8.891552
61.799547 8.855786
61.830597 8.90478
61.861793 8.857265
61.89428 8.896774
61.925617 8.943244
61.956775 8.968567
61.987938 8.977357
62.019047 8.82176
62.051496 8.817931
62.08254 8.802267
62.113502 8.754839
62.14456 8.807488
62.175608 8.792694
62.207944 8.780337
62.239141 8.789213
62.270258 8.896687
62.301441 8.95708
62.332646 8.958995
62.365123 8.99537
62.396304 8.819932
62.427437 8.833682
62.458721 8.841949
62.489786 8.841601
62.522327 8.792955
62.553514 8.820455
62.584636 8.83812
62.615658 8.840818
62.646873 8.928537
62.679364 8.972744
62.710593 8.969786
62.741606 8.985102
62.772716 8.96761
62.80374 8.972831
62.836088 8.947682
62.867146 8.94977
62.898167 8.9375
62.918989 8.892596
62.950072 8.954296
62.982505 8.96117
63.013699 8.953338
63.044857 8.949422
63.075951 8.995022
63.106995 8.998503
63.13939 8.974485
63.170413 8.98719
63.201504 8.963607
63.222341 8.921749
63.253359 8.940198
63.285798 8.957167
63.316893 8.936456
63.347997 8.912003
63.379248 8.755623
63.410482 8.623957
63.442896 8.493858
63.474042 8.700189
63.505129 8.987973
63.536229 8.971439
63.567383 8.98867
63.599702 8.998851
63.630715 8.978488
63.661775 8.835771
63.692828 8.703409
63.723889 8.558777
63.756422 8.487505
63.787581 8.478803
63.818764 8.517702
63.84994 8.511785
63.881122 8.518399
63.913553 8.614559
63.944962 8.76798
63.976053 8.908522
64.00718 8.961606
64.038399 9.022434
64.070821 8.941503
64.101845 8.837598
64.133025 8.870841
64.164292 8.845082
64.195455 8.862835
64.228267 8.844473
64.25945 8.850826
64.290498 8.846648
64.321562 8.768502
64.352625 8.902865
64.385061 8.929581
64.416188 8.93254
64.447499 8.863966
64.47883 8.908609
64.509972 8.848737
64.542509 8.934367
64.573636 8.971004
64.604635 8.961867
64.635627 8.942286
64.666765 8.91792
64.69916 8.952381
64.730224 8.856743
64.761296 8.87058
64.792483 8.88459
64.823585 8.854219
64.855942 8.854916
64.887047 8.930364
64.918022 8.940285
64.949084 8.888419
64.980101 8.904954
65.012547 8.978053
65.043674 8.923316
65.074722 8.917224
65.105746 8.921227
65.136778 8.912003
65.169105 8.923664
65.200153 8.917833
65.231309 8.920531
65.262323 8.927667
65.2934 8.91618
65.325707 8.975616
65.356755 8.989975
65.387852 8.975877
65.418899 8.97814
65.449971 8.948726
65.482669 8.980228
65.514098 8.982404
65.545373 8.966827
65.576537 8.956558
65.607767 8.995544
65.640155 8.991889
65.671202 8.987103
65.702178 8.976573
65.733217 8.973441
65.764294 8.990845
65.796784 8.860659
65.827787 8.914439
65.858858 8.891204
65.890021 8.829592
65.921156 8.854219
65.953559 8.873974
65.984608 8.836728
66.015694 8.859789
66.046784 8.85274
66.078019 8.881109
66.110472 8.806444
66.141432 8.923577
66.172436 8.951337
66.193266 8.905215
66.22441 8.907477
68.281644 8.9945
68.31298 8.983187
68.344333 8.998677
68.375631 8.931235
68.406886 9.008163
68.439705 8.982752
68.470766 8.968915
68.501819 8.988409
68.532952 8.874148
68.564132 8.881022
68.596572 8.92932
68.62765 8.960387
68.658673 8.979271
68.689792 8.914526
68.721143 8.964564
68.753668 8.913656
68.784768 8.982491
68.815932 9.020607
68.846961 9.008598
68.878075 8.95769
68.910619 8.991715
68.941926 8.969612
68.963223 8.972048
68.994611 8.932018
69.025709 8.897731
69.058331 8.978923
69.089429 8.988409
69.120465 9.048367
69.151532 8.992238
69.182574 8.98954
69.214843 9.000853
69.235668 9.011992
69.266666 9.001288
69.297642 8.709675
69.328678 8.719943
69.360995 8.639447
69.391983 8.419541
69.422974 8.337217
69.454012 8.333127
69.485115 8.577574
69.517614 8.765543
69.548801 8.933845
69.579832 9.099276
69.610932 9.086222
69.641988 9.031398
69.67426 8.832551
69.705321 8.584014
69.736357 8.502386
69.767463 8.412144
69.798847 8.401005
69.831467 8.381599
69.862661 8.387951
69.89402 8.403528
69.925373 8.574615
69.956687 8.814885
69.989369 8.984754
70.020503 8.984231
70.051664 9.064728
70.082735 9.039143
70.113928 9.039317
70.146457 8.95856
70.177467 8.965957
70.208486 9.003115
70.239742 9.034183
70.270955 8.982752
70.303388 8.978488
70.334387 8.928885
70.365482 8.926709
70.396725 8.980664
70.4282 9.01408
70.460667 9.003725
70.491861 8.9717
70.523084 9.017126
70.554392 9.04506
70.585702 9.030441
70.618269 9.113112
70.649286 9.065337
70.680266 9.04915
70.70103 9.052892
70.732053 8.992151
70.76443 9.00268
70.795495 8.897818
70.826473 8.93837
70.857726 8.930451
70.888942 8.927493
70.921356 8.976747
70.95237 8.941851
70.983353 8.980315
71.014366 8.932366
71.045474 8.974659
71.077931 9.016082
71.109068 8.985363
71.14026 9.006944
71.17135 9.017822
71.202455 9.034618
71.235012 9.017822
71.266044 9.05559
71.297027 9.024262
71.317844 9.061682
71.348981 9.101451
71.381515 9.101973
71.412636 9.090051
71.443692 9.046366
71.474788 9.006857
71.505998 9.041057
71.538629 9.031137
71.570083 9.043233
71.601353 9.029657
71.632623 8.968915
71.663855 8.95769
71.696285 8.962563
71.727413 8.990845
71.758507 8.786603
71.789621 9.023131
71.820709 8.905998
71.853357 8.840383
71.884433 8.954905
71.915731 8.702626
71.946967 8.684873
71.978239 8.922271
72.010723 8.903561
72.041834 8.640404
72.072957 8.5888
72.104054 8.628569
72.135257 8.654415
72.167805 8.613166
72.198873 8.697926
72.22999 8.638664
72.261059 8.584536
72.292112 8.758929
72.32452 8.964477
72.355633 8.926187
72.386687 8.750575
72.417713 8.562258
72.448744 8.425719
72.48102 8.891726
72.512078 8.988757
72.543086 8.955862
72.574277 9.009381
72.605463 8.965696
72.63799 8.913482
72.669021 8.820803
72.700394 8.449825
72.731416 7.982251
72.762456 7.920813
72.794806 7.958755
72.825883 7.974941
72.856954 7.906019
72.888063 7.930386
72.919193 8.100428
72.951574 8.284481
72.982594 8.756667
73.013857 9.107978
73.045002 9.096752
73.076216 9.127645
73.108718 9.075518
73.139836 8.950467
73.171086 8.869013
73.20229 8.870406
73.233626 8.894163
73.266371 8.874583
73.297359 8.874148
73.328335 8.858745
73.359327 8.890334
73.380222 8.913917
73.412857 9.056025
73.443924 9.013297
73.47495 8.980751
73.505995 9.030441
73.537227 9.000505
73.569669 9.02783
73.600872 8.957167
73.631993 9.007467
73.663076 8.994761
73.69418 8.988322
73.726539 8.997807
73.757555 8.935064
73.788519 8.929407
73.819561 8.967175
73.850626 8.961867
73.883067 8.944636
73.914219 8.966392
73.945405 8.972222
73.976452 8.985537
74.007532 8.833943
74.039981 8.998503
74.0712 8.993717
74.102472 8.95038
74.13378 9.004943
74.164919 8.95038
74.197454 8.897122
74.228581 8.977183
74.25989 8.931844
74.29096 8.847345
74.3221 8.853175
74.354453 8.837511
74.38554 8.84952
74.416543 8.873103
74.447608 8.860398
74.47873 8.777291
74.511228 8.899384
74.542392 8.890595
74.563287 8.986581
74.594334 8.969612
74.625659 9.006161
74.658223 8.964303
74.689332 8.97579
74.720439 8.973354
74.751593 8.985015
74.782634 8.973528
74.815212 9.061334
74.846186 9.043929
74.877214 9.05707
74.908303 8.977444
74.939509 9.075431
74.971901 9.010077
75.002917 8.98397
75.033887 8.954644
75.064864 9.010425
75.095878 9.045495
75.128374 9.02957
75.159662 9.012166
75.190881 9.008685
75.221909 8.985711
75.252861 8.847171
75.285438 8.869796
75.316488 8.865184
75.347508 8.886505
75.378656 8.790345
75.40985 8.624479
75.442283 8.645626
75.473397 8.898166
75.504462 9.008685
75.535447 8.985972
75.56656 9.092053
75.598938 9.001375
75.630125 9.009555
75.661266 8.992063
75.692343 8.892771
75.723458 8.884416
75.755742 8.785297
75.78676 8.723772
75.817744 8.82672
75.848794 8.716288
75.879874 8.825328
75.912313 8.891552
75.943522 8.948987
75.974642 8.90739
76.005725 8.91383
76.036807 8.927754
76.069298 8.937761
76.100363 8.955253
76.131422 9.015821
76.16249 8.97727
76.193572 8.985015
76.226211 9.04097
76.257438 9.162541
76.288473 9.171504
76.319486 9.163324
76.35047 9.13861
76.382873 9.115549
76.413916 9.130343
76.444995 9.102321
76.47604 9.128254
76.507188 9.137217
76.539609 9.122511
76.570661 9.07839
76.601667 9.100755
76.632651 9.051065
76.663667 9.009033
76.69605 9.083873
76.727085 9.083089
76.758109 9.087353
76.7891 9.081958
76.820154 9.108326
76.852473 9.061247
76.883564 9.053328
76.914564 9.051848
76.945611 8.94394
76.976648 8.955166
77.008979 9.002941
77.039991 9.024262
77.07105 8.997894
77.102052 9.003376
77.133079 8.987625
77.165416 8.941155
77.196436 9.007815
77.227587 9.047062
77.258624 8.971091
77.289844 8.986842
77.322281 8.959691
77.353553 8.986581
77.384592 9.017735
77.415828 9.082393
77.447035 9.112677
77.47948 9.102843
77.510541 9.10441
77.541598 9.092749
77.57273 9.057592
77.603773 9.091008
77.636382 9.072821
77.667526 9.136869
77.698629 9.167675
77.729749 9.198569
77.760776 9.182295
77.793097 9.154883
77.824081 9.122424
77.855081 9.093619
77.886115 9.079695
77.917172 9.089703
77.949518 9.093532
77.98052 9.087527
78.011512 9.107108
78.042504 9.099363
78.073545 9.161845
78.105829 9.210056
78.136862 9.195784
78.167869 9.168111
78.198893 8.971961
78.229868 8.974224
78.262553 8.984318
78.293612 8.976573
78.324654 8.965348
78.355865 8.9717
78.387074 8.845952
78.4195 8.634052
78.450527 8.842645
78.481534 8.97988
78.51262 9.002506
78.543721 8.995893
78.576216 8.923577
78.607242 9.01086
78.638253 9.014776
78.669252 9.046453
78.700386 8.977096
78.732892 9.031224
78.764066 9.004595
78.795282 8.987538
78.826467 9.048367
78.857645 9.013558
78.890042 8.977879
78.92112 9.010599
78.952414 8.90417
78.983561 8.145071
79.014724 8.520835
79.047185 8.899297
79.078233 8.956471
79.109268 8.916963
79.140331 8.877803
79.171379 8.950467
79.203723 8.917572
79.234777 8.328863
79.26594 8.175181
79.297008 8.196066
79.328059 8.178749
79.36057 8.199199
79.39165 8.195718
79.422758 8.197633
79.453999 8.226263
79.485207 8.241405
79.518049 8.914178
79.549059 9.118856
79.580135 9.138784
79.611213 8.930451
79.642262 8.927667
79.6746 8.948726
79.705653 8.908783
79.736656 8.922097
79.767677 8.935325
79.798781 8.949335
79.83117 8.978314
79.862296 9.060724
79.893294 9.055938
79.924484 9.089442
79.955622 9.068992
79.988023 9.03366
80.019034 9.052196
80.050028 9.025045
80.080994 9.023131
80.112292 9.043755
80.14481 8.965348
80.175831 8.992063
80.206872 8.962998
80.237949 8.980141
80.269053 8.990062
80.301414 9.020607
80.332464 8.981882
80.363569 8.985798
80.394664 9.019041
80.425834 9.226503
80.458359 9.228765
80.489576 9.241297
80.520727 9.229723
80.551925 9.147312
80.583184 9.134781
80.615683 9.164195
80.646951 9.095969
80.678008 8.983883
80.709184 8.962128
80.740335 8.928885
80.772825 8.830027
80.803972 8.628395
80.835093 8.667469
80.866254 9.005117
80.897368 8.964129
80.929994 8.97405
80.96104 8.995544
80.992157 9.012775
81.02317 9.014602
81.054311 9.011644
81.086707 8.606901
81.117799 8.51074
81.149097 8.432855
81.180145 8.292313
81.211256 8.648149
81.243723 8.636837
81.27474 8.636662
81.305911 8.672951
81.336979 8.723163
81.368037 9.146007
81.400358 8.95212
81.431448 8.868143
81.462483 8.79165
81.493511 8.854742
81.524647 8.834291
81.557225 8.873887
81.588319 8.73961
81.619517 8.852044
81.650522 8.895555
81.681533 8.886592
81.71388 8.835248
81.744909 8.78112
81.775936 8.792172
81.806986 8.709501
81.838048 8.700624
81.870485 8.798177
81.901557 8.836989
81.93261 8.843777
81.963661 8.87467
81.994672 9.055068
82.026948 9.148356
82.057954 9.140698
82.08892 9.127993
82.11992 9.015995
82.150922 8.993456
82.183259 8.951337
82.214262 8.998938
82.245263 8.935064
82.276278 8.971004
82.307402 9.008772
82.339951 9.054633
82.370989 9.053415
82.402001 9.01234
82.433077 9.176987
82.464157 9.182817
82.49649 9.117811
82.52755 9.075344
82.558545 9.088485
82.589599 9.084743
82.620702 9.077433
82.653157 9.076215
82.684227 8.961257
82.715299 8.812623
82.74632 8.91383
82.777397 9.013645
82.809824 8.982317
82.840877 8.9831
82.871909 8.863531
82.902956 9.013384
82.934057 9.145833
82.966518 9.13365
82.997568 9.048106
83.028625 8.952468
83.059638 9.076998
83.090763 8.992934
83.123286 8.925317
83.154383 8.955427
83.185403 8.741351
83.21643 8.896338
83.247434 8.888506
83.279734 9.071689
83.310836 9.045931
83.3418 9.059941
83.372798 9.145398
83.40385 9.011644
83.436248 9.051239
83.467304 9.024523
83.498328 8.984928
83.529352 8.981534
83.560426 9.048802
83.592866 9.028004
83.623961 8.960996
83.655249 9.103279
83.686574 9.208402
83.717988 9.223283
83.750751 9.223631
83.781834 9.250782
83.812979 9.039056
83.844233 9.017474
83.875359 9.016865
83.907804 9.054981
83.939025 9.010773
83.97035 9.005813
84.001419 8.972744
84.032565 8.815494
84.065037 8.937152
84.096111 9.165848
84.127246 9.161497
84.158294 9.159495
84.189381 9.196567
84.221825 9.180207
84.252903 9.187691
84.273818 9.142961
84.304845 8.761453
84.336201 8.766152
84.368693 8.737522
84.399758 8.625785
84.430974 8.495773
84.462064 8.703844
84.493333 8.836206
84.525823 8.72238
84.556862 8.985624
84.587843 9.018867
84.618877 8.805574
84.649962 8.962128
84.682303 9.046192
84.713348 8.963085
84.744371 8.750923
84.775636 8.825154
84.806955 8.821499
84.83953 8.828026
84.87055 8.73787
84.901579 8.836293
84.932669 8.319987
84.963786 8.805835
84.996253 8.940546
85.027298 8.863879
85.058448 8.857439
85.089709 8.82411
85.120857 8.852044
85.153332 8.830984
85.184429 8.852827
85.215498 8.380032
85.246652 8.251152
85.277725 8.353838
85.31006 8.398568
85.341068 8.441731
85.372059 8.450695
85.403009 8.484808
85.434065 8.48385
85.466487 8.801136
85.497447 9.180642
85.528423 9.22833
85.559419 9.197089
85.590427 8.949422
85.62257 8.987451
85.653572 8.963346
85.684606 8.960213
85.715617 8.970308
85.746648 8.97083
85.77892 9.007902
85.809968 9.049499
85.841194 9.209446
85.872253 9.324665
85.903443 9.279674
85.93599 9.261834
85.967199 9.262443
85.998414 9.192564
86.029479 9.240514
86.06058 9.173506
86.093027 9.055677
86.124166 9.033573
86.15522 8.996676
86.186262 9.010686
86.217383 9.080566
86.249763 8.963607
86.280835 9.03923
86.311815 9.084395
86.342915 9.105367
86.373969 8.960126
86.406325 8.932627
86.437318 8.955166
86.4683 8.96526
86.499378 8.947769
86.53037 8.964651
86.562621 8.928015
86.593648 8.82585
86.624614 8.997459
86.6556 9.058027
86.686594 8.915657
86.718901 8.921401
86.749952 8.840992
86.780961 8.966305
86.811917 9.054459
86.842914 9.079957
86.87521 9.024784
86.906346 8.955253
86.937428 8.975181
86.968464 8.969873
86.999599 8.929233
87.031966 8.734476
87.063006 8.694359
87.094203 8.50491
87.125248 8.590366
87.156314 8.83316
87.188806 9.05559
87.219863 9.030441
87.251074 9.07926
87.282281 9.130952
87.313249 9.295425
87.34576 9.175943
87.376973 9.0059
87.40804 8.724468
87.439056 8.554165
87.470093 8.279347
87.50246 8.265684
87.53352 8.56513
87.564558 8.945854
87.595578 9.02696
87.626617 9.089703
87.659026 9.17281
87.690038 8.786951
87.721056 8.564521
87.752086 8.528406
87.783145 8.444342
87.815448 8.360713
87.846476 8.039251
87.877478 8.228961
87.908511 8.263074
87.939582 8.376377
87.972016 8.786429
88.003086 8.96117
88.034415 8.972309
88.065506 9.047584
88.096584 9.094924
88.129018 8.823848
88.160017 8.78434
88.191048 8.779815
88.222074 8.749444
88.253156 8.786603
88.285481 8.964477
88.316543 9.047497
88.347592 9.06934
88.37873 9.199265
88.409717 9.33006
88.442026 9.352077
88.473093 9.322228
88.504127 9.056808
88.535286 8.872581
88.566441 8.913047
88.598903 8.863792
88.629925 8.900516
88.660967 8.928972
88.692003 8.940459
88.723057 8.809838
88.755577 8.980141
88.786604 9.067338
88.817585 9.070471
88.848617 9.080392
88.879625 8.993891
88.911959 9.084482
88.943056 8.935499
88.974133 9.034792
89.005384 8.896338
89.036481 8.912525
89.069064 8.885025
89.10033 8.918964
89.131527 8.938893
89.162655 8.942286
89.193803 8.943418
89.226223 8.920183
89.257324 8.937326
89.288369 8.955079
89.31939 9.248868
89.350497 9.272451
89.383001 9.183775
89.414214 9.271581
89.445218 9.267752
89.476185 9.278891
89.507248 9.29351
89.53972 9.193695
89.570742 9.020346
89.601884 9.049237
89.633232 9.057418
89.66459 9.038708
89.697237 9.055155
89.728276 9.078651
89.759383 9.016169
89.790469 9.05881
89.821578 9.019476
89.854 8.999112
89.885039 8.974398
89.916016 8.975877
89.94725 9.013297
89.978512 8.99946
90.010838 9.020607
90.041894 9.026699
90.07287 9.038795
90.103904 8.801832
90.125057 8.833421
90.157595 8.85361
90.188766 8.844821
90.219745 8.846039
90.25079 8.851783
90.281925 8.856656
90.314381 8.859615
90.345502 8.863879
90.376538 8.924186
90.397328 8.742569
90.428452 8.583579
90.460909 8.509609
90.491963 8.863444
90.522917 8.846997
90.55394 8.855786
90.585023 8.818888
90.617749 8.852566
90.648932 9.112242
90.67992 8.808445
90.711132 8.80714
90.742201 8.721249
90.774629 8.700537
90.805651 8.649455
90.83672 8.690268
90.867813 8.687223
90.898811 8.662421
90.931533 8.674691
90.962716 8.844908
90.993946 8.740829
91.025316 8.779206
91.056637 8.784166
91.089233 8.783731
91.120382 8.728907
91.151637 8.775551
91.182934 8.771374
91.21422 8.789649
91.246928 9.123903
91.277971 9.040796
91.309119 9.055242
91.340189 9.082567
91.371356 9.084308
91.403849 9.08744
91.435002 9.018257
91.466042 9.081088
91.497102 9.082741
91.528088 9.016691
91.560479 9.001201
91.591571 8.995631
91.622576 9.006683
91.653626 8.976747
91.684678 8.944984
91.717028 8.964303
91.748114 8.976747
91.779167 9.006248
91.810184 9.052979
91.84122 9.06525
91.873571 9.082828
91.904625 9.092749
91.935672 8.873016
91.966696 8.663378
91.997733 8.762323
92.030022 8.701233
92.061135 8.894337
92.092251 8.771113
92.123328 8.805139
92.154466 8.726992
92.187005 8.76302
92.218256 8.846822
92.249281 8.866751
92.28068 8.6458
92.311897 8.538327
92.344608 8.731517
92.375757 8.783731
92.40689 8.895468
92.438046 8.888942
92.469095 8.826198
92.501457 8.73874
92.532439 8.796088
92.563562 8.920444
92.594536 8.975007
92.625573 8.797219
92.658228 8.791911
92.689486 8.660333
92.720556 8.730038
92.751626 8.680957
92.782721 8.730908
92.815225 8.76972
92.846226 8.857091
92.877228 8.797481
92.908383 8.936804
92.939573 8.915919
92.972131 8.837163
93.003098 8.912786
93.03414 8.821934
93.065382 8.655198
93.096417 8.849607
93.128989 8.919138
93.159964 8.856047
93.190983 8.901647
93.222047 8.946202
93.253053 9.049847
93.285426 8.838294
93.316442 8.9717
93.347603 8.455829
93.378781 8.419106
93.410024 7.956666
93.442694 8.319551
93.473829 8.575747
93.50504 8.529363
93.536047 8.606988
93.567095 8.641623
93.599518 8.71098
93.630562 9.141917
93.661578 8.863879
93.692705 8.596197
93.72381 8.419802
93.756188 8.42102
93.787228 8.451652
93.818332 8.443733
93.849339 8.418844
93.880395 8.471319
93.912839 8.503953
93.944327 8.55547
93.975917 8.637533
94.007253 8.113307
94.03852 8.013753
94.071169 8.104866
94.102252 8.0463
94.133324 8.168045
94.16438 8.080065
94.195684 8.145158
94.228244 8.033943
94.249238 8.136456
94.280479 8.792781
94.311713 8.760931
94.342914 8.528754
94.375405 8.51718
94.406631 8.503779
94.437948 8.597937
94.469211 8.543722
94.500388 8.586624
94.532968 8.479847
94.564208 8.470623
94.595278 8.575398
94.626364 8.742482
94.657589 8.783122
94.690199 8.729951
94.721327 8.723598
94.752412 8.765804
94.783543 8.784949
94.814757 8.811578
94.836961 8.768937
94.868009 8.641014
94.899067 8.48855
94.930272 8.486113
94.961555 8.46427
94.99427 8.327471
95.025367 8.440513
95.056517 8.465315
95.087899 8.465315
95.119299 8.564347
95.152189 8.594979
95.18342 8.671733
95.214812 8.625001
95.246231 8.786777
95.277697 8.807749
95.310384 8.665815
95.341499 8.514831
95.372735 8.679826
95.403893 8.584797
95.434979 8.785297
95.467691 8.915483
95.499034 8.805748
95.530182 8.86649
95.561503 8.842036
95.592813 9.009294
95.625488 8.984928
95.656691 8.844473
95.687884 8.381425
95.719138 8.335738
95.750427 8.529886
95.782994 8.605334
95.814054 8.525795
95.84518 8.491421
95.876374 8.51222
95.907608 8.572614
95.940354 8.632485
95.971651 8.794087
96.003004 8.774333
96.034224 8.736304
96.065467 8.839426
96.098072 8.707934
96.129322 8.525273
96.160415 8.683394
96.191666 8.687484
96.222838 8.834552
96.255339 9.170808
96.286469 9.222152
96.317669 9.212666
96.348861 9.12312
96.380134 8.967088
96.412764 8.742395
96.444043 8.050651
96.475423 8.31111
96.506881 8.50578
96.538306 8.559734
96.570985 8.666946
96.602324 8.679652
96.633441 8.624566
96.664703 9.081262
96.695958 8.476541
96.728454 8.359408
96.759588 8.195109
96.790752 8.213558
96.822009 8.100428
96.853322 8.158907
96.886021 8.18806
96.917277 8.219823
96.948596 8.13193
96.979761 9.162541
97.010956 9.371831
97.043422 9.356689
97.074543 9.072299
97.105694 9.080827
97.136789 8.946115
97.168059 9.086657
97.2008 9.096056
97.221807 9.055155
97.252743 9.075257
97.283949 9.059767
97.315308 9.111894
97.348034 8.976573
97.379375 9.045147
97.41073 9.046627
97.442047 9.034879
97.473476 9.058288
97.506381 9.073691
97.537682 9.030528
97.568895 9.04654
97.599987 8.969873
97.631144 8.923751
97.66376 8.961431
97.695183 8.953948
97.726589 8.938806
97.757992 8.949596
97.789255 8.957254
97.822063 8.972744
97.853396 8.94977
97.884744 9.088833
97.916172 9.103453
97.947636 9.089007
97.980479 9.072124
98.011945 9.080479
98.043212 9.08074
98.074412 9.024697
98.10571 9.041144
98.138259 8.952468
98.16939 8.979271
98.200628 8.974398
98.231709 8.964651
98.263096 9.012427
98.285601 8.989801
98.31685 8.982752
98.348128 9.016778
98.37942 9.008337
98.410715 8.969351
98.443426 8.956558
98.47463 8.921749
98.50589 8.94307
98.53707 8.944549
98.568279 8.942112
98.600842 8.948378
98.632139 8.954296
98.663401 8.78434
98.694565 8.986929
98.72574 9.032007
98.758188 8.974833
98.789556 8.931583
98.820769 9.014428
98.852053 9.004073
98.88344 9.013993
98.916108 9.024175
98.947401 9.075953
98.978699 8.987886
99.009933 8.774681
99.041214 8.850564
99.073899 8.912873
99.105153 8.78434
99.136405 8.938022
99.167515 8.851261
99.19866 8.528232
99.231172 8.68261
99.262265 8.700972
99.293507 8.539632
99.324479 8.493075
99.35552 7.320008
99.398147 8.115222
99.429204 7.927862
99.460223 7.509282
99.491458 7.340284
99.522716 7.069382
101.597733 9.045408
