1.2e-05 296.604
0.032023 298.342
0.277784 307.726
0.319136 308.856
0.350119 310.269
0.381128 316.15
0.412335 319.291
0.444405 327.252
0.526501 326.264
0.598248 326.741
0.629338 327.748
0.660467 329.58
0.692616 330.005
0.723594 329.603
0.75454 332.07
0.785504 332.848
0.816467 339.821
0.848334 344.925
0.879392 344.298
0.910408 341.88
0.941447 337.414
0.972398 330.685
1.004245 326.629
1.035335 325.469
1.066673 330.976
1.097748 325.987
1.128861 328.385
1.160682 325.164
1.191678 323.905
1.222973 321.604
1.254002 317.788
1.284963 313.846
1.316749 312.258
1.34778 329.645
1.378975 344.611
1.409961 344.676
1.440958 346.642
1.47299 345.184
1.504009 317.83
1.534989 316.371
1.566004 322.521
1.596998 318.435
1.883805 323.307
1.924942 327.75
1.956171 301.538
1.987173 326.661
2.018378 323.929
2.193217 320.289
2.244821 321.296
2.276022 322.376
2.581618 326.965
2.612608 338.156
2.675309 321.65
2.706402 324.799
2.737414 320.838
2.768693 318.86
2.799654 327.259
2.831475 319.681
2.872666 314.111
2.903686 320.786
2.944923 322.218
2.975896 327.444
3.007672 325.021
3.038802 326.623
3.06986 319.891
3.100915 319.055
3.132001 327.382
3.16391 318.979
3.195025 319.28
3.226152 317.806
3.257254 316.197
3.288347 327.322
3.340819 327.752
3.371815 321.925
3.402857 327.885
3.433852 324.837
3.475192 323.703
3.507265 322.169
3.538299 315.406
3.569302 315.975
3.600336 313.976
3.641753 317.379
3.683941 321.78
3.715129 320.635
3.746291 319.012
3.777312 319.143
3.80831 336.389
3.86067 331.453
3.891646 327.671
3.953197 319.335
3.973979 335.713
4.004983 355.667
4.077706 340.521
4.108708 325.782
4.139665 327.672
4.1808 312.899
4.211769 312.857
4.243907 319.541
4.274923 311.758
4.306013 311.786
4.337 310.764
4.368018 315.687
4.399967 322.264
4.430818 330.407
4.461729 328.17
4.492679 327.528
4.523641 339.811
4.55575 334.135
4.586744 323.977
4.617695 329.381
4.679243 322.747
4.710215 312.772
4.742187 312.182
4.77323 311.369
4.804181 313.503
4.835377 307.858
4.866337 316.756
4.898507 317.214
4.92948 326.367
4.960444 325.217
4.991504 325.836
5.022541 321.445
5.054707 311.367
5.085651 314.735
5.116654 308.8
5.147628 309.633
5.178603 321.571
5.210616 342.034
5.241613 340.214
5.272564 339.777
5.303663 391.645
5.37537 365.174
5.407435 331.335
5.438433 326.276
5.46947 318.769
5.500485 322.416
5.531482 325.266
5.563631 336.629
5.594763 317.684
5.625773 314.811
5.657022 320.303
5.688211 324.845
5.72042 334.531
5.751492 314.075
5.782613 312.103
5.813678 314.984
5.844761 321.965
5.876953 329.781
5.918219 345.481
5.959449 318.167
5.990447 313.796
6.021537 311.224
6.053749 313.899
6.084857 318.402
6.115944 322.346
6.147079 318.595
6.178267 328.318
6.210491 336.974
6.241625 359.759
6.272794 364.237
6.303957 377.416
6.345216 362.683
6.377434 350.735
6.408759 351.637
6.450235 354.618
6.481545 318.392
6.512892 324.478
6.545296 315.289
6.576615 335.424
6.61807 325.377
6.649425 339.903
6.701235 332.167
6.733674 334.174
6.764726 323.795
6.795863 322.292
6.826879 325.596
6.858127 319.367
6.890385 323.743
6.921616 343.602
6.95294 345.413
6.984171 356.286
7.015449 358.882
7.047806 386.347
7.242158 475.136
7.273419 365.277
7.304723 320.459
7.336017 322.115
7.368332 310.369
7.399618 331.56
7.430918 307.196
7.462249 309.157
7.49353 323.468
7.525955 325.2
7.557271 331.771
7.588545 323.087
7.619833 327.252
7.661371 319.728
7.693803 321.112
7.725136 326.118
7.756399 320.175
7.787671 324.626
7.818955 319.17
7.851178 316.686
7.882419 316.811
7.913611 316.179
7.944772 317.579
7.97585 327.813
8.007956 324.676
8.039055 323.185
8.070183 320.754
8.101377 314.996
8.132614 315.193
8.164996 324.005
8.196277 318.845
8.227506 316.659
8.258746 312.738
8.290036 310.311
8.322409 311.188
8.353615 335.581
8.384879 326.365
8.416196 332.823
8.44748 327.372
8.479923 311.881
8.511169 320.454
8.542459 317.727
8.573552 304.511
8.604718 310.408
8.637054 322.885
8.668429 311.742
8.699731 321.063
8.731129 310.508
8.752274 313.933
8.784735 311.522
8.81597 310.596
8.847135 311.686
8.878339 311.706
8.909554 320.969
8.952005 333.962
9.00369 320.222
9.024479 317.073
9.055628 323.366
9.097105 330.702
9.139432 322.962
9.170479 317.609
9.201568 320.308
9.232638 326.408
9.263859 319.665
9.296286 321.585
9.327613 319.02
9.358837 324.848
9.389978 328.546
9.421188 325.925
9.453414 323.662
9.484384 331.151
9.51544 329.758
9.546516 312.345
9.577665 317.674
9.609848 305.561
9.641112 316.746
9.672439 335.724
9.703696 334.989
9.734981 309.347
9.767053 321.959
9.798275 324.985
9.829523 322.925
9.860808 309.552
9.892085 305.174
9.924424 308.379
9.955463 316.743
9.9865 314.932
10.01751 325.73
10.048576 314.699
10.080785 312.933
10.111852 308.719
10.142956 317.089
10.17413 320.831
10.20528 313.433
10.237513 309.28
10.26865 316.47
10.299705 312.125
10.330785 310.41
10.362024 325.579
10.394385 326.134
10.415293 309.879
10.446466 311.511
10.477592 315.939
10.508788 316.015
10.54095 322.03
10.572102 323.156
10.60329 321.669
10.634394 310.451
10.665618 316.654
10.697836 329.838
10.72891 321.753
10.760058 306.381
10.791167 320.73
10.832499 307.017
10.864612 316.681
10.895768 319.414
10.92693 325.941
10.968257 339.636
10.99938 396.407
11.184331 432.078
11.215604 433.804
11.246886 366.148
11.278131 365.855
11.309436 354.937
11.341827 351.53
11.373107 351.589
11.404409 347.615
11.435688 344.112
11.466974 346.464
11.499399 345.19
11.530702 349.451
11.562025 352.028
11.593285 356.165
11.624559 355.656
11.656975 345.372
11.688259 353.085
11.719545 358.097
11.750792 348.81
11.782418 306.8
11.814841 314.297
11.846176 323.758
11.877492 327.401
11.908858 327.806
11.940236 328.069
11.972659 318.621
12.003993 324.186
12.035323 322.091
12.066589 336.88
12.108108 376.005
12.14056 311.65
12.171892 332.583
12.203103 313.742
12.234329 321.002
12.551386 316.072
12.838891 315.224
12.870243 326.614
12.901577 316.649
12.932948 310.76
12.964285 329.773
13.017045 318.961
13.048287 310.573
13.07953 314.205
13.110764 317.894
13.141977 313.223
13.174189 311.611
13.205375 317.541
13.236645 312.127
13.267887 318.356
13.299094 314.598
13.331367 315.768
13.362669 323.779
13.393978 324.861
13.425255 334.618
13.456389 337.808
13.488556 323.244
13.519744 326.934
13.550892 334.622
13.582117 302.44
13.613464 303.473
13.645781 322.496
13.677099 309.138
13.708391 322.7
13.739709 324.767
13.77098 314.316
13.803331 314.214
13.834552 321.096
13.865849 335.498
13.897127 343.384
13.928369 323.753
13.960678 343.31
13.991847 345.561
14.023175 321.143
14.054459 334.916
14.085841 359.775
14.118145 372.48
14.149213 409.373
14.180462 392.64
14.211652 331.388
14.242718 354.595
14.315659 370.131
14.346658 367.501
14.377733 323.087
14.409012 323.506
14.440337 317.876
14.472744 322.923
14.503888 325.481
14.535007 337.91
14.566038 319.894
14.597177 321.121
14.639597 303.795
14.670688 304.812
14.7018 309.513
14.732857 322.514
14.763935 353.939
14.796221 323.505
14.827318 340.017
14.878919 327.005
14.910141 320.634
14.941329 325.172
14.973642 323.867
15.005 340.461
15.077109 351.64
15.108174 354.975
15.139335 329.481
15.171623 328.819
15.213103 333.467
15.264807 312.011
15.295817 314.648
15.32691 337.054
15.358999 333.367
15.390157 340.714
15.421331 319.482
15.452616 320.84
15.483859 318.421
15.516173 327.374
15.547354 315.236
15.578571 308.04
15.599608 318.552
15.640954 339.799
15.673299 349.241
15.714762 376.133
15.746002 386.307
15.777213 377.584
15.808486 375.897
15.840715 354.989
15.871887 372.909
15.903103 406.686
15.954703 387.055
15.985768 330.709
16.017915 335.21
16.059074 301.407
16.090037 301.773
16.121007 317.684
16.162158 306.285
16.194285 321.128
16.2253 319.955
16.256294 329.746
16.287323 322.915
16.318379 334.755
16.360725 311.902
16.391778 313.5
16.42299 317.774
16.454128 300.673
16.485372 325.174
16.51761 327.605
16.548848 343.175
16.58009 300.924
16.611293 311.205
16.642558 329.07
16.674801 324.204
16.706001 321.333
16.737166 344.371
16.768198 345.959
16.799228 354.063
16.831345 330.904
16.862355 337.987
16.893395 311.41
16.924439 317.153
16.975893 332.772
17.007947 328.02
17.039133 332.042
17.070262 343.904
17.101296 348.397
17.132428 371.098
17.297102 391.782
17.328178 436.755
17.359253 492.515
17.390473 556.993
17.421649 554.734
17.453868 451.653
17.484953 444.352
17.516055 416.699
17.547234 386.509
17.578324 390.322
17.61048 374.266
17.641681 335.353
17.672924 310.642
17.704202 320.518
17.735459 342.42
17.767803 348.218
17.799017 330.704
17.830287 330.954
17.861461 309.151
17.892758 310.257
17.924964 316.324
17.956204 359.093
17.987416 401.414
18.059469 442.733
18.090726 399.509
18.123154 396.706
18.154309 406.729
18.185244 428.978
18.21619 399.363
18.247406 349.448
18.279705 331.972
18.310922 336.62
18.34218 313.03
18.373384 319.849
18.394441 365.303
18.426654 368.473
18.457914 361.072
18.489207 339.85
18.520369 328.479
18.551601 311.007
18.583952 301.572
18.615204 314.325
18.646354 338.145
18.677451 364.211
18.708792 358.977
18.741272 381.861
18.823628 312.889
18.854929 310.162
18.886166 315.702
18.917437 320.163
18.949758 325.043
18.981032 324.022
19.012354 336.61
19.043678 313.21
19.07499 319.716
19.107322 342.614
19.138559 323.565
19.169893 330.102
19.201216 317.384
19.232485 303.962
19.264951 320.727
19.296231 330.468
19.327343 332.155
19.35844 327.713
19.389582 325.477
19.421886 310.814
19.453194 314.027
19.484467 328.724
19.515803 329.784
19.546949 341.016
19.579228 355.003
19.610377 368.726
19.641604 376.946
19.672802 371.586
19.704085 366.051
19.736471 356.857
19.76773 363.8
19.79896 363.949
19.83024 354.438
19.861571 355.599
19.894068 331.764
19.925351 317.462
19.956684 325.653
19.988043 346.867
20.039753 306.473
20.072038 315.174
20.103143 327.683
20.134339 350.518
20.1756 349.978
20.206719 360.498
20.239064 359.563
20.270351 335.312
20.301574 343.934
20.332739 340.454
20.363986 341.416
20.396256 326.459
20.42745 327.867
20.458636 348.647
20.5204 369.223
20.551516 331.607
20.583768 332.405
20.614925 322.061
20.646041 334.426
20.677107 313.727
20.70824 326.331
20.740361 334.784
20.771438 333.837
20.802621 324.314
20.833725 334.443
20.864973 333.4
20.897321 345.285
20.92847 358.738
20.959555 306.628
20.990734 326.153
21.021898 331.355
21.054231 367.812
21.105716 384.22
21.136847 406.168
21.167939 401.028
21.198961 351.072
21.231115 358.467
21.262125 323.404
21.293177 349.787
21.354769 340.349
21.385885 321.926
21.418149 328.717
21.459454 333.438
21.490537 345.545
21.521572 309.446
21.552576 317.936
21.584713 320.23
21.615761 322.47
21.646779 326.411
21.677872 344.733
21.708976 344.602
21.741231 344.779
21.772235 329.23
21.803219 338.547
21.834302 316.443
21.865366 313.941
21.897551 329.52
21.928724 309.13
21.95974 331.693
21.990803 306.563
22.021901 313.05
22.054097 327.372
22.085195 352.83
22.116268 312.517
22.147239 325.517
22.178376 321.113
22.210564 323.296
22.241623 327.701
22.272707 327.126
22.30365 340.251
22.334645 361.45
22.366707 354.119
22.397712 360.544
22.428716 345.948
22.459767 359.456
22.490885 351.839
22.523015 348.394
22.554033 359.931
22.595279 368.026
22.626338 377.706
22.657458 322.671
22.689573 322.941
22.720554 327.762
22.751529 325.67
22.782494 340.102
22.813558 315.065
22.845749 328.559
22.876816 341.4
22.918128 320.542
22.949191 326.135
22.980237 338.392
23.012296 361.875
23.043313 369.534
23.074294 346.894
23.105281 336.836
23.136255 353.265
23.157934 327.334
23.188936 336.644
23.219879 349.697
23.250833 335.169
23.2818 364.969
23.314002 382.563
24.362447 371.175
24.393502 369.108
24.424558 372.39
24.455599 352.08
24.487647 321.408
24.518625 328.517
24.549616 315.729
24.580626 345.928
24.611809 326.868
24.643818 337.739
24.71569 406.695
24.746656 331.462
24.777689 334.501
24.808693 333.461
24.840633 362.805
24.912442 381.644
24.943484 372.618
24.974444 453.16
25.290648 704.463
25.322704 641.855
25.353698 626.744
25.384714 639.626
25.415673 627.18
25.446732 612.116
25.47869 597.303
25.509727 595.007
25.540768 608.057
25.571881 557.282
25.602878 550.42
25.634782 451.654
25.665755 349.566
25.696757 355.413
25.727758 337.902
25.758842 339.206
25.790727 371.533
25.821666 374.493
25.852648 406.777
25.883595 366.641
25.914562 349.616
25.946668 349.501
26.008265 347.664
26.03927 333.7
26.070245 349.621
26.101262 370.725
26.143509 369.096
26.174429 327.556
26.205413 337.391
26.236384 343.732
26.267352 352.812
26.319724 389.646
26.350707 384.438
26.381845 388.189
26.412846 373.047
26.443997 384.461
26.476089 387.604
26.507309 360.653
26.538353 346.143
26.569442 334.084
26.600463 344.052
26.632672 388.735
26.663837 340.056
26.694889 320.172
26.726048 336.743
26.757189 343.329
26.789319 331.719
26.820407 324.408
26.851353 330.31
26.882287 337.358
26.91325 349.171
26.945455 341.438
26.976308 310.082
27.007468 319.136
27.038426 315.945
27.069448 316.852
27.101573 346.945
27.13262 367.009
27.295825 498.952
27.32683 512.141
27.357789 491.327
27.389858 464.064
27.420866 467.94
27.451777 487.095
27.523446 558.885
27.554438 556.063
27.58638 564.042
27.617466 583.369
27.64853 565.016
27.679567 541.493
27.710731 551.434
27.742915 560.656
27.773932 532.41
27.804955 532.497
27.836021 564.575
27.867086 573.428
27.899161 609.583
27.930212 640.518
27.961242 617.538
27.992305 616.74
28.023379 612.32
28.055454 586.996
28.086542 592.648
28.117559 606.87
28.15874 662.647
28.189858 642.978
28.222089 663.384
28.253245 617.145
28.284189 615.383
28.315178 592.592
28.346295 563.477
28.378202 524.718
28.409291 539.611
28.440369 541.476
28.471292 547.446
28.50239 551.417
28.534307 508.933
28.585558 519.682
28.616567 543.437
28.647571 557.219
28.678659 584.061
28.710756 601.599
28.741734 614.442
28.772833 660.725
28.803882 682.58
28.834858 703.343
28.866673 723.836
28.897723 746.142
28.928814 767.911
28.959738 786.528
28.990802 809.226
29.02271 824.321
29.053705 833.001
29.084756 887.883
29.115863 913.662
29.147106 928.238
29.179104 947.683
29.210143 978.819
29.241155 969.094
29.475724 970.959
29.506746 989.542
29.538822 990.415
29.569822 998.479
29.600843 994.774
29.631763 998.871
29.662719 1018.099
29.694534 1002.374
29.725529 1026.124
29.82764 1092.169
29.858622 1113.958
29.920117 1197.746
29.952205 1204.632
30.003486 1271.79
30.034363 1271.033
30.065308 1286.345
30.096308 1327.043
30.138513 1285.296
30.169464 1070.866
30.200474 962.485
30.231455 899.748
30.272655 914.738
30.335268 900.368
30.356183 850.457
30.478899 815.397
30.51003 819.568
30.541122 827.272
30.573045 856.089
30.603998 873.38
30.634945 906.443
30.665872 916.1
30.686671 941.583
30.718537 944.558
30.749757 993.045
30.780914 999.072
30.812115 1019.744
30.863526 1074.747
30.895635 1131.883
30.926591 1146.727
30.957576 1148.902
30.988517 1154.028
31.019635 1107.025
31.051538 1136.879
31.092912 1069.937
31.124088 1083.938
31.155079 1099.009
31.18628 1122.858
31.218162 1125.929
31.249241 1107.443
31.280341 1114.7
31.311305 1200.487
31.37311 1199.677
31.404978 1221.825
31.425774 1224.591
31.456723 1252.252
31.487706 1255.543
31.518707 1289.845
31.550616 1297.361
31.581634 1323.995
31.612569 1349.628
31.643544 1378.965
31.674612 1385.696
31.706709 1414.213
31.737792 1420.772
31.768961 1419.99
31.78984 1346.864
31.820918 1320.984
31.853133 1246.54
31.884139 941.651
32.139292 565.568
32.170374 364.15
32.201489 347.493
32.243808 319.65
32.274854 310.376
32.305795 309.139
32.336936 321.731
32.439117 332.044
32.471372 335.642
32.523005 341.398
32.574568 343.137
32.615811 350.312
32.646837 357.261
32.678778 350.6
32.699654 320.907
32.730594 330.448
32.761592 337.217
32.792613 350.711
32.824496 327.863
32.855523 311.0
32.886547 319.501
32.917545 335.072
32.948791 316.792
32.980715 318.426
33.011703 323.601
33.042715 337.06
33.063647 320.015
33.094737 321.33
33.126783 319.339
33.157941 319.359
33.188932 342.448
33.219953 323.088
33.251129 319.401
33.282954 356.706
33.314175 367.282
33.34523 380.272
33.376244 395.484
33.407578 365.954
33.439356 332.701
33.460171 317.586
33.491249 325.224
33.522256 319.832
33.553328 337.223
33.585582 328.706
33.616859 329.697
33.647915 342.348
33.678946 388.349
33.709864 389.431
33.742041 379.65
33.773068 385.703
33.793886 369.95
33.82486 311.527
33.855845 338.56
33.887912 326.712
33.918902 342.59
33.949898 340.69
33.981037 357.162
34.032444 423.582
34.064474 395.032
34.095496 361.038
34.126489 367.275
34.157513 366.232
34.188532 338.758
34.220443 332.248
34.251477 318.212
34.282513 346.624
34.313456 338.778
34.344475 346.61
34.37624 368.506
34.407332 352.951
34.43844 349.467
34.46941 385.289
34.500408 374.086
34.532212 367.816
34.56323 391.325
34.645071 459.488
34.676045 495.364
34.717241 484.558
34.749383 378.462
34.780393 378.501
34.811392 398.233
34.842337 415.393
34.883564 365.922
34.915598 350.525
34.946601 308.595
34.977561 305.915
35.008482 336.308
35.039474 349.322
35.071388 379.464
35.102461 406.174
35.194524 454.882
35.225691 485.988
35.256721 526.133
35.319375 558.939
35.381026 629.25
35.412136 670.131
35.443337 690.566
35.474472 746.755
35.506354 762.645
35.537579 781.579
35.578666 852.373
35.609613 861.101
35.640553 898.991
35.672476 920.351
35.703617 956.781
35.734663 974.813
35.765893 985.909
35.848021 1012.105
35.880174 1092.486
35.911208 1104.655
35.942276 1150.868
35.973384 1159.253
36.004469 1180.622
36.046981 1249.622
36.078102 1286.566
36.109263 1303.276
36.140367 1323.857
36.171458 1343.67
36.20362 1375.643
36.255184 1436.476
36.28636 1460.306
36.317385 1467.829
36.358871 1486.751
36.462352 1570.029
36.534411 1689.187
36.565382 1699.269
36.596336 1742.483
36.739266 1804.268
36.771192 1917.781
36.812358 1927.766
36.84332 1965.195
36.955572 2100.129
36.986627 2195.728
37.100163 2212.897
37.131374 2251.306
37.162627 2274.113
37.193796 2283.324
37.224872 2304.955
37.257038 2318.324
37.288212 2354.852
37.390503 2480.423
39.692797 4407.538
39.723878 4365.431
39.755638 4346.321
39.786643 4344.274
39.817727 4259.132
39.848826 4248.006
39.8798 4235.879
39.911974 4217.302
39.94325 4217.857
39.974268 4218.703
40.005286 4248.07
40.03628 4257.03
40.068258 4194.301
40.099311 4138.208
40.13037 4096.301
40.161419 4089.426
40.192715 4097.671
40.234877 4120.87
40.266075 4146.37
40.358422 4157.702
40.379297 4113.205
40.410336 4109.014
40.442379 4078.205
40.473426 3968.695
40.50442 3353.055
40.535398 3260.458
40.566389 3265.868
40.791383 3285.989
40.842713 3331.472
40.873631 3342.919
40.914722 3428.017
40.945668 3443.201
40.977473 3485.157
41.079712 3541.107
41.232881 3590.707
41.263906 3733.411
41.294938 3762.445
41.326997 3812.428
41.357975 3851.427
41.388975 3855.379
41.419932 3872.601
41.450915 3920.932
41.492888 3927.675
41.523852 3979.382
41.554831 3983.12
41.585795 3988.349
41.667625 3853.114
41.699598 3793.4
41.730581 3791.981
41.761532 3806.641
41.792505 3820.313
41.85395 3861.127
41.885815 3889.162
41.916806 3903.836
41.957918 3907.72
41.988939 3967.56
42.01993 3977.099
42.051767 3983.503
42.08275 3962.191
42.113752 3949.89
42.144769 3931.479
42.175768 3909.747
42.207614 3927.343
42.289483 3965.392
42.320648 3982.839
42.372087 4022.618
42.403186 4036.003
42.435335 4041.773
42.466463 4027.793
42.497512 4026.668
42.528581 4048.043
42.559622 4036.254
42.591531 4003.79
42.622632 3963.276
42.653582 3944.795
42.684524 3909.048
42.715568 3906.054
42.747681 3794.955
42.779466 3796.169
42.820608 3810.393
42.851573 3821.881
42.882549 3870.265
42.913521 3929.007
43.006524 3934.071
43.038325 3874.837
43.070151 3881.455
43.111312 3885.031
43.142355 3876.613
43.173453 3864.52
43.204787 3877.423
43.236701 3895.184
43.267721 3886.268
43.298789 3967.663
43.411429 4045.37
43.737651 4125.635
43.820731 4276.142
43.852537 4367.334
43.883692 4383.106
43.914711 4436.955
43.945756 4432.436
43.977119 4438.341
44.01944 4407.803
44.05132 4408.742
44.113048 4373.135
44.144129 4342.18
44.175161 4349.048
44.20621 4355.573
44.238263 4378.774
44.269338 4379.45
44.300351 4400.677
44.321257 4370.771
44.352397 4324.898
44.384589 4315.792
44.415615 4274.507
44.446577 4252.657
44.487779 4182.908
44.518798 4179.322
44.550884 4108.521
44.582779 4109.845
44.613735 4117.01
44.644731 4127.534
44.675678 4138.218
44.706631 3821.391
44.738593 3812.024
44.769607 3721.381
44.800565 3558.658
44.831686 3456.961
44.862696 3463.564
44.884465 3447.082
44.91661 3445.877
44.947691 3452.636
44.978674 3439.866
45.009663 2839.205
46.189845 2380.112
46.221949 1656.143
46.253192 1561.998
46.284259 1123.038
46.315225 1069.711
46.346311 974.931
46.378213 1057.627
46.561897 1175.992
46.59298 1180.137
46.62397 1231.584
46.655005 1252.534
46.687155 1276.246
46.718204 1291.663
46.749265 1042.82
46.780304 1008.272
46.811317 1017.803
46.843624 1044.491
46.874711 1076.349
46.905698 1091.001
46.936662 1104.223
46.967619 1114.53
46.999634 1136.824
47.030597 1155.875
47.061571 1171.132
47.09255 1072.359
47.123539 938.135
47.155594 958.308
47.186563 983.626
47.370325 1029.716
47.401376 1151.54
47.432359 1193.652
47.464425 1255.573
47.495447 1255.955
47.526732 1298.118
47.557738 1300.939
47.619198 371.871
62.233209 359.869
62.264169 347.169
62.295334 348.335
62.32643 349.942
62.357383 314.486
62.389341 307.71
62.420336 318.834
62.45141 323.049
62.48252 346.091
62.513542 342.472
62.545655 334.976
62.576669 331.29
62.607674 341.033
62.638918 338.671
62.669974 331.212
62.702042 370.435
62.733135 373.827
62.764122 356.197
62.795159 358.061
62.826337 365.052
62.858451 378.502
62.889425 356.509
62.92069 357.142
62.951898 369.272
62.982947 372.268
63.015158 393.622
63.04624 325.301
63.077279 325.212
63.108207 327.203
63.139214 349.57
63.171035 374.625
63.202013 385.697
63.233202 354.973
63.264242 351.439
63.295212 351.343
63.327063 385.75
63.358109 387.0
63.389095 410.783
63.450675 476.746
63.481688 480.713
63.513651 449.545
63.534644 453.422
63.565609 425.268
63.596642 412.577
63.627711 424.111
63.659753 453.974
63.690726 467.271
63.721856 429.87
63.752998 350.063
63.783975 354.306
63.816117 332.573
63.847203 339.216
63.878341 315.804
63.909325 311.058
63.940629 320.289
64.013346 389.039
64.044279 395.796
64.075211 367.296
64.106361 344.887
64.137317 339.243
64.189863 336.183
64.220946 358.322
64.282658 356.489
64.313791 361.465
64.345003 364.278
64.377333 376.816
64.408511 336.72
64.439734 348.024
64.470916 345.937
64.502101 335.55
64.534459 344.219
64.56563 385.144
64.596811 364.319
64.627974 328.315
64.659231 314.754
64.681354 322.297
64.712688 300.603
64.744001 303.517
64.775294 307.717
64.80656 331.837
64.83903 314.179
64.870353 310.478
64.901642 339.123
64.933008 339.561
64.964301 343.652
64.996785 329.062
65.028191 327.322
65.059358 323.682
65.090511 344.189
65.1217 348.559
65.153994 357.522
65.185331 387.435
65.216645 395.969
65.247928 402.078
65.279241 418.383
65.311596 416.616
65.342842 382.749
65.374186 311.087
65.40545 322.908
65.436739 320.271
65.469158 316.458
65.541247 313.682
65.572485 318.943
65.603848 325.896
65.635128 316.125
65.667658 323.781
65.698976 341.301
65.730287 350.252
65.761492 373.975
65.792766 381.529
65.825111 404.194
65.989264 469.538
66.030795 609.296
66.062097 628.929
66.103685 657.439
66.136101 633.998
66.167508 652.481
66.198767 644.97
66.230081 622.641
66.261455 619.466
66.283616 612.507
66.314845 634.854
66.346101 639.409
66.377351 662.078
66.408575 648.775
66.440893 653.004
66.472137 648.173
66.503631 643.914
66.534923 647.865
66.566272 642.114
66.598639 564.298
67.201162 526.314
67.385216 485.696
67.416456 486.836
67.447615 492.148
67.479832 481.739
67.511014 488.21
67.542186 516.451
67.573332 530.027
67.604522 503.356
67.636732 522.751
67.68823 510.974
67.719429 487.633
67.750666 488.983
67.781954 505.08
67.824445 514.42
67.845395 515.087
67.876458 539.554
67.907484 448.784
67.938589 434.704
67.970991 447.951
68.012244 431.461
68.043225 421.895
68.074209 458.773
68.145981 459.529
68.17818 452.486
68.219414 428.579
68.250588 437.954
68.39395 446.622
68.42524 451.992
68.457777 500.172
68.489099 536.37
68.520432 528.597
68.551705 569.451
68.582983 417.191
68.61534 409.925
68.646639 396.158
68.677898 401.956
68.709273 410.9
68.740565 426.017
68.77284 382.284
68.80406 393.771
68.835295 400.769
68.866448 409.42
68.897583 381.209
68.929867 378.461
68.960984 382.645
68.992057 404.559
69.023275 391.765
69.054461 381.477
69.086697 328.253
69.117852 347.525
69.138796 345.652
69.169922 350.282
69.201026 378.742
69.233264 395.293
69.264326 402.47
69.295296 418.275
69.326443 425.605
69.357528 431.407
69.38976 441.678
69.420896 471.567
69.451899 452.717
69.482939 460.447
69.514006 464.035
69.546159 481.72
69.587389 497.664
69.618406 503.256
69.649449 512.56
69.680471 421.105
69.712688 413.865
69.743834 405.069
69.774992 398.461
69.8062 399.85
69.837432 389.442
69.869833 394.246
69.901147 402.656
69.963037 467.664
69.994078 455.449
70.025105 400.534
70.352774 318.989
70.383807 323.679
70.414789 343.717
70.44575 339.713
70.476771 362.059
70.508888 347.44
70.540087 337.12
70.571187 348.824
70.602218 363.0
70.633213 375.308
70.665437 397.375
70.696444 374.913
70.727609 385.958
70.758573 383.956
70.789614 364.651
70.821652 373.416
72.676098 463.621
72.697104 437.871
72.972168 400.697
73.003168 405.564
73.035254 409.723
73.06619 413.977
73.097198 433.158
73.128375 420.04
73.159382 440.325
73.191426 450.235
73.222435 440.196
73.253457 408.951
73.284498 420.611
73.315489 425.331
73.347397 395.709
73.378391 365.099
73.643671 358.238
73.684863 355.171
73.716203 361.839
73.74819 376.199
73.779207 384.001
73.810208 395.714
73.841304 415.066
73.872645 411.257
73.904743 402.868
73.935822 407.467
73.966786 421.728
73.998013 432.294
74.029208 459.138
74.061373 496.259
74.092397 473.827
74.123374 483.715
74.164454 533.649
74.195598 544.923
74.227702 564.64
74.258686 567.026
74.2896 572.474
74.320551 563.234
74.351804 529.145
74.383837 498.914
74.414879 483.264
74.445955 380.284
74.477046 369.69
74.497914 303.36
74.529924 301.335
74.560915 320.545
74.591921 339.315
74.622906 363.005
74.653956 375.142
74.686017 384.179
74.716967 388.173
74.748092 427.661
74.779101 427.697
74.810101 433.251
74.842034 478.695
74.873018 506.008
74.904106 508.355
74.935127 503.765
74.96615 524.59
74.998214 528.277
75.029281 576.508
75.060317 588.095
75.091285 589.242
75.122269 595.069
75.154339 599.057
75.185342 588.832
75.216325 523.575
75.247614 463.308
75.278836 423.424
75.310904 384.73
75.433514 341.205
75.464474 342.857
75.495556 343.225
75.526845 394.488
75.568965 380.405
75.600155 387.545
75.631132 390.692
75.703093 361.331
75.734042 343.714
75.766046 347.139
75.797027 356.214
75.827995 358.386
75.858952 340.112
75.889973 344.965
75.922097 336.396
75.953122 347.017
75.984044 299.306
76.014999 310.908
76.045975 329.175
76.077819 335.259
76.108732 352.473
76.139642 381.238
76.17054 367.754
76.20146 355.652
76.233395 344.046
76.264351 356.806
76.295326 362.901
76.326278 336.37
76.35722 331.963
76.389471 340.746
76.420611 340.446
76.451629 349.912
76.48264 359.367
76.513649 362.688
76.545766 359.856
76.576863 360.792
76.607941 358.232
76.639025 365.308
76.670027 381.554
76.702211 391.365
76.733269 408.292
76.76444 420.619
76.795507 405.654
76.826503 343.623
76.85849 336.811
76.889527 334.225
76.920561 336.037
76.951567 346.967
76.982636 364.595
77.014818 382.283
77.045896 358.81
77.076932 382.517
77.10794 314.531
77.138916 323.729
77.170917 362.611
77.20178 362.767
77.232994 363.463
77.2642 386.713
77.295139 396.435
77.327172 368.676
77.358158 378.971
77.389127 357.461
77.420106 364.032
77.451101 380.696
77.483185 428.279
77.514157 417.634
77.545109 427.235
77.576058 436.544
77.607073 445.416
77.639079 459.467
77.67006 462.384
77.701073 470.965
77.73209 482.994
77.763067 452.014
77.79518 460.828
77.826217 474.89
77.857198 486.094
77.888294 471.827
77.919317 485.624
77.951547 504.177
77.982559 490.535
78.013678 420.425
78.044716 420.265
78.075881 420.317
78.108077 432.585
78.139215 439.815
78.170265 458.583
78.201453 471.08
78.232539 447.571
78.2648 437.379
78.295816 435.087
78.326949 408.052
78.449527 328.398
78.480634 340.205
78.512832 323.911
78.543806 341.634
78.574769 335.03
78.605751 342.444
78.636875 344.373
78.668984 357.891
78.700083 369.126
78.731139 354.539
78.76213 323.458
78.793081 324.593
78.825155 315.154
78.856148 319.229
78.887114 328.113
78.918024 361.788
78.948993 376.594
79.072215 452.65
79.103286 445.688
79.134195 434.909
79.165224 427.63
79.186032 511.516
79.289135 547.25
79.320107 492.913
79.351183 482.753
79.382295 410.508
79.423359 355.366
79.455467 333.365
79.486489 322.429
79.517571 326.867
79.548611 307.077
79.579558 314.73
79.611575 352.346
79.642518 360.013
79.673502 347.437
79.704463 334.565
79.735528 342.887
79.767394 346.163
79.798528 335.635
79.829819 296.374
79.860827 301.778
79.891877 311.938
79.923984 316.345
79.944832 319.971
79.97582 329.493
80.017 364.77
80.048186 355.373
80.080031 372.542
80.111213 345.937
80.142209 317.772
80.17326 315.502
80.204296 326.591
80.236346 340.489
80.267385 345.14
80.318789 336.954
80.350052 342.322
80.381062 348.972
80.41306 330.667
80.444195 346.665
80.475338 366.656
80.506501 374.431
80.537651 370.64
80.56981 377.536
80.600845 412.62
80.631883 390.212
80.663072 334.098
80.694358 342.202
80.726577 343.129
81.063243 332.162
81.329336 331.557
81.360302 330.856
81.391332 330.431
81.423479 351.659
81.454693 347.636
81.485924 363.103
81.51724 385.59
81.548465 429.715
81.652229 490.799
81.683493 497.54
81.714758 512.756
81.746011 522.273
81.777196 537.313
81.830011 606.169
81.861278 618.595
81.892655 635.14
81.92402 636.423
81.955372 662.567
81.987728 667.358
82.01901 705.848
82.050125 718.761
82.081399 719.387
82.112791 741.54
82.14526 775.671
82.176611 733.4
82.207908 613.539
82.239231 529.694
82.270469 385.783
82.507059 358.535
82.538446 378.112
82.569589 396.142
82.600872 401.793
82.63209 437.322
82.725469 474.979
82.756573 513.839
82.787733 555.86
82.849585 548.992
82.880844 574.284
82.91317 540.202
82.944412 479.771
82.975704 459.508
83.006875 467.202
83.037963 473.469
83.070229 499.909
83.10136 393.593
83.132465 396.01
83.163551 393.438
83.194732 581.958
83.664222 606.789
83.695242 614.305
83.726284 622.059
83.757338 616.65
83.788411 613.259
83.820796 621.957
83.851915 616.287
83.883125 586.712
83.91429 590.6
83.945436 594.468
83.977651 593.698
84.008816 525.857
84.294015 476.774
84.325126 445.02
84.356223 426.005
84.388354 416.778
84.419434 419.558
84.450494 420.926
84.481501 432.576
84.512713 433.283
84.544966 451.618
84.57619 476.882
84.607304 500.558
84.638476 520.26
84.669699 532.426
84.701964 542.702
84.733098 524.328
84.764122 492.674
84.795236 519.383
84.826293 471.998
84.858482 396.979
84.889642 376.994
84.92078 320.335
84.951916 316.022
84.983086 308.511
85.015273 335.8
85.046362 312.108
85.077445 320.639
85.108663 326.64
85.139759 324.487
85.172021 335.198
85.203138 300.053
85.234246 322.681
85.265295 316.059
85.510203 305.185
85.542256 305.545
85.573249 338.237
85.604243 321.189
85.635524 347.128
85.666675 317.637
85.698728 325.262
85.729772 319.923
85.760798 323.053
85.791808 340.115
85.812651 349.77
85.844828 311.956
85.875889 309.365
85.906925 320.409
85.937883 305.225
85.968985 323.087
86.021441 347.654
86.052309 331.419
86.083335 324.864
86.114361 302.459
86.135173 314.106
86.167154 320.183
86.198448 313.429
86.229418 323.175
86.260534 323.545
86.29155 326.255
86.323396 308.78
86.354349 327.54
86.385448 312.599
86.416652 315.938
86.447855 310.531
86.469546 330.526
86.500549 316.421
86.531795 299.764
86.562741 306.351
86.593706 303.959
86.625478 309.468
86.656507 314.719
86.687495 314.524
86.718503 319.055
86.749499 319.525
86.781425 338.901
86.812347 332.357
86.843628 334.404
86.874896 361.103
86.90597 372.637
86.937827 362.484
86.969034 367.675
87.000203 372.704
87.031225 391.281
87.062323 385.829
87.094318 391.424
87.125374 337.109
87.156358 339.348
87.187418 371.984
87.218405 378.343
87.250331 339.558
87.281366 353.894
87.3125 320.395
87.343462 324.042
87.374753 329.562
87.406956 331.026
87.437976 343.019
87.469135 347.168
87.500315 346.715
87.531347 334.119
87.563202 350.348
87.594168 315.737
87.625136 316.371
87.656075 314.912
87.687043 315.257
87.718829 323.037
87.749753 329.207
87.780702 328.883
87.811629 324.037
87.842584 317.364
87.874357 318.754
87.905326 326.342
87.93635 339.423
87.967378 342.713
87.998377 346.51
88.030531 346.88
88.061508 333.455
88.092468 323.905
88.12345 333.551
88.154475 346.412
88.196684 358.125
88.227693 377.714
88.258715 390.285
88.289662 408.756
88.320682 407.843
88.352832 415.48
88.383854 408.419
88.415035 419.435
88.446103 408.791
88.477172 419.494
88.509303 413.918
88.540426 431.827
88.571624 365.725
88.602777 377.102
88.633853 381.513
88.665944 377.615
88.697031 386.103
88.727994 363.323
88.759016 354.985
88.790055 346.72
88.822138 355.004
88.85324 350.436
88.884181 340.76
88.915089 351.756
88.946241 350.552
88.978366 359.551
89.009382 356.308
89.040349 363.096
89.071331 343.273
89.102352 348.433
89.134355 346.918
89.165316 352.015
89.19625 340.284
89.22723 350.913
89.258203 375.751
89.290019 362.977
89.321014 375.146
89.351968 380.362
89.382945 357.845
89.413949 335.498
89.44578 322.699
89.47676 332.453
89.507672 315.785
89.538595 324.77
89.569569 329.052
89.601444 305.725
89.632335 324.774
89.66328 336.499
89.694203 322.894
89.725129 344.253
89.756979 340.823
89.787895 345.974
89.818844 352.693
89.849787 364.708
89.880788 353.87
89.912969 321.867
89.943965 330.652
89.974948 342.296
90.005941 331.204
90.037006 335.721
90.068972 345.66
90.100152 350.987
90.13121 330.261
90.162236 340.152
90.193243 328.975
90.225514 307.258
90.256658 316.534
90.287664 326.22
90.318619 320.102
90.349616 338.783
90.381502 354.549
90.41253 300.565
90.44354 313.955
90.474518 331.659
90.505601 315.779
90.537587 337.316
90.568516 333.568
90.599483 338.304
90.630454 315.027
90.651293 338.0
90.683137 356.757
90.714189 377.158
90.745149 361.58
90.776097 360.773
90.807126 384.066
90.838874 351.748
90.869822 342.206
90.900774 332.241
90.931736 343.765
90.962744 343.176
90.994802 371.896
91.025767 375.888
91.056741 383.46
91.087738 391.252
91.118738 392.031
91.150692 320.279
91.181688 357.106
91.212712 360.065
91.243646 332.932
91.274674 353.827
91.306747 402.305
91.337781 396.111
91.368785 410.101
91.399901 427.391
91.431157 416.52
91.463425 427.849
91.494604 430.723
91.525618 426.547
91.55667 411.095
91.587919 417.553
91.61989 313.474
91.651107 315.327
91.682257 321.876
91.71348 321.522
91.744503 336.551
91.776393 352.971
91.807397 333.036
91.838379 328.31
91.869327 324.819
91.900387 352.016
91.932329 350.844
91.963346 361.3
91.994386 393.842
92.025416 417.086
92.056551 434.148
92.088446 436.152
92.119473 455.807
92.150498 445.643
92.181513 426.259
92.212545 464.705
92.264893 504.791
92.306082 526.031
92.337099 516.732
92.368203 531.865
92.399415 534.022
92.431188 541.692
92.462296 533.045
92.493372 502.139
92.524302 504.795
92.555328 492.911
92.587196 488.75
92.618157 488.297
92.649212 427.67
92.680387 420.301
92.711504 434.778
92.743622 436.059
92.774618 411.145
93.253338 333.903
93.284337 350.838
93.315398 360.83
93.347534 383.515
93.378556 338.934
93.409508 356.518
93.440469 365.185
93.471499 379.683
93.503662 369.412
93.534646 341.768
93.565707 355.291
93.596741 358.918
93.627715 379.735
93.659763 407.703
93.690859 422.559
93.722009 432.325
93.753084 431.615
93.784122 444.5
93.816212 461.032
93.847173 459.753
93.878096 477.926
93.909047 484.27
93.940079 487.79
93.972151 497.22
94.003153 499.636
94.034189 486.427
94.065189 502.364
94.096136 505.245
94.128027 529.275
94.159106 543.03
94.190225 358.609
94.221283 366.943
94.252264 383.963
94.284349 395.194
94.315349 421.959
94.346326 435.006
94.377322 455.075
94.408372 461.312
94.440438 455.904
94.47146 450.935
94.502479 459.54
94.533468 475.355
94.56449 482.302
94.596779 487.361
94.627912 506.51
94.658896 517.438
94.689991 519.399
94.721093 445.26
94.845001 324.559
97.520646 379.337
97.551977 383.208
97.583298 317.138
97.614558 308.755
97.647123 334.313
97.678465 334.047
97.709792 337.476
97.741204 334.134
97.772571 345.244
97.804939 358.385
97.83622 371.486
97.867483 377.861
97.898805 362.249
97.930136 376.103
97.993198 407.793
98.014245 421.086
98.065976 479.425
98.097249 455.279
98.128529 435.217
98.161035 438.326
98.192366 435.779
98.22377 433.037
98.2551 450.811
98.276214 397.268
98.308608 381.526
98.339891 396.755
98.371155 442.506
98.40237 442.319
98.433647 451.086
98.466107 407.925
98.497328 413.132
98.52876 387.712
98.590711 315.334
98.62204 332.572
98.654534 312.621
98.685981 330.315
98.717319 335.843
98.748656 335.447
98.780012 338.3
98.812453 340.411
98.843799 351.444
98.875155 351.631
98.906476 353.024
98.937765 325.804
98.970189 323.091
99.001424 333.078
99.032653 348.929
99.329368 470.824
99.360698 470.633
99.393162 474.953
99.424483 460.993
99.45579 439.836
99.487139 437.977
99.518487 448.865
99.550901 477.953
99.582226 483.598
99.61352 524.223
99.644894 521.881
99.676222 544.454
99.718914 531.058
99.750214 512.648
99.781499 520.223
99.812862 502.022
99.844166 492.373
99.876541 490.461
99.907829 472.203
99.939114 474.488
99.970361 483.262
100.001689 498.88
