1.2e-05 324.661
0.032211 336.561
0.074559 353.162
0.126056 368.288
0.187783 361.003
0.280087 358.359
0.311332 356.068
0.363916 363.936
0.41541 367.133
0.466916 368.691
0.508226 368.841
0.55976 363.956
0.602332 360.964
0.643765 358.285
0.705463 360.984
0.797769 363.348
0.849434 365.447
0.892097 367.273
0.933588 368.861
0.985316 370.255
1.087881 372.763
1.19038 362.466
1.222712 360.919
1.284412 360.807
1.346141 364.456
1.479 360.132
1.520345 365.102
1.59333 368.208
1.675352 370.934
1.737104 369.605
1.839436 365.88
1.870609 361.393
1.923335 358.709
1.954452 356.346
2.016083 379.29
2.220328 413.449
2.251375 412.731
2.344833 402.395
2.548967 397.106
2.590359 401.398
2.692847 404.978
2.724056 416.864
2.847921 403.491
2.878927 400.545
2.971129 401.716
3.093863 394.025
3.185999 397.283
3.279443 397.633
3.36263 393.537
3.465151 399.349
3.537122 403.167
3.619168 407.786
3.72158 408.091
3.77444 407.078
3.866742 407.447
3.948906 405.275
4.010667 400.247
4.082518 410.591
4.206402 411.165
4.278481 400.367
4.41132 390.926
4.523906 380.8
4.585672 394.452
4.770666 392.655
4.791744 388.561
4.88408 391.223
4.99674 384.806
5.109341 392.962
5.23322 393.862
5.284654 395.887
5.315745 398.918
5.418378 402.819
5.449556 400.633
5.685307 396.796
5.797952 388.458
5.930814 382.414
5.961985 376.461
6.013557 370.66
6.127231 371.854
6.311015 377.883
6.35236 379.38
6.403835 378.226
6.496083 375.941
6.538684 373.898
6.67158 375.317
6.79443 367.14
6.825584 379.995
7.009404 376.935
7.163929 378.573
7.398754 376.235
7.521677 400.437
7.736079 402.878
7.818185 396.268
7.880935 396.75
8.135753 390.909
8.166833 399.55
8.340424 388.348
8.442885 381.071
8.78037 378.454
9.482623 391.148
9.605356 386.608
9.839996 394.537
9.9322 398.99
10.035907 395.367
10.311234 389.663
10.383023 385.905
10.668726 390.141
10.73049 401.398
10.864555 396.21
11.088948 391.653
11.221807 390.204
11.466456 397.717
11.538408 406.157
11.692963 401.61
11.907469 395.767
12.050687 393.798
12.285683 399.571
12.347529 403.984
12.481831 400.347
12.71669 395.946
12.849735 390.832
13.07443 395.093
13.146348 401.935
13.30092 396.722
13.50503 395.268
13.678746 390.943
13.86274 397.062
13.945053 399.334
14.099491 394.407
14.303854 391.327
14.467339 387.411
14.661496 393.978
14.743712 397.226
14.888251 392.59
15.102727 389.773
15.256075 386.022
15.470294 392.763
15.552626 398.658
15.69703 393.805
15.911338 392.715
16.084988 388.634
16.268806 397.568
16.371386 397.857
16.485114 395.0
16.638373 388.127
16.710316 401.492
16.975512 401.293
17.047393 401.12
17.110381 392.217
17.30431 396.319
17.467639 394.283
17.498692 392.493
17.682425 410.156
17.846975 418.158
17.918858 413.395
18.061917 402.35
18.245612 393.93
18.399007 388.458
18.594041 412.396
18.82864 416.466
18.859807 415.662
19.002918 407.457
19.176466 415.274
19.320999 419.594
19.453929 420.27
19.59716 416.477
19.709635 434.226
19.873166 433.696
19.905595 429.516
20.007964 429.585
20.141015 422.128
20.243408 425.64
20.33575 428.034
20.449508 428.294
20.562058 421.002
20.70517 405.861
20.746534 401.368
20.940338 406.17
21.14553 407.911
21.176582 429.091
21.36033 430.471
21.391453 429.188
21.564938 428.03
21.597225 417.664
21.709882 424.182
21.842904 411.126
22.026852 400.998
22.180266 397.75
22.405979 423.061
22.630358 428.314
22.661435 419.746
22.987786 421.678
23.080042 439.593
23.204051 423.407
23.296426 431.7
23.571707 437.707
23.684419 434.249
23.715562 457.675
23.931148 455.437
24.002918 451.014
24.105332 449.606
24.146757 437.151
24.452761 431.291
24.53607 446.144
24.699535 433.526
24.801881 445.577
25.066922 441.755
25.220326 433.401
25.445842 439.197
25.700876 458.024
25.80341 465.141
25.95657 451.999
26.171093 443.001
26.335833 443.895
26.621461 457.796
26.723903 468.688
26.887557 465.09
27.051109 456.951
27.124271 465.478
27.41041 460.412
27.543993 452.837
27.809166 451.227
27.982805 471.703
28.167956 475.254
28.310976 473.334
28.443977 462.291
28.546377 470.75
28.831793 468.15
28.996491 459.627
29.231246 460.914
29.466074 485.792
29.660078 492.56
29.772745 476.005
30.018702 466.512
30.182089 464.424
30.467529 481.37
30.620859 496.213
30.774286 490.456
30.918688 477.89
31.000869 483.138
31.296539 487.733
31.439802 486.799
31.491513 507.678
31.717296 506.72
31.799415 503.376
31.922237 499.176
31.953421 491.799
32.15786 502.815
32.3735 508.714
32.506458 497.638
32.57849 496.675
32.86396 495.87
32.997133 495.11
33.070389 516.228
33.305111 517.963
33.397574 511.966
33.540796 497.966
33.704231 495.714
33.879151 497.481
34.042638 495.286
34.185787 505.874
34.461227 511.388
34.594428 503.718
34.637167 491.993
34.861687 494.259
35.106502 498.731
35.168254 497.667
35.351987 487.96
35.526921 493.205
35.700668 495.312
35.864031 482.827
36.088614 491.176
36.414798 502.858
36.681419 535.585
36.855157 529.935
36.906833 514.953
37.090815 515.731
37.335548 522.514
37.429094 529.663
37.490821 519.707
37.786475 516.603
37.919441 516.418
38.001523 518.732
38.318634 509.552
38.370182 517.733
38.574261 512.997
38.849514 501.356
38.992583 513.058
39.167276 506.401
39.310203 521.856
39.626189 530.992
39.769267 528.386
39.820819 507.344
40.178639 505.159
40.311629 525.723
40.485238 520.046
40.65871 520.057
40.83248 499.993
41.017357 489.971
41.241843 492.469
41.527157 514.648
41.690528 527.806
41.864284 505.584
42.039021 493.669
42.273721 497.586
42.559319 521.037
42.72274 533.414
42.896379 527.365
43.0508 519.551
43.183718 528.327
43.48946 524.148
43.683464 513.647
43.928308 513.82
44.194548 518.978
44.480161 497.854
45.243457 494.344
45.366276 485.024
45.662037 496.937
45.826659 512.377
45.99011 512.103
46.173813 501.782
46.255835 510.877
46.561565 512.007
46.695836 509.276
46.747458 493.765
46.941382 495.191
47.196362 498.279
47.26827 494.762
47.412591 481.035
47.586202 482.786
47.759769 483.657
47.902833 502.533
48.086614 505.959
48.118846 504.582
48.262013 503.997
48.405097 496.603
48.528 502.024
48.660971 504.271
48.774715 506.241
48.927985 504.227
49.02027 520.123
49.204159 522.597
49.316863 518.542
49.420625 518.722
49.533283 510.758
49.656147 514.743
49.7585 517.889
49.952673 511.288
50.005337 506.137
50.128112 508.467
50.281388 510.548
50.485501 508.579
50.516745 509.369
50.640641 506.943
50.773456 497.352
50.926967 480.816
51.009074 475.72
51.213141 486.266
51.489728 486.719
51.520876 501.445
51.704612 505.04
51.746004 496.253
51.91974 494.229
51.982581 486.82
52.136075 493.443
52.289526 472.996
52.463328 466.365
52.708375 468.057
52.94422 499.547
53.189043 504.608
53.250756 501.552
53.424456 505.625
53.679575 512.434
53.752585 517.137
53.794004 516.875
54.201312 514.753
54.242613 511.647
54.283982 498.931
54.611588 492.833
54.693819 507.487
54.898018 511.537
55.142906 507.574
55.17409 500.349
55.348912 480.936
55.522476 477.072
55.797725 479.302
56.012075 515.017
56.287337 514.392
56.319603 495.09
56.645602 485.708
56.727715 503.748
56.932105 488.27
57.024396 506.618
57.361703 510.809
57.474269 506.975
57.50551 485.462
57.699388 486.013
57.964653 490.242
58.027506 481.489
58.384268 488.179
58.557976 514.023
58.721697 504.737
58.824116 513.518
59.141352 514.944
59.243703 510.555
59.305397 493.053
59.509579 495.821
59.764485 498.862
59.827377 490.86
60.194371 498.263
60.378182 524.161
60.541658 516.136
60.654216 524.723
60.961405 524.103
61.063865 506.731
61.34938 510.901
61.604299 514.534
61.889686 537.698
62.044058 548.001
62.22771 524.498
62.41153 513.912
62.666917 520.941
62.972879 545.834
63.127253 555.128
63.290809 534.487
63.515401 525.151
63.750089 524.51
64.035559 545.183
64.210341 554.535
64.363593 531.478
64.578035 520.041
64.802426 523.173
65.118567 545.914
65.283184 558.923
65.456971 553.43
65.640838 544.246
65.763689 554.947
66.089761 547.45
66.254247 536.524
66.551006 540.703
66.827646 566.838
67.001942 574.767
67.17562 570.429
67.370801 556.655
67.462997 563.292
67.789283 557.865
67.983253 550.619
68.289288 555.53
68.575947 583.594
68.769975 590.664
68.923333 584.346
69.1173 573.161
69.260607 587.777
69.618758 592.417
69.741546 588.383
69.823611 568.564
70.048178 570.621
70.323706 574.892
70.427435 576.785
70.641834 565.969
70.917464 553.337
71.101299 565.428
71.285081 556.002
71.40916 565.867
71.735457 568.861
71.878705 568.98
71.981179 547.863
72.379119 544.386
72.49298 566.356
72.697327 556.792
72.871142 557.177
73.055188 536.309
73.25953 526.792
73.515765 528.411
73.801584 556.098
74.006052 571.573
74.200337 567.637
74.333544 555.436
74.477986 561.007
74.795363 565.882
74.938796 560.143
75.000634 547.611
75.255944 549.146
75.502551 553.008
75.57453 550.139
75.789144 542.646
75.983162 547.303
76.156739 545.145
76.321718 539.484
76.485204 533.299
76.648892 551.986
76.842961 551.755
76.874223 549.036
77.018501 541.647
77.141357 526.451
77.264066 529.388
77.41735 528.218
77.540289 527.206
77.654195 528.807
77.807614 523.929
77.910148 519.681
78.02282 514.71
78.135446 515.898
78.228993 521.176
78.362031 521.15
78.433899 518.503
78.638043 507.455
78.669315 498.982
78.803445 501.627
78.956886 502.671
79.150839 503.571
79.182105 503.128
79.304862 498.974
79.428884 501.622
79.673615 502.694
79.816822 504.889
79.84785 503.018
79.919808 502.621
79.952073 483.549
80.023964 468.708
80.055018 466.961
80.279468 462.982
80.361609 451.339
80.393991 434.294
80.445547 418.751
80.486794 409.513
80.629793 408.312
80.76274 409.142
80.856164 416.721
80.958595 434.588
81.081406 428.415
81.143061 423.619
81.24553 416.915
81.328853 418.579
81.390609 419.347
81.503131 423.174
81.595311 424.04
81.677526 422.31
81.740462 425.739
81.832658 419.394
81.884196 424.477
81.966266 425.141
82.028027 424.467
82.101035 425.121
82.162718 421.97
82.23467 421.091
82.296431 419.685
82.378449 419.117
82.441399 416.764
82.493019 415.919
82.575064 415.184
82.647061 413.308
82.698668 415.089
82.751426 419.05
82.823364 419.794
82.864833 421.797
82.936804 422.221
82.998589 424.424
83.142767 411.363
83.173816 401.186
83.204904 396.019
83.297083 397.123
83.40961 397.489
83.533477 403.422
83.64605 403.019
83.697541 403.889
83.820295 400.917
83.922698 391.416
83.965257 385.616
84.04723 381.171
84.169963 383.533
84.313075 380.603
84.344243 383.0
84.4479 381.405
84.540157 376.193
84.652824 379.162
84.724814 382.395
84.847829 382.705
84.921066 382.387
85.033641 380.837
85.095271 374.495
85.177311 372.033
85.279786 377.393
85.332508 377.704
85.41452 384.256
85.526994 388.696
85.598877 387.619
85.660753 387.315
85.723616 401.129
85.836107 399.74
85.918213 395.417
85.959609 394.122
86.041739 395.459
86.125009 389.799
86.186708 394.819
86.268661 394.194
86.309991 398.042
86.38186 403.883
86.485553 402.764
86.526777 402.41
86.588423 398.4
86.639946 397.985
86.701726 399.505
86.79526 390.857
86.826378 390.112
86.90844 399.242
86.99053 401.228
87.021608 401.073
87.053941 400.317
87.095392 394.007
87.146832 393.471
87.208507 388.06
87.260003 381.432
87.322854 380.609
87.374315 383.027
87.436048 385.146
87.497784 385.751
87.539146 386.301
87.602021 386.737
87.643383 384.001
87.684776 381.018
87.736377 378.983
87.798084 375.365
87.850788 379.705
87.902325 383.488
87.943745 386.789
88.005452 389.714
88.057007 392.257
88.099463 393.201
88.140831 392.197
88.192301 393.173
88.243735 390.912
88.285033 389.536
88.327499 387.104
88.380052 383.706
88.412097 383.244
88.473838 383.46
88.525325 381.778
88.556522 378.424
88.597988 376.722
88.650866 381.573
88.702427 382.837
88.733619 385.973
88.785235 383.964
88.846927 376.58
88.930331 368.261
88.961481 363.473
89.033373 361.816
89.07482 360.365
89.136737 361.574
89.220074 358.888
89.271597 361.513
89.333355 361.318
89.395123 362.404
89.44665 363.348
89.509531 370.261
89.561153 371.479
89.592332 373.785
89.6236 376.503
89.654926 374.439
89.697521 373.896
89.728638 373.435
89.769966 374.272
89.801238 373.748
89.832366 373.276
89.874913 369.128
89.907286 364.92
89.939511 360.537
89.980892 357.985
90.011971 347.862
90.043003 343.121
90.074076 340.241
90.106241 335.203
90.138435 332.049
90.190032 329.275
90.23128 333.148
90.33373 333.923
90.364924 330.947
90.397416 326.025
90.428587 326.565
90.520771 325.046
90.55188 327.526
90.572838 326.569
90.656291 326.983
90.687387 329.84
90.738919 331.096
90.861747 332.201
91.015134 329.433
91.047433 328.275
91.190581 325.982
91.323518 327.726
91.385312 349.166
91.548834 344.281
91.642199 340.018
91.693855 336.241
91.857315 339.189
91.908917 340.528
91.991121 345.468
92.074386 366.012
92.207428 365.304
92.238718 364.659
92.269971 365.321
92.352138 362.148
92.415019 355.641
92.517476 354.901
92.569103 356.781
92.641108 355.927
92.702953 356.425
92.776185 354.36
92.858318 353.818
92.920082 353.327
92.981837 351.68
93.043518 350.221
93.116591 346.434
93.178323 355.667
93.280878 354.97
93.332427 354.347
93.394226 352.557
93.457216 351.002
93.51886 347.104
93.600904 347.434
93.632102 346.505
93.673566 345.696
93.736566 348.726
93.889799 343.86
93.921003 340.892
93.941973 344.548
94.044538 346.472
94.097301 344.407
94.220081 346.335
94.30213 343.004
94.363832 345.114
94.456129 340.732
94.529227 344.416
94.590895 343.917
94.652644 344.753
94.714499 342.919
94.786364 342.55
94.869577 343.461
94.931335 341.728
94.972558 341.43
95.05462 338.744
95.106105 343.894
95.169064 344.656
95.220662 344.075
95.272186 346.035
95.333878 345.305
95.395569 345.925
95.458556 340.161
95.571154 336.407
95.643071 335.598
95.72518 337.373
95.807353 336.458
95.911039 338.169
95.993179 337.152
96.054909 336.248
96.137047 332.992
96.219067 331.348
96.312539 341.023
96.404807 342.141
96.486894 340.629
96.548525 336.814
96.630662 335.946
96.734468 337.708
96.765624 339.251
96.837568 339.325
96.889116 336.957
96.950841 333.579
97.04425 330.375
97.075305 336.359
97.136951 337.24
97.17816 337.916
97.229624 338.103
97.292413 339.534
97.323526 335.876
97.35459 333.9
97.385636 333.387
97.416814 331.691
97.500045 330.202
97.551635 328.925
97.603127 329.044
97.685174 329.19
97.736817 326.797
97.809975 323.444
97.8513 324.287
97.933295 322.491
97.995048 322.179
98.056809 320.654
98.119701 330.583
98.2425 329.249
98.273658 326.856
98.304932 336.022
98.458102 345.254
98.653252 358.289
98.908315 388.458
98.939429 383.653
99.001124 375.915
99.032194 380.175
99.064371 385.152
99.095421 383.294
99.279214 381.626
99.310298 387.084
99.504253 389.94
99.689321 381.78
99.832468 376.559
100.026371 375.747
