2e-05 0.01527
0.03238 0.020444
0.063563 0.024282
0.104954 0.026619
0.166744 0.043725
0.279445 0.050902
0.311864 0.045979
0.342951 0.047314
0.394562 0.049066
0.425685 0.047814
0.456834 0.042641
0.489186 0.041556
0.540836 0.061249
0.592291 0.055909
0.643807 0.056076
0.695417 0.049066
0.778693 0.047814
0.809865 0.043642
0.851267 0.04723
0.882318 0.046646
0.913376 0.046646
0.955974 0.049149
0.987186 0.047898
1.008198 0.046646
1.049673 0.049149
1.081065 0.047898
1.113477 0.052905
1.144766 0.052905
1.176017 0.053656
1.20724 0.054407
1.248901 0.049149
1.28128 0.046646
1.363459 0.038051
1.455749 0.03997
1.507408 0.03997
1.548861 0.043725
1.591423 0.043725
1.683688 0.043725
1.776021 0.045144
1.817548 0.047981
1.84876 0.046646
1.911842 0.045311
1.963465 0.0494
2.025367 0.052487
2.077051 0.052487
2.128712 0.051903
2.201783 0.050485
2.263745 0.049149
2.294995 0.053489
2.356839 0.055158
2.398251 0.056827
2.440836 0.047898
2.502732 0.055909
2.554389 0.050485
2.626504 0.049149
2.657715 0.0494
2.690052 0.051987
2.72238 0.050652
2.754867 0.0494
2.786067 0.051903
2.817279 0.047981
2.858691 0.050151
2.889957 0.050485
2.942821 0.051152
2.975081 0.053489
3.006285 0.049316
3.057892 0.047981
3.089236 0.043976
3.120537 0.043976
3.153043 0.03705
3.205849 0.034964
3.268977 0.035548
3.301474 0.040555
3.364485 0.039303
3.395644 0.039303
3.426771 0.040638
3.468176 0.040638
3.499484 0.041973
3.562492 0.040638
3.593825 0.040555
3.665824 0.03705
3.727696 0.027203
3.860687 0.032627
3.893151 0.027954
3.965104 0.031542
3.99645 0.025784
4.099424 0.027036
4.19227 0.028789
4.224903 0.03196
4.276762 0.029456
4.358937 0.029456
4.481874 0.036048
4.513258 0.029456
4.606967 0.032877
4.628126 0.029456
4.700242 0.033879
4.823052 0.032877
4.945987 0.03196
5.039678 0.029623
5.142432 0.025367
5.265361 0.031042
5.306929 0.032877
5.358591 0.034964
5.452217 0.034964
5.565218 0.031042
5.617046 0.035965
5.709573 0.034964
5.812173 0.041973
5.865045 0.038135
5.948507 0.03196
6.051208 0.039386
6.082505 0.038886
6.164811 0.038886
6.226756 0.041139
6.290077 0.041139
6.351961 0.038301
6.434113 0.03997
6.485691 0.038886
6.557671 0.03997
6.630875 0.043725
6.672398 0.035798
6.785255 0.04214
6.816457 0.042724
6.847744 0.045311
6.890371 0.043976
6.972545 0.045228
7.013982 0.042724
7.116597 0.042724
7.198879 0.043892
7.241561 0.045228
7.293278 0.045228
7.355122 0.043725
7.437319 0.046646
7.468588 0.047981
7.531563 0.047898
7.583322 0.0494
7.634992 0.048983
7.696842 0.051569
7.738294 0.055909
7.781047 0.054407
7.83271 0.057578
7.874109 0.055992
7.935917 0.057578
7.977351 0.057411
8.020082 0.055241
8.051311 0.058913
8.082556 0.06392
8.113791 0.062167
8.165446 0.065839
8.218363 0.068008
8.240596 0.07193
8.27308 0.074017
8.315674 0.064587
8.378736 0.071763
8.410028 0.069928
8.441302 0.066506
8.503024 0.07385
8.534266 0.077354
8.59741 0.077438
8.628662 0.081694
8.659911 0.083196
8.691102 0.089371
8.732495 0.086951
8.764901 0.084698
8.797213 0.087118
8.829605 0.08403
8.861963 0.082361
8.893259 0.08403
8.934754 0.085365
8.966048 0.087869
8.99738 0.087451
9.019595 0.090205
9.051964 0.087869
9.084408 0.090706
9.116871 0.093209
9.14943 0.094628
9.180674 0.096213
9.211977 0.102221
9.243221 0.109148
9.274516 0.109648
9.307025 0.109314
9.338449 0.104558
9.369669 0.108397
9.400992 0.101804
9.432217 0.101304
9.46473 0.096297
9.497146 0.092709
9.538634 0.087451
9.569931 0.075602
9.621559 0.076687
9.652858 0.078272
9.685384 0.085532
9.716742 0.079941
9.748016 0.078606
9.77942 0.08111
9.810781 0.079941
9.843197 0.087368
9.874519 0.083947
9.905792 0.087952
9.936995 0.094795
9.968302 0.091791
10.00087 0.084781
10.032124 0.07385
10.063432 0.074017
10.104956 0.070929
10.166836 0.062167
10.209605 0.063169
10.261225 0.067842
10.29254 0.067758
10.354415 0.070178
10.406195 0.067925
10.469226 0.072097
10.500412 0.072014
10.531627 0.07677
10.57306 0.072097
10.614593 0.065839
10.698021 0.068008
10.730387 0.065422
10.761607 0.065839
10.803092 0.067925
10.834385 0.065004
10.865697 0.065004
10.898108 0.064086
10.929337 0.067842
10.960596 0.067842
10.991827 0.070011
11.023091 0.069928
11.106746 0.067925
11.127856 0.064003
11.17962 0.058245
11.241531 0.060665
11.293243 0.056827
11.346242 0.053405
11.398002 0.053572
11.42927 0.056827
11.460494 0.060582
11.491843 0.058662
11.554939 0.058579
11.606718 0.063586
11.637976 0.065588
11.669235 0.067675
11.720975 0.065588
11.753379 0.069928
11.784724 0.067675
11.856787 0.06392
11.908433 0.070011
11.939625 0.069928
11.972061 0.067675
12.023703 0.072014
12.054985 0.068008
12.106677 0.071012
12.138111 0.076687
12.170647 0.07193
12.222443 0.07193
12.263967 0.07193
12.295369 0.070011
12.32679 0.0741
12.369594 0.0741
12.400873 0.07193
12.432082 0.070929
12.473553 0.07627
12.504847 0.07869
12.54746 0.07193
12.57881 0.069928
12.640628 0.0741
12.682096 0.0741
12.7134 0.0741
12.776477 0.070929
12.807754 0.078189
12.838999 0.080525
12.870259 0.083112
12.901556 0.07385
12.944235 0.078189
12.985654 0.078189
13.027068 0.078189
13.058311 0.078189
13.09983 0.080609
13.132228 0.0741
13.163429 0.07627
13.204932 0.076353
13.236207 0.074017
13.287842 0.0741
13.320429 0.0741
13.351735 0.07627
13.403351 0.076353
13.43466 0.076353
13.465932 0.076353
13.518814 0.076353
13.550023 0.074017
13.581287 0.07869
13.612451 0.08136
13.643757 0.0741
13.686399 0.081276
13.717643 0.081276
13.748807 0.080525
13.790214 0.085783
13.821462 0.083029
13.853938 0.085783
13.89537 0.083029
13.926583 0.080609
13.957885 0.078189
13.999254 0.085783
14.031709 0.080525
14.073174 0.07627
14.114598 0.081276
14.145853 0.07627
14.187309 0.081276
14.219856 0.076353
14.251138 0.076353
14.282314 0.07869
14.313643 0.07869
14.344934 0.07627
14.397763 0.07869
14.42905 0.07627
14.460336 0.07627
14.491601 0.077438
14.5229 0.076353
14.565566 0.07869
14.596807 0.07627
14.628047 0.07869
14.659322 0.075185
14.721082 0.083112
14.753587 0.080525
14.795025 0.080525
14.826298 0.080609
14.857425 0.083029
14.878414 0.078189
14.920923 0.080525
14.952075 0.081777
14.983251 0.07385
15.034961 0.084781
15.0663 0.079941
15.098868 0.084865
15.130074 0.084781
15.161226 0.084781
15.192452 0.077772
15.233996 0.082278
15.266505 0.084865
15.297751 0.084781
15.329111 0.082278
15.370638 0.079941
15.401977 0.083696
15.434574 0.084781
15.476163 0.084781
15.517729 0.077772
15.549023 0.082278
15.590706 0.084781
15.623274 0.085532
15.654532 0.085449
15.685791 0.090539
15.717081 0.085532
15.74828 0.085449
15.780876 0.083196
15.812026 0.091123
15.8432 0.085532
15.915256 0.091874
15.946505 0.085449
15.978896 0.093293
16.020294 0.085532
16.06173 0.093293
16.093018 0.089287
16.124332 0.085031
16.156816 0.091123
16.189028 0.08862
16.220369 0.091373
16.251687 0.085449
16.283005 0.087201
16.314404 0.083196
16.346862 0.086283
16.378143 0.091457
16.409425 0.093877
16.440683 0.091373
16.471962 0.096714
16.504433 0.101721
16.535704 0.100636
16.56703 0.093293
16.598199 0.08161
16.629466 0.075185
16.661895 0.074017
16.713471 0.068342
16.744626 0.067675
16.775859 0.075852
16.807177 0.07627
16.839543 0.07869
16.870792 0.076353
16.902044 0.081276
16.933197 0.081193
16.974627 0.087451
17.00713 0.069928
17.099574 0.074017
17.1308 0.07193
17.161956 0.071847
17.19315 0.075519
17.225588 0.078439
17.256854 0.077521
17.298285 0.077688
17.329554 0.078773
17.360883 0.077271
17.403445 0.080776
17.435633 0.082278
17.466951 0.071847
17.528774 0.074183
17.559996 0.072097
17.591294 0.056743
17.654287 0.067675
17.726274 0.057578
17.777843 0.061666
17.829508 0.061833
17.870991 0.063586
17.91364 0.067675
17.965324 0.06175
17.996574 0.074434
18.027868 0.076687
18.089673 0.072181
18.142567 0.072264
18.183954 0.067842
18.225398 0.070011
18.287245 0.065839
18.318676 0.070929
18.351297 0.068092
18.403129 0.072014
18.434569 0.076353
18.476223 0.07627
18.517902 0.074017
18.560743 0.078773
18.592128 0.07869
18.623511 0.07869
18.665134 0.072014
18.70682 0.066256
18.780324 0.07193
18.811727 0.0741
18.853216 0.074017
18.884465 0.0741
18.936083 0.0741
18.968636 0.064003
19.04067 0.067925
19.072047 0.058913
19.103322 0.063586
19.134662 0.066924
19.167266 0.062167
19.218934 0.065422
19.240018 0.067842
19.271296 0.069928
19.302627 0.065839
19.345476 0.068926
19.376818 0.072097
19.438766 0.062167
19.520987 0.061082
19.552283 0.052905
19.646039 0.052487
19.687663 0.048065
19.739207 0.045394
19.811175 0.05232
19.842521 0.051903
19.905781 0.052905
19.957446 0.061166
19.999017 0.058662
20.050735 0.052905
20.112781 0.061249
20.145433 0.055992
20.197049 0.055909
20.238594 0.063586
20.280054 0.067842
20.31141 0.070011
20.374691 0.074601
20.416218 0.065839
20.488239 0.064003
20.519644 0.067842
20.551037 0.063586
20.593829 0.072097
20.625169 0.062584
20.697306 0.064253
20.738806 0.066006
20.770198 0.070011
20.812964 0.069928
20.854447 0.072014
20.885691 0.07627
20.927136 0.07193
20.968575 0.062584
21.001047 0.064253
21.042544 0.066006
21.073837 0.070011
21.12546 0.0741
21.156702 0.076353
21.189177 0.07193
21.230744 0.07193
21.272204 0.07193
21.31363 0.07193
21.355104 0.07193
21.397736 0.07193
21.428972 0.070011
21.470411 0.075185
21.501671 0.07193
21.543123 0.07193
21.585723 0.07193
21.617009 0.07193
21.668565 0.07193
21.710008 0.07193
21.761644 0.07435
21.794112 0.07627
21.82537 0.07193
21.856535 0.069928
21.908152 0.060498
21.96997 0.06417
22.002515 0.067925
22.033816 0.068926
22.065127 0.064003
22.096336 0.067925
22.127608 0.065922
22.170162 0.065922
22.202661 0.062167
22.233994 0.066089
22.26523 0.062334
22.296489 0.066256
22.327754 0.06175
22.360282 0.063586
22.411973 0.057578
22.443208 0.057578
22.474452 0.052654
22.505707 0.045228
22.548308 0.04965
22.579585 0.047314
22.610934 0.048065
22.642275 0.048148
22.673601 0.047981
22.767089 0.048148
22.798412 0.048232
22.860206 0.034964
22.983013 0.03196
23.034701 0.036048
23.097676 0.029957
23.200162 0.035965
23.231457 0.039303
23.283108 0.035965
23.38582 0.036048
23.418278 0.029957
23.520829 0.035965
23.552142 0.03705
23.624099 0.03997
23.706311 0.034964
23.789808 0.043725
23.821052 0.041139
23.882943 0.041139
23.94468 0.043725
24.016711 0.034964
24.110282 0.04239
24.151757 0.041139
24.213548 0.041139
24.285646 0.041139
24.357797 0.043725
24.420911 0.03997
24.50303 0.041139
24.55475 0.041139
24.626846 0.041139
24.688653 0.033128
24.802488 0.035965
24.833811 0.03705
24.865019 0.03705
24.926865 0.042724
24.988772 0.042724
25.041528 0.046563
25.144189 0.043976
25.216236 0.045228
25.267893 0.042724
25.309375 0.042724
25.372555 0.04239
25.444502 0.03997
25.526715 0.041139
25.568191 0.046646
25.61987 0.046646
25.67278 0.044143
25.755033 0.044226
25.82708 0.052404
25.858356 0.050818
25.899859 0.046646
25.962922 0.046646
26.014547 0.044143
26.066189 0.048065
26.168809 0.046563
26.210312 0.050485
26.263329 0.041973
26.366055 0.044643
26.397442 0.042724
26.42875 0.045311
26.44995 0.045895
26.482487 0.045144
26.513728 0.048065
26.544958 0.038886
26.586414 0.042724
26.617727 0.046563
26.650215 0.045478
26.681463 0.048398
26.712662 0.054156
26.774455 0.048065
26.826207 0.043976
26.930002 0.041973
26.961284 0.040888
27.012903 0.041973
27.074769 0.041973
27.12655 0.03997
27.25081 0.045144
27.282048 0.041723
27.343916 0.04239
27.405796 0.043725
27.44724 0.034964
27.561245 0.048065
27.592548 0.045228
27.623915 0.045895
27.655141 0.046563
27.706873 0.050485
27.759784 0.051987
27.790949 0.056827
27.893468 0.053489
27.934894 0.05424
27.986519 0.055074
28.029133 0.050485
28.070617 0.051987
28.132457 0.052404
28.214677 0.057578
28.246073 0.055992
28.288769 0.055241
28.340458 0.055158
28.392215 0.051569
28.454171 0.057578
28.48542 0.061166
28.517882 0.057578
28.569496 0.055992
28.610941 0.055241
28.683042 0.055158
28.714295 0.051569
28.767155 0.057578
28.798406 0.055158
28.870444 0.057578
28.901631 0.055992
28.963474 0.057578
29.016368 0.057578
29.057736 0.056743
29.109239 0.055992
29.150688 0.055158
29.202389 0.057578
29.245093 0.055992
29.296604 0.058412
29.348279 0.057578
29.389863 0.056743
29.441459 0.055992
29.494276 0.055909
29.55612 0.056743
29.587365 0.057578
29.628829 0.058412
29.670384 0.057578
29.733367 0.052988
29.81548 0.057578
29.846621 0.055909
29.87781 0.056743
29.909074 0.057578
29.972017 0.054407
30.033816 0.055992
30.085552 0.052988
30.127071 0.057578
30.17882 0.055074
30.211387 0.046646
30.273385 0.043976
30.3251 0.046646
30.356506 0.044643
30.388076 0.043976
30.420647 0.047981
30.451947 0.046563
30.483248 0.043976
30.524672 0.046646
30.555976 0.047898
30.588369 0.050568
30.619565 0.051236
30.65083 0.046646
30.773717 0.040471
30.815123 0.038886
30.847605 0.037801
30.888974 0.045895
30.930451 0.03997
30.992366 0.036799
31.044024 0.038886
31.127428 0.044643
31.158568 0.046646
31.189798 0.046646
31.221077 0.043976
31.28295 0.046646
31.356322 0.047981
31.428424 0.052404
31.459595 0.047981
31.511201 0.0494
31.562931 0.047981
31.615841 0.046646
31.667461 0.052905
31.719027 0.058495
31.760455 0.050234
31.842611 0.055992
31.874955 0.051486
31.946887 0.055992
31.978159 0.055158
32.019546 0.052905
32.071218 0.057661
32.103657 0.050234
32.155207 0.055992
32.196665 0.051486
32.248431 0.053822
32.330746 0.052404
32.363245 0.059163
32.394455 0.060832
32.425785 0.059998
32.45702 0.050485
32.549476 0.052905
32.582012 0.053906
32.613384 0.050485
32.644608 0.047147
32.675965 0.051987
32.727608 0.054407
32.760118 0.051653
32.791418 0.053155
32.822735 0.050485
32.853935 0.054407
32.885271 0.052905
32.917738 0.063169
32.94898 0.055992
33.010765 0.051987
33.072597 0.041556
33.103852 0.043892
33.136223 0.03997
33.177704 0.03705
33.219141 0.039052
33.250407 0.033879
33.281607 0.03705
33.313853 0.037968
33.345001 0.03997
33.376267 0.043725
33.407498 0.041723
33.438813 0.042724
33.532346 0.041139
33.573821 0.040638
33.625441 0.035965
33.687301 0.028288
33.769567 0.032877
33.873545 0.034964
33.945954 0.027954
34.07942 0.03488
34.110728 0.030624
34.192942 0.034964
34.235589 0.034463
34.307612 0.039303
34.410139 0.039303
34.512737 0.034964
34.58476 0.034463
34.647893 0.034964
34.719868 0.034964
34.832584 0.03196
34.884236 0.033378
34.946053 0.036132
35.029479 0.034964
35.142362 0.036633
35.183778 0.036633
35.255731 0.03755
35.358211 0.030207
35.513091 0.031292
35.544444 0.030624
35.575799 0.033378
35.607122 0.025033
35.66915 0.027954
35.711965 0.031042
35.743321 0.030207
35.835829 0.033378
35.867223 0.032627
35.898628 0.033378
35.93129 0.026202
36.155936 0.030958
36.187265 0.027203
36.269623 0.027203
36.402934 0.031542
36.455897 0.030624
36.507552 0.027203
36.589791 0.031042
36.702603 0.0373
36.754149 0.033879
36.837476 0.03488
36.909491 0.036633
37.011962 0.040555
37.053273 0.037801
37.12525 0.039386
37.188245 0.041222
37.250151 0.045895
37.312076 0.040555
37.373942 0.034046
37.497093 0.035464
37.529726 0.037133
37.561014 0.039303
37.633154 0.039303
37.674696 0.037801
37.818099 0.043058
37.85064 0.038886
37.912491 0.04239
37.964142 0.03997
38.025954 0.038886
38.169179 0.038802
38.201711 0.038886
38.233084 0.040555
38.305068 0.03997
38.367103 0.038802
38.500631 0.03997
38.584263 0.040555
38.656275 0.038886
38.71803 0.04239
38.820558 0.038301
38.872185 0.03997
38.935139 0.040555
38.996832 0.038886
39.048419 0.043725
39.140814 0.038301
39.192401 0.03997
39.245276 0.041139
39.307138 0.043642
39.358794 0.043725
39.46136 0.043642
39.513016 0.045144
39.545493 0.043725
39.627721 0.044476
39.709944 0.052487
39.771849 0.051653
39.833637 0.050818
39.876254 0.052404
39.938041 0.040972
40.01012 0.047981
40.051642 0.052487
40.093224 0.051653
40.156293 0.050818
40.19788 0.052487
40.249561 0.054073
40.321581 0.057661
40.352877 0.051987
40.405745 0.047898
40.44722 0.050485
40.478398 0.049316
40.509584 0.050652
40.540798 0.050818
40.583518 0.053489
40.614861 0.055491
40.646173 0.0494
40.677459 0.057578
40.708757 0.059998
40.741226 0.05908
40.772513 0.056743
40.824212 0.054407
40.896249 0.055909
40.9276 0.05691
40.960201 0.046646
40.9915 0.04965
41.053386 0.043976
41.115341 0.04965
41.146676 0.046646
41.209755 0.054073
41.251249 0.050902
41.323356 0.052404
41.375018 0.051903
41.426768 0.055074
41.459298 0.056827
41.521171 0.05424
41.562808 0.055992
41.60429 0.056743
41.666122 0.057661
41.719201 0.060331
41.750513 0.055992
41.812221 0.05933
41.853627 0.061166
41.884917 0.055992
41.917378 0.056743
41.969018 0.057661
42.010552 0.060331
42.072495 0.059998
42.113943 0.064003
42.146532 0.067842
42.177611 0.069928
42.208914 0.065839
42.250377 0.073432
42.281682 0.072264
42.324391 0.071096
42.376008 0.069928
42.417475 0.072181
42.448765 0.065839
42.490311 0.065839
42.532889 0.065839
42.574361 0.065839
42.615806 0.056743
42.687913 0.060582
42.719205 0.062334
42.751766 0.055158
42.782984 0.053489
42.824445 0.057578
42.855744 0.055491
42.886959 0.056326
42.919387 0.055491
42.950697 0.052905
43.002202 0.058495
43.033531 0.055909
43.064781 0.051236
43.097169 0.0494
43.138581 0.045228
43.210571 0.045895
43.252115 0.050401
43.313864 0.04965
43.366796 0.045895
43.428654 0.04965
43.470157 0.04965
43.521816 0.050485
43.553166 0.051319
43.616283 0.04965
43.667876 0.053405
43.699101 0.058662
43.781269 0.058662
43.832863 0.055074
43.885748 0.060582
43.916962 0.05958
43.978883 0.053405
44.010143 0.052487
44.102524 0.051486
44.145243 0.055992
44.176497 0.050902
44.207638 0.055074
44.238973 0.052154
44.270172 0.055575
44.302775 0.050902
44.334011 0.053489
44.365167 0.052487
44.406639 0.056827
44.437926 0.049734
44.470509 0.055992
44.501794 0.05933
44.553397 0.05691
44.604984 0.051987
44.687258 0.052487
44.72995 0.041723
44.822215 0.041222
44.853445 0.039386
44.905072 0.046646
44.936347 0.04965
45.029907 0.046563
45.142781 0.04965
45.174084 0.04189
45.266468 0.044143
45.307841 0.046646
45.360705 0.048065
45.442962 0.049567
45.47427 0.045979
45.576887 0.048649
45.618376 0.044143
45.6814 0.047981
45.712718 0.050902
45.774547 0.045394
45.846645 0.054156
45.888056 0.048649
45.94084 0.041556
46.023093 0.03997
46.054497 0.043308
46.085791 0.03997
46.127311 0.040471
46.159665 0.039637
46.190899 0.042557
46.232421 0.03705
46.335039 0.036966
46.366404 0.035965
46.419287 0.033879
46.481158 0.032877
46.512341 0.030124
46.696325 0.03196
46.768419 0.030207
46.851869 0.027954
46.89328 0.036048
46.985601 0.033378
47.02706 0.03196
47.109354 0.034046
47.192777 0.031459
47.295473 0.038135
47.326789 0.036466
47.368299 0.03755
47.43014 0.036966
47.513674 0.042808
47.555006 0.040888
47.667908 0.044643
47.709465 0.043976
47.781524 0.045228
47.854675 0.042808
47.906284 0.044727
47.978213 0.045228
48.029781 0.043976
48.10174 0.045228
48.185261 0.043308
48.226989 0.04965
48.278937 0.043725
48.341047 0.045394
48.403168 0.047981
48.456147 0.050818
48.518118 0.050151
48.559587 0.048649
48.631669 0.0494
48.683466 0.045394
51.97091 0.080025
52.002204 0.083947
52.043715 0.077772
52.095348 0.064754
52.126677 0.071763
52.159264 0.079774
52.190567 0.083529
52.221782 0.082695
52.253031 0.083529
52.284289 0.084114
52.316732 0.079023
52.34925 0.084614
52.38191 0.084447
52.414422 0.093293
52.455907 0.093293
52.487169 0.089955
52.518504 0.089454
52.539591 0.085532
52.572178 0.083947
52.603447 0.08111
52.644905 0.072348
52.676192 0.066423
52.727854 0.066339
52.770527 0.071263
52.822149 0.073182
52.873809 0.07435
52.905091 0.07677
52.94654 0.076019
52.999377 0.075936
53.030667 0.080609
53.061989 0.078189
53.113654 0.07869
53.144908 0.082278
53.177363 0.079441
53.20867 0.074684
53.239992 0.075602
53.271222 0.078856
53.302453 0.080025
53.334947 0.077772
53.376393 0.084781
53.407614 0.082278
53.438929 0.082278
53.470213 0.082027
53.512942 0.083196
53.544208 0.085449
53.575421 0.082194
53.606739 0.083196
53.638043 0.0867
53.670591 0.083613
53.701891 0.093209
53.733177 0.093293
53.764518 0.094628
53.816234 0.085783
53.848813 0.086951
53.880089 0.089371
53.921499 0.089287
53.952815 0.091958
53.984137 0.091874
54.016643 0.093209
54.047962 0.091207
54.07936 0.093293
54.1109 0.090622
54.142246 0.0988
54.174867 0.095963
54.206179 0.0988
54.237563 0.093376
54.268867 0.098884
54.300219 0.095963
54.332715 0.098884
54.363987 0.094795
54.395173 0.098633
54.426412 0.093293
54.457736 0.096046
54.490207 0.092124
54.531661 0.093293
54.573089 0.096046
54.604364 0.095963
54.635641 0.097382
54.668279 0.102889
54.699666 0.102972
54.731079 0.100803
54.762419 0.097215
54.793743 0.099968
54.826313 0.092124
54.857625 0.102806
54.888916 0.097215
54.920215 0.094544
54.961702 0.100719
54.994204 0.091874
55.025488 0.087952
55.056801 0.08862
55.088216 0.090789
55.119543 0.087952
55.152049 0.095129
55.18334 0.092542
55.214685 0.092542
55.245974 0.083196
55.287496 0.089287
55.320169 0.094044
55.351412 0.095963
55.382764 0.091874
55.42427 0.096213
55.455713 0.088953
55.488416 0.090289
55.520011 0.080609
55.622894 0.07435
55.654244 0.07435
55.685706 0.072181
55.738696 0.072181
55.771416 0.076353
55.802916 0.0741
55.834315 0.068008
55.875906 0.070011
55.907287 0.080609
55.93983 0.083112
55.971135 0.080692
56.012795 0.081276
56.044154 0.077772
56.095925 0.082361
56.128628 0.076603
56.159973 0.077688
56.191334 0.079858
56.222793 0.073683
56.25427 0.079941
56.286875 0.079941
56.319478 0.083529
56.352108 0.08645
56.383475 0.079691
56.41482 0.082361
56.446192 0.080275
56.477586 0.077688
56.510251 0.080692
56.542945 0.083613
56.574364 0.082945
56.605742 0.079941
56.636996 0.085783
56.668353 0.085115
56.700895 0.083196
56.733491 0.082778
56.764932 0.0862
56.796274 0.089037
56.827653 0.084865
56.859059 0.083029
56.901852 0.07869
56.953603 0.07193
57.015457 0.062167
57.056933 0.062
57.088222 0.065588
57.141243 0.067591
57.172675 0.074601
57.214302 0.076603
57.265942 0.067925
57.368821 0.074267
57.401276 0.072097
57.432557 0.072014
57.474179 0.066173
57.525955 0.070011
57.557411 0.070011
57.589923 0.066173
57.621198 0.07193
57.662842 0.07869
57.69421 0.081193
57.725657 0.076353
57.758219 0.07627
57.789574 0.070011
57.820878 0.078773
57.852218 0.070011
57.88355 0.070011
57.926302 0.083947
57.967838 0.07869
57.999141 0.076353
58.030506 0.076353
58.061915 0.078773
58.10467 0.083947
58.13588 0.076353
58.177393 0.07869
58.208669 0.081193
58.240013 0.078773
58.282717 0.07869
58.314054 0.076353
58.34534 0.076353
58.376619 0.07869
58.418153 0.07869
58.450718 0.076353
58.482086 0.07869
58.523495 0.080525
58.564938 0.078773
58.596214 0.074434
58.628606 0.074183
58.659924 0.074183
58.69125 0.075352
58.72252 0.07869
58.753962 0.075352
58.786508 0.075352
58.817737 0.07652
58.84905 0.067758
58.880255 0.073099
58.911547 0.077521
58.94401 0.076353
58.975327 0.07869
59.006561 0.07435
59.048107 0.070011
59.099839 0.065588
59.142601 0.055074
59.224814 0.058662
59.266374 0.058662
59.307741 0.058662
59.359395 0.060582
59.402061 0.058662
59.453736 0.056827
59.546225 0.063169
59.577508 0.058662
59.608844 0.059998
59.651544 0.06175
59.693111 0.061666
59.744858 0.063586
59.786437 0.058913
59.827877 0.070011
59.860414 0.067675
59.891724 0.069928
59.923047 0.069928
59.954192 0.068008
59.995666 0.069928
60.038366 0.069928
60.079856 0.072014
60.111111 0.066256
60.142439 0.081193
60.173775 0.081276
60.206309 0.0741
60.237716 0.0741
60.289362 0.074017
60.320568 0.0741
60.351907 0.0741
60.404783 0.064253
60.487091 0.063502
60.518313 0.064086
60.539351 0.066089
60.570779 0.063169
60.603198 0.06951
60.634372 0.071012
60.665566 0.070011
60.696843 0.072014
60.728088 0.073099
60.760506 0.068092
60.801978 0.068008
60.833253 0.067925
60.864647 0.060498
60.916265 0.061666
60.948749 0.051987
61.010618 0.053489
61.0521 0.056743
61.103781 0.054156
61.155415 0.054156
61.218527 0.05933
61.249816 0.054407
61.29128 0.057578
61.353177 0.05933
61.384459 0.05933
61.437375 0.061166
61.468673 0.070011
61.52033 0.067842
61.551641 0.058245
61.64419 0.059664
61.676834 0.061416
61.708202 0.067842
61.739469 0.065672
61.770693 0.067758
61.802002 0.065422
61.834464 0.059914
61.875882 0.060999
61.907125 0.062167
61.938375 0.065922
61.969627 0.069928
62.002048 0.064837
62.0333 0.065588
62.064567 0.063335
62.095875 0.063169
62.137429 0.051903
62.180261 0.050485
62.211522 0.04965
62.253073 0.048065
62.284333 0.048065
62.315631 0.04456
62.348094 0.04239
62.409848 0.045144
62.441071 0.046646
62.472332 0.045061
62.564774 0.043725
62.597276 0.041139
62.638709 0.044643
62.669894 0.048065
62.701179 0.046646
62.732364 0.050234
62.764972 0.047898
62.827077 0.049567
62.87898 0.043725
62.971745 0.036132
63.043826 0.03196
63.117129 0.03196
63.168692 0.036048
63.199937 0.034964
63.271994 0.0373
63.344029 0.035965
63.417241 0.040638
63.489207 0.040638
63.581591 0.041973
63.643448 0.041973
63.715608 0.0373
63.798972 0.041139
63.830235 0.04239
63.912404 0.045061
63.953921 0.043725
64.036167 0.046563
64.099349 0.041139
64.151026 0.04239
64.233234 0.043725
64.27475 0.043725
64.336694 0.045061
64.399709 0.043725
64.46154 0.043725
64.533573 0.043725
64.595463 0.043725
64.65732 0.034964
64.761246 0.037133
64.79251 0.036132
64.844024 0.039303
64.875295 0.034964
64.916735 0.038135
64.949196 0.037133
64.980496 0.034964
65.083168 0.041306
65.114501 0.038886
65.206811 0.038135
65.239261 0.031542
65.402864 0.030374
65.434125 0.031542
65.536637 0.026035
65.659659 0.031542
65.712594 0.036966
65.743908 0.028622
65.866973 0.032877
65.898307 0.029289
65.990823 0.040638
66.023459 0.036966
66.075333 0.031793
66.178187 0.041139
66.20967 0.04239
66.312593 0.042724
66.375684 0.042724
66.437558 0.048065
66.489236 0.045228
66.55106 0.048065
66.612947 0.038886
66.696291 0.038886
66.737756 0.043725
66.799533 0.041139
66.861373 0.04239
66.94352 0.043725
66.996384 0.043725
67.048014 0.045061
67.099644 0.045144
67.161403 0.04239
67.243673 0.046646
67.296478 0.043725
67.358363 0.045061
67.40995 0.046646
67.461527 0.043725
67.564063 0.045144
67.606711 0.046646
67.658448 0.043725
67.730448 0.046646
67.76167 0.043725
67.884541 0.045144
67.916946 0.045144
67.958382 0.043725
68.03032 0.046646
68.061598 0.043725
68.205117 0.045144
68.237724 0.045061
68.268964 0.043725
68.351125 0.043725
68.382378 0.044393
68.525501 0.043725
68.598669 0.043725
68.670675 0.046646
68.712215 0.044143
68.7638 0.052487
68.835775 0.050902
68.868187 0.052404
68.90954 0.048732
69.00171 0.044143
69.073687 0.054156
69.145677 0.050902
69.178162 0.052404
69.219563 0.051653
69.321984 0.051486
69.383659 0.055992
69.425044 0.05933
69.477794 0.055909
69.51913 0.057661
69.56047 0.061166
69.632435 0.05933
69.663715 0.051486
69.696222 0.055992
69.737706 0.065672
69.779147 0.06392
69.830838 0.065839
69.872273 0.068843
69.955602 0.072264
69.997072 0.072181
70.028378 0.067675
70.0903 0.072097
70.121729 0.070011
70.154182 0.0741
70.185487 0.07193
70.227001 0.07869
70.258394 0.066256
70.330574 0.0741
70.363087 0.077688
70.394314 0.080025
70.445953 0.079941
70.477298 0.077772
70.508656 0.079941
70.541041 0.079941
70.573375 0.077772
70.615916 0.07652
70.648074 0.078606
70.680324 0.081944
70.711456 0.079607
70.742754 0.080776
70.773882 0.088286
70.805031 0.087952
70.837488 0.089871
70.869792 0.093209
70.901984 0.087451
70.934361 0.095212
70.966658 0.097215
70.998799 0.095963
71.030024 0.089454
71.061271 0.090539
71.092443 0.08111
71.144067 0.076019
71.176533 0.083112
71.208987 0.075435
71.241408 0.070011
71.272757 0.067007
71.304019 0.067675
71.335214 0.069928
71.366519 0.070345
71.398929 0.069928
71.430175 0.07193
71.4614 0.072765
71.492592 0.075435
71.544185 0.072264
71.597057 0.065505
71.658892 0.053489
71.700168 0.051987
71.751655 0.052738
71.79299 0.054156
71.855947 0.054073
71.907512 0.054156
71.969325 0.05933
72.000566 0.057578
72.041988 0.05933
72.084656 0.05933
72.126139 0.061249
72.177772 0.063169
72.219255 0.063169
72.260774 0.05933
72.303555 0.050485
72.406005 0.052905
72.437279 0.047981
72.468435 0.050735
72.499732 0.055408
72.532104 0.054156
72.573554 0.055158
72.604758 0.054657
72.636063 0.050818
72.728403 0.057744
72.760741 0.053489
72.812308 0.047814
72.904557 0.04965
72.935767 0.043976
72.977103 0.047397
73.050263 0.051236
73.112141 0.040471
73.224755 0.049149
73.256049 0.044143
73.358642 0.050902
73.391038 0.048148
73.432424 0.050568
73.473886 0.059413
73.556027 0.047898
73.648441 0.050902
73.67073 0.054407
73.732603 0.055992
73.784235 0.054407
73.825625 0.055074
73.887406 0.056743
73.919748 0.06175
73.981479 0.059998
74.022964 0.058329
74.074685 0.059914
74.136573 0.059914
74.169052 0.063586
74.210422 0.056743
74.251916 0.057661
74.293364 0.064003
74.334814 0.06392
74.377499 0.064003
74.428981 0.06392
74.460205 0.065839
74.501607 0.067842
74.543102 0.065839
74.595968 0.059998
74.657903 0.06392
74.709636 0.064003
74.761446 0.065839
74.803024 0.065839
74.835545 0.064003
74.897355 0.065839
74.928523 0.065588
74.96984 0.057578
75.011251 0.06392
75.064157 0.065839
75.095524 0.06392
75.157345 0.060498
75.19875 0.064003
75.230002 0.063085
75.282808 0.067675
75.324302 0.069928
75.355535 0.06392
75.386829 0.067842
75.41811 0.06392
75.450609 0.060498
75.522618 0.065839
75.553777 0.063085
75.585026 0.065588
75.646931 0.067842
75.679395 0.06392
75.710754 0.065839
75.752179 0.072181
75.783512 0.070011
75.825008 0.072181
75.857413 0.070011
75.898878 0.070011
75.940259 0.067842
75.981715 0.06392
76.033363 0.065839
76.06578 0.06392
76.117439 0.067758
76.158952 0.065839
76.190213 0.067758
76.231651 0.065839
76.284434 0.065922
76.325823 0.067842
76.367253 0.065839
76.408828 0.06392
76.45038 0.065922
76.493094 0.065839
76.534487 0.065839
76.575886 0.065839
76.617266 0.065922
76.65879 0.067842
76.691248 0.065839
76.732765 0.065839
76.764027 0.065922
76.815604 0.065922
76.85707 0.070011
76.89963 0.072097
76.930823 0.072097
76.972265 0.070011
77.034009 0.072014
77.065303 0.07435
77.097918 0.07435
77.129113 0.07435
77.160317 0.070011
77.201756 0.07652
77.243184 0.078773
77.285839 0.0741
77.347629 0.081193
77.378966 0.07869
77.410238 0.081193
77.441372 0.081276
77.473918 0.084781
77.505241 0.090205
77.536464 0.085699
77.567739 0.079941
77.59907 0.082278
77.631606 0.090205
77.662961 0.084865
77.694241 0.084865
77.72556 0.094795
77.756861 0.094711
77.789322 0.089037
77.820566 0.089037
77.851827 0.094795
77.883111 0.083947
77.91448 0.08645
77.946914 0.091874
77.979284 0.087034
78.020743 0.094711
78.051971 0.090539
78.083221 0.093376
78.114537 0.093376
78.146974 0.090789
78.17826 0.093293
78.209566 0.093293
78.240895 0.095963
78.261884 0.101721
78.294413 0.0988
78.325699 0.090789
78.356904 0.101137
78.388083 0.101053
78.419415 0.108146
78.451757 0.101137
78.484083 0.099551
78.516369 0.108063
78.547429 0.109231
78.578522 0.111985
78.609627 0.115323
78.640907 0.109648
78.68359 0.114321
78.715742 0.110733
78.748214 0.118827
78.780679 0.118577
78.812733 0.117242
78.845066 0.12058
78.877466 0.124001
78.909617 0.116908
78.940845 0.124335
78.972015 0.122916
79.003088 0.128591
79.034306 0.133013
79.066741 0.127923
79.099132 0.130343
79.130296 0.128591
79.161546 0.130176
79.192716 0.131762
79.223948 0.133597
79.256383 0.138938
79.288819 0.140023
79.320255 0.142776
79.351715 0.147867
79.383082 0.148701
79.414536 0.152456
79.447312 0.154459
79.479958 0.15521
79.512741 0.156879
79.545375 0.157964
79.577928 0.148785
79.610429 0.151705
79.642938 0.154042
79.674304 0.16247
79.705577 0.166392
79.736915 0.168812
79.768241 0.170648
79.800858 0.17215
79.832291 0.172984
79.853405 0.173902
79.884819 0.177323
79.916139 0.182163
79.948736 0.174152
79.980099 0.17699
80.01151 0.16272
80.04296 0.166642
80.074419 0.165724
80.107252 0.152707
80.138695 0.140774
80.170054 0.141191
80.201347 0.133264
80.232639 0.133264
80.26502 0.137686
80.296289 0.131344
80.327583 0.126171
80.358886 0.128591
80.390149 0.130176
80.422633 0.131595
80.453912 0.133848
80.48517 0.12834
80.526654 0.139355
80.557895 0.139856
80.590295 0.146281
80.621605 0.132846
80.663075 0.127506
80.704546 0.127172
80.746016 0.117826
80.778507 0.117576
80.821186 0.116658
80.852474 0.099551
80.904076 0.10606
80.945552 0.097215
80.976846 0.099968
81.009344 0.097215
81.040626 0.102972
81.071828 0.102889
81.103056 0.107061
81.134397 0.112819
81.166833 0.102806
81.19807 0.115156
81.229444 0.112318
81.250606 0.104975
81.312433 0.107896
81.344853 0.105392
81.376072 0.107979
81.40728 0.111067
81.438515 0.114321
81.46976 0.111067
81.492064 0.114822
81.5233 0.114655
81.564736 0.114488
81.59595 0.106978
81.627205 0.118744
81.659699 0.11866
81.690976 0.115239
81.722228 0.11065
81.753469 0.112235
81.784733 0.107645
81.817243 0.110232
81.848514 0.107729
81.879782 0.11065
81.911044 0.11065
81.942426 0.111401
81.974989 0.109064
82.006283 0.109064
82.037514 0.114655
82.068711 0.121164
82.099972 0.124168
82.132446 0.106978
82.163719 0.099968
82.195047 0.102889
82.22632 0.101804
82.257733 0.094628
82.290374 0.08645
82.321663 0.094711
82.3529 0.08912
82.384178 0.094795
82.415406 0.093209
82.458055 0.091707
82.509694 0.093293
82.540938 0.093293
82.572233 0.093209
82.603567 0.096213
82.646257 0.094795
82.677537 0.094711
82.708695 0.093209
82.739906 0.093209
82.771153 0.096964
82.81379 0.105059
82.845034 0.101804
82.876255 0.101721
82.907457 0.101721
82.938722 0.106561
82.971177 0.098884
83.002453 0.107061
83.033747 0.105893
83.065029 0.097131
83.096227 0.093293
83.128614 0.10147
83.159821 0.104057
83.191018 0.103974
83.222292 0.101053
83.253576 0.103139
83.286018 0.111901
83.317279 0.106978
83.348552 0.106978
83.379706 0.108814
83.410984 0.117659
83.443448 0.118744
83.474646 0.111901
83.505858 0.112569
83.53709 0.108897
83.568259 0.11115
83.600634 0.120496
83.631818 0.115239
83.663045 0.115239
83.694396 0.110816
83.725618 0.112819
83.768301 0.114405
83.789281 0.115156
83.820433 0.11357
83.851682 0.115323
83.882945 0.110399
83.915269 0.118744
83.946476 0.108897
83.977673 0.115406
84.008897 0.116741
84.04011 0.122082
84.072507 0.121831
84.103685 0.123417
84.134917 0.123417
84.166138 0.123584
84.197424 0.120913
84.229956 0.127255
84.261202 0.113904
84.292524 0.121748
84.323814 0.120747
84.355093 0.122082
84.387644 0.119996
84.418793 0.119996
84.449975 0.119996
84.481229 0.119912
84.51244 0.119912
84.544883 0.116574
84.576061 0.127005
84.607283 0.127255
84.638463 0.127255
84.669771 0.125336
84.70232 0.117993
84.733594 0.110733
84.764784 0.115156
84.796085 0.115489
84.827347 0.111901
84.859744 0.112485
84.890919 0.113987
84.922083 0.116074
84.953305 0.113904
84.984484 0.113403
85.016994 0.11332
85.048242 0.110816
85.079615 0.113654
85.110949 0.115072
85.142241 0.110232
85.174636 0.10606
85.205872 0.101721
85.237077 0.091791
85.2684 0.083947
85.330194 0.08161
85.36256 0.079441
85.393728 0.087535
85.424881 0.090289
85.456035 0.085699
85.487307 0.088202
85.519731 0.085699
85.550943 0.085616
85.572005 0.086867
85.60325 0.086617
85.64473 0.089704
85.677269 0.088369
85.70855 0.091958
85.739783 0.081944
85.770984 0.083947
85.802214 0.081026
85.834686 0.086617
85.865906 0.084447
85.897096 0.079357
85.928324 0.084364
85.959579 0.07627
85.991994 0.07193
86.023231 0.054657
86.085049 0.05207
86.116273 0.054657
86.147521 0.057828
86.180093 0.06175
86.211392 0.061249
86.242731 0.063085
86.274041 0.055158
86.305376 0.056827
86.337938 0.056827
86.37937 0.056827
86.410654 0.059413
86.441919 0.062167
86.473129 0.060582
86.505617 0.054073
86.577612 0.054156
86.608901 0.042974
86.731778 0.043725
86.763026 0.04239
86.795526 0.04431
86.826765 0.043725
86.88861 0.043976
86.960521 0.043976
87.012117 0.045895
87.054704 0.040555
87.116544 0.027954
87.310684 0.032627
87.352108 0.026202
87.434174 0.027287
87.52771 0.0373
87.609804 0.034964
87.671575 0.034964
87.743519 0.027287
87.845997 0.034964
87.939583 0.034964
87.981057 0.036633
88.032837 0.034964
88.165999 0.033879
88.268683 0.036132
88.301324 0.034463
88.352961 0.034964
88.486059 0.033879
88.557943 0.034964
88.609541 0.033378
88.692947 0.026786
88.846466 0.029706
88.877686 0.026202
88.908917 0.030541
88.940131 0.025033
88.993078 0.029206
89.024159 0.028705
89.16723 0.029456
89.249305 0.025784
89.311065 0.026202
89.475728 0.022113
89.588181 0.027036
89.619257 0.021278
89.772535 0.030624
89.803652 0.029623
89.886864 0.031542
89.928084 0.024282
90.091689 0.032877
90.133041 0.034964
90.204958 0.027537
90.28827 0.025367
90.3703 0.030541
90.401387 0.034964
90.432582 0.028789
90.473915 0.03196
90.506164 0.029206
90.547518 0.03246
90.578578 0.031459
90.619847 0.028789
90.752866 0.028789
90.785203 0.020277
90.867281 0.020861
90.928889 0.022697
90.970133 0.020527
91.052251 0.018608
91.277867 0.018024
91.390433 0.016939
91.604666 0.01744
91.717254 0.015854
91.829943 0.021195
91.923427 0.020861
92.046135 0.015854
92.209505 0.021862
92.240783 0.020861
92.353455 0.021862
92.548419 0.020527
92.691492 0.016772
92.854944 0.021862
92.886135 0.020527
92.988634 0.016772
93.153293 0.023949
93.215046 0.022697
93.368417 0.026202
93.47079 0.023615
93.573188 0.022697
93.686975 0.026202
93.78944 0.023615
93.87147 0.026202
94.004504 0.026202
94.106969 0.03196
94.139339 0.03196
94.221451 0.034964
94.323991 0.034964
94.426475 0.026452
94.498505 0.027954
94.530889 0.030624
94.643464 0.035965
94.674678 0.038135
94.756832 0.033962
94.849246 0.03755
94.881694 0.039303
94.943434 0.035965
95.005192 0.038135
95.067025 0.041556
95.1187 0.03997
95.212262 0.035965
95.294372 0.038886
95.325544 0.039637
95.356838 0.039386
95.388181 0.04239
95.420761 0.035881
95.452041 0.040471
95.503737 0.043058
95.534957 0.045979
95.566248 0.045895
95.649614 0.044643
95.731688 0.035464
95.813831 0.032293
95.834908 0.03705
95.866073 0.035965
95.93925 0.041306
95.970442 0.034463
96.093237 0.039386
96.124436 0.043725
96.155754 0.037801
96.239189 0.03997
96.290829 0.03221
96.342446 0.034964
96.373596 0.038301
96.404766 0.04214
96.437167 0.03997
96.468241 0.042724
96.499263 0.037801
96.530445 0.03997
96.561614 0.039637
96.593875 0.04456
96.63522 0.039386
100.997084 0.03997
