1.3e-05 307.079
0.266447 315.633
0.337968 324.307
0.368994 331.27
0.399991 343.31
0.431043 346.684
0.462916 351.842
0.493945 354.8
0.525073 357.133
0.556046 352.438
0.587048 351.781
0.618929 352.412
0.650004 352.033
0.691254 353.407
0.722286 355.173
0.753285 356.497
0.785331 355.673
0.816407 353.773
0.847364 356.015
0.878311 356.409
0.909268 362.824
0.941246 362.739
0.972222 357.373
1.003126 353.324
1.03407 352.201
1.065174 343.663
1.097233 344.3
1.128191 338.045
1.159214 333.221
1.190176 333.451
1.221183 328.427
1.273548 326.724
1.304525 325.263
1.335492 322.082
1.366478 321.83
1.397438 322.187
1.429361 322.858
1.4603 321.44
1.491264 320.629
1.542577 317.412
1.57357 317.094
1.595397 319.304
1.627213 327.316
1.658221 327.023
1.689496 337.5
1.730678 337.8
1.761852 338.289
1.793904 339.462
1.824929 340.554
1.855917 341.614
1.886942 343.349
1.928106 342.616
1.959993 338.471
1.991105 338.678
2.022063 336.355
2.053213 339.324
2.094419 340.858
2.126567 341.382
2.157589 340.636
2.188595 337.982
2.219634 337.462
2.25071 337.23
2.282859 334.063
2.313922 333.031
2.344962 332.754
2.376096 328.024
2.407155 329.264
2.439364 331.85
2.470502 333.417
2.501634 333.647
2.53284 338.305
2.564066 337.857
2.596291 337.59
2.627497 338.303
2.668797 338.885
2.699928 344.218
2.741168 349.457
2.783526 342.026
2.814552 335.688
2.845671 333.499
2.876791 334.33
2.907891 334.211
2.940007 336.742
2.971098 331.704
3.002138 333.881
3.033374 339.607
3.084933 338.427
3.117142 338.762
3.148371 336.236
3.179442 337.183
3.210391 335.815
3.241403 340.55
3.283642 348.657
3.314645 339.29
3.345672 341.909
3.386864 336.386
3.417891 336.203
3.449997 337.987
3.480999 336.129
3.512091 336.647
3.54313 337.718
3.57422 334.226
3.606263 326.259
3.637283 327.789
3.668297 331.973
3.699351 331.519
3.73039 331.612
3.762429 328.996
3.793441 329.122
3.824466 329.596
3.855425 331.815
3.886423 332.577
3.918491 331.835
3.949578 334.598
3.980721 335.362
4.011796 337.718
4.042846 336.715
4.075119 337.439
4.106086 337.353
4.137052 340.357
4.168016 335.83
4.199235 331.509
4.231215 325.79
4.262249 321.894
4.293487 320.895
4.324477 324.937
4.355479 327.575
4.387589 328.148
4.418547 325.503
4.449531 326.914
4.480488 326.575
4.511472 330.296
4.543702 337.013
4.574763 336.019
4.605746 334.709
4.636677 333.002
4.667683 332.247
4.699701 331.366
4.730742 332.841
4.761759 337.292
4.813154 334.107
4.844127 335.363
4.876193 333.56
4.907173 331.252
4.93817 331.849
4.969139 330.393
5.000113 332.73
5.032096 343.872
5.0733 343.02
5.104335 338.614
5.135251 337.089
5.166318 338.347
5.198232 342.902
5.229214 342.006
5.260137 344.988
5.291114 350.828
5.342386 347.124
5.374492 353.74
5.415782 343.316
5.446829 342.871
5.477809 342.007
5.50881 342.74
5.540902 338.182
5.572007 340.887
5.603079 339.245
5.634106 339.563
5.665189 340.963
5.697248 342.159
5.728319 337.815
5.759329 340.092
5.790373 341.249
5.821331 338.354
5.853443 334.737
5.884471 331.648
5.915485 332.92
5.946543 333.86
5.977539 333.963
6.009534 335.247
6.040468 330.603
6.071404 332.321
6.102396 334.08
6.133378 334.114
6.165363 329.175
6.196506 335.55
6.247975 339.234
6.279092 338.325
6.310266 336.679
6.342611 328.858
6.374786 328.377
6.406995 329.219
6.438205 325.704
6.469405 323.744
6.500603 323.898
6.531871 330.912
6.574362 327.181
6.605554 330.239
6.636693 334.529
6.667918 338.337
6.699005 339.767
6.731308 349.004
6.772662 349.577
6.8037 351.085
6.834687 350.752
6.865818 347.556
6.898105 346.608
6.929126 348.306
6.960242 351.131
6.99125 356.58
7.032386 353.445
7.064396 347.418
7.095546 349.856
7.126524 342.887
7.157544 340.996
7.188528 339.629
7.220534 339.533
7.251371 339.912
7.282272 338.641
7.313169 334.216
7.344089 331.214
7.375961 340.705
7.437373 338.718
7.468368 341.761
7.499387 341.427
7.53053 340.335
7.562661 340.893
7.593725 342.265
7.624702 342.23
7.655732 341.588
7.686824 341.116
7.71912 342.277
7.750191 332.863
7.781294 334.874
7.802122 339.908
7.833121 342.52
7.865141 343.49
7.896145 337.163
7.927098 332.274
7.958064 331.391
7.989004 331.8
8.020903 334.811
8.051885 325.505
8.082869 324.817
8.113805 326.703
8.154957 324.63
8.186956 325.899
8.2189 323.855
8.250757 324.476
8.281978 332.036
8.343595 336.177
8.374567 343.791
8.405591 345.851
8.437596 348.032
8.469431 349.694
8.4903 349.966
8.521243 343.662
8.552295 337.747
8.583276 338.1
8.615088 342.656
8.646906 336.518
8.677925 336.949
8.708909 329.289
8.740032 335.071
8.771201 341.632
8.803251 344.791
8.824856 353.046
8.85679 349.44
8.888569 350.327
8.920417 347.975
8.951418 348.725
8.982682 345.208
9.023974 342.058
9.055032 338.017
9.086992 331.84
9.118026 329.46
9.159296 330.116
9.200635 331.528
9.231673 327.17
9.263854 325.637
9.294929 322.429
9.325941 324.615
9.367128 327.52
9.398193 325.337
9.430179 328.429
9.461163 327.37
9.492156 339.05
9.533301 343.266
9.564278 344.753
9.596255 345.666
9.627196 348.57
9.658166 346.756
9.689408 342.798
9.720534 342.473
9.752466 342.164
9.783422 341.904
9.81437 342.304
9.845329 340.888
9.876329 340.79
9.908246 338.807
9.93921 336.613
9.990575 342.061
10.041862 346.177
10.083015 349.711
10.114977 349.731
10.14596 343.331
10.176923 339.621
10.207948 344.424
10.238957 347.662
10.271198 352.782
10.302327 352.377
10.333374 350.095
10.36442 343.475
10.395477 340.233
10.427926 337.713
10.469171 336.098
10.500198 339.089
10.551609 336.545
10.582722 332.577
10.614908 334.125
10.666381 330.744
10.697466 330.659
10.738988 330.555
10.770099 327.993
10.802252 325.126
10.833192 320.889
10.864129 323.243
10.905267 326.607
10.956682 324.527
10.988786 325.051
11.019826 330.684
11.061143 331.841
11.092135 333.488
11.123382 335.461
11.155432 333.389
11.18643 336.068
11.217408 335.956
11.248381 333.325
11.279374 334.154
11.311506 331.506
11.342534 327.55
11.373604 326.602
11.404659 328.906
11.445851 328.412
11.477865 329.272
11.508878 332.17
11.539875 332.524
11.57091 333.409
11.602054 335.483
11.634082 335.439
11.665066 337.279
11.696105 337.076
11.727214 332.43
11.758262 330.249
11.79032 331.465
11.821323 330.012
11.852459 331.281
11.90403 335.245
11.935081 338.267
11.967071 340.361
11.998145 338.098
12.029222 337.094
12.060305 337.49
12.091298 337.193
12.123404 339.809
12.154662 341.088
12.185846 339.722
12.217067 339.1
12.248216 334.179
12.280284 330.473
12.311279 327.52
12.342297 331.625
12.373523 331.252
12.4045 331.848
12.436547 330.278
12.467527 338.772
12.508671 334.566
12.539673 332.855
12.570662 340.104
12.663764 337.571
12.694755 337.895
12.766487 334.4
12.797449 332.623
12.828436 331.656
12.860581 330.187
12.891604 331.395
12.922543 329.368
12.97389 326.926
13.004859 326.684
13.036932 325.612
13.088383 323.03
13.129698 320.781
13.160789 318.806
13.191943 317.079
13.224072 321.805
13.265375 322.813
13.306764 324.325
13.337903 329.412
13.369025 335.315
13.401223 335.275
13.432352 340.253
13.463414 343.498
13.494455 339.955
13.525671 338.827
13.558051 335.88
13.589341 331.427
13.620708 328.158
13.652033 330.876
13.683322 333.625
13.715705 331.683
13.747028 326.616
13.778291 326.273
13.809631 331.884
13.840954 334.15
13.883469 333.004
13.914453 336.36
13.986214 333.052
14.017387 333.273
14.048649 334.082
14.091193 333.496
14.163324 333.686
14.194604 333.202
14.225885 334.036
14.257219 333.542
14.309897 334.344
14.341186 336.95
14.392897 335.962
14.454802 336.463
14.496356 341.891
14.539023 345.382
14.570329 350.132
14.601531 355.129
14.653242 359.03
14.694786 356.644
14.737448 350.807
14.768773 350.695
14.810285 351.237
14.851779 351.079
14.883144 352.207
14.915591 354.428
14.967259 352.597
14.99852 351.71
15.070607 361.509
15.17306 371.38
15.205346 371.195
15.236524 372.317
15.267809 372.654
15.299072 371.073
15.330196 369.078
15.362531 365.43
15.404041 364.714
15.435318 357.247
15.47677 353.22
15.528398 353.454
15.581164 352.368
15.612474 364.669
15.69494 365.962
15.726197 372.703
15.777949 373.627
15.810363 375.03
15.86201 375.63
15.91371 371.163
15.944977 367.914
15.97624 356.715
16.018715 357.12
16.080538 353.115
16.111879 353.343
16.143125 356.678
16.184429 360.228
16.247255 361.466
16.28857 365.042
16.319768 365.661
16.350929 362.463
16.382082 359.651
16.41434 357.183
16.445443 353.808
16.476527 352.102
16.528159 347.458
16.559464 345.275
16.612257 343.986
16.643381 347.699
16.68469 346.728
16.715809 349.627
16.746908 348.438
16.779106 348.635
16.8103 351.288
16.841479 348.604
16.872754 348.774
16.904075 348.29
16.956881 348.486
16.987957 346.816
17.019229 345.944
17.050479 347.095
17.081764 347.449
17.114143 347.756
17.145359 347.382
17.186659 347.697
17.217821 346.744
17.24905 341.96
17.30158 336.704
17.332634 336.52
17.373959 331.928
17.405139 335.411
17.446494 337.249
17.478923 338.853
17.510176 339.628
17.541308 340.921
17.57239 340.807
17.603575 355.247
17.696941 352.704
17.72807 354.257
17.759216 355.603
17.810786 354.627
17.841947 352.813
17.874105 351.901
17.905147 351.662
17.936202 347.051
18.007894 346.747
18.038953 349.617
18.071008 351.105
18.102106 345.967
18.133172 345.228
18.164372 346.457
18.195514 349.426
18.227787 353.785
18.258978 355.119
18.290045 358.216
18.32112 354.679
18.352307 349.736
18.384675 347.894
18.415939 348.793
18.447209 352.051
18.478473 360.521
18.540368 364.633
18.5728 358.439
18.60407 360.637
18.63528 354.1
18.66644 351.612
18.697659 351.667
18.729979 352.549
18.761176 355.089
18.802398 355.907
18.833533 351.44
18.864639 350.026
18.896811 353.26
18.927855 354.432
18.979239 353.861
19.010468 345.843
19.041563 349.5
19.134731 344.386
19.165779 336.148
19.196814 329.978
19.23801 325.758
19.269001 324.401
19.290857 321.224
19.321896 328.006
19.373321 330.803
19.404484 328.796
19.445887 328.042
19.477974 334.546
19.559882 335.223
19.590869 332.054
19.621869 333.658
19.652894 331.943
19.685072 325.647
19.767067 323.065
19.798057 323.321
19.829048 321.649
19.870212 322.802
19.902317 332.727
19.963983 336.832
20.005274 336.394
20.036371 332.444
20.077569 337.133
20.201277 339.978
20.263062 341.23
20.314342 335.502
20.345295 334.826
20.406862 332.377
20.510034 333.321
20.60207 331.655
20.633005 332.102
20.664079 339.99
20.72563 346.852
20.79845 345.352
20.849839 347.182
20.962386 351.295
21.013872 358.015
21.045132 356.351
21.077237 357.416
21.159073 355.856
21.190289 350.739
21.272227 350.008
21.364268 348.157
21.406524 345.28
21.488347 345.272
21.539628 343.39
21.601218 341.712
21.69323 342.144
21.725269 344.353
21.766528 343.797
21.828155 345.156
21.88965 345.103
21.951161 345.088
22.034478 350.677
22.096144 351.85
22.127131 350.403
22.168278 350.998
22.250281 348.378
22.282372 349.185
22.394821 346.78
22.425829 344.683
22.45702 341.573
22.488152 346.35
22.550936 348.05
22.612512 353.303
22.664043 355.429
22.766428 353.51
22.797428 356.818
22.870373 359.089
22.921804 357.953
22.952826 356.342
23.014447 351.179
23.076113 351.036
23.148987 352.191
23.179993 351.324
23.211109 353.059
23.282932 357.687
23.344442 359.224
23.386633 358.059
23.427845 354.567
23.479275 357.735
23.541049 362.377
23.602806 356.464
23.665233 354.4
23.726731 352.63
23.767994 349.79
23.80917 354.792
23.870842 357.911
23.923217 356.299
23.954467 354.256
24.006062 353.717
24.077839 351.346
24.098747 348.674
24.141027 357.601
24.233056 362.975
24.264086 362.651
24.295046 363.963
24.346335 357.852
24.388569 351.856
24.419696 358.19
24.511879 363.428
24.542984 359.809
24.604506 361.023
24.636579 363.974
24.667577 362.214
24.698685 363.192
24.760182 364.66
24.791174 357.839
24.823378 359.377
24.874983 362.579
24.926558 359.128
24.957806 361.111
24.988833 362.2
25.020935 365.706
25.062223 366.717
25.093171 368.28
25.12452 369.704
25.155553 372.841
25.208121 371.48
25.239117 368.383
25.290569 369.263
25.331796 369.972
25.38346 368.108
25.41541 365.843
25.446465 366.654
25.477502 366.125
25.508477 363.589
25.539439 363.133
25.581448 365.364
25.622615 368.411
25.663863 369.082
25.694871 372.556
25.74627 374.733
25.778167 374.214
25.809155 372.138
25.840218 370.986
25.871303 377.492
25.933048 374.958
25.964945 373.378
25.996794 367.421
26.028614 361.335
26.060361 361.186
26.112463 360.799
26.143432 368.394
26.22526 365.61
26.256203 360.785
26.287206 358.615
26.318976 357.451
26.349984 355.223
26.381284 354.223
26.412313 346.464
26.443311 345.055
26.47518 345.203
26.506192 351.216
26.5576 348.565
26.588632 348.74
26.609526 353.635
26.641589 354.707
26.672692 350.659
26.703807 350.71
26.734882 350.457
26.765862 350.642
26.797955 353.113
26.829061 352.481
26.860146 349.495
26.89124 347.282
26.922287 345.309
26.944136 339.381
26.975109 338.993
27.006081 339.466
27.037081 348.982
27.07825 349.895
27.110272 352.128
27.141238 352.029
27.172216 351.876
27.20321 352.946
27.234174 350.385
27.266009 349.545
27.297 356.279
27.348238 354.612
27.379162 351.524
27.410131 349.108
27.442097 353.107
27.473081 347.5
27.504013 348.092
27.545154 347.698
27.576084 341.777
27.608084 339.738
27.639025 339.079
27.669988 335.467
27.700952 330.665
27.731932 330.944
27.763764 333.38
27.794755 332.713
27.82574 335.574
27.856766 344.768
27.887729 339.976
27.919699 340.196
27.960847 332.644
27.991827 327.306
28.022847 325.535
28.053856 326.701
28.085869 328.939
28.116876 320.55
28.147872 322.747
28.178865 319.272
28.209848 317.114
28.241801 325.219
28.272836 334.622
28.303834 327.888
28.334889 329.866
28.365891 323.107
28.397803 319.744
28.428782 324.989
28.469848 318.775
28.500778 318.377
28.532038 318.156
28.563919 327.624
28.605236 319.575
28.636163 321.788
28.667152 325.126
28.698129 328.023
28.73024 332.609
28.761284 330.295
28.792339 326.876
28.823443 330.329
28.854405 332.126
28.886615 331.666
28.938038 332.141
28.969095 328.598
29.000064 330.588
29.031083 331.757
29.062931 334.226
29.094088 329.622
29.125274 325.324
29.156207 326.358
29.187168 324.854
29.219014 320.735
29.250025 323.449
29.280988 331.057
29.311898 334.876
29.342903 335.851
29.364748 332.616
29.395847 332.888
29.427055 333.929
29.458175 331.32
29.489417 330.088
29.521393 333.977
29.573005 332.4
29.603961 323.208
29.634999 324.037
29.676352 327.025
29.708202 327.401
29.73923 328.662
29.770212 327.92
29.801276 327.482
29.832235 323.068
29.864091 321.424
29.895224 325.053
29.926215 325.316
29.957248 323.161
29.988214 327.213
30.020282 328.179
30.05122 327.208
30.082337 325.385
30.113363 320.204
30.144597 323.314
30.176367 320.981
30.207398 319.182
30.238563 320.686
30.259384 324.228
30.290405 320.625
30.322131 321.575
30.353202 320.808
30.384216 320.561
30.415274 323.092
30.446296 325.442
30.478039 327.298
30.509017 329.515
30.540084 336.406
30.571094 336.403
30.602179 333.126
30.634154 325.35
30.665306 322.887
30.696444 319.605
30.727468 319.429
30.758764 319.867
30.79092 318.247
30.822104 319.313
30.853104 328.319
30.884391 325.037
30.915477 322.874
30.947528 322.684
30.978596 326.814
31.009621 326.981
31.04074 334.29
31.072006 336.182
31.104147 341.598
31.135181 341.769
31.166311 318.67
31.197277 315.944
31.228271 315.79
31.260343 322.571
31.311809 330.353
31.342859 363.825
31.43487 339.151
31.465975 325.083
31.498161 321.375
31.529086 318.909
31.560086 317.981
31.62158 316.981
31.652646 316.097
31.745803 322.127
31.776785 323.038
31.808005 326.323
31.839045 330.553
31.870157 361.791
31.902127 361.377
31.9331 365.05
31.974324 352.315
32.0053 348.08
32.036335 347.011
32.068259 347.008
32.099336 342.077
32.130349 335.573
32.161309 331.916
32.222971 337.827
32.265131 333.758
32.296167 333.753
32.327393 339.96
32.358451 338.844
32.389485 337.92
32.421404 341.417
32.452502 341.187
32.493683 338.638
32.524665 337.457
32.555696 339.055
32.587893 333.975
32.619131 330.42
32.6502 330.552
32.681247 332.328
32.712409 326.078
32.744623 325.274
32.806282 332.726
32.847583 335.118
32.878661 338.024
32.9098 339.268
32.941935 338.286
32.973186 334.02
33.004419 334.305
33.035573 328.434
33.066594 331.062
33.09873 333.895
33.129944 331.506
33.161288 329.631
33.182191 328.084
33.213272 323.622
33.245599 326.333
33.276967 325.844
33.30813 326.976
33.339368 327.16
33.370456 326.877
33.402389 327.721
33.433416 329.762
33.464701 331.74
33.485566 333.66
33.516826 341.666
33.54862 337.975
33.579842 332.736
33.610895 337.342
33.662299 342.218
33.69341 337.509
33.725593 338.91
33.776943 328.4
33.807919 328.818
33.838999 327.087
33.869992 340.179
33.901962 342.837
33.933067 337.576
33.964348 341.199
33.995299 335.053
34.026278 347.95
34.068472 365.084
34.099429 340.137
34.130455 334.602
34.161407 331.52
34.192398 329.585
34.224389 329.761
34.255361 329.809
34.286324 328.599
34.317298 326.551
34.348337 331.968
34.380456 322.889
34.411426 322.688
34.442426 326.758
34.473473 328.989
34.504432 332.927
34.536325 330.097
34.567312 334.219
34.598293 335.842
34.629258 335.712
34.660419 333.952
34.69246 332.844
34.723429 338.461
34.754382 341.618
34.785338 335.116
34.816374 335.093
34.848349 331.537
34.88039 330.115
34.91241 327.042
34.944296 326.567
34.976217 326.669
35.008282 327.707
35.050312 331.123
35.112903 331.993
35.144933 331.214
35.176969 326.4
35.208971 320.97
35.229858 322.638
35.260867 325.279
35.292093 330.097
35.323262 331.256
35.355149 328.62
35.38617 330.702
35.417145 329.991
35.448155 333.344
35.479317 339.764
35.511309 345.255
35.542283 342.767
35.573234 341.787
35.604205 334.811
35.635167 336.13
35.667162 332.805
35.69815 332.458
35.729189 334.019
35.760216 341.866
35.801484 327.217
35.833655 334.513
35.874856 334.146
35.905818 339.018
35.94698 339.284
35.977952 338.711
36.009923 347.638
36.132534 348.563
36.183916 346.246
36.214961 340.454
36.246031 339.128
36.298521 342.811
36.339799 343.715
36.370946 339.478
36.442888 335.183
39.113536 338.526
39.155774 338.701
39.186881 336.989
39.228417 337.363
39.259423 339.579
39.290455 338.359
39.322343 336.69
39.353533 337.118
39.394729 337.475
39.425756 337.803
39.456857 338.065
39.498943 338.323
39.529993 337.285
39.560998 346.588
39.612622 348.881
39.643955 351.519
39.67589 359.288
39.707024 353.653
39.737983 353.971
39.769232 356.739
39.790084 360.113
39.822084 348.836
39.853168 340.917
39.884195 332.544
39.915213 334.08
39.956389 334.828
39.988491 329.003
40.019669 322.726
40.050768 320.938
40.10218 320.815
40.143472 315.92
40.175548 314.476
40.22692 314.578
40.268084 315.882
40.299165 316.37
40.330145 319.933
40.362059 324.328
40.403245 321.92
40.434213 320.443
40.465206 327.356
40.536891 328.954
40.56897 329.694
40.599955 327.239
40.631024 330.1
40.662094 329.457
40.723862 332.636
40.76621 330.83
40.797262 331.981
40.869046 330.481
40.920665 329.167
40.951886 328.632
40.983979 330.042
41.015048 329.428
41.046121 327.612
41.077226 327.925
41.108346 335.057
41.160872 331.311
41.191967 331.137
41.223094 327.885
41.254204 326.9
41.285294 327.903
41.317348 330.034
41.348489 330.634
41.379748 331.201
41.410997 332.239
41.472905 333.82
41.525837 335.227
41.557105 337.039
41.588342 337.409
41.619623 335.871
41.640702 337.642
41.693439 336.074
41.724514 335.95
41.755595 330.83
41.786664 331.353
41.817885 328.058
41.850258 328.298
41.881479 331.022
41.933162 331.513
41.964419 330.213
41.995706 331.426
42.048491 332.482
42.089969 337.8
42.141726 339.94
42.172859 338.085
42.204057 334.592
42.236176 332.143
42.267414 326.868
42.298709 326.637
42.329987 330.98
42.391906 327.334
42.424408 325.789
42.455687 326.005
42.486962 323.412
42.518234 319.19
42.549574 319.92
42.581969 322.44
42.613249 327.151
42.64458 332.661
42.675928 327.323
42.707248 332.698
42.739676 335.131
42.770987 335.737
42.832824 338.159
42.874213 339.656
42.925824 337.804
42.968557 334.363
43.010061 333.155
43.071842 332.12
43.103037 329.341
43.134215 332.547
43.186851 334.708
43.218039 337.218
43.279831 342.548
43.351907 343.447
43.383276 341.763
43.415614 343.429
43.44696 343.029
43.478152 347.654
43.51967 346.683
43.561194 346.466
43.624026 338.399
43.665563 339.855
43.74796 337.98
43.77935 331.415
43.810677 333.421
43.842967 333.029
43.87426 335.111
43.90543 331.995
43.936695 326.617
43.967891 327.669
44.000206 330.581
44.031378 324.572
44.062642 325.246
44.093935 326.455
44.155668 325.349
44.187812 322.213
44.219004 321.303
44.250174 318.671
44.281383 314.935
44.31259 314.309
44.365094 310.425
44.396285 308.464
44.427532 306.792
44.458849 305.935
44.490145 310.808
44.552861 315.05
44.604446 316.307
44.686818 318.012
44.738477 319.501
44.779842 322.069
44.842906 325.55
44.894609 324.875
44.925758 323.018
44.997538 321.401
45.049056 322.501
45.111763 329.66
45.214152 330.964
45.245215 327.092
45.296698 326.202
45.368668 324.155
45.421207 322.412
45.533712 324.61
45.575034 324.647
45.62661 321.569
45.667993 331.373
45.771341 328.696
45.84308 323.869
45.874111 322.779
45.935716 323.064
45.99739 321.414
46.080513 320.591
46.152405 318.625
46.183641 318.159
46.255667 318.394
46.317381 316.741
46.380172 316.54
46.472298 317.613
46.50338 316.649
46.564932 317.042
46.636598 316.161
46.699268 316.651
46.791566 318.964
46.822539 324.094
46.853728 325.463
46.895099 327.283
46.978267 329.47
47.039865 327.037
47.101499 327.397
47.132671 328.952
47.194305 327.822
47.226499 324.963
47.277914 323.088
47.349639 321.46
47.411331 319.397
47.442374 318.202
47.50492 320.946
47.556254 321.451
47.597448 318.797
47.648793 316.446
47.710355 314.398
47.74236 313.866
47.814222 313.369
47.865675 313.581
47.917264 313.129
47.958496 312.712
48.020997 314.843
48.052133 319.214
48.093371 319.312
48.13466 320.636
48.196544 318.046
48.228835 318.299
48.280252 317.271
48.331627 320.139
48.372833 320.755
48.414175 319.405
48.446076 318.228
48.507716 318.466
48.538724 319.274
48.600424 318.112
48.641729 317.699
48.694257 314.253
48.725363 312.481
48.756447 313.422
48.828116 312.368
48.859195 312.693
48.922085 310.486
48.953392 309.799
48.994837 309.828
49.026079 331.436
49.11868 339.184
49.151067 338.071
49.182373 345.547
49.25431 346.104
49.285317 342.233
49.316342 343.847
49.358778 346.497
49.38999 343.197
49.441659 340.069
49.462721 341.286
49.504158 335.508
49.546683 334.798
49.578037 337.309
49.609281 342.024
49.660999 346.762
49.692142 350.297
49.734622 352.737
49.765812 350.5
49.797072 362.325
49.899891 362.648
49.93123 362.964
49.963682 357.991
49.994947 356.356
50.036413 354.305
50.067708 354.367
50.098991 354.513
50.131255 354.272
50.162629 355.221
50.193981 344.796
50.225285 346.718
50.256577 348.415
50.288987 351.807
50.320227 355.584
50.402449 355.395
50.433523 355.023
50.464615 353.538
50.496848 354.066
50.538093 351.608
50.569274 350.65
50.600542 349.17
50.631776 348.007
50.664082 347.57
50.695431 343.22
50.726743 342.196
50.75805 346.837
50.789352 347.742
50.821634 347.034
50.85402 343.827
50.886348 344.918
50.918832 346.65
50.951136 347.93
50.983381 347.436
51.015716 346.48
51.047072 347.479
51.078313 345.194
51.109599 343.928
51.140898 341.952
51.173314 342.38
51.204603 345.194
51.2359 346.489
51.26727 344.143
51.298618 341.822
51.331052 340.019
51.362375 341.01
51.393715 341.003
51.424965 340.358
51.456164 339.638
51.488478 340.529
51.519768 341.502
51.551102 341.502
51.582403 343.591
51.613617 380.844
51.758144 385.454
51.789307 366.636
51.830706 357.824
51.86194 352.11
51.89299 350.524
51.925123 348.843
51.956335 348.972
52.099686 345.705
52.13082 339.795
52.16204 337.463
52.194082 331.204
52.225144 329.332
52.256149 325.228
52.287075 325.078
52.318087 328.659
52.350317 337.537
52.39157 337.544
52.422688 329.289
52.453858 327.604
52.485153 326.073
52.51749 323.187
52.548728 328.527
52.590057 327.563
52.62119 331.245
52.652423 407.041
52.969947 421.834
53.001011 397.067
53.266119 388.673
53.297336 355.71
53.328367 341.29
53.360461 338.351
53.391508 320.251
53.422577 327.19
53.453669 332.096
53.484789 322.484
53.516937 335.535
53.54801 341.647
53.579198 317.001
53.610301 320.334
53.641428 321.302
53.673587 311.874
53.704716 317.108
53.735679 326.581
53.766684 326.346
53.79766 327.207
53.82971 314.305
53.860697 314.375
53.891656 324.062
53.922743 312.009
53.953913 314.438
53.986182 334.007
54.01735 336.988
54.048576 334.236
54.07985 333.321
54.111116 341.801
54.15352 349.971
54.184731 342.941
54.215938 342.565
54.247051 334.942
54.278189 328.876
54.310227 327.142
54.341172 325.201
54.37213 322.165
54.403101 321.253
54.434063 318.259
54.486277 318.922
54.517204 320.854
54.548195 319.036
54.579135 322.921
54.610108 328.815
54.642229 328.593
54.673158 322.324
54.704124 320.076
54.735034 320.822
54.766013 327.072
54.797906 327.657
54.828935 329.388
54.85991 332.092
54.890899 336.298
54.921899 339.152
54.953736 333.522
54.984824 331.189
55.01591 330.402
55.047101 328.173
55.078224 334.029
55.120493 338.681
55.15151 336.829
55.182481 334.737
55.213406 324.722
55.244378 322.444
55.276399 323.758
55.307497 327.059
55.338558 325.294
55.369724 327.719
55.400816 328.582
55.43294 330.678
55.463963 336.853
55.515286 349.289
55.546382 346.224
55.577413 345.755
55.609552 344.395
55.641566 341.696
55.672816 340.843
55.70381 338.775
55.744938 332.545
55.77619 330.985
55.808047 328.277
55.859622 330.961
55.890682 335.846
55.921932 338.718
55.952948 339.838
55.984772 339.749
56.015869 342.36
56.046944 342.01
56.078019 337.761
56.109067 335.855
56.141039 335.307
56.172129 338.378
56.203338 336.845
56.234496 336.695
56.265495 341.533
56.297411 344.014
56.32849 339.129
56.359668 336.556
56.391007 339.688
56.43242 363.25
56.535931 377.437
56.577077 360.371
56.608039 359.696
56.639034 344.348
56.669958 340.378
56.701779 341.394
56.733521 340.154
56.765399 341.905
56.797193 333.221
56.838346 325.916
56.869447 326.53
56.900496 333.871
56.931492 347.889
57.055242 358.62
57.086969 363.151
57.118308 363.999
57.149309 370.38
57.19054 366.593
57.221533 367.044
57.253415 362.538
57.284327 365.348
57.315322 362.19
57.397181 355.785
57.428188 355.276
57.460211 355.649
57.49119 358.497
57.522127 357.416
57.553092 352.544
57.584073 352.057
57.616183 350.667
57.647994 352.614
57.679819 354.405
57.701522 355.755
57.733421 356.148
57.765216 354.4
57.797167 350.474
57.829315 353.207
57.86109 356.083
57.893261 362.179
57.92509 364.621
57.957214 357.678
57.989107 353.483
58.021311 349.898
58.053438 347.431
58.085654 345.154
58.117702 343.484
58.149905 346.35
58.202399 348.063
58.223277 341.736
58.254345 336.161
58.285489 334.88
58.316481 335.152
58.348513 339.076
58.380665 339.712
58.412733 341.285
58.444968 341.696
58.466717 343.168
58.498502 446.507
58.917101 528.092
58.948174 500.848
59.224128 463.62
59.26556 414.551
59.296848 412.336
59.339486 409.558
59.37078 406.921
59.401866 403.142
59.432946 398.365
59.464009 393.968
59.49625 389.894
59.527534 387.373
59.558811 391.2
59.620621 393.075
59.651926 382.539
59.684191 377.845
59.715448 371.921
59.746781 369.987
59.778025 372.122
59.829725 367.297
59.861981 368.376
59.893155 370.121
59.924316 369.363
59.95556 365.707
59.986968 360.99
60.019262 360.677
60.050576 361.362
60.081849 361.687
60.113183 361.907
60.144341 361.25
60.176739 357.796
60.208036 361.025
60.239372 362.085
60.270662 358.582
60.301909 358.679
60.344663 358.746
60.375933 358.796
60.407242 359.91
60.438549 356.813
60.469923 355.969
60.502163 354.647
60.533303 353.715
60.564396 355.368
60.595514 358.439
60.6267 355.349
60.659141 352.275
60.690393 353.04
60.721584 355.233
60.752704 352.201
60.783918 350.403
60.816074 351.205
60.84724 350.612
60.878464 349.9
60.909748 340.861
60.941045 340.773
60.973336 342.392
61.004598 342.174
61.035918 338.964
61.067215 337.154
61.098528 337.717
61.130867 341.364
61.162227 348.71
61.193549 350.953
61.224783 349.988
61.25604 351.13
61.288459 350.897
61.319772 350.405
61.351119 350.688
61.382419 346.853
61.413784 348.543
61.446248 345.103
61.477576 342.588
61.508919 336.648
61.54021 333.843
61.571462 331.078
61.603722 331.304
61.635031 331.135
61.666278 330.369
61.697551 330.292
61.728861 335.112
61.761191 333.842
61.792394 338.361
61.823576 346.488
61.854862 351.699
61.886076 341.032
61.918334 343.099
61.959666 341.838
61.990903 338.893
62.022119 337.786
62.053413 333.599
62.085802 333.163
62.117089 330.26
62.148306 325.539
62.179499 323.587
62.200471 328.122
62.232593 334.402
62.263715 342.313
62.29493 345.116
62.326088 341.436
62.357213 342.081
62.389353 343.523
62.420568 343.166
62.451796 336.119
62.483127 334.109
62.514414 334.354
62.546763 335.065
62.577977 330.153
62.609184 330.151
62.640471 328.491
62.671787 328.83
62.704332 330.857
62.735634 327.358
62.766971 327.047
62.798197 331.477
62.829526 333.481
62.86185 333.042
62.893123 334.885
62.924327 330.26
62.955569 330.209
62.986737 330.798
63.018915 330.447
63.050041 329.727
63.081231 330.605
63.112421 332.534
63.1437 330.084
63.176004 330.684
63.207225 325.752
63.238344 328.77
63.26948 332.533
63.300633 336.869
63.332854 334.369
63.364146 336.3
63.39538 334.614
63.426563 336.538
63.457844 337.19
63.490168 335.823
63.521343 334.387
63.552502 330.093
63.58372 330.233
63.614957 328.742
63.647111 333.267
63.678352 334.124
63.709529 331.28
63.740733 331.116
63.771957 336.97
63.804233 337.339
63.835315 341.324
63.866466 346.113
63.897452 349.172
63.928494 338.95
63.960559 338.985
63.991562 340.141
64.022655 342.631
64.053729 342.439
64.084903 335.993
64.117092 325.885
64.14827 321.133
64.179498 320.369
64.210748 324.337
64.241991 333.862
64.274252 332.773
64.305414 334.167
64.336498 337.899
64.367652 345.697
64.398689 347.447
64.430834 357.212
64.461861 351.402
64.493001 334.868
64.524006 328.329
64.55503 328.535
64.587134 334.371
64.618113 333.101
64.649124 332.709
64.690428 331.125
64.721628 331.028
64.753731 329.041
64.784725 324.324
64.815673 325.04
64.867214 325.043
64.90838 323.816
64.940562 326.909
64.971639 327.909
65.002724 328.172
65.033732 327.392
65.074974 327.086
65.106936 328.672
65.13791 332.974
65.168953 338.102
65.199977 340.201
65.231108 341.568
65.263213 337.456
65.294375 337.023
65.325597 338.076
65.356836 333.328
65.387917 333.708
65.420041 332.159
65.451084 329.38
65.482064 327.02
65.513255 326.798
65.54425 327.198
65.576249 327.539
65.60726 333.084
65.638306 334.487
65.669304 337.951
65.71065 338.167
65.742923 339.023
65.773941 339.479
65.805013 341.41
65.846298 341.927
65.877523 337.947
65.909617 336.963
65.940659 334.625
65.971704 334.657
66.00274 337.103
66.033764 336.124
66.065778 338.951
66.096916 342.194
66.127918 343.069
66.158986 340.803
66.190032 343.941
66.221999 343.851
66.253051 346.9
66.28408 347.945
66.315096 350.691
66.346115 351.246
66.377997 348.01
66.409199 348.246
66.440208 342.003
66.47122 342.752
66.512393 341.511
66.544314 343.535
66.575535 344.671
66.606575 340.382
66.637546 337.499
66.668698 337.813
66.700555 338.836
66.73168 342.553
66.762822 345.971
66.793885 347.98
66.82489 343.375
66.856755 340.513
66.887856 336.306
66.918879 337.542
66.950024 347.278
67.001642 349.06
67.033519 346.655
67.064476 341.35
67.095436 341.01
67.126427 338.405
67.157398 339.464
67.18961 338.929
67.22077 337.437
67.251917 336.502
67.282919 334.097
67.313942 328.245
67.345839 328.802
67.376864 329.464
67.407843 327.153
67.438949 328.769
67.469969 332.323
67.501931 333.287
67.532901 339.022
67.563876 343.717
67.605046 342.724
67.636063 343.661
67.668061 345.495
67.699042 346.076
67.730019 344.124
67.760996 342.398
67.791968 335.804
67.823941 328.326
67.854898 326.837
67.88582 323.501
67.916754 326.231
67.947684 330.189
67.979648 324.284
68.010677 318.48
68.041699 317.749
68.072642 326.885
68.103595 330.662
68.135588 335.196
68.166602 339.915
68.197561 332.566
68.228526 330.043
68.269735 330.122
68.30166 323.296
68.332677 320.385
68.363627 319.7
68.394599 319.107
68.4258 317.94
68.457705 313.733
68.488761 309.593
68.519751 309.036
68.571199 307.382
68.602232 307.347
68.634314 314.356
68.665549 318.139
68.696765 318.369
68.72784 319.13
68.758904 318.618
68.790906 321.913
68.821954 325.622
68.852968 327.395
68.883993 328.339
68.915034 327.454
68.946939 328.404
68.977913 332.602
69.008906 333.615
69.040215 330.672
69.0712 328.638
69.103131 327.777
69.123998 325.849
69.154989 322.673
69.186036 323.603
69.217307 321.077
69.249402 324.419
69.280481 327.598
69.311497 327.958
69.342492 329.474
69.373771 329.772
69.405521 329.816
69.436579 331.674
69.467587 333.582
69.498839 339.706
69.550443 337.935
69.582323 336.316
69.613544 334.056
69.64449 333.429
69.675634 333.275
69.70655 333.218
69.738247 333.038
69.769207 332.76
69.800165 331.477
69.831231 324.081
69.862166 324.495
69.894093 325.946
69.925384 327.221
69.956326 327.787
69.987272 332.202
70.018285 332.899
70.05012 334.622
70.081117 337.12
70.112085 334.585
70.143078 334.267
70.174088 332.669
70.20611 334.406
70.237057 336.969
70.288425 339.654
70.319428 338.476
70.350636 340.016
70.382443 341.242
70.41349 339.144
70.444506 341.349
70.475531 340.138
70.506504 340.454
70.538499 336.973
70.569494 339.708
70.60046 336.782
70.631546 337.09
70.662736 339.274
70.68435 335.255
70.715361 332.735
70.746343 331.157
70.77733 333.502
70.818533 336.168
70.850527 337.903
70.881615 339.432
70.912584 342.687
70.943631 350.262
70.984927 348.716
71.016885 343.082
71.047986 342.711
71.079097 337.555
71.110131 333.756
71.141139 326.485
71.173119 326.281
71.204241 324.162
71.235302 324.898
71.266297 318.094
71.297332 317.064
71.329416 319.922
71.360417 328.612
71.391527 333.608
71.422702 337.748
71.453849 337.065
71.485933 337.668
71.516923 340.137
71.548011 337.901
71.569078 335.884
71.600136 332.324
71.632224 334.629
71.673443 330.929
71.70448 327.333
71.735555 327.053
71.766614 327.981
71.798793 328.871
71.829807 326.293
71.850688 327.151
71.881748 332.516
71.933247 335.871
71.96528 330.772
71.996271 332.013
72.027248 333.086
72.058239 333.33
72.08927 336.54
72.121234 335.066
72.152262 336.339
72.183272 338.779
72.214315 339.839
72.245315 335.208
72.267174 330.943
72.298194 328.971
72.329164 336.79
72.390907 341.547
72.432243 341.014
72.464107 344.278
72.525562 340.725
72.556542 336.862
72.587698 337.869
72.618875 338.034
72.65091 339.011
72.682008 334.984
72.71305 333.337
72.743985 329.123
72.775105 330.043
72.807232 331.256
72.838258 329.173
72.869233 330.776
72.900229 335.921
72.93121 346.295
73.004176 349.88
73.036067 348.49
73.067127 340.604
73.098114 337.859
73.129166 340.62
73.160222 335.74
73.192251 334.642
73.223237 331.839
73.254214 329.107
73.315814 325.462
73.346993 330.393
73.389152 338.868
73.421164 339.241
73.452966 338.346
73.4843 336.481
73.515248 337.25
73.546236 340.137
73.57722 341.053
73.609057 337.899
73.64083 337.107
73.672645 329.13
73.704494 330.468
73.736572 331.543
73.768635 331.623
73.800372 338.117
73.832164 345.868
73.874096 342.925
73.905881 342.369
73.937747 341.712
73.969587 345.497
74.021785 343.843
74.053617 343.054
74.085393 346.502
74.127708 351.929
74.159657 342.531
74.191493 340.351
74.223679 341.899
74.255545 338.496
74.287448 337.621
74.319494 337.615
74.350419 334.886
74.381511 332.407
74.412543 333.031
74.443708 335.374
74.475572 332.786
74.506648 336.26
74.548127 335.303
74.579193 334.704
74.61044 334.96
74.642254 341.64
74.693662 351.607
74.724792 347.441
74.755791 347.148
74.786843 344.569
74.818837 338.757
74.850664 334.979
74.881731 333.466
74.912697 335.725
74.943796 337.807
74.97491 339.66
75.006864 336.938
75.038141 342.315
75.089447 345.764
75.120518 338.121
75.151619 334.601
75.183459 330.883
75.214513 328.808
75.245527 327.697
75.276533 321.747
75.328051 319.659
75.390489 321.57
75.431617 330.745
75.503518 361.617
75.534727 354.853
75.565714 348.971
75.597874 348.822
75.629027 352.751
75.660155 346.64
75.691327 341.651
75.722471 332.517
75.75462 330.77
75.785848 323.022
75.81696 322.619
75.848023 335.523
78.13636 330.743
78.168274 330.657
78.199255 331.817
78.230301 331.588
78.261518 334.524
78.292814 335.843
78.324967 336.135
78.355986 336.618
78.386989 340.252
78.417956 344.032
78.448921 343.532
78.48092 349.053
78.511902 347.94
78.542889 351.489
78.584108 358.742
78.625314 358.26
78.657406 355.965
78.688534 369.058
78.78072 378.517
78.862681 367.043
78.893749 360.548
78.93599 355.457
78.967055 373.062
79.109934 368.333
79.141005 361.666
79.182214 358.972
79.214303 362.197
79.245287 360.966
79.276384 359.58
79.307407 358.686
79.338486 358.947
79.370696 352.213
79.42216 348.801
79.453331 347.699
79.484483 349.283
79.515622 351.324
79.547801 350.968
79.578931 351.483
79.610028 351.234
79.641149 352.357
79.672233 352.495
79.704357 353.617
79.735437 357.492
79.786909 357.909
79.817985 359.922
79.879595 361.873
79.911708 360.972
79.942865 361.501
79.973893 359.785
80.004896 360.851
80.035912 356.09
80.067899 352.972
80.098904 348.806
80.129922 349.065
80.160937 366.809
80.232716 360.242
80.264753 354.577
80.295714 354.01
80.336839 349.8
80.367835 349.22
80.39886 346.822
80.430985 343.498
80.461954 338.707
80.533802 338.569
80.575045 342.515
80.616628 347.838
80.679315 351.216
80.71038 355.043
80.741407 360.022
80.792786 361.033
80.82383 362.606
80.855936 360.409
80.886937 361.813
80.917881 361.573
80.948866 361.361
80.979928 361.816
81.042484 359.719
81.073531 359.777
81.104524 364.806
81.145696 363.606
81.176865 365.034
81.209108 365.032
81.240252 363.618
81.271171 363.424
81.302149 364.283
81.333111 365.433
81.365061 363.482
81.396009 362.422
81.427065 363.35
81.458044 359.804
81.489093 359.741
81.521077 360.869
81.552057 360.522
81.583076 360.283
81.614057 360.127
81.645027 355.249
81.677226 353.481
81.708224 352.429
81.739231 353.997
81.770229 354.289
81.801297 353.12
81.833377 352.737
81.864396 351.139
81.895378 350.982
81.926332 353.341
81.96746 353.542
81.999483 353.434
82.030482 353.478
82.061466 353.855
82.092452 355.722
82.123703 355.002
82.155944 356.09
82.187073 360.583
82.228236 360.785
82.259248 359.785
82.290402 358.218
82.322528 351.679
82.353568 352.121
82.384641 351.869
82.415717 351.609
82.447023 348.92
82.479107 346.67
82.51007 342.72
82.541018 340.509
82.572078 342.322
82.603021 342.666
82.63496 343.214
82.665978 345.414
82.70713 346.511
82.728028 346.672
82.759047 347.247
82.790945 348.185
82.821972 348.686
82.852999 348.989
82.883984 348.508
82.914977 349.242
82.94723 347.146
82.978287 344.047
83.009391 341.681
83.040469 340.211
83.071812 341.425
83.103991 339.86
83.135066 339.198
83.166046 339.933
83.197075 339.943
83.228114 340.574
83.260288 339.275
83.291371 341.26
83.322606 345.555
83.353803 349.046
83.384874 349.694
83.416876 348.94
83.44803 354.02
83.479021 355.384
83.510015 362.836
83.541008 364.032
83.573006 362.948
83.604019 353.779
83.634977 352.043
83.665965 343.9
83.696992 341.51
83.739165 338.173
83.780327 334.673
83.862212 330.591
83.893236 330.521
83.944628 327.808
83.976652 327.465
84.017801 326.546
84.05901 323.847
84.090064 330.251
84.161807 326.459
84.193787 328.154
84.214584 330.886
84.245575 330.774
84.276692 333.174
84.317876 336.538
84.350067 338.215
84.381209 338.425
84.412306 341.019
84.4434 343.31
84.474534 342.263
84.506786 343.862
84.537876 342.751
84.568886 342.417
84.599888 340.867
84.631099 346.984
84.663412 348.847
84.69478 350.231
84.726067 347.06
84.757338 346.182
84.798952 343.55
84.831239 350.935
84.903359 340.803
84.934685 340.674
84.965904 333.618
84.996909 336.308
85.028923 340.651
85.059913 343.072
85.091072 349.416
85.122347 349.828
85.153564 350.467
85.185969 348.171
85.207022 343.143
85.238297 342.749
85.269524 336.856
85.300789 334.123
85.343405 336.726
85.395079 337.157
85.4468 336.246
85.47804 334.202
85.499008 331.195
85.541521 328.559
85.572858 323.119
85.604175 322.75
85.666126 321.162
85.707701 319.151
85.750226 318.634
85.781516 317.553
85.812816 316.612
85.85434 315.784
85.885598 320.053
85.918036 336.917
85.990157 339.16
86.02148 343.003
86.073266 341.988
86.104597 342.37
86.136996 342.08
86.168354 344.258
86.19962 342.48
86.230964 342.798
86.262289 337.447
86.294576 335.259
86.325747 334.598
86.35699 330.912
86.388202 330.164
86.419416 330.144
86.451684 328.883
86.482925 329.661
86.51425 335.045
86.545549 338.777
86.576857 340.804
86.609174 347.586
86.681307 351.442
86.712591 348.611
86.743838 345.666
86.775077 343.707
86.807608 340.753
86.838973 338.777
86.870342 337.673
86.90162 337.333
86.943148 333.896
86.996097 335.913
87.037609 338.924
87.068947 342.818
87.100227 348.698
87.131538 352.593
87.163958 355.39
87.185059 357.774
87.216327 358.672
87.247624 359.453
87.27898 360.6
87.331821 354.384
87.363212 348.114
87.384298 346.439
87.415586 344.987
87.446912 342.958
87.479163 345.327
87.510461 347.185
87.541829 346.74
87.573145 344.111
87.604529 346.685
87.68806 343.963
87.719398 342.221
87.760888 343.174
87.812671 340.87
87.864495 337.002
87.896968 341.106
87.958975 334.718
87.990324 336.629
88.031894 340.181
88.063295 341.402
88.116159 339.354
88.14747 336.928
88.178809 333.565
88.21008 330.638
88.271908 326.805
88.304251 326.591
88.355876 327.03
88.387091 329.271
88.418281 328.764
88.449529 330.798
88.482007 332.586
88.523497 333.507
88.554812 333.063
88.596338 334.576
88.627719 331.476
88.670347 334.4
88.711851 339.465
88.743136 343.284
88.774418 345.355
88.805801 345.931
88.838287 344.578
88.869696 347.77
88.921441 349.307
88.963064 350.62
88.994374 351.833
89.026813 349.122
89.058138 347.981
89.089493 341.964
89.120928 340.461
89.162529 338.502
89.194931 333.671
89.226359 329.461
89.257715 327.02
89.289099 332.014
89.351089 335.488
89.393753 345.052
89.435286 347.257
89.466612 351.259
89.497946 352.342
89.529317 357.681
89.561633 360.611
89.59294 358.069
89.624313 356.902
89.655633 349.486
89.687029 346.409
89.719427 338.132
89.740491 339.11
89.781955 339.17
89.813183 331.306
89.84451 328.617
89.876954 327.529
89.90831 329.097
89.949887 329.217
90.001687 328.044
90.043289 325.146
90.086033 324.483
90.137758 324.549
90.168992 320.857
90.200272 318.302
90.262092 316.643
90.30482 316.44
90.356591 313.798
90.387892 312.075
90.439658 311.196
90.471034 312.928
90.523827 312.569
90.565279 313.517
90.596584 326.974
90.648282 327.365
90.689844 330.802
90.742816 328.84
90.774145 327.114
90.805513 323.71
90.836828 320.738
90.868102 325.649
90.9311 325.639
90.962462 328.067
90.993786 330.795
91.035311 335.075
91.107514 339.443
91.139934 341.396
91.171238 342.471
91.202526 342.57
91.244018 346.624
91.306071 345.944
91.338504 346.463
91.390281 342.534
91.421648 338.468
91.452989 341.764
91.504747 341.348
91.537075 339.324
91.568447 340.053
91.599831 336.917
91.631181 338.535
91.672677 341.838
91.694902 339.106
91.726217 339.219
91.757474 341.19
91.788761 337.305
91.82008 335.131
91.852549 339.502
91.883899 342.056
91.925378 343.667
91.95667 346.32
91.987948 344.914
92.020355 345.551
92.051711 347.347
92.083068 348.279
92.114398 347.858
92.145775 347.498
92.178249 341.905
92.209545 337.294
92.24083 335.108
92.272089 330.753
92.303456 328.783
92.335814 327.674
92.367096 326.708
92.398484 324.022
92.429756 324.152
92.461076 324.237
92.493427 325.589
92.524727 331.754
92.566199 336.53
92.607758 340.738
92.639075 345.004
92.671514 350.512
92.713075 351.689
92.744412 354.623
92.77566 355.92
92.806979 355.663
92.839448 356.228
92.88099 354.207
92.912341 351.809
92.933414 344.145
92.964739 342.372
93.037984 337.673
93.069319 333.582
93.100687 330.004
93.132038 326.86
93.163408 324.111
93.185585 321.738
93.216878 321.517
93.258352 320.065
93.2896 323.807
93.320914 322.096
93.353289 325.584
93.384579 329.901
93.426038 333.021
93.457282 337.001
93.488533 340.696
93.520861 343.756
93.552156 348.891
93.593636 350.285
93.624846 352.748
93.656102 354.258
93.688421 354.971
93.719705 353.719
93.750947 350.761
93.782303 351.31
93.813666 347.395
93.846157 342.734
93.877523 337.399
93.908814 333.97
93.940016 330.965
93.971271 328.971
94.003653 322.663
94.034992 320.447
94.066268 317.253
94.09762 319.435
94.128949 321.369
94.171579 323.05
94.202938 325.155
94.234272 330.756
94.265569 333.782
94.296902 337.04
94.329277 338.037
94.360619 340.785
94.391915 343.277
94.423217 345.583
94.454503 346.133
94.486877 344.719
94.518168 345.994
94.549462 343.993
94.580786 345.368
94.622308 342.087
94.654728 333.843
94.685995 331.476
94.717285 329.43
94.748584 327.006
94.779923 326.131
94.812277 324.765
94.843561 328.567
94.874855 329.989
94.906044 333.73
94.937274 333.276
94.969682 335.996
95.001013 344.039
95.03242 347.735
95.063692 350.42
95.105196 349.748
95.13762 349.216
95.168922 354.328
95.21038 357.098
95.241809 353.733
95.273174 346.202
95.305447 341.676
95.336835 342.095
95.368139 338.228
95.399453 335.931
95.430786 336.427
95.463209 339.731
95.494496 337.106
95.52584 334.329
95.557102 335.652
95.588465 338.681
95.620943 345.827
95.662523 348.777
95.693926 348.749
95.725248 348.841
95.756576 349.719
95.788969 350.177
95.820325 336.932
95.85166 337.924
95.883049 339.894
95.914312 342.081
95.946774 337.436
95.978071 335.267
96.009328 338.127
96.040745 337.48
96.072126 334.651
96.104587 327.002
96.125765 324.823
96.157053 326.736
96.229241 325.907
96.260598 321.495
96.292922 321.316
96.334396 323.658
96.37582 326.354
96.417292 330.573
96.448591 334.875
96.470685 339.893
96.501964 351.182
96.533287 355.196
96.564593 353.902
96.596177 355.291
96.628549 355.879
96.659901 360.038
96.691205 358.782
96.722524 354.824
96.753882 353.574
96.786313 347.9
96.817619 338.857
96.848975 338.367
96.890511 343.588
96.952565 347.507
96.984967 347.819
97.016268 351.854
97.047623 357.804
97.079007 351.229
97.110294 348.576
97.142625 348.754
97.173873 350.319
97.205239 352.578
97.236548 352.172
97.267907 348.789
97.300275 344.369
97.331569 341.934
97.352663 340.46
97.383957 337.882
97.415265 336.696
97.447654 339.012
97.479003 337.261
97.510291 341.326
97.541613 341.167
97.572927 342.367
97.605271 343.951
97.636532 348.466
97.688227 348.632
97.719506 347.102
97.750833 345.876
97.783092 344.612
97.814348 344.337
97.845679 343.177
97.876969 342.137
97.9083 342.519
97.94052 342.776
97.971807 343.665
97.992848 338.603
98.024015 336.169
98.055233 333.188
98.08761 334.342
98.118956 338.149
98.150317 341.15
98.181609 343.372
98.212928 348.616
98.245293 350.866
98.276605 351.244
98.307848 357.841
98.339061 368.47
98.370323 367.955
98.402771 358.27
98.434128 340.728
98.465409 335.024
98.496762 325.62
98.528021 315.942
98.560292 313.34
98.591567 311.051
98.633043 308.476
98.684731 310.731
98.716042 318.832
98.748378 328.483
98.779675 333.934
98.831388 337.115
98.86268 335.617
98.893958 338.005
98.987514 333.865
99.018798 333.975
99.070486 333.496
99.122164 333.064
99.16374 335.196
99.196075 335.773
99.227301 333.193
99.299368 330.304
99.330622 326.508
99.372069 325.697
99.404412 323.712
99.435709 321.992
99.477269 321.74
99.518803 324.034
99.539845 331.655
99.602777 336.444
99.674628 338.76
99.705971 339.537
99.737245 342.743
99.768546 344.28
99.800806 345.594
99.832145 344.26
99.863427 349.347
99.925254 348.799
99.956517 343.326
99.988833 337.863
100.020083 335.661
