0.606557 14.0
0.925768 14.0
1.204408 14.0
1.391247 14.0
1.568236 14.0
1.724298 14.0
1.890538 14.0
2.046597 14.0
2.202643 14.0
2.358696 14.0
2.514789 14.0
2.986369 14.0
3.408046 14.0
3.930768 14.0
4.311458 14.0
4.671663 14.0
5.011339 14.0
5.32005 14.0
5.608683 14.0
5.897859 14.0
6.145387 14.0
6.40308 14.0
6.650952 14.0
6.878885 14.0
7.106585 14.0
7.313627 14.0
7.500506 14.0
7.738316 14.0
7.935636 14.0
8.132765 14.0
8.319435 14.0
8.475622 14.0
8.652188 14.0
8.848767 14.0
9.005406 14.0
9.243034 14.0
9.440532 14.0
9.657449 14.0
9.844146 14.0
10.06164 14.0
10.248368 14.0
10.445306 14.0
10.642332 14.0
10.829192 14.0
11.026632 14.0
11.203815 14.0
11.390491 14.0
11.556652 14.0
11.722416 14.0
11.898493 14.0
12.064496 14.0
12.22048 14.0
12.365968 14.0
12.552555 14.0
12.729503 14.0
12.915942 14.0
13.082319 14.0
13.289717 14.0
13.578123 14.0
13.826138 14.0
14.064163 14.0
14.281862 14.0
14.489046 14.0
14.665392 14.0
14.902982 14.0
15.100062 14.0
15.297085 14.0
15.453366 14.0
15.640266 14.0
15.807083 14.0
16.014333 14.0
16.170452 14.0
16.367201 14.0
16.523541 14.0
16.710253 14.0
16.866858 14.0
17.146635 14.0
17.323295 14.0
17.703401 14.0
18.084172 14.0
18.240566 14.0
18.397067 14.0
18.563399 14.0
18.720037 14.0
18.972393 14.0
19.214142 14.0
19.380798 14.0
19.578754 14.0
19.765553 14.0
19.962582 14.0
20.149398 14.0
20.335784 14.0
20.492245 14.0
20.648297 14.0
20.80431 14.0
20.980925 14.0
21.137021 14.0
21.293195 14.0
21.540683 14.0
21.757944 14.0
21.934609 14.0
22.12107 14.0
22.287521 14.0
22.464146 14.0
22.620368 14.0
22.806905 14.0
22.98351 14.0
23.139874 14.0
23.296443 14.0
23.452996 14.0
23.60938 14.0
23.766163 14.0
23.922262 14.0
24.201272 14.0
24.367506 14.0
24.543884 14.0
24.750922 14.0
24.927196 14.0
25.093475 14.0
25.279999 14.0
25.47665 14.0
25.643276 14.0
25.809482 14.0
25.996551 14.0
26.346334 14.0
26.696367 14.0
26.873075 14.0
27.029316 14.0
27.185678 14.0
27.342247 14.0
27.498455 14.0
27.654846 14.0
27.811073 14.0
27.987598 14.0
28.215067 14.0
28.432459 14.0
28.598543 14.0
28.785283 14.0
29.012915 14.0
29.169517 14.0
29.356122 14.0
29.512235 14.0
29.688863 14.0
29.875414 14.0
30.031659 14.0
30.178333 14.0
30.344924 14.0
30.551754 14.0
30.707721 14.0
30.863813 14.0
31.019774 14.0
31.176215 14.0
31.332592 14.0
31.488702 14.0
31.64494 14.0
31.943238 14.0
32.099096 14.0
32.275214 14.0
32.564057 14.0
32.842268 14.0
33.02892 14.0
33.246158 14.0
33.432583 14.0
33.618773 14.0
33.794785 14.0
33.960651 14.0
34.106261 14.0
34.292483 14.0
34.448253 14.0
34.603833 14.0
34.79017 14.0
34.966264 14.0
35.13239 14.0
35.288279 14.0
35.485294 14.0
35.692775 14.0
35.889994 14.0
36.046004 14.0
36.242767 14.0
36.521423 14.0
36.748769 14.0
36.925697 14.0
37.13262 14.0
37.319349 14.0
37.659082 14.0
37.94801 14.0
38.124592 14.0
38.311318 14.0
38.467348 14.0
38.633594 14.0
38.810186 14.0
39.006982 14.0
39.163179 14.0
39.370118 14.0
39.526696 14.0
39.75442 14.0
39.941322 14.0
40.128403 14.0
42.443157 14.0
42.599077 14.0
42.765239 14.0
42.92153 14.0
43.08798 14.0
43.243967 14.0
43.400012 14.0
43.71863 14.0
46.003176 14.0
46.454941 14.0
46.977528 14.0
47.510851 14.0
47.921841 14.0
48.292124 14.0
48.571075 14.0
48.829414 14.0
49.189712 14.0
49.366554 14.0
49.593918 14.0
49.801225 14.0
49.967445 14.0
50.143963 14.0
50.300261 14.0
50.4769 14.0
50.653792 14.0
50.871429 14.0
51.028107 14.0
51.184547 14.0
51.361364 14.0
51.517228 14.0
51.787184 14.0
51.953895 14.0
52.152652 14.0
52.382609 14.0
52.570607 14.0
53.809615 14.0
53.976374 14.0
54.132465 14.0
54.27848 14.0
54.434281 14.0
54.590193 14.0
54.746568 14.0
54.902365 14.0
55.058269 14.0
55.214293 14.0
55.370774 14.0
55.547819 14.0
55.704877 14.0
56.014 14.0
56.292506 14.0
56.448738 14.0
56.605073 14.0
56.781693 14.0
57.080483 14.0
57.328351 14.0
57.48479 14.0
57.64061 14.0
57.796774 14.0
57.942836 14.0
58.098766 14.0
58.25496 14.0
58.410887 14.0
58.567499 14.0
58.723598 14.0
58.90051 14.0
59.056584 14.0
59.23269 14.0
59.389133 14.0
59.545582 14.0
59.793015 14.0
60.00009 14.0
60.156153 14.0
60.343282 14.0
60.499014 14.0
60.65464 14.0
60.810544 14.0
60.966494 14.0
61.132895 14.0
61.47673 14.0
61.643414 14.0
62.295791 14.0
62.642811 14.0
62.862672 14.0
63.01885 14.0
63.195551 14.0
63.524241 14.0
63.680222 14.0
64.397342 14.0
64.553529 14.0
64.709935 14.0
64.865908 14.0
65.011989 14.0
65.169028 14.0
65.325822 14.0
65.482826 14.0
65.638937 14.0
65.805246 14.0
65.981653 14.0
66.137901 14.0
66.293966 14.0
66.449832 14.0
66.605967 14.0
66.772371 14.0
66.928555 14.0
67.08507 14.0
67.241272 14.0
67.397868 14.0
67.554001 14.0
67.720216 14.0
67.876643 14.0
68.033014 14.0
68.189678 14.0
68.345899 14.0
68.492046 14.0
68.648069 14.0
68.804306 14.0
68.960974 14.0
69.117361 14.0
69.273909 14.0
69.419858 14.0
69.575644 14.0
69.859108 14.0
70.015461 14.0
70.244192 14.0
70.483514 14.0
70.745591 14.0
70.901951 14.0
71.058006 14.0
71.254835 14.0
71.473472 14.0
71.671503 14.0
71.859998 14.0
72.088965 14.0
72.245392 14.0
72.564286 14.0
73.069231 14.0
73.225289 14.0
73.473058 14.0
73.629466 14.0
73.976654 14.0
74.13332 14.0
74.299804 14.0
74.455959 14.0
74.802606 14.0
75.174891 14.0
75.341065 14.0
75.995255 14.0
76.161647 14.0
76.492538 14.0
76.679769 14.0
77.06029 14.0
77.862134 14.0
78.145876 14.0
78.302138 14.0
78.478837 14.0
78.69616 14.0
78.862708 14.0
79.0189 14.0
79.257645 14.0
79.539604 14.0
80.351586 14.0
80.816913 14.0
80.973025 14.0
81.220972 14.0
81.397617 14.0
81.553616 14.0
81.709448 14.0
84.982341 14.0
85.138482 14.0
85.294665 14.0
85.450598 14.0
85.606582 14.0
85.762486 14.0
85.918663 14.0
86.07467 14.0
86.26228 14.0
86.418199 14.0
86.615502 14.0
86.792211 14.0
86.948503 14.0
87.10453 14.0
87.445665 14.0
87.795608 14.0
88.033933 14.0
88.191653 14.0
88.359472 14.0
88.526879 14.0
88.694369 14.0
88.904634 14.0
89.061699 14.0
89.219436 14.0
89.376963 14.0
89.58556 14.0
89.826747 14.0
89.984159 14.0
90.320857 14.0
91.724584 14.0
91.881131 14.0
92.037611 14.0
92.225702 14.0
92.382434 14.0
92.539393 14.0
92.696371 14.0
92.873209 14.0
93.019013 14.0
93.239212 14.0
93.467379 14.0
93.623814 14.0
93.853988 14.0
94.009948 14.0
94.176564 14.0
94.454602 14.0
94.630986 14.0
94.776965 14.0
94.932952 14.0
95.089293 14.0
96.369105 14.0
96.525461 14.0
96.744206 14.0
96.900815 14.0
97.04699 14.0
97.243948 14.0
97.390064 14.0
97.578352 14.0
97.734486 14.0
98.06947 14.0
98.341161 14.0
98.507747 14.0
99.58726 14.0
99.743596 14.0
99.899863 14.0
