0.2013157894736842 0.24868421052631579
0.09196891191709844 0.09196891191709844
0.0 0.0
0.0 0.0
0.0 0.0
0.0 0.0
0.0 0.0
0.0 0.0
0.0 0.0
0.0 0.0
0.0 0.0
0.0 0.0
0.10088616223585549 0.08793456032719836
0.12155591572123177 0.1053484602917342
0.07092960773777539 0.05212251477700161
0.0660934981192907 0.06018269747447609
0.18696581196581197 0.18482905982905984
0.2994858611825193 0.34318766066838047
0.3286219081272085 0.3498233215547703
0.4142857142857143 0.4714285714285714
0.05204081632653061 0.05204081632653061
0.12920962199312716 0.12027491408934708
0.2755344418052256 0.3194774346793349
0.5688888888888889 0.4266666666666667
0.5399673735725938 0.4061990212071778
0.07960199004975124 0.07773631840796019
0.27262313860252 0.27605956471935855
0.28983688833124216 0.24843161856963614
0.4103703703703704 0.3451851851851852
0.2691823899371069 0.2981132075471698
0.29954614220877457 0.27987897125567324
0.5508982035928144 0.40119760479041916
0.43555555555555553 0.42444444444444446
0.2619617224880383 0.26674641148325356
0.3132867132867133 0.2881118881118881
0.3361963190184049 0.25766871165644173
0.5447154471544715 0.4444444444444444
0.4150197628458498 0.43478260869565216
0.5158924205378973 0.48166259168704156
