1.6e-05 324.508
0.032337 336.388
0.063516 352.978
0.115019 366.9
0.166566 359.768
0.279086 361.043
0.341989 359.075
0.627593 354.239
0.658656 366.001
1.82889 361.463
1.880481 360.047
1.953544 361.277
2.005159 362.352
2.097475 360.167
2.169408 353.891
2.200646 349.65
2.283917 350.942
2.365982 355.85
2.488848 355.755
2.540416 356.283
2.64283 353.619
2.705889 365.305
2.818434 365.267
2.910828 362.098
2.982682 361.23
3.054597 357.331
3.148136 360.184
3.199692 361.391
3.281755 363.701
3.353672 364.452
3.42555 363.288
3.508978 369.124
3.611475 365.931
3.64254 362.722
3.694179 361.142
3.725409 359.76
3.778093 359.818
3.809269 356.734
3.840448 355.265
3.87158 349.635
3.913034 347.164
3.945471 347.498
4.047932 347.811
4.130051 349.323
4.212102 346.886
4.243422 341.634
4.285988 343.929
4.408868 344.69
4.480798 345.358
4.552701 342.179
4.583871 343.185
4.636461 339.045
4.718597 337.904
4.810812 334.4
4.872641 334.59
4.903733 336.498
4.986916 339.397
5.018151 343.205
5.090146 344.065
5.213108 346.099
5.264816 345.956
5.429415 342.692
5.543263 353.597
5.696623 348.173
5.738031 344.682
5.86083 349.129
5.922502 351.07
6.066795 347.205
6.179338 348.789
6.281852 343.34
6.363971 350.449
6.46649 354.128
6.559928 354.871
6.642128 352.362
6.703794 348.324
6.786028 346.037
6.888423 340.912
6.941216 338.291
7.023326 337.251
7.115569 345.701
7.187521 346.213
7.239078 348.56
7.312229 349.367
7.374014 346.303
7.435684 344.272
7.517766 353.439
7.610049 356.748
7.693443 357.799
7.745077 361.191
7.817142 359.778
7.868736 357.315
7.950834 360.145
7.993338 360.115
8.044929 361.982
8.116852 359.886
8.168359 361.147
8.240266 358.479
8.29302 364.935
8.395356 363.785
8.426508 359.374
8.457657 358.183
8.519404 358.374
8.551759 352.983
8.582856 352.639
8.634342 353.594
8.665403 359.131
8.696566 356.717
8.73919 355.869
8.770347 357.01
8.832113 356.122
8.914181 355.351
8.98614 352.176
9.069519 348.22
9.100608 343.429
9.141966 341.784
9.244436 343.407
9.346897 337.996
9.379287 337.581
9.420593 339.145
9.492456 335.498
9.55426 331.702
9.646487 331.481
9.699275 334.414
9.781483 336.36
9.843179 337.426
9.904942 352.536
10.017645 355.976
10.05001 357.12
10.082241 354.97
10.114577 356.881
10.208117 354.131
10.239262 352.988
10.270389 347.607
10.321884 344.147
10.353062 346.675
10.385433 347.698
10.416666 349.831
10.447852 352.386
10.48917 355.839
10.520285 353.84
10.552765 350.872
10.583892 350.757
10.615026 350.657
10.686925 351.218
10.779129 352.944
10.862446 351.968
10.944474 346.744
10.996026 355.65
11.108713 356.807
11.150115 355.343
11.213016 349.034
11.244229 344.148
11.305966 349.847
11.3881 353.631
11.490556 354.401
11.563652 355.08
11.666078 351.954
11.717663 345.458
11.789628 342.299
11.89203 345.757
11.93437 346.29
12.017863 348.016
12.080912 350.77
12.15294 348.784
12.224868 348.971
12.286554 360.789
12.378847 361.928
12.451897 359.168
12.493248 358.65
12.575341 356.316
12.626689 352.415
12.708728 354.01
12.751311 354.768
12.802947 356.698
12.864562 355.853
12.926182 358.85
13.008365 356.479
13.050968 356.268
13.103484 354.233
13.145834 352.448
13.208751 350.313
13.261287 345.269
13.323983 342.112
13.366347 344.366
13.40863 346.949
13.471489 351.075
13.534388 354.08
13.586917 355.407
13.629192 356.0
13.68164 358.371
13.744481 358.568
13.776994 358.136
13.818318 355.89
13.869769 354.498
13.931481 350.191
13.962743 347.662
14.005543 344.216
14.068569 343.705
14.11069 342.633
14.151931 342.304
14.2034 347.006
14.244684 348.629
14.286026 353.795
14.338668 354.604
14.369716 354.658
14.421165 355.333
14.462421 354.637
14.503709 354.039
14.556381 352.289
14.587517 347.002
14.618556 342.376
14.649611 339.565
14.69087 335.878
14.733345 331.391
14.764409 327.453
14.805963 325.274
14.8677 322.116
14.898884 326.816
14.951567 347.128
15.033729 351.236
15.06497 355.433
15.106235 364.74
15.15783 366.645
15.190196 364.553
15.221372 363.978
15.252498 362.255
15.293841 355.701
15.345275 353.74
15.377746 352.012
15.409856 353.004
15.462367 350.115
15.494681 348.867
15.526863 350.254
15.579344 349.174
15.611295 348.273
15.63313 349.727
15.665083 348.724
15.696241 348.846
15.727276 350.225
15.758319 353.714
15.78951 349.463
15.821904 350.786
15.852979 350.117
15.884014 347.594
15.915089 343.99
15.946135 347.112
16.008959 341.24
16.040121 337.322
16.071234 328.591
16.102362 326.254
16.133472 324.245
16.175984 320.795
16.208218 319.413
16.2403 317.235
16.271365 316.782
16.302504 314.107
16.323436 313.591
16.354489 316.897
16.417312 321.062
16.468815 324.65
16.530535 325.315
16.561593 325.879
16.59269 325.153
16.62502 328.276
16.667444 327.26
16.698467 322.176
16.729511 319.385
16.770818 316.984
16.822448 317.723
16.875222 317.203
16.906515 318.772
16.937813 321.395
16.969155 322.297
17.000498 325.735
17.033125 328.763
17.115148 328.907
17.207354 331.579
17.289361 331.369
17.330632 328.708
17.363146 339.913
17.455623 336.169
17.517326 337.893
17.640233 338.153
17.691836 335.885
17.774998 332.661
17.826584 331.045
17.959581 332.149
17.990765 335.63
18.04239 337.422
18.125693 338.989
18.177182 336.625
18.279544 335.797
18.310698 337.565
18.392736 332.877
18.425 330.01
18.486651 327.687
18.599289 331.757
18.671114 331.522
18.722637 335.1
18.785667 336.975
18.837238 334.86
18.919317 338.002
18.960605 336.979
19.001924 336.096
19.054646 335.321
19.116388 333.411
19.157827 331.701
19.239853 328.98
19.270945 327.835
19.313517 334.349
19.375224 336.345
19.406393 336.783
19.457936 338.421
19.509544 336.122
19.562263 336.608
19.603651 337.038
19.655123 336.149
19.70661 334.095
19.737821 333.586
19.790592 331.901
19.831995 331.678
19.883597 330.205
19.924846 327.682
19.966238 331.7
20.019126 333.989
20.060551 334.748
20.091652 335.41
20.122809 332.236
20.154003 328.213
20.186325 325.957
20.237942 323.961
20.279323 322.257
20.331022 319.498
20.362205 320.817
20.394606 331.982
20.476815 335.463
20.508096 342.133
20.539377 339.345
20.570631 336.947
20.603131 332.305
20.63429 328.258
20.665467 329.691
20.696602 333.489
20.748162 333.025
20.811264 331.387
20.833442 333.721
20.885025 337.983
20.916306 342.199
20.947547 345.667
20.999089 346.19
21.031511 345.411
21.06387 344.73
21.096097 340.396
21.12826 340.362
21.160304 340.303
21.192435 339.011
21.224767 340.381
21.2571 340.355
21.28939 344.067
21.321615 344.814
21.353736 347.34
21.386081 345.645
21.418244 344.947
21.460859 343.086
21.49323 341.443
21.515279 340.023
21.547595 340.027
21.600314 338.782
21.632517 337.716
21.664872 336.779
21.69713 335.972
21.729392 340.227
21.761651 343.334
21.793955 342.909
21.826453 345.035
21.858875 348.164
21.891125 344.829
21.923321 344.183
21.955607 342.378
21.987956 342.053
22.020359 340.512
22.052766 339.199
22.085009 340.515
22.117246 343.9
22.149485 345.596
22.18167 347.423
22.21399 346.495
22.24643 349.284
22.278846 350.638
22.321475 351.65
22.35419 351.458
22.386664 352.512
22.417824 352.218
22.448968 350.693
22.480104 345.299
22.511359 343.405
22.543743 339.227
22.575807 336.803
22.60793 338.431
22.640035 339.883
22.672276 341.166
22.694141 342.248
22.726186 343.234
22.758119 342.829
22.790306 342.471
22.822644 342.16
22.855099 346.778
22.887129 349.154
22.919327 350.246
22.951361 351.531
22.983376 352.976
23.015482 352.609
23.047715 354.202
23.078823 353.647
23.109865 355.532
23.141038 346.332
23.172098 341.809
23.20432 339.068
23.236463 336.719
23.268855 337.138
23.311204 334.999
23.343247 336.309
23.375373 338.015
23.407586 339.484
23.439798 340.832
23.471929 340.725
23.504289 343.668
23.536377 345.71
23.568459 347.967
23.600388 349.689
23.632445 348.479
23.663584 350.222
23.694672 351.09
23.725748 351.262
23.75688 351.698
23.789181 348.356
23.82156 344.798
23.853596 340.085
23.885726 337.599
23.917773 341.481
23.959797 342.528
23.991775 344.275
24.024 344.515
24.056054 345.126
24.088172 341.49
24.120429 344.624
24.17188 349.308
24.202975 351.874
24.234076 351.578
24.265174 350.554
24.297461 350.521
24.328506 349.182
24.359548 349.283
24.390636 348.081
24.421708 348.383
24.453917 349.063
24.486184 351.884
24.518514 349.137
24.550725 346.737
24.582866 343.94
24.614925 342.186
24.64693 338.226
24.678826 335.955
24.710815 335.26
24.742782 337.13
24.774719 340.922
24.807137 340.783
24.839772 342.196
24.8721 343.179
24.904408 345.173
24.936932 346.259
24.96925 346.724
25.001575 345.25
25.033813 344.571
25.065873 344.002
25.098189 341.934
25.130712 346.971
25.163038 348.346
25.194306 350.869
25.22561 346.444
25.256944 339.687
25.28826 336.392
25.320671 335.277
25.351916 335.293
25.383221 334.045
25.414432 339.12
25.445728 338.397
25.478096 336.897
25.509331 331.67
25.540496 327.849
25.5718 328.115
25.603206 325.854
25.635639 323.878
25.666936 323.397
25.698249 324.259
25.719217 325.578
25.750387 323.663
25.78277 321.722
25.815039 321.392
25.847342 324.931
25.879282 329.714
25.910369 331.787
25.941502 338.639
25.972691 339.201
26.003918 330.302
26.036478 326.899
26.067659 326.54
26.098886 327.407
26.130059 326.466
26.161206 325.661
26.193471 324.976
26.215315 323.085
26.24636 321.454
26.277414 320.006
26.308557 318.769
26.339716 320.18
26.37217 317.786
26.403511 315.537
26.434757 313.563
26.466003 313.985
26.497302 314.143
26.529674 314.865
26.560807 319.129
26.591898 321.737
26.623123 321.503
26.654272 318.811
26.686681 316.749
26.719182 315.936
26.740141 315.2
26.771309 319.761
26.802509 323.081
26.833782 323.936
26.866277 324.704
26.898483 322.333
26.930821 322.857
26.963214 320.737
26.995527 319.372
27.027925 321.802
27.060291 325.414
27.09271 323.46
27.12378 323.257
27.154933 327.882
27.186198 326.005
27.217424 325.85
27.24986 326.892
27.281199 332.012
27.31255 333.926
27.343952 339.051
27.375411 338.316
27.408011 333.882
27.43942 333.393
27.481039 332.944
27.512512 330.826
27.543922 329.464
27.576653 328.295
27.607831 328.662
27.639091 328.815
27.670325 329.075
27.701582 324.555
27.733921 323.995
27.765182 324.744
27.796441 321.152
27.827641 321.006
27.858974 324.684
27.891474 323.563
27.922652 321.498
27.953857 318.826
27.985069 315.888
28.016395 317.872
28.048876 324.307
28.070871 327.939
28.10205 330.669
28.133331 335.052
28.164597 338.075
28.195822 333.258
28.228306 332.85
28.301571 331.261
28.332821 328.657
28.363976 324.138
28.39522 319.758
28.426408 312.394
28.458829 312.077
28.490003 311.622
28.521288 312.071
28.552603 311.839
28.583805 311.04
28.616204 312.136
28.64867 311.633
28.680938 312.553
28.712048 316.631
28.743213 317.402
28.774389 319.053
28.80562 315.747
28.838137 315.033
28.870641 312.766
28.90182 310.903
28.933003 308.288
28.964215 312.233
28.995455 316.882
29.027885 314.583
29.059201 312.95
29.090443 312.598
29.121594 313.505
29.152869 313.066
29.185297 311.994
29.217734 311.752
29.260333 315.279
29.292936 314.071
29.325385 313.124
29.357859 313.991
29.390144 317.236
29.453186 316.32
29.485642 321.881
29.548657 322.319
29.601387 319.391
29.633818 322.878
29.666206 317.679
29.697434 321.836
29.728696 319.005
29.759932 320.248
29.791225 323.842
29.823633 322.1
29.855021 321.352
29.88639 317.635
29.917743 321.796
29.949128 326.562
29.981696 328.249
30.012969 328.48
30.044288 329.913
30.075482 331.183
30.116994 330.596
30.169974 329.282
30.202508 323.571
30.235012 321.881
30.266267 320.41
30.297455 323.902
30.328716 326.594
30.359972 328.543
30.392538 328.736
30.423873 325.578
30.455217 324.604
30.486449 325.339
30.517861 328.73
30.550381 335.619
30.581553 338.93
30.612764 338.518
30.643985 340.004
30.675269 339.15
30.707715 336.747
30.728724 333.414
30.759981 332.98
30.791258 332.544
30.822587 329.727
30.855075 329.795
30.886354 327.339
30.917518 324.923
30.948704 323.012
30.979871 323.294
31.012339 324.124
31.043575 324.85
31.074781 322.985
31.105985 319.923
31.137175 318.651
31.189974 317.547
31.221177 315.965
31.252382 322.109
31.2835 324.366
31.314702 325.689
31.347088 326.23
31.378298 332.87
31.419693 334.996
31.45093 334.378
31.482149 332.861
31.514574 330.99
31.545817 328.342
31.597356 327.266
31.628641 327.205
31.659903 326.625
31.692381 327.056
31.72359 322.719
31.744628 323.36
31.7759 327.355
31.807158 334.319
31.839841 336.503
31.871141 336.947
31.902339 335.196
31.93349 338.234
31.964711 337.818
31.997188 335.43
32.028505 334.114
32.059879 333.632
32.091198 333.165
32.122545 326.33
32.155102 328.673
32.196505 327.594
32.22772 325.416
32.259096 325.399
32.290244 326.025
32.33279 327.831
32.364164 326.916
32.395398 325.132
32.447069 325.751
32.478428 323.138
32.510936 320.218
32.542203 320.174
32.5734 319.492
32.604622 318.272
32.63588 319.7
32.668495 320.114
32.699731 323.859
32.741106 323.362
32.772412 327.791
32.803685 330.423
32.836166 334.125
32.867485 336.847
32.89881 337.87
32.930145 337.484
32.961533 335.745
32.994003 336.933
33.025266 338.553
33.056512 339.322
33.087706 336.449
33.119035 339.296
33.151517 343.106
33.182789 342.71
33.214009 342.363
33.245254 341.462
33.276641 339.803
33.309105 339.205
33.340278 337.031
33.391857 333.657
33.423139 333.164
33.454427 338.391
33.486961 336.102
33.518157 335.339
33.549461 335.29
33.580821 332.708
33.612021 333.548
33.644491 336.657
33.675735 340.027
33.696666 337.767
33.727794 338.027
33.758948 339.547
33.791299 336.885
33.822458 339.764
33.853651 340.432
33.884926 339.64
33.916038 339.695
33.948462 339.74
33.979623 339.797
34.010892 334.378
34.042155 335.221
34.073475 335.329
34.105955 336.127
34.137271 334.721
34.16864 334.136
34.199789 330.28
34.231075 332.512
34.263621 333.108
34.294855 330.683
34.326122 330.602
34.357344 330.085
34.388577 328.848
34.421056 325.911
34.452329 323.916
34.483528 327.797
34.524927 326.828
34.556187 327.22
34.578335 324.414
34.609434 323.866
34.640683 321.779
34.671978 319.052
34.703227 319.132
34.735545 322.375
34.766752 323.934
34.797922 324.707
34.829135 324.741
34.860493 322.915
34.893091 321.316
34.924388 318.722
34.955609 319.141
34.986841 321.673
35.018104 321.474
35.050586 321.302
35.083028 322.375
35.115291 323.348
35.14753 320.342
35.1787 319.071
35.20997 316.643
35.241223 319.547
35.272542 320.858
35.305073 322.613
35.337531 324.493
35.368851 326.432
35.400172 325.313
35.421237 327.004
35.452549 326.164
35.485128 328.352
35.516439 329.792
35.54781 331.093
35.579285 330.969
35.610746 332.063
35.643458 333.392
35.674724 334.197
35.705998 329.278
35.737319 325.083
35.778819 321.484
35.821558 322.516
35.852944 322.204
35.884317 324.015
35.915614 325.279
35.946892 324.62
35.979422 325.271
36.01068 325.874
36.041928 328.163
36.07315 330.527
36.104423 330.436
36.136787 334.893
36.169149 335.562
36.200404 336.117
36.231648 333.685
36.262921 330.167
36.294193 327.638
36.326594 325.448
36.357748 324.87
36.388932 328.054
36.42016 326.939
36.451337 327.356
36.483695 328.957
36.514879 331.512
36.546166 331.31
36.577565 333.427
36.608879 334.847
36.641402 337.978
36.673841 339.915
36.706159 340.994
36.738643 339.234
36.771104 341.843
36.822668 340.696
36.853979 338.068
36.885247 337.722
36.926766 336.77
36.959189 332.035
36.990452 331.786
37.021777 329.04
37.053081 325.677
37.084313 327.417
37.116639 332.592
37.147882 334.275
37.179138 340.927
37.21036 346.564
37.241677 344.493
37.274085 343.953
37.305285 344.255
37.336558 343.24
37.367911 345.266
37.39918 344.309
37.431658 340.352
37.464184 337.648
37.495397 334.194
37.526661 328.355
37.557878 326.717
37.589173 325.908
37.621601 323.305
37.652814 322.886
37.683846 323.767
37.714918 321.629
37.746047 318.923
37.778306 315.964
37.809397 313.974
37.840534 313.474
37.871609 316.185
37.902938 315.638
37.935259 316.18
37.967464 313.488
37.999711 312.419
38.032172 311.883
38.06442 314.156
38.096438 320.378
38.128638 323.431
38.160795 329.235
38.193039 331.61
38.225215 335.671
38.257406 335.537
38.289425 336.09
38.32157 334.495
38.353632 331.046
38.385552 328.391
38.417772 325.348
38.449926 325.961
38.481942 325.207
38.514073 323.919
38.546369 321.746
38.578561 323.05
38.610733 326.325
38.642782 331.961
38.674924 336.082
38.706065 338.615
38.737138 337.933
38.768411 330.843
38.799572 329.315
38.832021 330.355
38.863258 327.897
38.894402 323.45
38.925622 321.392
38.95683 321.209
38.989169 319.785
39.020372 318.589
39.051594 320.959
39.082808 320.86
39.113937 320.7
39.146195 322.477
39.177303 320.932
39.208447 316.508
39.239641 316.043
39.270775 315.3
39.303009 314.661
39.334128 315.314
39.365334 315.293
39.396559 318.709
39.427706 320.129
39.459983 318.853
39.49215 317.748
39.513042 318.424
39.544261 322.355
39.575402 324.345
39.606534 325.033
39.638845 325.629
39.670043 326.653
39.701169 330.221
39.732258 334.544
39.763381 333.981
39.795691 330.696
39.826815 328.09
39.857979 323.695
39.88909 321.534
39.920323 320.083
39.953112 317.62
39.984227 317.906
40.015424 318.165
40.046616 315.9
40.077819 319.34
40.110181 323.487
40.141296 324.296
40.17248 327.383
40.203633 331.104
40.234838 334.714
40.267109 336.159
40.29826 337.652
40.339593 339.722
40.370738 339.115
40.401882 339.853
40.434012 332.913
40.465139 330.44
40.496304 324.479
40.527526 336.385
40.650309 359.833
40.682743 354.999
40.714004 352.713
40.74525 363.598
40.85787 386.338
40.889113 389.302
41.053809 394.391
41.288716 387.957
41.31993 393.067
41.412197 393.893
41.443328 392.607
41.465479 389.867
41.507834 387.179
41.691537 384.832
41.722814 381.389
41.754048 385.078
41.815861 376.095
41.84832 368.815
41.879472 367.453
41.910596 366.711
41.941831 370.896
42.085059 367.578
42.117423 367.797
42.148563 380.271
42.240767 387.133
42.343285 385.938
42.374542 390.185
42.50874 371.345
42.550173 383.672
42.703728 376.798
42.734852 379.735
42.908554 374.522
42.941126 369.308
42.972376 381.474
43.105381 367.367
43.136662 368.228
43.30022 366.766
43.332593 364.498
43.363632 361.915
43.394676 367.923
43.517471 364.515
43.548758 364.853
43.5813 365.988
43.602291 390.409
46.175913 324.374
46.227536 324.904
46.258778 323.017
46.291201 325.105
46.363193 325.711
46.39449 323.727
46.446134 323.224
46.487698 324.048
46.520276 322.307
46.551549 323.266
46.582839 330.428
46.614169 331.66
46.645423 327.732
46.677907 325.534
46.709193 326.132
46.740489 324.72
46.771703 322.903
46.802897 321.318
46.835408 319.275
46.866625 319.351
46.897959 319.413
46.929262 319.497
46.96067 327.701
47.003325 327.966
47.034618 333.193
47.065923 339.017
47.097192 341.059
47.128326 340.935
47.160699 342.933
47.191882 342.565
47.223098 342.231
47.254448 341.959
47.285823 337.32
47.318271 337.004
47.349591 336.145
47.380829 340.378
47.442654 332.664
47.473921 329.716
47.506333 341.732
47.537545 343.635
47.568825 343.169
47.600088 343.994
47.631401 344.012
47.663926 344.581
47.695203 344.734
47.726446 335.52
47.757756 334.185
47.809464 332.422
47.852141 331.839
47.883348 332.878
47.914503 327.933
47.945676 326.941
47.987157 327.361
48.019627 328.373
48.050909 327.297
48.082014 328.887
48.113207 331.53
48.154549 328.847
48.18681 325.256
48.217937 324.606
48.269471 323.445
48.300608 323.004
48.331793 323.194
48.364273 321.563
48.395422 325.155
48.426501 328.288
48.457577 326.394
48.488661 326.864
48.521216 327.225
48.552421 325.082
48.583575 324.46
48.614657 323.345
48.645857 321.689
48.678254 321.454
48.709443 319.985
48.740662 319.971
48.78205 322.185
48.813222 326.808
48.845613 329.681
48.876724 332.216
48.907893 333.182
48.93913 336.968
48.970402 339.875
49.012984 343.491
49.044186 341.799
49.075332 342.821
49.106427 339.943
49.137572 341.162
49.170032 341.96
49.201173 340.502
49.232325 340.463
49.263411 336.629
49.294589 333.642
49.326857 331.955
49.358029 330.484
49.389256 332.587
49.420459 333.499
49.461885 333.076
49.494277 330.147
49.525441 331.367
49.556591 329.92
49.587906 332.388
49.619153 331.792
49.651618 331.549
49.682922 333.794
49.714209 334.575
49.745513 331.006
49.776821 329.641
49.809344 330.656
49.850826 332.833
49.882128 332.576
49.913286 331.972
49.94457 332.792
49.976965 333.502
50.009417 332.679
50.040659 337.821
50.071748 339.795
50.102879 342.75
50.134105 344.429
50.166298 340.027
50.19864 340.498
50.231081 338.233
50.262255 337.536
50.293367 333.223
50.324566 330.329
50.3557 329.014
50.388123 325.373
50.419264 323.45
50.45038 321.763
50.481482 318.816
50.51265 317.85
50.544981 318.102
50.576207 317.096
50.607355 317.14
50.638458 327.758
50.669607 323.821
50.701956 319.324
50.733069 318.137
50.754005 317.5
50.785126 317.7
50.816289 315.955
50.848732 315.924
50.879884 316.877
50.911075 317.424
50.942211 320.718
50.973491 319.231
51.005883 319.335
51.038207 321.948
51.080749 320.067
51.1132 321.324
51.144353 319.587
51.175457 320.881
51.216875 320.782
51.24805 321.936
51.280406 323.003
51.31153 323.537
51.342678 323.062
51.373861 320.187
51.404977 317.855
51.437308 318.099
51.468485 318.376
51.499584 319.693
51.530698 318.523
51.561979 317.467
51.594432 316.527
51.625709 318.184
51.656891 324.483
51.688047 329.19
51.7192 331.696
51.761772 329.917
51.803126 325.225
51.834291 323.299
51.865577 320.369
51.89675 319.041
51.929099 320.342
51.960319 324.046
51.991564 323.518
52.022745 325.065
52.054018 321.545
52.086438 318.801
52.117623 318.952
52.148744 319.084
52.179928 326.304
52.211195 329.17
52.243633 330.447
52.274818 329.121
52.305884 327.984
52.336964 323.748
52.368178 322.031
52.400412 324.27
52.432832 329.883
52.465312 337.568
52.49642 341.043
52.527552 343.465
52.55861 345.018
52.589688 339.387
52.621864 333.734
52.653931 326.905
52.685976 321.259
52.718152 318.638
52.750154 320.094
52.782115 320.37
52.813187 321.595
52.844352 320.15
52.865323 320.134
52.896594 318.869
52.928884 320.267
52.959928 312.983
52.991134 311.057
53.022258 308.222
53.053478 306.309
53.085769 307.677
53.116965 307.952
53.148058 309.558
53.17913 310.56
53.210217 315.072
53.242527 315.287
53.274636 314.638
53.306938 314.918
53.338062 314.281
53.379383 313.759
53.410472 318.262
53.461972 318.503
53.494275 316.549
53.525391 315.749
53.55659 315.502
53.587687 314.845
53.629055 316.024
53.661542 315.248
53.692713 314.561
53.723804 312.178
53.765185 319.589
53.82692 317.113
53.859349 317.456
53.900871 322.698
53.932199 323.28
53.963526 336.263
53.994832 339.812
54.027251 343.824
54.059494 334.273
54.091753 331.23
54.133249 329.114
54.164357 334.416
54.195545 331.081
54.226777 328.447
54.25921 328.648
54.29035 327.608
54.321477 329.12
54.352617 329.218
54.383872 325.803
54.416206 327.553
54.447408 330.328
54.498934 331.328
54.530042 333.212
54.571447 336.561
54.634355 337.216
54.665441 338.792
54.706759 336.701
54.737898 337.112
54.789438 330.749
54.821899 331.942
54.853149 329.2
54.884587 329.302
54.915817 337.698
54.947214 333.49
54.979701 335.062
55.010992 332.107
55.042145 332.942
55.073329 330.095
55.104587 323.308
55.136992 329.682
55.169324 332.186
55.201766 334.293
55.234027 334.364
55.266221 333.8
55.298644 332.087
55.329788 327.946
55.361066 330.704
55.412692 325.893
55.443958 323.925
55.47642 323.457
55.517792 323.008
55.548982 322.114
55.580055 321.865
55.611426 321.593
55.644088 318.742
55.67522 316.401
55.706426 315.59
55.73761 313.602
55.768724 316.333
55.801187 315.518
55.832486 314.73
55.863885 316.829
55.895207 319.696
55.926486 324.958
55.959015 329.766
55.990357 333.426
56.021734 340.616
56.053112 340.247
56.084537 341.516
56.116916 340.064
56.148151 336.571
56.179385 334.484
56.210568 331.843
56.241683 330.343
56.284257 327.805
56.316677 325.569
56.347796 323.013
56.379097 322.596
56.410524 321.033
56.44191 323.405
56.474313 323.01
56.505482 323.887
56.536687 322.139
56.567878 324.375
56.599211 323.333
56.631714 321.657
56.66292 318.965
56.694088 317.966
56.725322 316.963
56.756594 316.101
56.788993 317.858
56.820363 320.515
56.85155 320.469
56.882827 320.407
56.914182 320.342
56.946719 320.295
56.978982 320.247
57.010334 322.692
57.041568 326.072
57.072732 333.89
57.10409 337.71
57.136683 336.76
57.167862 337.209
57.199039 341.358
57.24055 330.961
57.271826 327.279
57.304462 320.581
57.335778 318.118
57.367027 316.254
57.398208 314.769
57.429455 314.697
57.461932 317.213
57.494146 316.656
57.526512 320.389
57.558697 320.254
57.591144 325.681
57.623542 328.743
57.654697 329.659
57.685797 323.19
57.716932 320.283
57.748185 317.698
57.800953 316.739
57.832246 315.891
57.86345 315.148
57.894735 316.293
57.926063 315.472
57.968706 314.77
57.99985 319.182
58.031217 318.948
58.062414 316.85
58.103752 316.0
58.14641 315.225
58.177634 314.547
58.208737 313.927
58.239816 312.902
58.27106 312.566
58.303497 310.965
58.334725 310.762
58.366044 313.191
58.397176 315.357
58.438642 322.689
58.471002 326.098
58.502212 329.098
58.533357 331.511
58.56453 332.535
58.595777 335.364
58.628427 334.702
58.659747 334.141
58.690927 333.63
58.722065 336.923
58.753298 338.494
58.785667 332.776
58.816785 331.171
58.848081 328.538
58.879194 326.229
58.910437 327.36
58.942823 329.187
58.973977 330.554
59.005212 330.252
59.036617 326.605
59.067906 324.513
59.100275 323.589
59.131457 323.166
59.162659 322.775
59.193819 322.199
59.225084 321.288
59.25757 326.251
59.288739 327.948
59.319967 328.442
59.351221 330.401
59.382543 331.605
59.414894 334.003
59.446095 336.032
59.477274 340.569
59.508456 342.553
59.539755 340.813
59.572312 333.744
59.603519 329.266
59.634666 327.109
59.665827 325.996
59.697128 325.032
59.72962 322.581
59.762203 321.502
59.7933 321.962
59.824503 320.144
59.855819 320.145
59.887068 318.852
59.919411 320.008
59.950733 320.002
59.982022 320.788
60.013324 319.204
60.065171 315.801
60.107925 313.275
60.139196 312.852
60.170386 317.475
60.211859 319.08
60.243104 321.683
60.275596 322.709
60.306739 321.113
60.337977 322.205
60.369141 320.603
60.400299 325.524
60.432739 332.024
60.464014 336.182
60.485037 329.004
60.516287 330.485
60.547578 329.019
60.579951 325.891
60.612436 328.177
60.644845 324.868
60.677307 321.137
60.709788 320.663
60.742163 318.146
60.774456 320.092
60.805628 321.673
60.836915 320.238
60.868292 316.866
60.899546 316.405
60.932039 313.768
60.96458 312.03
60.997103 310.313
61.028447 309.056
61.059705 310.404
61.090876 312.457
61.122136 314.037
61.154686 315.215
61.185982 317.057
61.217138 317.417
61.248273 318.983
61.279461 317.798
61.311781 318.689
61.344233 317.556
61.375556 315.643
61.406774 314.974
61.438032 313.791
61.469417 314.168
61.501854 312.387
61.533173 312.122
61.564437 313.122
61.5957 313.978
61.627111 318.5
61.659499 320.821
61.690843 319.492
61.722059 317.963
61.753222 320.502
61.794683 321.841
61.827161 322.883
61.859526 321.238
61.891894 324.172
61.924093 321.954
61.9553 321.607
61.98646 322.683
62.017797 322.332
62.04912 321.786
62.081496 324.988
62.112755 332.727
62.143937 329.531
62.175112 325.842
62.206316 325.108
62.238661 323.861
62.270955 323.372
62.302206 326.554
62.333462 329.506
62.364744 327.062
62.395967 327.584
62.428368 323.457
62.459597 325.519
62.49083 328.539
62.522095 331.104
62.553332 333.641
62.585739 334.883
62.618115 337.24
62.650306 339.137
62.682433 338.815
62.713548 343.242
62.744677 346.772
62.775836 347.125
62.807188 345.448
62.839725 343.121
62.87087 332.92
62.901962 332.528
62.933163 335.428
62.964369 332.178
62.996663 330.517
63.029281 331.671
63.061701 327.665
63.092809 327.002
63.123838 323.02
63.15491 321.439
63.186095 318.633
63.218452 317.532
63.249577 316.6
63.280784 315.777
63.312051 317.582
63.343287 320.202
63.375566 317.829
63.407903 318.081
63.439178 320.771
63.470428 325.675
63.50176 327.438
63.533064 330.256
63.56563 335.118
63.596913 337.033
63.62818 335.167
63.659384 336.275
63.690661 337.694
63.723014 339.05
63.754143 340.203
63.785237 342.183
63.816368 340.67
63.84764 341.43
63.880188 336.137
63.911344 331.091
63.942424 330.908
63.973513 328.372
64.004724 329.841
64.047473 328.625
64.080011 326.552
64.112476 325.744
64.143705 329.076
64.174894 332.567
64.20601 333.511
64.237127 335.788
64.2695 338.841
64.300661 340.343
64.331823 339.04
64.362982 335.786
64.394233 335.56
64.426597 334.845
64.45774 335.646
64.488895 336.029
64.520154 336.912
64.551371 337.275
64.58366 337.656
64.614718 335.498
64.645845 334.227
64.676901 333.68
64.707983 329.058
64.74032 326.911
64.771544 329.998
64.80271 332.295
64.83403 333.414
64.86536 335.464
64.897768 337.601
64.929868 336.669
64.962207 338.872
64.994523 341.231
65.026743 341.071
65.059098 341.71
65.091224 338.82
65.123427 336.824
65.155838 332.815
65.188337 332.023
65.220636 330.524
65.253101 330.385
65.285476 329.067
65.317919 326.847
65.350273 327.236
65.382698 326.24
65.415118 328.374
65.44737 330.241
65.4795 330.345
65.511957 330.873
65.544099 338.138
65.576331 338.591
65.608642 345.234
65.639791 340.664
65.670891 337.705
65.691797 333.129
65.722939 334.722
65.755154 331.304
65.786199 332.819
65.817359 335.265
65.848497 334.614
65.879647 326.146
65.91198 320.865
65.943043 319.513
65.974134 317.227
65.99499 316.314
66.02616 315.489
66.058577 314.168
66.09061 313.239
66.122665 313.101
66.153669 314.327
66.184729 309.001
66.215845 309.142
66.246961 309.4
66.279246 318.948
66.311361 320.423
66.342469 320.347
66.373533 318.059
66.404624 317.025
66.435706 321.751
66.498686 318.963
66.531207 320.329
66.562684 321.51
66.594041 320.062
66.625481 318.813
66.6569 317.727
66.689662 321.715
66.72099 321.484
66.752323 321.269
66.814108 327.186
66.845395 332.135
66.898133 336.858
66.929193 337.438
66.960279 337.964
66.991474 338.206
67.02271 334.086
67.055214 336.583
67.086499 333.269
67.127879 327.831
67.159104 329.393
67.190373 330.322
67.222772 327.79
67.253958 327.371
67.285233 328.914
67.316442 331.473
67.34767 333.68
67.380256 337.046
67.412412 338.267
67.443565 334.734
67.474732 336.636
67.505877 336.326
67.537141 334.608
67.569624 332.937
67.60087 328.462
67.632144 326.843
67.663384 324.619
67.694698 324.013
67.727155 324.176
67.759713 325.643
67.792322 331.388
67.824736 332.142
67.855957 333.128
67.887204 329.945
67.918437 327.517
67.9496 329.053
67.981977 327.921
68.013263 325.659
68.044483 323.092
68.075688 326.431
68.10696 320.403
68.139361 320.362
68.170455 319.054
68.20162 320.417
68.23282 322.884
68.264113 320.048
68.296572 318.872
68.327778 318.999
68.348863 319.121
68.380146 319.212
68.411472 317.063
68.44393 316.153
68.475155 319.114
68.50634 321.535
68.537516 321.318
68.568772 327.983
68.601284 333.354
68.633683 337.025
68.665964 338.343
68.698305 338.715
68.730639 337.604
68.761877 335.686
68.793108 331.875
68.824388 329.09
68.85576 326.728
68.888195 322.822
68.919373 319.323
68.950595 321.822
68.981816 323.568
69.013176 324.391
69.045768 325.101
69.067923 326.965
69.099144 331.439
69.130238 332.509
69.161451 336.512
69.192695 338.071
69.225194 340.49
69.256328 339.793
69.287442 337.374
69.318636 334.55
69.349825 331.155
69.382265 332.253
69.423649 326.808
69.454843 324.702
69.485991 322.873
69.517227 323.388
69.549646 324.936
69.580858 325.592
69.612049 329.854
69.643383 331.613
69.674651 335.733
69.707069 334.586
69.738327 332.767
69.769546 334.471
69.800792 335.16
69.832149 335.038
69.864638 333.861
69.897118 333.364
69.929435 332.537
69.961961 327.957
69.994302 328.24
70.02555 326.246
70.056743 327.948
70.08811 329.489
70.119349 331.93
70.162047 332.192
70.194407 332.497
70.226853 333.023
70.25899 332.635
70.291315 331.979
70.323545 333.596
70.345716 332.731
70.378031 332.094
70.410433 334.328
70.45304 334.683
70.485388 334.061
70.517857 334.497
70.55024 336.892
70.582622 337.084
70.614929 333.084
70.646123 330.073
70.677334 330.935
70.70857 334.583
70.75 332.789
70.782391 331.369
70.813562 331.239
70.844748 332.349
70.87598 332.025
70.907194 333.157
70.939612 334.301
70.970831 335.834
71.002099 337.089
71.033383 338.218
71.064721 333.257
71.08702 332.819
71.118148 332.164
71.149383 332.155
71.180557 331.894
71.211836 327.664
71.244329 329.207
71.2755 329.013
71.306628 331.024
71.337846 334.528
71.369068 334.223
71.401556 337.898
71.433866 337.34
71.46507 334.227
71.496407 334.235
71.527539 334.871
71.558928 334.932
71.591333 330.547
71.622575 328.956
71.653763 333.928
71.685025 335.58
71.716353 335.19
71.748855 329.018
71.781222 323.488
71.812608 320.553
71.843931 322.422
71.875237 321.232
71.90666 319.812
71.93914 321.638
71.970451 321.427
72.001785 318.671
72.033094 318.38
72.064422 321.148
72.097058 327.569
72.128389 329.104
72.15962 327.93
72.190835 328.208
72.222091 330.957
72.254578 331.815
72.285799 329.108
72.317003 325.879
72.348216 326.402
72.379441 328.167
72.40166 323.698
72.434139 322.54
72.465349 324.687
72.496625 329.618
72.527856 335.548
72.559076 332.411
72.591604 332.165
72.622928 330.561
72.654196 329.205
72.685448 329.319
72.716735 328.166
72.749166 329.068
72.781633 327.913
72.813959 323.215
72.846258 318.876
72.877488 321.19
72.908677 327.194
72.950111 332.033
73.01196 332.735
73.044437 336.14
73.08589 337.866
73.127361 335.82
73.158531 334.023
73.189783 335.352
73.222133 339.025
73.254496 333.674
73.286897 335.578
73.31803 327.568
73.349128 339.376
73.380368 329.733
73.411602 329.79
73.444055 328.891
73.475261 327.167
73.506532 325.847
73.53776 319.1
73.569007 316.954
73.601428 318.608
73.632612 316.545
73.663815 315.712
73.695001 314.23
73.726221 314.96
73.758574 315.573
73.789777 318.496
73.820992 321.119
73.852233 319.654
73.883516 322.215
73.915908 321.931
73.947118 319.426
73.97838 317.011
74.009667 318.674
74.051154 321.371
74.104029 321.16
74.135332 319.749
74.166611 320.113
74.197865 321.964
74.229134 321.712
74.261506 321.059
74.293929 320.782
74.314938 323.186
74.34611 323.645
74.377299 320.66
74.408585 319.512
74.441025 325.3
74.473431 329.18
74.504643 336.443
74.535846 348.939
74.567024 347.189
74.598278 335.051
74.630726 331.652
74.661935 334.542
74.693088 335.234
74.724318 336.452
74.765791 334.36
74.798206 329.846
74.829398 328.637
74.891277 321.859
74.922449 317.188
74.953688 321.298
75.006659 319.597
75.039221 317.0
75.070525 318.622
75.101839 317.598
75.132936 320.411
75.164168 322.67
75.216979 332.294
75.259572 333.25
75.291972 337.776
75.324325 343.014
75.387351 352.617
75.41983 350.771
75.451067 351.563
75.482278 351.019
75.513527 348.574
75.565127 337.227
75.59761 342.82
75.630136 339.997
75.661341 340.013
75.692647 334.285
75.723885 331.685
75.75512 332.735
75.787592 328.486
75.820006 325.554
75.872905 323.04
75.905382 322.506
75.937918 324.03
75.969175 325.994
76.010628 324.361
76.041954 323.791
76.07329 325.609
76.105887 333.835
76.137183 336.412
76.168447 336.32
76.199781 337.459
76.231005 342.233
76.273565 345.967
76.304858 341.705
76.336102 335.587
76.367388 333.045
76.398681 333.927
76.431226 330.724
76.463541 332.484
76.494727 330.629
76.525974 334.067
76.557239 337.207
76.588462 335.83
76.620859 333.683
76.65215 336.388
76.683366 337.586
76.714411 339.282
76.745465 340.58
76.777784 339.434
76.808886 345.393
76.839981 346.02
76.871126 344.493
76.902326 339.471
76.934592 338.304
76.96576 335.607
76.99686 330.178
77.028126 327.648
77.059485 329.814
77.09174 331.706
77.122879 328.366
77.153886 326.372
77.185062 321.959
77.216375 321.128
77.248686 317.413
77.279825 316.134
77.321043 315.355
77.35224 314.035
77.383462 313.081
77.415723 311.452
77.44683 312.24
77.477974 311.957
77.509048 314.216
77.540101 318.074
77.572362 326.09
77.603442 329.453
77.634527 332.051
77.665661 333.292
77.696712 334.413
77.728901 336.397
77.760013 332.954
77.791226 331.926
77.822416 326.605
77.853764 323.892
77.886167 318.301
77.917373 318.709
77.948643 322.309
77.979916 324.725
78.011203 331.616
78.074333 338.178
78.105417 338.547
78.136674 340.04
78.167849 345.325
78.198973 344.138
78.231293 338.878
78.262345 337.134
78.29346 333.973
78.324513 334.557
78.355637 331.474
78.387936 326.727
78.419105 325.37
78.450361 324.271
78.481642 317.195
78.512871 316.339
78.545192 315.518
78.576321 313.225
78.607344 314.794
78.638524 315.891
78.669795 313.412
78.702197 312.301
80.772612 341.204
80.803812 338.519
80.835009 336.129
80.866208 332.409
80.898543 330.858
80.929638 330.782
80.960739 330.707
80.991813 327.474
81.022965 325.277
81.055965 324.597
81.087149 322.239
81.118315 324.429
81.149537 330.912
81.180735 333.317
81.213108 335.458
81.24425 337.757
81.275405 338.443
81.306543 339.353
81.337769 337.325
81.370149 338.902
81.401232 338.99
81.43235 339.117
81.463489 333.94
81.494753 333.475
81.527145 328.237
81.558346 327.201
81.589558 327.575
81.62071 326.432
81.651999 331.386
81.684378 333.655
81.715506 337.091
81.746639 338.694
81.777778 341.542
81.808859 343.854
81.841401 337.865
81.87262 340.819
81.914054 338.097
81.945255 337.3
81.976482 336.373
82.008996 335.612
82.04026 336.089
82.071369 336.957
82.102547 339.14
82.133798 334.573
82.166234 335.27
82.197339 346.659
82.228519 342.782
82.259758 333.969
82.29096 333.049
82.323214 332.0
82.354452 329.3
82.385531 328.046
82.41658 334.035
82.447749 333.711
82.479994 332.54
82.512354 328.995
82.554778 321.048
82.585849 317.327
82.616896 316.4
82.647931 313.163
82.679101 313.155
82.711266 312.38
82.743312 309.519
82.76521 309.571
82.79722 311.989
82.828284 310.516
82.859426 311.473
82.890486 312.787
82.921591 316.221
82.953933 315.424
82.985 319.125
83.016253 316.733
83.047399 317.093
83.078514 316.199
83.11069 315.406
83.143096 315.961
83.174112 317.678
83.205195 318.063
83.236426 316.734
83.267584 315.872
83.299815 320.758
83.320687 321.276
83.351783 318.003
83.382899 318.267
83.413997 320.992
83.446305 322.112
83.478504 322.051
83.510633 320.148
83.541741 320.126
83.572811 318.827
83.603815 317.08
83.634886 318.512
83.667062 321.519
83.698209 324.671
83.729291 323.579
83.760371 320.262
83.791458 320.235
83.823797 320.899
83.854965 323.287
83.886075 330.446
83.907025 328.603
83.938141 326.262
83.980553 325.483
84.011612 326.049
84.042769 319.493
84.073828 313.246
84.10498 312.174
84.137274 311.912
84.168558 309.933
84.199686 310.519
84.230914 312.79
84.26217 309.864
84.294571 314.756
84.326489 319.674
84.358574 323.345
84.390584 325.437
84.421689 325.208
84.452773 325.805
84.483899 322.077
84.515018 321.774
84.547329 321.549
84.578404 320.73
84.609426 319.31
84.640515 320.637
84.671708 321.81
84.704113 321.574
84.735254 323.902
84.76637 326.253
84.79752 325.464
84.828758 320.079
84.861264 321.304
84.892521 319.261
84.923666 319.374
84.954824 317.303
84.986012 316.407
85.018336 317.233
85.049575 317.543
85.080775 316.558
85.111963 317.0
85.143222 322.276
85.17576 325.071
85.206966 329.64
85.238148 333.089
85.269454 335.018
85.300781 334.398
85.333173 330.891
85.364462 331.433
85.405913 330.026
85.426858 326.415
85.458069 330.596
85.510856 325.717
85.543126 323.301
85.574223 320.033
85.605429 320.032
85.646693 322.534
85.678016 326.81
85.710481 329.182
85.751833 332.386
85.782873 336.469
85.824408 331.386
85.855702 329.979
85.888042 330.902
85.929455 332.04
85.960714 331.764
85.991942 331.313
86.023436 331.759
86.055976 333.998
86.087173 336.025
86.118354 328.618
86.149481 328.788
86.180754 331.154
86.213153 332.233
86.244323 331.875
86.275497 330.007
86.306591 327.515
86.327561 326.573
86.359893 327.338
86.390999 327.651
86.43233 330.458
86.453249 331.633
86.484423 333.379
86.516765 337.643
86.547915 340.376
86.578945 340.34
86.609974 340.1
86.641129 340.552
86.673389 340.534
86.704463 339.308
86.735493 338.789
86.76653 336.082
86.797633 332.315
86.829889 328.886
86.86107 326.893
86.892194 327.635
86.923339 330.521
86.954512 334.89
86.986734 338.008
87.028245 339.832
87.059449 342.163
87.090705 340.159
87.121907 339.814
87.154244 340.84
87.185457 335.998
87.216582 334.145
87.257881 331.889
87.288977 331.644
87.321306 321.994
87.352618 320.479
87.383907 314.474
87.415131 313.397
87.446381 312.922
87.478755 312.786
87.510818 311.258
87.541994 311.719
87.573144 313.98
87.604325 315.943
87.635604 318.293
87.667989 319.006
87.709329 317.855
87.740444 317.752
87.77168 314.758
87.802961 320.83
87.845653 324.469
87.887056 329.135
87.918217 331.138
87.949381 331.254
87.980597 332.359
88.012986 327.105
88.044203 324.741
88.075326 335.207
88.147316 331.79
88.178646 330.314
88.211094 327.749
88.242436 329.535
88.273632 330.072
88.304868 331.332
88.336166 332.857
88.368598 332.191
88.399815 333.65
88.430947 330.683
88.462155 329.34
88.493338 331.899
88.525868 337.335
88.557043 336.426
88.588236 337.579
88.619365 337.823
88.650613 339.734
88.683007 340.693
88.714239 338.854
88.745502 337.731
88.776718 332.359
88.807971 335.753
88.840472 335.735
88.871599 337.341
88.902809 336.152
88.933972 332.195
88.965132 331.899
88.997526 329.108
89.028776 329.465
89.060014 336.36
89.10148 337.187
89.132746 338.108
89.165116 332.752
89.196378 332.41
89.22756 337.095
89.258771 336.58
89.290097 338.208
89.322525 338.713
89.353762 340.702
89.384946 333.008
89.416187 333.894
89.44741 330.465
89.479895 331.575
89.511066 332.963
89.542265 330.971
89.573489 330.904
89.604685 332.015
89.63709 335.129
89.669402 335.749
89.700567 334.692
89.731719 335.462
89.762912 336.425
89.794066 337.067
89.826335 335.687
89.857652 338.739
89.888909 336.086
89.92019 331.495
89.951396 330.135
89.983783 330.084
90.016267 330.729
90.048577 330.537
90.081146 330.42
90.113549 328.493
90.145821 328.509
90.178357 329.856
90.210886 330.691
90.243025 328.563
90.274055 333.059
90.305212 335.33
90.336397 334.641
90.367574 334.674
90.400177 334.484
90.431496 334.569
90.462743 333.327
90.493958 334.399
90.525134 331.318
90.55758 332.264
90.588792 336.403
90.630231 331.791
90.6615 333.705
90.692768 326.691
90.725142 327.021
90.756387 330.19
90.787541 331.408
90.81873 329.666
90.849997 327.225
90.882435 326.341
90.914936 324.599
90.94717 324.777
90.979479 326.486
91.011876 330.808
91.044275 331.717
91.076677 331.674
91.109006 328.779
91.141436 329.562
91.173909 330.406
91.206416 329.641
91.237516 329.647
91.268706 328.522
91.300095 322.466
91.331328 325.161
91.363691 325.956
91.396123 327.434
91.428576 327.596
91.460779 329.431
91.49329 332.379
91.525726 333.756
91.558193 331.678
91.590443 329.07
91.622754 329.998
91.65515 330.502
91.687501 331.253
91.719956 331.539
91.751151 329.624
91.782375 330.029
91.813619 322.199
91.844916 321.611
91.87739 325.427
91.899536 330.63
91.930698 334.439
91.962034 331.268
91.993153 329.553
92.024461 328.784
92.056952 322.775
92.088194 323.271
92.119426 318.816
92.150599 317.702
92.171627 318.072
92.204151 318.266
92.235367 312.699
92.266702 310.822
92.297961 309.369
92.329238 309.45
92.361656 311.393
92.392911 309.885
92.424128 311.121
92.455424 309.623
92.486718 309.638
92.519101 310.328
92.551487 312.447
92.582712 315.269
92.613954 318.491
92.645136 321.952
92.676412 326.122
92.708809 322.04
92.739996 323.054
92.771206 322.43
92.802372 318.888
92.833623 318.29
92.865971 318.714
92.89715 318.409
92.928351 319.849
92.959519 319.709
92.980726 315.458
93.01318 315.036
93.044574 322.654
93.075853 324.415
93.107126 331.277
93.138352 332.175
93.170784 328.936
93.202008 325.732
93.233259 326.276
93.274709 324.299
93.305835 320.925
93.338293 321.304
93.370726 321.184
93.402112 320.433
93.43347 319.037
93.454472 319.132
93.485732 321.744
93.518157 322.165
93.549402 328.027
93.600886 326.594
93.632006 326.19
93.663245 328.136
93.695514 328.97
93.726769 326.678
93.757971 328.691
93.789189 327.609
93.82035 320.64
93.85281 323.038
93.883939 323.683
93.915118 322.987
93.946351 324.19
93.967332 326.174
93.99975 330.312
94.032115 332.509
94.063221 337.2
94.104512 343.548
94.135661 344.601
94.166799 344.709
94.199287 342.836
94.230562 338.569
94.261821 335.653
94.292876 334.996
94.324109 332.549
94.356497 330.171
94.38769 327.596
94.418852 324.767
94.450023 326.536
94.481147 327.936
94.513465 329.554
94.544626 330.763
94.575794 332.551
94.606885 334.998
94.638061 335.562
94.670291 335.448
94.702481 335.412
94.733695 335.911
94.764821 334.974
94.795952 336.243
94.827236 334.74
94.859721 334.898
94.890902 335.178
94.922122 333.82
94.953366 330.582
94.984648 329.847
95.017172 333.016
95.038141 333.962
95.069287 332.213
95.100661 331.608
95.131939 332.37
95.164452 331.273
95.195566 331.109
95.227025 334.248
95.258165 335.175
95.289483 335.508
95.322004 334.314
95.353186 332.469
95.384459 332.578
95.415775 332.265
95.446979 334.772
95.479355 333.215
95.511776 333.639
95.54295 330.005
95.574142 328.779
95.605254 331.911
95.646555 331.584
95.67899 334.173
95.710206 335.409
95.74163 335.15
95.77279 329.784
95.804143 330.374
95.836673 330.702
95.867943 330.771
95.899226 335.671
95.940822 336.391
95.972261 334.121
96.004786 330.946
96.037405 327.772
96.069628 325.537
96.100764 326.083
96.131969 325.317
96.163294 319.442
96.194612 318.305
96.257659 315.781
96.290208 320.158
96.332884 323.257
96.364184 327.597
96.395436 330.34
96.426696 330.888
96.458027 329.783
96.490408 329.835
96.521615 332.102
96.552812 325.84
96.583977 324.46
96.615185 326.802
96.647691 330.961
96.68907 335.255
96.720382 335.801
96.751564 336.215
96.782822 336.618
96.80512 335.436
96.836437 335.131
96.867705 332.735
96.898901 330.787
96.930203 329.332
96.962736 324.81
97.00424 324.246
97.035468 324.196
97.066725 326.508
97.098071 329.346
97.130523 330.834
97.161739 334.758
97.19296 338.707
97.224314 340.083
97.255588 338.369
97.288148 334.211
97.319417 334.276
97.350738 334.965
97.38198 333.094
97.413264 332.555
97.445776 332.249
97.476981 328.775
97.508297 325.631
97.539544 324.946
97.570839 330.14
97.603175 330.134
97.63433 333.423
97.665498 334.044
97.696653 332.565
97.727906 333.155
97.760329 333.433
97.791524 332.074
97.822714 328.619
97.853952 327.707
97.885204 322.278
97.91755 323.774
97.949981 324.884
97.982078 326.244
98.014459 331.363
98.046826 329.966
98.078034 329.96
98.109218 330.533
98.140397 331.264
98.171637 330.124
98.203934 330.381
98.236437 331.5
98.267618 332.595
98.298855 335.309
98.330154 335.667
98.361464 331.903
98.393932 334.964
98.425208 335.897
98.45644 335.562
98.487622 335.515
98.518895 329.973
98.551449 330.331
98.582762 329.521
98.614026 325.455
98.645278 323.452
98.676604 324.822
98.709123 320.259
98.740349 321.919
98.771594 320.199
98.802835 323.469
98.834151 327.35
98.86659 328.199
98.897882 336.216
98.929183 338.062
98.960435 338.088
98.991717 337.695
99.024194 333.495
99.056636 328.224
99.089051 317.845
99.121399 322.037
99.153816 323.977
99.186178 332.907
99.217412 329.782
99.248683 326.224
99.279926 322.475
99.311229 320.89
99.343682 317.273
99.374949 317.632
99.40619 315.157
99.437531 313.912
99.468776 314.022
99.501227 313.512
99.532444 311.057
99.563671 313.684
99.594917 312.898
99.626211 315.665
99.658823 313.275
99.690044 315.376
99.721332 319.582
99.752557 320.91
99.783818 319.627
99.816292 319.51
99.848771 319.561
99.881393 319.14
99.913803 322.138
99.944948 324.922
99.976158 329.002
100.007353 332.172
