1.3e-05 0.025951
0.032384 0.025701
0.298199 0.032126
0.329276 0.032126
0.370655 0.03004
0.422367 0.02979
0.464889 0.029957
0.526803 0.031375
0.558094 0.033712
0.589364 0.035798
0.630882 0.05232
0.663277 0.066757
0.694542 0.065839
0.725776 0.067925
0.757045 0.069761
0.788385 0.070512
0.8208 0.071096
0.852092 0.074183
0.883422 0.078272
0.914716 0.081193
0.946001 0.083696
0.978241 0.087368
1.009473 0.083112
1.051035 0.08428
1.082373 0.076854
1.12403 0.075685
1.176835 0.067341
1.208187 0.066339
1.239505 0.066006
1.270815 0.072097
1.302134 0.078189
1.334643 0.067174
1.386425 0.074851
1.417763 0.072014
1.44909 0.076854
1.511085 0.07652
1.584371 0.072848
1.646313 0.07385
1.677555 0.074601
1.719027 0.074851
1.750324 0.072681
1.782624 0.074601
1.813872 0.078856
1.865536 0.074684
1.896664 0.07894
1.927755 0.078773
1.960047 0.076687
1.99231 0.077772
2.02479 0.069928
2.271517 0.078773
2.302833 0.072431
2.436087 0.053822
2.640767 0.05449
2.672 0.050902
2.734921 0.052988
2.766156 0.057661
2.797451 0.052487
2.828673 0.054323
2.870121 0.055825
2.912786 0.05716
2.954234 0.074601
3.016032 0.072598
3.047244 0.069928
3.078524 0.068259
3.110958 0.070762
3.142282 0.067424
3.183706 0.068843
3.214859 0.071012
3.246055 0.072765
3.27835 0.069677
3.309678 0.073182
3.34093 0.075852
3.372247 0.07385
3.403317 0.079023
3.476483 0.070762
3.507798 0.070178
3.559537 0.075185
3.590686 0.070011
3.621844 0.064337
3.654054 0.061249
3.695414 0.064587
3.726565 0.060832
3.757705 0.062251
3.788738 0.065588
3.820899 0.065839
3.852149 0.065588
3.883359 0.065588
3.955252 0.060248
4.047357 0.049316
4.110051 0.050151
4.141138 0.050067
4.213025 0.049149
4.254258 0.049817
4.315984 0.053489
4.388823 0.053906
4.44025 0.053489
4.532351 0.051236
4.57368 0.052905
4.61502 0.053656
4.657397 0.057578
4.719201 0.058495
4.770958 0.052237
4.822554 0.061249
4.8435 0.055158
4.916403 0.053656
4.978075 0.055325
5.019185 0.05666
5.080788 0.060832
5.111859 0.055992
5.164526 0.057494
5.215884 0.060832
5.246872 0.059163
5.30854 0.055909
5.349779 0.059747
5.392064 0.060498
5.423246 0.059664
5.484987 0.061249
5.526137 0.061333
5.577552 0.058162
5.640241 0.064921
5.671376 0.063002
5.702392 0.065839
5.753868 0.059664
5.80536 0.061249
5.867916 0.062167
5.898915 0.058162
5.970639 0.064921
6.001664 0.063002
6.032627 0.05933
6.084932 0.064837
6.115934 0.06901
6.15713 0.068926
6.218674 0.069928
6.249649 0.068843
6.302098 0.066006
6.333146 0.068008
6.364223 0.072097
6.395207 0.068926
6.426211 0.06901
6.478728 0.073015
6.509843 0.073015
6.540788 0.0741
6.571744 0.073099
6.612951 0.079441
6.645018 0.074851
6.716785 0.071847
6.768281 0.072848
6.79933 0.070095
6.830491 0.071847
6.862744 0.073683
6.893758 0.069928
6.945144 0.082278
6.976172 0.073683
7.007275 0.074851
7.049554 0.071847
7.080566 0.079441
7.111683 0.080525
7.142882 0.081777
7.174023 0.075435
7.216495 0.073683
7.247541 0.069928
7.288858 0.078773
7.319798 0.079441
7.35079 0.083529
7.382904 0.081777
7.424115 0.08111
7.455166 0.083529
7.496326 0.078773
7.53752 0.079941
7.589869 0.08111
7.621667 0.089204
7.653478 0.0867
7.685246 0.087952
7.717099 0.089204
7.748825 0.087869
7.780561 0.078856
7.812431 0.077939
7.854366 0.083363
7.886153 0.087952
7.917937 0.091874
7.949981 0.087952
7.981865 0.085449
8.023872 0.089204
8.055718 0.079941
8.107863 0.084364
8.138887 0.082445
8.169886 0.081443
8.211105 0.082445
8.242196 0.090038
8.274241 0.086951
8.316396 0.091958
8.348226 0.089371
8.380035 0.090706
8.412117 0.083613
8.454196 0.088202
8.475093 0.0867
8.506127 0.090789
8.537214 0.094628
8.56831 0.090038
8.600371 0.095546
8.632287 0.090706
8.664143 0.092041
8.696092 0.097382
8.728099 0.096714
8.759938 0.095963
8.811328 0.094628
8.842373 0.090789
8.873368 0.091207
8.914615 0.09588
8.946687 0.092041
8.988037 0.09855
9.019054 0.09588
9.050058 0.09855
9.081023 0.097215
9.113182 0.093293
9.14412 0.099968
9.175062 0.09855
9.206017 0.0988
9.236992 0.095212
9.268887 0.090038
9.300819 0.082862
9.332067 0.090205
9.363054 0.090205
9.394054 0.091373
9.42503 0.091373
9.457033 0.088286
9.487986 0.089538
9.518949 0.092542
9.550113 0.091958
9.581086 0.092041
9.613042 0.093209
9.644071 0.093293
9.675098 0.090122
9.706107 0.085783
9.747288 0.085783
9.779374 0.087034
9.810562 0.084698
9.841577 0.087952
9.882717 0.080943
9.913685 0.081026
9.945748 0.090372
9.977581 0.079941
10.029044 0.08862
10.060014 0.085115
10.101282 0.088119
10.152824 0.091874
10.184704 0.087952
10.215691 0.093293
10.246676 0.089204
10.277661 0.0867
10.308661 0.090706
10.350948 0.093293
10.38201 0.091958
10.413083 0.090038
10.444078 0.0867
10.505762 0.088453
10.557952 0.089371
10.58979 0.093293
10.621533 0.089371
10.673569 0.09613
10.704559 0.093293
10.735582 0.089371
10.766747 0.097131
10.797957 0.09855
10.84027 0.090873
10.881486 0.091958
10.922746 0.097131
10.953812 0.097215
10.984928 0.097131
11.016999 0.097131
11.048993 0.094962
11.080938 0.092124
11.143603 0.094544
11.164455 0.09855
11.195561 0.098717
11.226686 0.102221
11.257816 0.097131
11.290022 0.097215
11.321059 0.095963
11.36223 0.09129
11.393237 0.089371
11.424246 0.08428
11.456297 0.092375
11.487254 0.098133
11.518226 0.100469
11.549224 0.10122
11.580213 0.100219
11.612139 0.100886
11.643117 0.093293
11.67407 0.104892
11.705079 0.099635
11.736072 0.109064
11.767975 0.096213
11.798994 0.094878
11.83002 0.094628
11.861048 0.091958
11.89207 0.087034
11.944442 0.08645
11.975395 0.082862
12.026905 0.082361
12.057915 0.08645
12.088931 0.090539
12.120925 0.080442
12.162173 0.083279
12.193189 0.088036
12.224202 0.090539
12.295958 0.085198
12.348411 0.090622
12.380232 0.085198
12.412081 0.089204
12.44395 0.081026
12.486021 0.08378
12.517917 0.08428
12.559063 0.085449
12.590011 0.0867
12.651518 0.093293
12.692749 0.089204
12.724831 0.079441
12.828023 0.088453
12.859086 0.088953
12.879889 0.093293
12.921102 0.090789
12.952204 0.094628
12.994435 0.094628
13.026526 0.09371
13.05845 0.086367
13.150402 0.088036
13.232323 0.090873
13.263357 0.086367
13.294412 0.085282
13.326426 0.082361
13.378692 0.089037
13.410581 0.08136
13.49252 0.084614
13.523535 0.089704
13.554538 0.088036
13.585527 0.093293
13.617533 0.089037
13.669625 0.085031
13.721741 0.089538
13.753564 0.097215
13.785327 0.090873
13.817058 0.086784
13.848786 0.102388
13.880473 0.093293
13.912304 0.105392
13.94407 0.101053
13.975815 0.093293
14.007624 0.094544
14.039401 0.095462
14.081306 0.096964
14.113036 0.094544
14.145068 0.095212
14.176828 0.093293
14.207816 0.088703
14.248973 0.09104
14.280025 0.092124
14.311178 0.089788
14.343234 0.087702
14.375061 0.093293
14.407068 0.095546
14.438926 0.098299
14.491109 0.098299
14.522074 0.101053
14.553088 0.089371
14.584069 0.095462
14.615124 0.09396
14.647304 0.09371
14.698725 0.093376
14.729708 0.095713
14.760669 0.099635
14.801874 0.095713
14.834028 0.095796
14.865281 0.093293
14.896351 0.096964
14.927375 0.093793
14.968812 0.104475
15.000893 0.097966
15.031979 0.104558
15.063033 0.103139
15.094135 0.101804
15.125264 0.103056
15.167614 0.098884
15.22928 0.094044
15.260322 0.094211
15.291415 0.09588
15.332741 0.095629
15.364883 0.095129
15.395885 0.100302
15.426855 0.096297
15.457857 0.092709
15.51943 0.092041
15.551582 0.099551
15.582599 0.095713
15.623715 0.101554
15.65471 0.093877
15.716276 0.096964
15.748367 0.097215
15.789531 0.0988
15.820519 0.083947
15.851502 0.078022
15.882581 0.081026
15.934968 0.077939
15.966881 0.085866
15.997859 0.090205
16.029006 0.089371
16.080608 0.085783
16.111589 0.093293
16.14369 0.076603
16.2165 0.085783
16.248331 0.082528
16.279344 0.09129
16.310363 0.083947
16.341368 0.085866
16.37239 0.082528
16.404422 0.085532
16.435402 0.082111
16.476619 0.081443
16.507726 0.079023
16.538751 0.084114
16.591341 0.086951
16.674179 0.088202
16.706165 0.085449
16.737184 0.087618
16.798706 0.085031
16.829862 0.087285
16.901548 0.093293
16.933618 0.085031
16.985017 0.094544
17.015991 0.095796
17.047208 0.089788
17.129159 0.08862
17.161382 0.093877
17.193253 0.094628
17.225025 0.099635
17.256723 0.088536
17.298796 0.101804
17.330592 0.099885
17.403524 0.092792
17.46494 0.098383
17.495967 0.097298
17.527014 0.099468
17.558017 0.098383
17.610349 0.094544
17.641443 0.102472
17.672401 0.099718
17.703361 0.095963
17.734447 0.103974
17.766523 0.096964
17.798291 0.104057
17.83019 0.101804
17.861944 0.100719
17.934338 0.102221
17.955239 0.099551
18.027075 0.109565
18.068273 0.106477
18.099322 0.100719
18.131493 0.104975
18.163419 0.102221
18.204672 0.104892
18.235657 0.097048
18.266661 0.093293
18.348563 0.092208
18.380651 0.097966
18.412567 0.097465
18.443549 0.107479
18.474766 0.108814
18.505898 0.103139
18.536872 0.106644
18.579082 0.111901
18.620324 0.093293
18.682011 0.093877
18.712998 0.105893
18.744032 0.099217
18.806675 0.100719
18.837683 0.090956
18.878892 0.095129
18.910033 0.097799
18.941085 0.096881
18.973215 0.109732
19.004212 0.114321
19.035266 0.106811
19.066328 0.112652
19.097427 0.100719
19.180488 0.107145
19.211545 0.105726
19.242693 0.109648
19.294134 0.111734
19.325345 0.110483
19.357497 0.107395
19.388631 0.10122
19.419834 0.106227
19.450915 0.109064
19.481959 0.11115
19.513957 0.113487
19.545131 0.113487
19.566033 0.107645
19.597215 0.108313
19.628388 0.114989
19.66068 0.119912
19.691832 0.110816
19.723067 0.103807
19.754238 0.105226
19.785436 0.106728
19.817662 0.108063
19.848708 0.113987
19.879815 0.10848
19.91106 0.10873
19.932085 0.103056
19.984868 0.10606
20.01615 0.106394
20.047457 0.107645
20.078773 0.115323
20.110069 0.112652
20.142507 0.111567
20.173822 0.107312
20.205116 0.11115
20.236408 0.106477
20.277929 0.090789
20.401684 0.095963
20.434062 0.09613
20.465325 0.093293
20.496568 0.0988
20.527846 0.0988
20.569344 0.089538
20.652729 0.072681
20.736047 0.082445
20.768213 0.074434
20.79945 0.072515
20.830676 0.076019
20.86197 0.077939
20.893312 0.072598
20.925752 0.074017
20.957019 0.072515
20.988262 0.08887
21.019607 0.0988
21.050932 0.088202
21.083329 0.09588
21.114658 0.08862
21.145951 0.088787
21.177297 0.089037
21.218836 0.08912
21.251237 0.089204
21.282637 0.08862
21.324196 0.093042
21.355542 0.090622
21.386944 0.099968
21.419409 0.093376
21.450718 0.09588
21.481962 0.087451
21.533572 0.095796
21.564792 0.097048
21.597174 0.090956
21.629622 0.093293
21.662006 0.09638
21.694296 0.094544
21.726664 0.090873
21.758913 0.088119
21.82167 0.094461
21.864212 0.09154
21.896536 0.093293
21.949156 0.089204
21.981517 0.091123
22.013946 0.094544
22.046333 0.091874
22.078773 0.084948
22.130515 0.087201
22.161839 0.087535
22.193127 0.090372
22.224436 0.092208
22.25671 0.095796
22.288043 0.096213
22.319413 0.088787
22.360833 0.097715
22.392139 0.093793
22.42449 0.085699
22.48642 0.082194
22.568555 0.08161
22.599686 0.07385
22.630817 0.080525
22.673271 0.072848
22.704528 0.073516
22.745861 0.072014
22.797495 0.072681
22.869427 0.065588
22.922212 0.068259
22.973994 0.060832
23.035751 0.065088
23.067113 0.070762
23.098481 0.070011
23.130893 0.067424
23.16225 0.074601
23.193593 0.072681
23.225026 0.079941
23.256221 0.068259
23.298778 0.062918
23.350445 0.066506
23.381802 0.063669
23.4538 0.073516
23.484954 0.070929
23.527311 0.076353
23.558471 0.075352
23.599738 0.070178
23.651156 0.07385
23.712745 0.070929
23.745044 0.078856
23.777343 0.076854
23.828857 0.076353
23.860072 0.084364
23.891198 0.076937
23.963213 0.07435
23.995358 0.076103
24.036602 0.08161
24.067707 0.082111
24.09881 0.083279
24.129876 0.086784
24.182502 0.072681
24.244188 0.075352
24.275346 0.075685
24.306614 0.076353
24.358136 0.080025
24.39034 0.081026
24.431691 0.078356
24.472903 0.081443
24.50389 0.079441
24.534945 0.076019
24.587455 0.07919
24.618483 0.078439
24.649529 0.083529
24.680583 0.070011
24.732067 0.078272
24.764295 0.077104
24.785221 0.07919
24.816428 0.080192
24.847507 0.07627
24.878706 0.075435
24.911062 0.072515
24.94341 0.078773
24.975686 0.07869
25.007847 0.084948
25.040215 0.079691
25.072368 0.075352
25.113727 0.077188
25.144868 0.073766
25.18619 0.072848
25.217254 0.063419
25.290115 0.068008
25.321134 0.065171
25.352165 0.062334
25.383167 0.066256
25.414175 0.068008
25.446118 0.067925
25.477273 0.071012
25.508224 0.068843
25.539229 0.061333
25.58038 0.06175
25.642868 0.055992
25.694173 0.051987
25.735323 0.055158
25.817209 0.051653
25.868589 0.046062
25.93133 0.045645
26.053981 0.060248
26.08519 0.055158
26.177318 0.056743
26.238999 0.053155
26.311969 0.04431
26.373437 0.048482
26.424836 0.047731
26.455868 0.042557
26.517448 0.052237
26.549769 0.047147
26.591018 0.045561
26.663111 0.055241
26.694204 0.055241
26.745686 0.055992
26.788072 0.045895
26.890539 0.055992
26.921577 0.050568
26.9629 0.048816
27.014284 0.055992
27.056666 0.055241
27.09792 0.056743
27.159559 0.056743
27.221106 0.05666
27.282685 0.056743
27.31474 0.059914
27.356015 0.055992
27.407369 0.060164
27.458713 0.053489
27.540645 0.057995
27.572924 0.05666
27.614089 0.061333
27.645098 0.057411
27.7069 0.051486
27.788745 0.063753
27.841098 0.05716
27.872101 0.061416
27.91327 0.063753
27.9443 0.068092
28.005752 0.064587
28.037562 0.057911
28.119372 0.050902
28.160618 0.058162
28.191637 0.064587
28.232806 0.068676
28.264886 0.068008
28.316276 0.068092
28.357808 0.067174
28.388845 0.075185
28.450469 0.0741
28.502833 0.070929
28.533843 0.065004
28.585342 0.065422
28.646889 0.068926
28.677927 0.070011
28.709885 0.067424
28.771446 0.072681
28.802475 0.075602
28.833572 0.079941
28.864637 0.077688
28.896688 0.078773
28.937887 0.069928
28.989258 0.06901
29.020258 0.065505
29.071566 0.068926
29.103685 0.060915
29.134656 0.066173
29.165595 0.067508
29.206698 0.071847
29.237717 0.070929
29.269671 0.074851
29.3007 0.064671
29.331865 0.069844
29.363015 0.072181
29.393985 0.073015
29.446633 0.072681
29.498091 0.067257
29.529106 0.061333
29.570334 0.064921
29.611587 0.065839
29.66425 0.058996
29.695362 0.065004
29.726589 0.064837
29.757746 0.066924
29.799126 0.067842
29.83144 0.071012
29.862626 0.068926
29.934389 0.062167
29.996238 0.053656
30.058241 0.057578
30.100871 0.055158
30.132199 0.060248
30.183811 0.05933
30.215062 0.064504
30.246381 0.064587
30.278847 0.065588
30.320404 0.057578
30.412491 0.059998
30.453863 0.05933
30.505496 0.059163
30.537819 0.065839
30.569119 0.067925
30.600403 0.065171
30.631692 0.070011
30.662997 0.070011
30.725882 0.064003
30.757203 0.069928
30.808935 0.0741
30.850456 0.070929
30.881599 0.070011
30.913933 0.065422
30.955482 0.068092
30.996979 0.068092
31.028309 0.06901
31.090313 0.069928
31.122748 0.069928
31.154031 0.0741
31.185366 0.073015
31.226975 0.0741
31.258321 0.065422
31.290805 0.072681
31.332226 0.072681
31.373774 0.075602
31.405045 0.076687
31.436328 0.075685
31.489184 0.079941
31.52042 0.08111
31.551704 0.076603
31.603358 0.077772
31.654863 0.074601
31.687085 0.072681
31.71825 0.076687
31.749345 0.078856
31.780517 0.075685
31.811804 0.07193
31.844196 0.079941
31.875433 0.079941
31.906776 0.079941
31.938082 0.082111
31.979599 0.085532
32.012015 0.084364
32.04325 0.085532
32.074584 0.084364
32.105875 0.0867
32.137097 0.085532
32.16944 0.085532
32.200693 0.077939
32.252398 0.084364
32.283766 0.079941
32.315112 0.082111
32.33732 0.084865
32.368681 0.085532
32.39995 0.087869
32.431187 0.0867
32.492975 0.089454
32.525309 0.089371
32.557687 0.081527
32.588989 0.088202
32.620246 0.080442
32.682116 0.088119
32.713297 0.083696
32.74552 0.083696
32.777804 0.085783
32.809015 0.090706
32.840197 0.087952
32.871338 0.08862
32.922887 0.092625
32.965396 0.083947
33.008073 0.083947
33.233921 0.093293
33.275352 0.090789
33.306529 0.089621
33.337734 0.089871
33.369018 0.099635
33.401324 0.055074
33.565078 0.068342
33.596439 0.071763
33.627758 0.071763
33.669275 0.069928
33.701477 0.074267
33.732736 0.071179
33.764035 0.071597
33.79537 0.073266
33.816437 0.073015
33.848906 0.075852
33.880114 0.108647
33.911251 0.099718
33.942483 0.092041
33.973767 0.095462
34.006136 0.093626
34.037386 0.094962
34.06843 0.093293
34.089415 0.094962
34.120589 0.094461
34.152826 0.088703
34.204461 0.097048
34.235642 0.102555
34.266902 0.101554
34.29819 0.102722
34.330348 0.103139
34.352114 0.103139
34.384151 0.104475
34.416393 0.10339
34.45889 0.105977
34.490011 0.10389
34.521161 0.097131
34.552281 0.098633
34.613925 0.109565
34.646066 0.096797
34.687404 0.094711
34.72866 0.09613
34.759717 0.095045
34.780541 0.094962
34.812661 0.092041
34.855183 0.093877
34.886268 0.089955
34.917386 0.093877
34.948473 0.100469
34.979635 0.104475
35.011946 0.097215
35.043165 0.102555
35.074383 0.10364
35.136174 0.09346
35.177664 0.094795
35.240619 0.095963
35.273067 0.094878
35.32474 0.091958
35.396648 0.089371
35.427855 0.092291
35.46918 0.095963
35.501372 0.101721
35.533574 0.098717
35.576128 0.093293
35.618697 0.091958
35.681469 0.089371
35.713503 0.094628
35.745402 0.093293
35.777194 0.090789
35.809002 0.099968
35.840705 0.097131
35.872469 0.093293
35.904169 0.098717
35.936034 0.101387
35.967772 0.097215
35.999505 0.104224
36.03134 0.101387
36.083534 0.097131
36.115359 0.105977
36.147319 0.099968
36.179389 0.091373
36.211692 0.101721
36.243552 0.101804
36.275375 0.106978
36.307137 0.102472
36.338958 0.102472
36.371098 0.101721
36.402971 0.098383
36.445051 0.101053
36.476051 0.098383
36.507017 0.099968
36.538068 0.102472
36.56904 0.102055
36.601038 0.102472
36.632913 0.105309
36.663889 0.102221
36.715331 0.102138
36.766821 0.109565
36.797816 0.102138
36.829932 0.110316
36.860976 0.115907
36.891981 0.0
36.933549 0.110733
36.96455 0.109732
37.006791 0.103557
37.037831 0.10147
37.068973 0.108146
37.100272 0.104057
37.131241 0.107395
37.163285 0.109064
37.194305 0.104475
37.225288 0.104558
37.25622 0.103557
37.317751 0.113487
37.349851 0.11357
37.380885 0.107061
37.412134 0.107812
37.453224 0.109481
37.494665 0.106394
37.547007 0.108563
37.578037 0.110483
37.609251 0.094044
37.670825 0.103139
37.701793 0.10147
37.73396 0.103223
37.765006 0.10581
37.796001 0.104308
37.837171 0.105977
37.868196 0.108897
37.940978 0.112736
37.9729 0.11115
38.004031 0.100886
38.035167 0.095212
38.076371 0.09638
38.127809 0.093376
38.159724 0.097131
38.191559 0.099217
38.223356 0.099217
38.255235 0.102305
38.276891 0.101053
38.308664 0.110316
38.340407 0.102972
38.372381 0.090789
38.404378 0.09346
38.436098 0.098717
38.467834 0.098633
38.498951 0.096547
38.530096 0.097715
38.561038 0.093209
38.592072 0.100219
38.623863 0.097548
38.654947 0.09588
38.685969 0.093209
38.737535 0.096213
38.758343 0.101053
38.790412 0.102555
38.822169 0.10147
38.853951 0.101387
38.895208 0.09905
38.926233 0.090622
38.957194 0.094628
38.988342 0.088202
39.020221 0.087618
39.052122 0.094628
39.08311 0.093293
39.114115 0.097465
39.145146 0.09905
39.176114 0.088202
39.218348 0.094628
39.249658 0.094628
42.560757 0.106143
42.59176 0.104558
42.62278 0.106894
42.654752 0.106728
42.685772 0.113403
42.747245 0.115656
42.77834 0.112068
42.809417 0.112652
42.841178 0.102889
42.872295 0.110816
42.903234 0.109231
42.954737 0.116324
42.985678 0.117492
43.027778 0.116825
43.058772 0.115489
43.089772 0.113987
43.151196 0.119161
43.192458 0.118911
43.244742 0.125586
43.275779 0.125336
43.337457 0.115656
43.368465 0.119996
43.430082 0.120913
43.482626 0.120913
43.513726 0.119078
43.565148 0.115489
43.596244 0.115823
43.667994 0.118577
43.700257 0.122082
43.741641 0.12325
43.813445 0.131678
43.875268 0.128924
43.936916 0.123167
44.019923 0.132262
44.051079 0.126671
44.082051 0.131511
44.113163 0.132679
44.144312 0.131011
44.176258 0.125586
44.207581 0.124418
44.238857 0.126338
44.26982 0.126671
44.300902 0.123584
44.332971 0.126588
44.363977 0.14311
44.395066 0.134849
44.43628 0.136101
44.467289 0.139689
44.499417 0.138938
44.530394 0.139021
44.581757 0.143778
44.612737 0.14553
44.643758 0.143694
44.67584 0.143527
44.706932 0.142109
44.737888 0.143027
44.768847 0.146198
44.800025 0.146281
44.832031 0.153958
44.863084 0.150954
44.894058 0.134515
44.976073 0.145614
45.007115 0.150287
45.039234 0.157797
45.070245 0.155127
45.111445 0.155377
45.142405 0.155627
45.173501 0.156962
45.205677 0.157296
45.236845 0.131928
45.288508 0.14528
45.329694 0.146865
45.360879 0.150954
45.392966 0.143861
45.424057 0.142443
45.455059 0.150871
45.486028 0.141859
45.516993 0.14553
45.54891 0.145447
45.579881 0.1477
45.610861 0.152623
45.6419 0.1598
45.672958 0.166559
45.705054 0.163888
45.736065 0.16222
45.767069 0.167727
45.798077 0.16489
45.829214 0.164639
45.861318 0.164222
45.902818 0.164556
45.933768 0.163638
45.965085 0.168311
45.996135 0.16998
46.028081 0.168645
46.05912 0.170564
46.090062 0.171899
46.121081 0.175738
46.152069 0.172901
46.184023 0.172483
46.215034 0.169229
46.246061 0.169563
46.277049 0.170314
46.308063 0.173151
46.339863 0.176489
46.371208 0.175487
46.432788 0.177407
46.463765 0.176405
46.494768 0.181746
46.526719 0.174069
46.557655 0.179326
46.588603 0.187253
46.619598 0.183916
46.650597 0.182747
46.682821 0.184333
46.714012 0.184166
46.745038 0.188839
46.7761 0.190758
46.807122 0.187087
46.839004 0.186669
46.869968 0.188672
46.901037 0.179076
46.932071 0.190925
46.963173 0.190508
46.995113 0.188004
47.026061 0.188589
47.057012 0.184166
47.088012 0.185334
47.119087 0.185334
47.151128 0.185585
47.182195 0.185418
47.21313 0.19201
47.244288 0.187587
47.275262 0.189423
47.307171 0.196266
47.338291 0.19685
47.369719 0.191009
47.400764 0.195598
47.431779 0.199103
47.463968 0.196182
47.49497 0.196766
47.526186 0.195682
47.557221 0.176405
47.588297 0.181245
47.620481 0.17457
47.651479 0.181996
47.68246 0.175404
47.713462 0.161886
47.744485 0.159883
47.776576 0.151205
47.807641 0.155961
47.838829 0.164556
47.869897 0.159966
47.900869 0.155961
47.932998 0.174903
47.964118 0.167977
47.99526 0.17482
48.026367 0.168645
48.057441 0.192427
48.089362 0.178575
48.120344 0.188088
48.151381 0.173151
48.182484 0.164639
48.21344 0.151872
48.255631 0.15254
48.286682 0.141859
48.317643 0.141859
48.348617 0.137853
48.379596 0.153541
48.411624 0.158047
48.442711 0.150787
48.473639 0.145196
48.504591 0.158381
48.535604 0.168311
48.567712 0.170814
48.598764 0.163805
48.629788 0.174486
48.660841 0.155043
48.742866 0.153791
48.774873 0.15037
48.805878 0.14553
48.836846 0.146782
48.867894 0.146031
48.898949 0.156879
48.930996 0.166392
48.962026 0.165808
48.993014 0.171315
49.024049 0.155043
49.055102 0.157797
49.087161 0.159215
49.118184 0.152623
49.169536 0.16781
49.200752 0.164806
49.241897 0.171148
49.274071 0.152957
49.30522 0.165474
49.336204 0.156712
49.367251 0.161135
49.398344 0.174319
49.430479 0.171983
49.461544 0.156295
49.492617 0.177073
49.52376 0.170648
49.554846 0.115573
49.780267 0.146448
49.811307 0.184416
49.842407 0.184416
49.883624 0.188004
49.914801 0.086367
50.211271 0.094461
50.242336 0.083529
50.283672 0.094294
50.314818 0.107395
50.345844 0.109481
50.377922 0.115239
50.409031 0.118827
50.440078 0.119578
50.471062 0.134348
50.542765 0.152623
50.57488 0.15546
50.606764 0.146448
50.637722 0.144779
50.6891 0.153374
50.720157 0.145447
50.751249 0.147032
50.783325 0.153625
50.815391 0.149869
50.86683 0.182163
50.908013 0.18016
50.939053 0.181746
50.970098 0.186586
51.002309 0.178742
51.033401 0.189006
51.064442 0.173151
51.095463 0.189173
51.116367 0.188004
51.148462 0.180578
51.17948 0.184249
51.210444 0.192677
51.241378 0.191509
51.272328 0.188505
51.304451 0.191676
51.335416 0.188255
51.366356 0.190675
51.397418 0.194764
51.428594 0.19927
51.46077 0.19443
51.491843 0.196266
51.522936 0.132095
51.676238 0.136518
51.707329 0.138604
51.739491 0.160217
51.770596 0.179576
51.80169 0.185418
51.842986 0.142693
51.996102 0.141775
52.028135 0.140106
52.059185 0.143611
52.090174 0.14286
52.121235 0.132679
52.152226 0.134348
52.184328 0.119078
52.215355 0.110316
52.246336 0.113904
52.277333 0.116324
52.308339 0.119996
52.340294 0.152873
52.37124 0.170814
52.402203 0.175821
52.433177 0.169479
52.464148 0.172483
52.49614 0.17699
52.527135 0.185585
52.558095 0.188922
52.589066 0.178825
52.620032 0.17991
52.652148 0.108897
52.886577 0.125753
52.917552 0.136184
52.948515 0.151288
52.979603 0.079774
53.265943 0.081276
53.296961 0.066924
53.328185 0.05666
53.359214 0.067341
53.390208 0.073182
53.422187 0.080525
53.453263 0.085699
53.484302 0.082194
53.515278 0.089538
53.546274 0.092041
53.568073 0.092542
53.599074 0.123834
53.630136 0.147366
53.661161 0.142943
53.712525 0.14286
53.744702 0.1482
53.775682 0.142526
53.816871 0.150287
53.847867 0.148367
53.879156 0.15788
53.90099 0.164222
53.94219 0.162887
53.97323 0.169312
54.004247 0.173485
54.03522 0.175321
54.06739 0.179326
54.098376 0.171232
54.12935 0.168228
54.160314 0.17023
54.191319 0.166225
54.223412 0.16731
54.254369 0.175321
54.28536 0.165891
54.31639 0.173401
54.347443 0.169229
54.379515 0.174903
54.410634 0.172817
54.451905 0.160968
54.483075 0.173318
54.514143 0.192928
54.546391 0.190591
54.577404 0.180995
54.60851 0.169897
54.639656 0.173318
54.670762 0.161886
54.702906 0.159966
54.744218 0.14553
54.775216 0.142276
54.816551 0.142776
54.878283 0.15062
54.910366 0.153374
54.941335 0.153958
54.972403 0.160968
55.003557 0.167059
55.034637 0.168812
55.066855 0.171983
55.097865 0.183999
55.128824 0.175905
55.159808 0.173568
55.190969 0.165224
55.233424 0.160133
55.264431 0.158882
55.295369 0.145196
55.356882 0.156629
55.387925 0.157296
55.430149 0.157546
55.461156 0.159966
55.492271 0.154459
55.523336 0.166308
55.554406 0.172817
55.586615 0.171482
55.61763 0.178158
55.648765 0.156462
55.690022 0.16489
55.721076 0.166642
55.753212 0.170564
55.784266 0.164806
55.805067 0.171566
55.836074 0.166642
55.867299 0.159966
55.899438 0.158882
55.930458 0.158882
55.96147 0.149619
56.002906 0.162136
56.033883 0.148785
56.065849 0.144445
56.107195 0.149619
56.148386 0.162303
56.17937 0.157296
56.210466 0.166141
56.242903 0.156629
56.273837 0.157213
56.304815 0.162136
56.335773 0.167143
56.356556 0.178742
56.388507 0.174486
56.419565 0.192427
56.450587 0.190842
56.481637 0.179827
56.512673 0.171649
56.544677 0.150203
56.62649 0.167644
56.65762 0.180912
56.678449 0.181496
56.709462 0.175571
56.741645 0.180244
56.772644 0.171566
56.803717 0.185918
56.834707 0.183832
56.865755 0.190174
56.897836 0.178408
56.929028 0.160133
56.960065 0.171482
56.99106 0.174987
57.012015 0.174903
57.04419 0.165975
57.07515 0.172066
57.106287 0.167977
57.13729 0.168144
57.168415 0.159382
57.200356 0.158715
57.23134 0.151038
57.262306 0.159132
57.293573 0.153708
57.324591 0.15254
57.356513 0.154876
57.387514 0.146615
57.408394 0.149619
57.470016 0.156712
57.501206 0.16222
57.543245 0.169563
57.574224 0.174236
57.605237 0.176656
57.636216 0.16973
57.667272 0.159966
57.699115 0.174987
57.730338 0.149452
57.802099 0.144612
57.83305 0.149869
57.864022 0.149452
57.89606 0.160217
57.927053 0.166726
57.958053 0.153374
57.989025 0.146865
58.030485 0.159549
58.062592 0.156545
58.093562 0.169229
58.134771 0.153124
58.165754 0.154542
58.19682 0.157296
58.228654 0.157546
58.259664 0.159132
58.290668 0.150203
58.321669 0.151121
58.352636 0.16272
58.384624 0.168311
58.415596 0.161552
58.446594 0.170147
58.477635 0.163221
58.508645 0.162053
58.540913 0.167727
58.571921 0.161135
58.602977 0.147616
58.633976 0.151121
58.665085 0.153625
58.696981 0.147199
58.728062 0.146698
58.759066 0.151789
58.790016 0.167059
58.821047 0.156128
58.853 0.163805
58.884056 0.168061
58.915019 0.167059
58.945988 0.16247
58.977029 0.161302
59.029342 0.171899
59.060326 0.167059
59.101444 0.185167
59.132426 0.156378
59.183754 0.174987
59.215823 0.173068
59.246798 0.167143
59.287918 0.173234
59.329119 0.168061
59.360111 0.179994
59.392208 0.175571
59.423216 0.17724
59.454272 0.154459
59.515803 0.170147
59.546982 0.163555
59.579107 0.169479
59.610147 0.170648
59.641238 0.171983
59.672298 0.172984
59.703312 0.169396
59.735478 0.170564
59.76652 0.163888
59.797514 0.166225
59.828559 0.172567
59.859643 0.17699
59.891794 0.175487
59.922839 0.172483
59.953851 0.176739
59.984835 0.168228
60.016066 0.169897
60.048388 0.169062
60.079398 0.162971
60.110477 0.174403
60.131321 0.175237
60.172784 0.165557
60.214975 0.17749
60.245949 0.182163
60.276998 0.179409
60.308078 0.174903
60.339057 0.173485
60.370997 0.182414
60.402012 0.168728
60.433032 0.175821
60.464014 0.186169
60.495019 0.181746
60.527054 0.195097
60.558094 0.18016
60.589212 0.171148
60.640589 0.180745
60.671784 0.186669
60.703689 0.190758
60.734698 0.17724
60.76575 0.185334
60.797006 0.184416
60.828194 0.194263
60.860158 0.182664
60.901541 0.191342
60.932545 0.168561
60.963527 0.175487
60.994578 0.162971
61.036994 0.171482
61.06798 0.182831
61.088788 0.187003
61.119913 0.185501
61.15092 0.180828
61.182955 0.179743
61.213922 0.182747
61.244905 0.174486
61.286192 0.177991
61.317148 0.1971
61.349165 0.173652
61.380226 0.173735
61.41149 0.175154
61.442464 0.177991
61.473495 0.175237
61.505547 0.179076
61.536733 0.17966
61.567703 0.171983
61.598794 0.154292
61.629802 0.15012
61.661746 0.122332
61.733551 0.154709
61.764787 0.177073
61.795855 0.175404
61.826897 0.176656
61.858811 0.173318
61.889805 0.174069
61.920777 0.164055
61.992416 0.141608
62.064219 0.139856
62.096282 0.131511
62.12731 0.125336
62.168536 0.129175
62.199503 0.136685
62.23059 0.153625
62.262727 0.156295
62.314125 0.167143
62.355317 0.205612
62.396597 0.188004
62.427571 0.175821
62.480119 0.193262
62.511096 0.200605
62.542133 0.188839
62.573082 0.186586
62.604228 0.182664
62.636124 0.174319
62.677602 0.184166
62.70861 0.188088
62.739639 0.195932
62.770646 0.198268
62.802416 0.186002
62.833435 0.182998
62.874627 0.190258
62.905571 0.180995
62.936593 0.187337
62.968726 0.188672
62.999732 0.193595
63.030927 0.168645
63.092412 0.164055
63.123497 0.181078
63.155378 0.197267
63.186375 0.197935
63.217343 0.204944
63.248356 0.198686
63.279402 0.187504
63.321489 0.178825
63.362904 0.177824
63.393851 0.15279
63.424829 0.139188
63.506824 0.151872
63.53873 0.161635
63.569721 0.161302
63.600802 0.155293
63.632001 0.162637
63.662988 0.170481
63.695362 0.168061
63.726399 0.187253
63.757374 0.17991
63.829166 0.188338
63.850335 0.161051
63.892691 0.165641
63.923709 0.16514
63.954782 0.171649
63.985813 0.166809
64.016972 0.167143
64.049063 0.16272
64.080112 0.168311
64.111149 0.17023
64.142221 0.185751
64.173217 0.194847
64.205232 0.186669
64.236224 0.190341
64.267271 0.190258
64.298348 0.190591
64.329332 0.182163
64.392069 0.194096
64.423036 0.177156
64.484606 0.172901
64.525732 0.185918
64.556942 0.19418
64.589262 0.196266
64.620265 0.193595
64.651336 0.199437
64.6824 0.179076
64.713442 0.181329
64.745339 0.185334
64.776411 0.186502
64.807401 0.188839
64.838412 0.182664
64.869402 0.190341
64.901478 0.188589
64.932455 0.165975
64.983917 0.160968
65.01502 0.170564
65.04605 0.187754
65.078039 0.189006
65.109099 0.196182
65.140137 0.19443
65.171125 0.209951
65.2022 0.207531
65.234306 0.206613
65.265328 0.207197
65.296478 0.190591
65.327491 0.193929
65.358506 0.203192
65.390527 0.196766
65.421522 0.196683
65.452564 0.195348
65.483592 0.174987
65.535045 0.160384
65.577242 0.163722
65.608198 0.147449
65.649662 0.145697
65.680732 0.157713
65.711706 0.15738
65.764035 0.183248
65.79507 0.205361
65.826067 0.196015
65.867226 0.179076
65.928846 0.181746
65.960745 0.157463
65.991715 0.161635
66.02277 0.154042
66.053722 0.140607
66.084693 0.136435
66.1167 0.126588
66.147745 0.129425
66.188959 0.129425
66.20975 0.141525
66.240755 0.146782
66.272518 0.142109
66.334299 0.161051
66.365316 0.168144
66.396268 0.177574
66.427255 0.188589
66.459287 0.186169
66.490357 0.180661
66.521325 0.194597
66.552383 0.179076
66.593514 0.153291
66.655981 0.147283
66.697224 0.150203
66.728246 0.145697
66.759256 0.141859
66.780074 0.149369
66.811957 0.1477
66.843252 0.144529
66.87428 0.147283
66.905263 0.147116
66.936238 0.153374
66.968036 0.157129
67.009122 0.173485
67.040075 0.175487
67.071036 0.169146
67.102055 0.172901
67.134205 0.164473
67.165219 0.169062
67.196209 0.174486
67.227222 0.168895
67.268356 0.176739
67.300367 0.159966
67.351672 0.180077
67.382637 0.178992
67.413587 0.183999
67.44464 0.177574
67.476573 0.18016
67.507523 0.171399
67.548684 0.171899
67.579623 0.176572
67.610627 0.181496
67.642526 0.169396
67.673639 0.171065
67.704927 0.17023
67.736054 0.165724
67.767124 0.173151
67.799299 0.175154
67.830297 0.17699
67.861272 0.17966
67.892384 0.17966
67.923386 0.190174
67.955492 0.18016
67.986481 0.190007
68.017516 0.183832
68.058757 0.183916
68.089757 0.184082
68.12179 0.181829
68.153048 0.181913
68.184116 0.188004
68.215161 0.184583
68.246261 0.179576
68.268144 0.177073
68.299268 0.157546
68.39143 0.168228
68.452939 0.169563
68.484003 0.170397
68.516009 0.161719
68.546992 0.156295
68.577934 0.161051
68.608927 0.167393
68.639878 0.169396
68.671902 0.152623
68.702934 0.171899
68.733956 0.184082
68.765125 0.161969
68.796099 0.156295
68.838357 0.157546
68.869405 0.1603
68.9107 0.163555
68.941789 0.156295
68.98301 0.161468
69.015107 0.167477
69.046133 0.171566
69.077352 0.159883
69.108365 0.168228
69.139371 0.179576
69.171313 0.18016
69.20229 0.180244
69.243503 0.188171
69.274488 0.185418
69.305495 0.18233
69.337473 0.18692
69.36862 0.179159
69.409921 0.170063
69.440971 0.180077
69.472163 0.187087
69.50433 0.188755
69.535387 0.189173
69.566359 0.163972
69.668631 0.157213
69.699685 0.17482
69.731635 0.179409
69.762663 0.178575
69.83428 0.189173
69.865216 0.193262
69.896349 0.192511
69.928366 0.191593
69.959344 0.172567
69.990522 0.172483
70.031658 0.179243
70.072861 0.179243
70.1047 0.186002
70.135693 0.181829
70.166734 0.180327
70.207926 0.172567
70.239063 0.167894
70.271072 0.176322
70.302199 0.187337
70.33329 0.188589
70.364238 0.208115
70.395281 0.200104
70.427382 0.202107
70.458394 0.205361
70.489354 0.189924
70.55085 0.183248
70.581831 0.183582
70.613876 0.188255
70.644948 0.176072
70.67598 0.17749
70.717352 0.187253
70.748352 0.190174
70.7802 0.183165
70.811249 0.171732
70.85242 0.186836
70.883392 0.198101
70.914413 0.18934
70.94635 0.180244
70.97733 0.177657
71.008358 0.18258
71.039323 0.191342
71.070372 0.181412
71.102375 0.176322
71.133391 0.173652
71.164432 0.181162
71.19546 0.200605
71.226454 0.196099
71.258385 0.194764
71.279189 0.190341
71.310146 0.194513
71.341159 0.192594
71.372159 0.195181
71.404135 0.19176
71.4351 0.184166
71.476299 0.192511
71.50733 0.1971
71.538262 0.200188
71.57029 0.199937
71.601513 0.199687
71.632547 0.195598
71.663472 0.201106
71.694422 0.201272
71.726481 0.196433
71.767794 0.194096
71.809032 0.199604
71.840141 0.198185
71.871248 0.205028
71.9036 0.190341
71.934754 0.188755
71.97602 0.188589
72.02743 0.201356
72.058518 0.200021
72.090767 0.198185
72.121866 0.20169
72.152933 0.213038
72.184037 0.201606
72.215132 0.20945
72.247319 0.209951
72.278293 0.198936
72.30928 0.206696
72.340248 0.196266
72.381376 0.20219
72.41341 0.196099
72.444358 0.207948
72.47531 0.205278
72.516471 0.202858
72.547439 0.195014
72.579506 0.202775
72.610473 0.203275
72.641458 0.200021
72.672419 0.201523
72.703412 0.211369
72.735482 0.207614
72.76646 0.207114
72.797461 0.210869
72.828448 0.213539
72.859413 0.20703
72.891402 0.211954
72.922363 0.208699
72.953344 0.194013
72.984344 0.204026
73.015405 0.19176
73.047499 0.191259
73.078539 0.193345
73.109541 0.185334
73.140516 0.184667
73.171601 0.175905
73.203753 0.169563
73.234775 0.173318
73.265746 0.168728
73.29683 0.172567
73.32794 0.198686
73.360055 0.215458
73.391111 0.21187
73.422276 0.197768
73.453396 0.201022
73.484521 0.190508
73.547307 0.176322
73.578419 0.174069
73.609439 0.154876
73.630246 0.148785
73.661179 0.145781
73.703441 0.154376
73.734411 0.159883
73.765385 0.169897
73.796435 0.175905
73.827531 0.167977
73.859707 0.162887
73.890845 0.176155
73.921952 0.17966
73.952983 0.190341
73.984 0.169563
74.036426 0.181078
74.067398 0.174152
74.09836 0.166141
74.129434 0.173652
74.160578 0.163722
74.192655 0.163972
74.223715 0.159049
74.254749 0.16756
74.285722 0.175487
74.316879 0.154626
74.359255 0.164389
74.390262 0.171899
74.421256 0.17215
74.452187 0.167894
74.483199 0.168812
74.515293 0.180494
74.546317 0.17749
74.577311 0.182497
74.608293 0.18475
74.639255 0.168561
74.671268 0.169396
74.702252 0.179576
74.723167 0.178492
74.754185 0.181329
74.785149 0.186669
74.817201 0.18208
74.848216 0.180995
74.889484 0.187504
74.920466 0.191926
74.951436 0.18016
74.983494 0.160968
75.024659 0.166893
75.055654 0.183415
75.086601 0.185585
75.117573 0.189089
75.149541 0.185334
75.180512 0.186252
75.211441 0.183498
75.262808 0.19176
75.293794 0.191843
75.325747 0.179326
75.356677 0.175988
75.387805 0.183999
75.41897 0.181746
75.450042 0.184333
75.492224 0.187838
75.523218 0.192928
75.554183 0.190424
75.585196 0.190591
75.616165 0.187921
75.648081 0.188255
75.679058 0.19443
75.71007 0.20653
75.74108 0.191593
75.772123 0.199353
75.804483 0.192511
75.835615 0.201272
75.866642 0.19952
75.89769 0.205028
75.928723 0.207948
75.960922 0.207614
75.991994 0.203943
76.023069 0.202524
76.054154 0.212955
76.085264 0.205612
76.117355 0.206112
76.148424 0.202941
76.17948 0.203192
76.210512 0.20678
76.241558 0.201523
76.273618 0.200521
76.304642 0.203192
76.335754 0.205945
76.3669 0.196349
76.398001 0.207364
76.430115 0.19685
76.461136 0.212204
76.4921 0.219047
76.523075 0.211954
76.554072 0.216126
76.586061 0.211954
76.62723 0.215125
76.658213 0.219213
76.68919 0.217378
76.720204 0.220215
76.752363 0.213456
76.783493 0.224554
76.814511 0.216794
76.845523 0.218296
76.876526 0.220715
76.908614 0.218629
76.939582 0.224971
76.97054 0.22639
77.001546 0.223302
77.032601 0.220298
77.064699 0.207948
77.115994 0.215792
77.147035 0.22881
77.178147 0.225973
77.2093 0.227892
77.241373 0.21938
77.272345 0.223553
77.323702 0.238823
77.34451 0.232148
77.375503 0.234818
79.849627 0.117993
79.880796 0.085949
80.125852 0.129258
80.17728 0.115156
80.442431 0.096046
80.728552 0.114405
80.759554 0.078272
81.014251 0.087118
81.045223 0.096714
81.07622 0.119328
81.108262 0.099384
81.139277 0.093293
81.180419 0.066256
81.323277 0.065672
81.354299 0.063753
81.396552 0.058495
81.438678 0.057327
81.470718 0.068175
81.502604 0.068759
81.534455 0.075018
81.596844 0.083279
81.627825 0.081193
81.668907 0.08645
81.699831 0.085616
81.903511 0.108814
81.93559 0.126922
81.967603 0.126254
81.998693 0.126421
82.029797 0.130844
82.060765 0.130677
82.091805 0.10364
82.235858 0.111901
82.266798 0.115239
82.328429 0.100302
82.359417 0.101804
82.390428 0.106811
82.422524 0.110149
82.454433 0.11065
82.485431 0.117576
82.516366 0.116574
82.547313 0.129508
82.578333 0.143527
82.620536 0.151205
82.651635 0.148367
82.703022 0.152957
82.734039 0.163137
82.765106 0.159466
82.797218 0.160968
82.828247 0.157046
82.859241 0.158298
82.890209 0.162553
82.921189 0.164473
82.953223 0.164556
82.984294 0.104892
83.228835 0.116658
83.259813 0.13318
83.290858 0.149869
83.322952 0.15763
83.353973 0.122499
83.60872 0.106728
83.649962 0.09588
83.680934 0.098383
83.733362 0.087451
83.764543 0.09104
83.795526 0.095546
83.826663 0.10122
83.857649 0.101888
83.889739 0.104391
83.94116 0.122165
83.972181 0.148785
84.003244 0.148284
84.034365 0.149619
84.066377 0.153458
84.097428 0.154876
84.128397 0.161635
84.159437 0.164723
84.190418 0.164306
84.222518 0.166976
84.253541 0.165724
84.284599 0.170814
84.315887 0.168478
84.357197 0.175988
84.389446 0.172817
84.420474 0.173068
84.451505 0.170063
84.482545 0.171566
84.513585 0.176322
84.54564 0.177741
84.576656 0.179493
84.597496 0.180912
84.628554 0.183165
84.659579 0.179243
84.691473 0.16731
84.752942 0.163805
84.784172 0.160968
84.815189 0.159049
84.846184 0.157129
84.878184 0.155377
84.90921 0.152873
84.940245 0.149869
84.971196 0.1477
85.002197 0.156629
85.034092 0.153541
85.075301 0.151455
85.126605 0.158882
85.15763 0.158798
85.188618 0.159966
85.210475 0.157213
85.24147 0.156879
85.272444 0.152707
85.303484 0.151538
85.334503 0.140607
85.366449 0.148534
85.397444 0.132262
85.428396 0.135934
85.459326 0.133681
85.49026 0.129592
85.522157 0.144863
85.553174 0.147867
85.584182 0.1477
85.615157 0.154042
85.646148 0.16489
85.678053 0.160467
85.709033 0.164139
85.740051 0.186669
85.770989 0.209283
85.80199 0.201523
85.83398 0.202775
85.865083 0.192761
85.896097 0.200021
85.92704 0.184834
85.968227 0.192093
86.000215 0.19176
86.031163 0.192677
86.062122 0.197267
86.093133 0.196182
86.124113 0.202858
86.156141 0.191509
86.18717 0.198268
86.218099 0.166642
86.259378 0.167226
86.280205 0.175404
86.312189 0.166976
86.343194 0.145781
86.374182 0.148785
86.405277 0.142693
86.436401 0.150787
86.468291 0.158047
86.499382 0.131595
86.581366 0.137269
86.612418 0.130009
86.643463 0.117492
86.7061 0.117325
86.737248 0.121998
86.768269 0.129342
86.799209 0.149953
86.830325 0.156211
86.862101 0.15037
86.89328 0.149869
86.94461 0.14286
86.975616 0.130343
87.006624 0.133347
87.058909 0.126338
87.14085 0.126338
87.171899 0.123083
87.213109 0.110816
87.244185 0.10581
87.296577 0.10364
87.327572 0.114905
87.358867 0.106894
87.390012 0.090706
87.492362 0.085365
87.534698 0.094211
87.575881 0.087285
87.606912 0.092375
87.63802 0.086534
87.669044 0.084865
87.701003 0.08645
87.733142 0.081026
87.764295 0.072348
87.825975 0.082528
87.857125 0.09371
87.888321 0.111317
87.920537 0.116991
87.952769 0.096964
88.035905 0.103139
88.067064 0.107645
88.098284 0.091874
88.170407 0.094294
88.201698 0.092375
88.234162 0.095129
88.265521 0.086867
88.337575 0.10147
88.368802 0.11115
88.400163 0.125753
88.432558 0.110232
88.505709 0.116074
88.547031 0.117576
88.598523 0.114905
88.619551 0.098383
88.650912 0.103306
88.683213 0.109899
88.73602 0.104224
88.798975 0.09104
88.831375 0.091791
88.884157 0.121498
88.916533 0.121164
88.989776 0.124669
89.021065 0.127506
89.052371 0.117158
89.093868 0.125086
89.125262 0.128173
89.157613 0.130426
89.190055 0.133264
89.22234 0.137352
89.253539 0.136184
89.284862 0.135517
89.316186 0.138854
89.347509 0.145447
89.379898 0.148117
89.411236 0.145113
89.442619 0.137186
89.473984 0.14261
89.505266 0.147116
89.537661 0.151121
89.56896 0.147783
89.600242 0.143361
89.641716 0.144612
89.672965 0.144529
89.705383 0.147283
89.736635 0.134932
89.80856 0.136101
89.850047 0.151455
89.881289 0.165474
89.913495 0.161969
89.944636 0.157296
89.975792 0.157463
90.007055 0.165557
90.038307 0.161468
90.091081 0.177407
90.122426 0.15496
90.153752 0.146615
90.185034 0.159382
90.216384 0.159382
90.248735 0.152289
90.280031 0.155293
90.311407 0.16247
90.342777 0.159382
90.374086 0.159466
90.406529 0.160884
90.447996 0.154292
90.479315 0.151789
90.541339 0.17457
90.572623 0.179243
90.605049 0.183916
90.636355 0.186252
90.667658 0.189256
90.698936 0.17966
90.730196 0.15521
90.813293 0.164639
90.844503 0.16539
90.875551 0.169396
90.906741 0.178325
90.937822 0.175738
90.970015 0.173318
91.001039 0.182497
91.032187 0.158047
91.104179 0.167059
91.135407 0.160717
91.16789 0.17457
91.199275 0.177407
91.230493 0.184667
91.261482 0.18934
91.292708 0.181412
91.324979 0.177907
91.356087 0.17023
91.387149 0.172817
91.418287 0.17482
91.449525 0.16539
91.481738 0.185167
91.513021 0.190424
91.544183 0.189507
91.575239 0.19226
91.596254 0.190258
91.628536 0.19176
91.659842 0.190091
91.691126 0.191259
91.722405 0.19226
91.753573 0.195932
91.785709 0.195848
91.816804 0.172734
91.888535 0.130093
92.072255 0.13777
92.103561 0.14795
92.13586 0.141274
92.177263 0.149035
92.208391 0.155377
92.239684 0.108814
92.44377 0.109148
92.476046 0.119161
92.507186 0.133013
92.538317 0.138688
92.569579 0.133848
92.600725 0.134181
92.632816 0.100719
92.806149 0.101554
92.837205 0.095796
92.868273 0.094711
92.899429 0.098967
92.931671 0.096464
92.96278 0.092709
92.993881 0.086033
93.075986 0.10122
93.107173 0.095629
93.261665 0.088536
93.292929 0.087869
93.324151 0.085532
93.355268 0.085616
93.386384 0.07869
93.418545 0.078105
93.449581 0.071513
93.684102 0.072765
93.715265 0.069344
93.746375 0.066339
93.778508 0.058579
93.810214 0.063169
93.84131 0.06659
93.872313 0.068676
93.903327 0.066339
93.954847 0.066757
93.98696 0.067174
94.017941 0.074434
94.120265 0.073099
94.151276 0.085449
94.20266 0.086033
94.234929 0.086617
94.266021 0.075769
94.378478 0.073266
94.429793 0.08862
94.460801 0.103139
94.493127 0.116908
94.524145 0.135016
94.555187 0.127172
94.637284 0.121748
94.699105 0.134766
94.731253 0.128674
94.762264 0.137686
94.793219 0.151038
94.844599 0.145864
94.875591 0.14528
94.938091 0.146615
94.969071 0.148618
95.00008 0.148451
95.031098 0.152957
95.072425 0.153291
95.104688 0.16756
95.135736 0.148701
95.197339 0.148701
95.248863 0.166058
95.280075 0.170648
95.312264 0.172233
95.343356 0.173819
95.374437 0.115156
95.589037 0.128006
95.620369 0.128591
95.652656 0.0
95.887752 0.097882
95.91882 0.101971
95.949967 0.104308
95.981189 0.127089
96.013634 0.135767
96.034682 0.133764
96.096541 0.134265
96.127832 0.099384
96.22041 0.100553
96.25283 0.105309
96.284154 0.101971
96.315334 0.102555
96.346594 0.087535
96.377949 0.089621
96.420653 0.085866
96.462183 0.091457
96.493475 0.099217
96.524789 0.107645
96.556127 0.155878
96.588369 0.147867
96.619667 0.152623
96.651017 0.153374
96.682284 0.143361
96.713562 0.134015
96.756092 0.150036
96.7874 0.166141
96.818768 0.171148
96.83983 0.173902
96.871192 0.165307
96.903651 0.180244
96.955412 0.187253
96.986709 0.188422
97.017951 0.187504
97.049196 0.180494
97.081589 0.188422
97.112963 0.200021
97.144167 0.191676
97.175373 0.198853
97.206632 0.198686
97.238953 0.178658
97.270147 0.192677
97.301306 0.189673
97.332509 0.137436
97.516632 0.122749
97.549012 0.119662
97.580329 0.120246
97.611651 0.116074
97.653149 0.096797
97.807 0.109982
97.839388 0.116991
97.891063 0.127506
97.922327 0.136768
97.953573 0.130259
97.984812 0.132763
98.017168 0.107395
98.170964 0.107395
98.31442 0.109314
98.345762 0.110065
98.3771 0.107312
98.409474 0.093209
98.440733 0.082862
98.471916 0.083112
98.51341 0.060331
98.626419 0.058078
98.658907 0.056409
98.690193 0.058078
98.731667 0.055909
98.763063 0.05424
98.794382 0.055491
98.826738 0.054073
98.858047 0.066256
98.889337 0.079941
98.961258 0.077521
98.99238 0.067174
99.065265 0.067174
99.096459 0.07143
99.127769 0.069594
99.199823 0.077188
99.231127 0.076603
99.263498 0.076353
99.294835 0.072848
99.326181 0.072765
99.357465 0.069928
99.419408 0.080776
99.451846 0.096964
99.483186 0.114822
99.514494 0.129759
99.545783 0.136518
99.577132 0.133597
99.650309 0.135016
99.681608 0.135183
99.74354 0.119328
99.774851 0.110316
99.979417 0.102639
100.011656 0.10364
