1.8e-05 338.797
0.032491 333.966
0.267944 337.723
0.309371 336.833
0.340638 342.234
0.392296 348.2
0.424716 352.741
0.456093 356.078
0.487434 358.217
0.508506 361.887
0.539827 364.473
0.572284 365.963
0.603569 364.958
0.645113 363.969
0.686621 363.891
0.717921 364.043
0.750341 363.134
0.7816 362.413
0.812858 361.96
0.844123 359.542
0.875392 355.561
0.907686 349.868
0.939101 348.416
0.970452 353.238
1.001706 346.574
1.043239 342.006
1.075786 336.768
1.107174 335.662
1.138372 338.422
1.16967 341.472
1.190766 340.049
1.223062 342.14
1.25413 338.8
1.285392 335.471
1.316673 336.034
1.347993 335.288
1.380379 333.353
1.411656 331.667
1.44288 331.797
1.474014 331.394
1.505191 337.307
1.537448 333.894
1.568698 330.287
1.599932 328.611
1.631195 321.887
1.672591 320.413
1.7048 315.319
1.737127 321.254
1.758205 326.833
1.789413 323.474
1.820658 319.295
1.851842 312.62
1.884143 313.725
1.916441 327.227
1.947639 329.467
1.978807 329.525
2.009988 328.547
2.041187 324.212
2.07344 324.702
2.104487 325.881
2.135496 320.548
2.257971 319.214
2.288947 318.033
2.32119 319.533
2.352382 322.084
2.383499 328.066
2.414783 333.918
2.44599 343.408
2.47806 345.825
2.509059 347.006
2.540204 348.758
2.571285 346.305
2.602384 343.035
2.634418 342.194
2.6655 339.432
2.696513 340.534
2.727518 342.767
2.758551 338.676
2.790788 340.005
2.821934 339.993
2.852977 340.813
2.884148 337.383
2.915292 336.449
2.947424 334.377
2.979454 333.19
3.011433 337.172
3.043397 339.565
3.074391 338.379
3.115624 334.848
3.146778 333.642
3.167691 336.94
3.199887 336.066
3.231014 337.792
3.26211 338.069
3.293138 337.041
3.324251 338.315
3.356327 336.007
3.387355 336.499
3.418379 336.477
3.44935 339.348
3.480331 340.555
3.502176 337.992
3.533217 338.238
3.564265 338.228
3.595301 337.147
3.626386 335.004
3.658495 338.122
3.699679 335.571
3.730835 339.447
3.761924 331.458
3.793032 335.104
3.855764 333.37
3.8879 336.098
3.919034 336.914
3.950117 330.793
3.981276 325.799
4.012271 325.71
4.044416 330.396
4.076369 330.348
4.108191 327.791
4.160468 328.061
4.191534 321.306
4.222586 319.853
4.253618 323.203
4.284621 327.658
4.316763 329.206
4.347975 328.982
4.378965 412.147
4.797165 399.371
5.102785 389.448
5.134738 385.75
5.165727 384.358
5.196702 382.544
5.227652 381.626
5.258616 381.501
5.290457 380.799
5.321526 379.595
5.352492 379.205
5.393625 379.533
5.43482 383.001
5.497105 380.113
5.529069 376.581
5.560186 375.902
5.601472 373.787
5.632552 375.216
5.69417 370.745
5.746805 369.402
5.798465 355.842
5.829464 355.715
5.860597 358.748
5.891628 358.601
5.923758 360.864
5.955655 362.201
5.987524 357.648
6.01936 353.756
6.051216 355.378
6.082255 353.519
6.11331 351.032
6.154525 351.372
6.185579 350.695
6.217629 348.095
6.248748 346.667
6.279772 342.079
6.310848 339.304
6.362154 334.371
6.39411 329.923
6.425119 333.793
6.466251 336.87
6.497222 339.754
6.528183 345.698
6.560121 345.405
6.592113 347.112
6.624019 349.69
6.655013 345.088
6.696463 332.952
6.72753 330.086
6.758544 331.056
6.790477 335.684
6.82146 325.852
6.852456 326.384
6.903802 331.901
6.955079 327.243
6.986937 327.597
7.028888 327.901
7.059873 332.097
7.121319 326.028
7.152327 327.285
7.183412 327.763
7.215299 326.797
7.246599 320.529
7.277654 320.431
7.308693 317.884
7.339719 318.137
7.371522 320.857
7.403417 328.377
7.43447 332.093
7.465423 336.036
7.506733 334.025
7.53779 334.768
7.569946 334.181
7.601871 340.909
7.643411 347.06
7.674414 342.442
7.705493 339.628
7.736469 337.196
7.768437 334.837
7.799536 335.482
7.840924 334.797
7.892459 335.442
7.923582 330.98
7.9555 327.996
7.986541 329.479
8.027768 326.61
8.058827 329.567
8.100109 336.661
8.152451 340.246
8.183489 346.078
8.234933 342.825
8.266004 336.219
8.297018 333.881
8.328895 335.581
8.359877 338.963
8.390982 334.109
8.421974 329.849
8.452955 323.965
8.484801 322.002
8.515864 324.046
8.546797 327.955
8.578006 330.721
8.608967 330.646
8.640867 338.411
8.67189 343.606
8.723213 346.543
8.754399 340.846
8.785479 338.228
8.817546 335.582
8.848649 336.802
8.879659 343.552
8.920879 339.353
8.951876 333.183
8.983722 334.013
9.014786 335.967
9.045747 342.204
9.077101 351.382
9.108128 354.232
9.14006 352.454
9.171157 356.419
9.202155 357.823
9.233112 358.172
9.264066 358.423
9.295917 357.368
9.326961 353.964
9.358072 351.948
9.389111 345.544
9.420158 341.086
9.452085 338.441
9.483115 336.128
9.514117 337.342
9.545271 340.946
9.57638 342.109
9.608452 340.563
9.639507 340.494
9.670643 341.71
9.701715 343.173
9.732753 341.336
9.764893 344.74
9.796116 347.896
9.827241 350.889
9.858301 351.262
9.889273 347.333
9.921282 343.95
9.952258 341.015
9.983186 342.081
10.014119 339.335
10.045094 334.478
10.08714 331.259
10.118139 333.159
10.149116 334.795
10.180122 336.699
10.231382 342.104
10.293883 342.602
10.325658 342.983
10.35665 331.672
10.387858 328.977
10.418836 327.863
10.449823 330.472
10.481649 332.932
10.512633 328.803
10.543718 326.436
10.605158 324.908
10.636264 327.545
10.668393 330.355
10.699646 333.418
10.730644 339.116
10.782292 336.912
10.813256 338.571
10.845197 339.077
10.876484 343.874
10.917769 338.385
10.948798 338.602
10.979829 337.513
11.011881 335.317
11.043135 338.144
11.074182 333.381
11.105416 332.874
11.136567 330.006
11.168477 327.5
11.199475 329.031
11.230569 333.663
11.261631 329.463
11.292669 328.17
11.324543 328.395
11.365921 330.047
11.396924 333.328
11.438061 338.711
11.469055 337.611
11.500842 335.425
11.532011 338.276
11.563208 335.998
11.594512 334.003
11.645969 333.511
11.677914 331.401
11.708884 331.809
11.739892 328.751
11.801431 325.144
11.832432 322.935
11.864242 323.497
11.895474 330.338
11.926666 326.53
11.988243 325.721
12.019258 323.766
12.051094 329.118
12.082233 326.709
12.113402 324.55
12.144357 326.474
12.175411 325.68
12.207346 327.469
12.238492 330.26
12.269545 336.305
12.300556 329.962
12.331737 326.202
12.363661 325.43
12.394621 324.749
12.425637 330.588
12.456689 328.044
12.487654 326.469
12.519434 327.147
12.550539 331.249
12.581616 332.93
12.612649 336.911
12.643957 341.027
12.675687 339.402
12.70689 335.743
12.738103 336.663
12.769125 341.207
12.80017 346.652
12.831964 340.718
12.863176 343.127
12.894268 344.146
12.925361 345.459
12.956459 344.78
12.988459 339.181
13.019555 335.528
13.050591 338.612
13.081614 340.034
13.132987 335.184
13.164783 334.529
13.195793 336.174
13.226813 340.12
13.257778 343.675
13.288855 339.383
13.320931 341.981
13.362168 344.221
13.393356 347.761
13.424391 353.568
13.455422 350.611
13.487259 350.538
13.518275 351.195
13.549256 351.577
13.580338 348.896
13.611455 345.264
13.643561 349.423
13.715346 350.621
13.746598 352.292
13.777676 345.749
13.798515 345.04
13.840811 344.068
13.871912 344.928
13.903207 337.993
13.934447 335.755
13.965533 331.268
14.018065 329.83
14.04991 330.991
14.082021 335.068
14.113356 336.331
14.14437 334.893
14.175324 339.169
14.227052 341.602
14.259244 342.65
14.29045 345.741
14.321483 339.705
14.352536 341.003
14.383532 340.864
14.415597 343.227
14.46718 347.186
14.488209 350.906
14.519306 348.289
14.550399 344.761
14.582404 345.419
14.613454 347.239
14.644438 342.865
14.675466 340.015
14.706545 337.504
14.738524 332.83
14.769489 329.821
14.800519 333.611
14.8315 330.143
14.893079 325.996
14.925316 324.865
14.956468 328.356
14.987558 332.588
15.018578 329.815
15.039518 327.33
15.071575 325.786
15.102628 328.443
15.133837 332.035
15.164828 328.009
15.196121 325.751
15.238355 319.719
15.269641 320.755
15.30065 324.158
15.331674 327.569
15.362773 327.369
15.394667 327.693
15.425776 328.758
15.456905 331.601
15.488083 330.175
15.519169 330.18
15.561186 328.904
15.592458 328.76
15.623452 331.137
15.654483 330.059
15.685533 327.548
15.717366 329.919
15.74863 333.67
15.779622 336.461
15.810648 333.146
15.87249 331.497
15.904283 331.036
15.935503 334.417
15.966501 336.391
15.997695 335.57
16.028981 332.846
16.060885 332.31
16.092082 334.345
16.123201 335.452
16.154489 338.551
16.185698 334.97
16.217588 331.849
16.248624 334.026
16.279587 338.866
16.310827 342.51
16.34207 339.707
16.363722 338.49
16.394771 338.676
16.436192 339.694
16.467197 340.153
16.498171 334.023
16.519906 329.581
16.571476 330.249
16.602578 331.58
16.633567 333.867
16.674742 331.33
16.706791 331.153
16.737835 332.664
16.768934 342.525
16.799997 342.232
16.831153 335.441
16.86306 333.508
16.894033 334.318
16.925044 337.24
16.955985 333.827
16.987013 330.837
17.018905 330.431
17.049905 331.628
17.081112 332.575
17.112368 337.914
17.143362 335.683
17.185335 331.529
17.216321 332.007
17.247514 336.713
17.278572 334.622
17.309664 333.283
17.351715 332.869
17.382806 332.514
17.413821 335.736
17.444782 333.772
17.50662 332.751
17.538514 334.767
17.569623 341.326
17.60082 339.91
17.631869 336.18
17.662921 330.066
17.694904 329.101
17.725878 332.08
17.756848 335.986
17.787835 334.132
17.818956 321.984
17.851176 329.285
17.88218 330.706
17.913447 334.541
17.944444 337.989
17.975513 331.254
18.007626 329.84
18.038655 327.122
18.069625 328.359
18.100649 333.495
18.13171 335.552
18.174017 331.701
18.205826 327.711
18.237025 327.315
18.268183 321.521
18.289006 317.213
18.350625 320.44
18.392818 323.703
18.423905 325.725
18.465083 322.52
18.506204 320.76
18.537166 320.669
18.569105 324.937
18.600897 329.409
18.631981 333.299
18.663043 332.671
18.694179 335.633
18.725241 338.669
18.777644 341.67
18.809508 338.965
18.840503 337.849
18.871537 336.865
18.902592 332.255
18.933884 330.86
18.975997 331.578
19.007025 332.824
19.038059 332.47
19.069055 329.702
19.100108 329.183
19.131933 329.288
19.162998 331.893
19.194052 337.616
19.225016 337.901
19.276719 334.419
19.308581 336.222
19.339796 343.986
19.371009 347.103
19.401993 342.945
19.433097 340.087
19.464964 335.9
19.49604 335.974
19.527071 338.088
19.558102 339.569
19.589081 335.853
19.6209 329.564
19.651962 328.069
19.682968 332.766
19.714134 338.343
19.755568 338.578
19.787651 338.748
19.818949 340.704
19.849917 342.569
19.881121 345.142
19.912401 348.262
19.96465 342.715
19.995634 344.113
20.02664 347.092
20.057666 347.422
20.119179 339.366
20.151045 339.129
20.182184 339.624
20.213348 333.412
20.254558 330.478
20.295862 335.053
20.337871 339.951
20.368875 342.319
20.399914 333.157
20.430993 334.032
20.46212 334.628
20.493956 339.434
20.525905 345.013
20.557677 343.948
20.589505 337.266
20.620668 333.22
20.651658 331.42
20.682659 333.9
20.723907 335.264
20.755712 335.865
20.786746 335.132
20.817828 335.874
20.848788 335.989
20.879836 324.626
20.901448 320.996
20.932579 317.113
20.963671 322.281
20.994888 318.246
21.026045 320.65
21.057801 322.835
21.089594 324.509
21.121585 330.359
21.153466 334.17
21.184625 329.924
21.215734 328.676
21.246747 329.758
21.277811 330.962
21.309566 329.583
21.340571 324.646
21.391911 321.562
21.422919 320.544
21.453937 315.708
21.485972 310.853
21.517002 321.055
21.548177 322.75
21.579145 326.804
21.61018 329.906
21.641984 331.541
21.673046 333.346
21.704062 348.914
21.86761 342.749
21.888507 339.892
21.920662 338.639
21.952685 353.293
22.146626 350.178
22.208267 350.766
22.239265 354.464
22.270512 355.998
22.302487 355.021
22.333561 355.626
22.364657 344.965
22.457046 345.601
22.488079 348.024
22.520145 346.186
22.552062 345.74
22.583375 344.159
22.614434 344.67
22.64553 348.242
22.676607 353.45
22.708508 358.451
22.74043 360.255
22.771401 354.401
22.802472 352.602
22.833472 352.277
22.884894 349.252
22.916892 349.125
22.947959 347.424
22.979021 337.284
23.010035 332.637
23.051195 328.561
23.08304 325.661
23.114232 326.758
23.145577 329.299
23.176644 328.127
23.228079 323.459
23.259994 325.564
23.291048 329.861
23.322069 336.761
23.353098 339.662
23.38412 339.694
23.416258 338.482
23.447302 339.924
23.478296 341.514
23.509536 337.59
23.540576 336.636
23.572504 337.066
23.603529 335.011
23.634554 335.461
23.665862 337.052
23.696969 333.687
23.728801 332.041
23.759817 333.029
23.790919 334.531
23.822003 338.448
23.853111 338.636
23.884981 339.561
23.936366 340.748
23.967383 344.561
23.998385 344.012
24.029377 345.977
24.061397 345.219
24.092394 347.061
24.123359 350.628
24.154319 344.378
24.185273 338.842
24.237571 336.473
24.268567 337.914
24.299536 336.154
24.330494 332.892
24.371648 330.053
24.403752 327.535
24.434772 330.064
24.465786 331.573
24.496921 331.364
24.527904 329.954
24.560244 328.716
24.591342 332.256
24.622409 335.579
24.653528 329.284
24.705034 331.767
24.767733 333.444
24.799701 336.941
24.830831 333.574
24.861913 330.633
24.893034 324.346
24.924163 325.94
24.956259 329.704
24.9872 327.246
25.018191 327.588
25.049336 325.394
25.080293 323.444
25.112441 324.777
25.143383 325.168
25.174313 328.017
25.20533 329.938
25.236376 329.645
25.268563 332.18
25.299451 335.641
25.330454 340.514
25.361416 336.705
25.402603 334.625
25.444718 330.519
25.475647 333.526
25.516751 336.392
25.537549 335.583
25.578832 336.346
25.611001 334.467
25.641922 338.803
25.672992 342.445
25.704075 336.007
25.735078 327.587
25.767202 323.444
25.799029 329.32
25.830928 336.852
25.851872 339.663
25.882887 330.319
25.913871 329.029
25.955123 327.563
25.987289 330.032
26.018279 332.518
26.049452 333.458
26.080501 329.938
26.11171 326.169
26.154024 321.728
26.185094 321.213
26.216131 322.322
26.298016 317.793
26.339296 323.637
26.371488 330.496
26.402731 323.375
26.454161 322.959
26.495326 324.054
26.52649 327.309
26.558432 338.725
26.589743 371.399
26.905781 432.756
26.936918 416.152
27.202294 404.763
27.244551 400.41
27.285798 398.182
27.317041 395.461
27.348065 393.53
27.379138 393.525
27.431554 391.485
27.463629 393.788
27.535348 391.813
27.566321 388.038
27.597324 386.592
27.628319 384.821
27.660172 381.579
27.691204 383.728
27.722369 382.967
27.763511 380.664
27.794577 379.493
27.826369 376.84
27.857448 373.469
27.878257 373.336
27.919499 372.849
27.950518 373.341
27.992944 372.185
28.023959 370.857
28.055105 367.886
28.096457 370.278
28.127588 372.753
28.159713 372.372
28.190824 371.771
28.221935 368.708
28.253046 367.618
28.284194 366.662
28.316432 364.576
28.347471 367.743
28.398835 366.762
28.429902 354.7
28.461162 351.23
28.493428 349.871
28.524754 349.907
28.556077 354.224
28.587397 355.597
28.618704 355.559
28.651147 355.535
28.682362 353.088
28.713587 355.441
28.744789 355.639
28.776131 359.169
28.808571 362.451
28.839881 362.856
28.871018 360.752
28.901948 357.828
28.932921 360.458
28.995815 347.675
29.028203 342.483
29.059454 337.976
29.09068 333.212
29.152559 330.311
29.204258 329.01
29.236645 330.511
29.257526 330.421
29.319322 339.709
29.371109 342.246
29.402424 344.004
29.434915 344.089
29.466162 340.14
29.497456 335.126
29.528721 335.759
29.549797 333.798
29.582163 351.943
29.756358 362.576
29.787654 354.41
29.81896 354.945
29.85025 354.301
29.903083 357.503
29.96612 350.338
30.058791 345.303
30.090084 347.048
30.121376 346.683
30.152728 349.393
30.185081 353.049
30.22658 350.682
30.257778 349.24
30.288946 357.24
30.33036 361.252
30.383174 361.074
30.414571 362.176
30.445785 359.398
30.477103 361.555
30.528816 358.855
30.561058 353.582
30.592355 351.215
30.623611 348.561
30.665096 347.316
30.706609 342.656
30.738963 342.236
30.770262 350.026
30.811802 347.518
30.863598 347.016
30.894987 346.271
30.927466 344.22
30.958862 346.172
30.990259 337.864
31.021605 336.887
31.052921 333.548
31.08527 334.75
31.126901 337.712
31.158101 336.129
31.209727 335.343
31.251085 334.828
31.283425 339.906
31.324993 343.301
31.366434 338.917
31.39755 336.795
31.449202 336.968
31.481511 339.624
31.512724 354.569
31.543857 332.145
31.575155 324.243
31.626777 327.907
31.669505 338.435
31.700796 343.985
31.732136 333.668
31.763361 333.177
31.794492 334.024
31.836972 333.04
31.869331 345.045
31.952551 360.847
31.984477 352.065
32.046134 342.968
32.077279 338.874
32.108472 335.281
32.139655 332.14
32.171979 334.35
32.214379 327.38
32.265997 331.436
32.327974 328.748
32.359248 332.654
32.400545 338.13
32.432877 340.304
32.464164 346.139
32.495454 350.622
32.526801 349.288
32.55815 342.442
32.590471 341.88
32.621638 343.881
32.652708 345.951
32.683826 348.063
32.715018 345.823
32.747294 343.155
32.778527 339.778
32.80957 342.298
32.861073 338.256
32.892256 334.941
32.924537 335.574
32.976207 338.246
33.007376 340.613
33.038479 338.048
33.069595 337.011
33.101802 336.748
33.132888 342.949
33.184295 340.083
33.215535 336.306
33.246786 339.232
33.289233 337.036
33.320328 339.116
33.3515 334.214
33.382563 329.945
33.413698 328.685
33.44581 328.612
33.4768 336.443
33.517969 333.373
33.579507 330.471
33.610487 329.179
33.642607 333.952
33.704154 335.727
33.735267 329.573
33.766393 330.886
33.80773 334.017
33.84008 335.499
33.891535 333.566
33.922845 330.609
33.954104 329.726
34.016071 329.751
34.048351 331.014
34.079579 335.395
34.11069 341.936
34.151955 342.936
34.193103 343.08
34.225221 343.955
34.256293 347.154
34.287346 351.496
34.318572 347.551
34.349698 344.396
34.381981 343.845
34.433427 353.087
34.515575 347.705
34.546675 348.061
34.577695 346.938
34.609847 346.628
34.64106 351.356
34.682406 342.122
34.713447 339.351
34.754599 337.92
34.786552 341.664
34.80749 345.414
34.838569 351.431
34.869638 357.014
34.910995 358.633
34.973718 354.648
35.005643 350.105
35.036641 343.843
35.067881 343.247
35.10922 335.396
35.140439 335.871
35.172411 343.998
35.203607 339.757
35.235016 336.048
35.286458 330.844
35.317624 328.107
35.349748 335.53
35.380798 343.433
35.411953 346.908
35.443088 346.046
35.474287 349.598
35.506446 346.939
35.537413 347.11
35.568377 344.358
35.599322 340.07
35.630264 338.802
35.66216 334.982
35.693934 339.364
35.786045 343.739
35.817141 340.331
35.858521 339.389
35.889569 341.836
35.921463 337.849
35.952702 339.365
35.993813 340.538
38.359697 324.062
38.390744 319.848
38.422624 320.829
38.454464 318.063
38.485444 322.378
38.516547 323.407
38.54758 319.752
38.578622 322.215
38.610708 317.48
38.641933 319.527
38.683174 319.636
38.714185 319.958
38.745173 319.957
38.838131 318.634
38.971009 320.557
39.00207 327.094
39.043329 330.403
39.074387 333.661
39.106386 336.911
39.137562 340.863
39.168574 341.871
39.189388 340.03
39.2204 340.324
39.252289 326.9
39.283278 327.06
39.31426 331.253
39.345342 337.333
39.386543 337.659
39.428583 327.53
39.459592 325.499
39.490554 330.728
39.521527 331.921
39.572973 331.69
39.615067 336.598
39.646086 330.145
39.748417 324.469
39.779469 325.024
39.81047 326.498
39.842528 321.941
39.904134 319.231
39.94533 319.336
39.976548 331.787
40.028013 335.008
40.049657 341.81
40.090866 345.328
40.152434 345.901
40.18353 353.914
40.224747 355.267
40.25666 351.729
40.287685 352.372
40.318902 349.551
40.349905 345.545
40.380877 332.853
40.412839 333.107
40.443813 338.396
40.484888 350.479
40.515997 346.664
40.546977 334.758
40.568619 336.128
40.599708 339.22
40.630695 344.325
40.661848 343.497
40.69287 341.814
40.765676 337.102
40.79668 338.241
40.827699 341.363
40.879151 336.18
40.910229 337.375
40.952213 335.712
40.983487 323.369
41.106312 324.38
41.137496 329.77
41.168513 345.334
41.200405 349.011
41.241801 349.695
41.293378 347.97
41.324327 350.263
41.355353 349.252
41.387267 350.517
41.408155 350.652
41.439189 345.59
41.480383 341.117
41.552081 338.429
41.583906 341.401
41.614873 338.952
41.645832 339.069
41.676883 336.694
41.707992 341.967
41.739831 341.749
41.770848 342.371
41.802 343.208
41.843262 339.059
41.87428 335.433
41.906076 334.16
41.947484 338.642
41.988856 343.262
42.01992 337.518
42.051053 336.577
42.082934 335.022
42.113909 333.674
42.145162 332.643
42.176173 334.792
42.237751 326.569
42.269808 328.043
42.300897 333.514
42.331926 329.349
42.373068 325.679
42.4041 324.954
42.436202 325.573
42.467223 328.292
42.498324 331.926
42.529305 329.194
42.560544 325.739
42.592799 328.753
42.623839 331.406
42.654929 334.998
42.68605 333.127
42.727228 330.243
42.759144 327.705
42.790114 330.137
42.821044 334.758
42.852037 338.402
42.883214 336.102
42.915224 334.1
42.946303 329.689
42.9773 331.485
43.008268 333.972
43.039366 333.466
43.071272 331.026
43.102253 328.223
43.133419 333.161
43.1644 330.282
43.215961 327.744
43.247945 325.534
43.279087 330.865
43.310348 334.242
43.341491 329.974
43.372525 329.946
43.404602 333.692
43.435839 337.644
43.466912 341.364
43.497914 344.298
43.528884 338.748
43.560719 338.893
43.591828 336.259
43.62298 336.451
43.654082 341.875
43.685174 339.163
43.727494 330.725
43.758514 332.609
43.789582 334.572
43.820611 332.748
43.85194 331.145
43.914505 331.659
43.945439 335.86
43.976497 335.134
44.007487 331.994
44.038706 331.136
44.070549 331.118
44.101633 335.747
44.142854 333.777
44.173867 325.703
44.225299 325.007
44.257161 324.271
44.288141 327.609
44.319187 330.392
44.380947 328.274
44.411995 330.969
44.443951 335.462
44.485229 325.648
44.526609 323.7
44.567864 319.233
44.588665 318.994
44.620521 321.296
44.651579 318.635
44.713074 316.321
44.744093 313.034
44.775265 313.905
44.807222 319.306
44.838508 320.339
44.859287 318.856
44.890398 319.791
44.941919 322.303
44.973781 327.022
45.004824 338.617
45.066416 343.614
45.097424 340.669
45.128451 336.836
45.160264 332.233
45.191267 328.226
45.242699 328.47
45.273717 322.896
45.304711 324.852
45.356922 329.824
45.388102 329.524
45.419135 322.421
45.450127 322.124
45.481151 324.348
45.523344 327.529
45.554599 332.408
45.585638 337.251
45.616796 338.842
45.64802 336.28
45.67998 334.236
45.710975 337.439
45.74197 334.721
45.77307 335.367
45.824495 333.466
45.856341 333.039
45.887346 334.365
45.91844 333.803
45.979901 328.102
46.011092 325.33
46.042901 327.061
46.073933 324.92
46.135426 323.044
46.166485 317.639
46.197481 318.805
46.229417 325.561
46.260614 331.319
46.291851 332.372
46.333173 332.077
46.364292 326.902
46.396373 332.303
46.43759 335.899
46.46879 339.364
46.499763 336.952
46.530896 334.841
46.562893 335.473
46.593896 337.807
46.625057 333.085
46.666296 330.121
46.697267 328.851
46.729272 323.224
46.760368 326.541
46.79144 328.232
46.853054 324.724
46.884148 324.134
46.916351 324.894
46.947347 332.675
46.978427 332.333
47.00943 322.536
47.040407 317.303
47.072295 316.25
47.103304 323.529
47.134265 317.975
47.175729 313.798
47.206787 312.062
47.238832 315.676
47.269931 322.317
47.301023 319.528
47.342226 319.563
47.383803 318.386
47.415784 318.54
47.446957 322.01
47.477959 330.192
47.519182 326.419
47.560474 324.345
47.592351 323.795
47.623369 326.821
47.654561 327.209
47.716125 321.925
47.747105 322.229
47.779039 323.291
47.810075 320.379
47.88178 319.102
47.912806 319.223
47.943855 324.745
47.975796 326.104
48.006829 322.836
48.037841 323.584
48.079054 324.386
48.110061 330.088
48.141911 332.436
48.173068 333.187
48.20412 337.195
48.235144 325.361
48.286631 321.768
48.318476 319.614
48.349455 327.346
48.380513 322.026
48.45237 322.86
48.483521 326.59
48.525742 328.778
48.556732 328.625
48.587693 330.014
48.628852 326.001
48.659951 325.436
48.692034 327.364
48.723142 323.949
48.784651 322.183
48.835933 320.433
48.866996 321.416
48.899015 331.307
48.940307 328.653
48.971326 327.567
49.00229 327.034
49.033364 328.643
49.065218 330.094
49.096327 333.031
49.12735 337.157
49.158427 332.51
49.189474 329.69
49.221282 325.986
49.252224 325.811
49.283423 328.335
49.314454 324.045
49.345549 322.293
49.377666 320.082
49.408713 320.849
49.439779 322.081
49.470858 323.305
49.583304 326.154
49.615084 330.691
49.646142 333.123
49.697661 332.103
49.728787 333.066
49.759803 335.737
49.791676 340.124
49.822717 330.746
49.884489 324.623
49.915569 324.039
49.966918 324.615
49.98868 328.884
50.019681 332.493
50.050703 327.208
50.081794 328.562
50.113004 328.735
50.144931 329.806
50.17592 332.25
50.206987 328.204
50.268646 324.685
50.299652 318.896
50.331735 320.056
50.362999 338.579
50.506028 356.447
50.536996 349.398
50.568084 337.349
50.600221 325.038
50.631335 313.839
50.662267 314.188
50.693274 319.487
50.734478 336.933
50.766495 339.858
50.797639 341.352
50.828748 350.547
50.860001 353.598
50.891075 342.648
50.923129 334.738
50.954215 333.868
50.985239 334.235
51.01631 329.342
51.047312 326.652
51.079107 324.247
51.110308 327.122
51.151517 332.531
51.182591 331.589
51.234009 322.98
51.266061 324.53
51.307334 327.123
51.338371 330.953
51.369437 332.708
51.400561 331.073
51.432702 330.931
51.46389 336.858
51.495005 339.977
51.536412 339.279
51.577654 336.261
51.609537 337.979
51.661033 339.727
51.692141 336.014
51.753615 330.262
51.784636 327.109
51.816791 327.757
51.848048 324.284
51.879114 324.368
51.930558 321.318
51.96182 321.164
51.99378 325.676
52.024906 332.534
52.066205 328.193
52.097321 325.904
52.128421 328.908
52.170446 330.204
52.201426 332.813
52.232676 328.71
52.263772 326.353
52.294854 324.308
52.326902 328.763
52.378409 333.688
52.409464 335.721
52.440422 329.99
52.471594 327.426
52.503438 327.8
52.534469 331.72
52.575618 336.194
52.606841 332.41
52.637888 329.312
52.669643 323.029
52.700598 328.174
52.731716 325.217
52.76274 319.776
52.793801 317.247
52.825623 314.907
52.85669 316.809
52.887702 328.91
52.918924 326.533
52.980549 323.171
53.012445 322.535
53.043709 323.289
53.074654 322.887
53.105692 320.026
53.1469 317.489
53.168775 317.83
53.199751 322.516
53.230704 320.967
53.312546 319.583
53.343634 316.367
53.375517 325.367
53.406582 322.207
53.447872 320.69
53.478897 321.47
53.509822 323.785
53.54155 328.955
53.572821 327.837
53.634414 325.608
53.665474 326.162
53.696575 323.908
53.728466 325.987
53.759528 326.265
53.790588 321.191
53.872586 320.651
53.903605 322.701
53.935435 327.162
53.966711 330.109
53.997709 329.904
54.039097 332.413
54.070166 333.899
54.102204 333.174
54.133324 330.298
54.184829 326.505
54.216022 324.42
54.247043 321.374
54.27891 320.755
54.309971 323.275
54.341212 319.107
54.382647 317.962
54.413715 318.196
54.445899 324.665
54.497274 341.589
54.589282 358.518
54.620312 354.03
54.65136 353.524
54.683362 349.598
54.71437 344.409
54.745364 345.126
54.796663 341.987
54.827665 337.811
54.859668 341.271
54.890678 341.855
54.921663 336.61
54.952625 332.023
54.983608 328.045
55.015657 325.79
55.046643 330.647
55.077618 329.322
55.139029 327.304
55.169992 328.565
55.211917 329.666
55.242928 331.46
55.27388 330.031
55.304888 328.752
55.335885 328.917
55.367903 328.104
55.398891 330.489
55.42984 327.853
55.542431 324.388
55.573479 325.834
55.605533 330.115
55.687535 331.37
55.718864 337.925
55.750184 351.714
55.821877 336.707
55.854064 332.779
55.905325 334.895
55.95683 331.781
55.987877 331.547
56.018919 330.823
56.050806 328.211
56.081901 325.915
56.133226 322.692
56.16436 322.34
56.195348 323.989
56.227367 327.766
56.258337 331.566
56.289468 330.145
56.330654 327.623
56.361932 331.508
56.393712 335.067
56.424867 338.12
56.455891 341.781
56.486935 345.298
56.518128 343.367
56.570301 342.026
56.601371 342.635
56.632364 338.55
56.663393 336.193
56.694385 331.454
56.726237 328.776
56.757255 331.164
56.78826 330.178
56.819337 327.682
56.880849 322.441
56.912651 323.37
56.943567 326.458
56.974444 326.45
57.005464 326.866
57.036487 328.521
57.078809 329.506
57.109869 334.135
57.140929 334.871
57.171992 327.719
57.203075 324.436
57.26564 324.942
57.296604 322.393
57.327867 320.827
57.379208 322.551
57.441039 328.495
57.472955 326.188
57.503963 328.764
57.565463 326.434
57.596524 327.151
57.627547 328.768
57.659411 325.183
57.741291 324.54
57.772252 323.955
57.803223 325.936
57.834266 330.081
57.866268 333.929
57.897239 334.227
57.928227 332.422
57.949038 333.077
57.98006 333.943
58.012146 334.695
58.043177 331.538
58.07419 333.797
58.105248 336.579
58.136257 333.264
58.168265 329.104
58.199251 329.204
58.23019 331.318
58.261469 332.102
58.292459 332.864
58.324399 330.034
58.355395 328.496
58.386365 330.734
58.417335 326.906
58.45866 322.114
58.500971 322.738
58.532058 322.511
58.563057 320.933
58.624554 319.538
58.655585 319.614
58.687694 332.572
58.728939 331.002
58.820993 330.73
58.852041 334.686
58.88303 334.352
58.915141 332.57
58.946149 330.69
58.977114 326.844
59.038565 327.055
59.069522 330.653
59.101527 332.821
59.132496 333.507
59.163452 329.313
59.194406 325.654
59.225365 322.438
59.257355 321.97
59.288256 327.503
59.31933 325.312
59.360559 324.352
59.401903 323.811
59.43412 324.575
59.465238 327.963
59.49626 332.832
59.527298 338.711
59.558423 334.116
59.59048 333.037
59.621503 339.568
59.683196 335.86
59.71433 333.899
59.745378 325.938
59.777507 326.22
59.808584 329.115
59.839656 323.397
59.880857 320.468
59.922112 318.713
59.954376 322.183
59.985578 330.167
60.016687 331.369
60.047788 331.198
60.078996 329.474
60.111183 327.023
60.142289 329.994
60.17335 326.251
60.224967 322.978
60.256061 318.877
60.288199 318.86
60.31944 323.544
60.350471 325.505
60.381492 319.379
60.412554 316.683
60.464997 319.545
60.495976 320.702
60.527035 321.862
60.568462 321.607
60.599473 321.393
60.631448 321.212
60.662744 326.506
60.69376 334.381
60.734957 329.432
60.766004 328.248
60.797989 326.305
60.828988 328.912
60.860171 325.296
60.921794 322.153
60.952761 319.137
60.984629 320.327
61.015892 326.277
61.046968 326.736
61.108613 325.884
61.139758 328.899
61.171782 330.528
61.202923 332.332
61.233992 331.966
61.265085 329.222
61.296077 329.539
61.327845 333.854
61.358863 336.94
61.38986 332.316
61.431015 326.926
61.482386 327.3
61.514356 326.13
61.54533 329.181
61.576301 332.782
61.60733 331.177
61.638296 326.0
61.670277 325.393
61.70128 333.725
61.742665 330.765
61.79399 326.926
61.824989 322.805
61.856932 324.735
61.887907 331.505
61.918957 328.83
61.949912 325.221
61.980882 325.813
62.012776 321.953
62.04384 328.302
62.074852 327.276
62.17711 323.866
62.208155 323.383
62.24009 331.95
62.271179 332.955
62.31267 330.077
62.343636 332.527
62.374887 333.58
62.406736 336.014
62.437859 331.498
62.468888 328.824
62.499866 326.825
62.531067 325.958
62.573299 325.009
62.604386 330.901
62.635408 332.354
62.666432 324.786
62.697493 323.385
62.729552 325.335
62.760563 326.452
62.791567 329.183
62.82257 332.74
62.853889 332.195
62.916374 330.801
62.947415 333.3
62.978414 334.126
63.029747 329.849
63.060915 324.696
63.092965 326.939
63.124056 327.077
63.155074 322.454
63.206439 318.303
63.237459 321.025
63.269419 330.206
63.300492 326.414
63.331597 323.101
63.362745 318.509
63.39389 314.288
63.42583 316.59
63.456923 319.267
63.487899 317.615
63.569917 315.397
63.601026 313.948
63.632969 318.953
63.663953 317.837
63.715319 319.33
63.74631 316.919
63.777349 322.893
63.809253 325.694
63.840306 322.492
63.871301 320.815
63.902391 318.217
63.933395 320.95
63.965434 323.325
63.99663 326.656
64.027849 337.601
64.05889 335.413
64.089832 332.241
64.121778 331.958
64.142601 328.325
64.173903 327.944
64.204957 326.943
64.29706 324.767
64.329103 328.612
64.360278 333.79
64.442165 332.592
64.473192 334.484
64.50424 339.401
64.536119 340.754
64.567427 346.927
64.598455 344.827
64.629418 341.723
64.660396 342.776
64.692425 343.154
64.723442 343.908
64.754407 342.888
64.785695 341.278
64.837177 338.607
64.869012 337.515
64.900283 337.424
64.931254 342.385
64.962359 338.304
64.99349 333.531
65.025346 330.601
65.056349 329.919
65.087347 334.756
65.118472 331.662
65.149486 328.978
65.181529 327.865
65.212543 327.261
65.24351 329.906
65.27445 331.446
65.305537 329.989
65.358025 327.391
65.389045 329.076
65.420088 322.105
65.451186 316.14
65.512831 314.739
65.544721 317.417
65.575755 320.841
65.606824 322.628
65.6887 322.85
65.719707 324.243
65.75166 324.72
65.782655 324.122
65.83407 320.92
65.865115 319.545
65.89626 322.076
65.928222 326.828
65.959228 327.049
65.990171 326.168
66.041537 327.056
66.072841 329.926
66.10492 333.324
66.135999 337.216
66.167005 338.808
66.19803 335.229
66.229083 333.315
66.261088 330.414
66.292241 332.527
66.323201 330.982
66.374535 329.608
66.405552 330.918
66.437693 326.86
66.468825 331.95
66.489641 331.98
66.52067 326.756
66.551759 324.662
66.58392 322.612
66.61504 323.323
66.646146 325.635
66.677369 322.441
66.70851 319.619
66.740625 317.16
66.771613 314.684
66.802614 319.957
66.823453 322.554
66.854535 323.43
66.937793 322.797
66.96898 325.751
66.99996 325.023
67.05147 321.891
67.0826 322.882
67.114606 329.064
67.145588 329.187
67.176599 326.778
67.238207 327.541
67.269294 333.734
67.321631 336.0
67.35264 335.247
67.383654 331.497
67.414666 330.053
67.445779 332.543
67.498218 337.405
67.529263 346.23
67.570455 341.698
67.601415 333.189
67.632396 332.653
67.694958 335.532
67.725946 331.085
67.756888 325.95
67.787956 323.969
67.818947 323.475
67.850771 322.906
67.881757 329.063
67.912732 327.934
67.943734 330.354
67.995056 325.54
68.026915 323.582
68.05792 331.696
68.088911 337.441
68.119859 342.7
68.150927 341.132
68.193137 337.245
68.224125 338.483
68.255191 344.413
68.296309 333.199
68.32729 331.561
68.359163 328.668
68.390195 328.059
68.421159 324.521
68.492831 323.93
68.523826 322.19
68.555959 325.056
68.586937 323.184
68.617918 322.64
68.659143 320.878
68.690108 320.683
68.722103 325.013
68.753057 321.883
68.824703 319.152
68.855627 319.204
68.896876 320.558
68.928834 327.314
68.959875 320.795
68.990992 320.686
69.042327 319.332
69.073333 323.176
69.105363 329.795
69.136378 332.026
69.167433 333.073
69.198563 331.436
69.229547 331.25
69.261329 328.379
69.292309 325.889
69.323318 329.966
69.354326 326.181
69.395597 322.891
69.427521 320.635
69.458483 322.32
69.489728 325.127
69.520771 322.013
69.572213 321.227
69.604116 321.073
69.635173 323.456
69.666285 330.463
69.697392 328.909
69.728484 325.96
69.760411 323.981
69.791498 328.672
69.822501 333.518
69.874054 331.837
69.915271 328.9
69.957279 331.32
69.99845 335.886
70.029439 333.898
70.060423 332.508
70.091395 327.156
70.123244 331.675
70.184727 342.553
70.215699 337.246
70.246706 324.193
70.277701 318.672
70.309483 317.304
70.340462 323.177
70.371425 321.533
70.402696 315.948
70.433722 315.221
70.496007 318.324
70.537141 323.305
70.568238 326.354
70.589053 327.858
70.630223 324.368
70.66251 322.002
70.693741 323.724
70.724798 323.387
70.84764 322.712
70.878734 324.237
70.910963 323.717
70.952367 320.524
70.983365 321.726
71.014592 327.336
71.045655 328.946
71.07772 334.384
71.10875 330.074
71.139898 326.344
71.17103 323.694
71.20234 323.868
71.234363 324.276
71.265589 324.989
71.296805 329.0
71.327883 332.88
71.359014 333.766
71.391021 339.495
71.422293 342.741
71.463785 348.29
71.504989 353.123
71.536003 343.009
71.568044 337.697
71.599075 335.89
71.630077 330.164
71.671202 319.463
71.702209 317.28
71.734316 314.413
71.765318 319.26
71.796297 326.186
71.827286 322.297
71.85824 320.128
71.890119 319.541
71.931387 320.889
71.96237 323.527
71.993305 326.226
72.044645 323.163
72.076837 322.485
72.108121 324.652
72.139241 331.101
72.170313 327.821
72.201323 319.547
72.233215 319.565
72.264458 323.588
72.295747 327.874
72.326776 331.803
72.35794 319.058
72.389782 319.197
72.420792 317.392
72.451862 323.489
72.482941 332.422
72.514057 328.373
72.545877 330.058
72.577003 333.047
72.607974 336.055
72.638986 335.746
72.710849 330.641
72.74268 330.366
72.773679 330.434
72.804679 326.344
72.907306 324.22
72.938476 323.681
73.031713 319.846
73.063032 324.861
73.094133 327.855
73.12518 328.043
73.156327 324.53
73.208503 326.5
73.239598 331.426
73.280734 341.679
73.311721 332.688
73.352879 330.456
73.384965 332.985
73.416012 336.215
73.447104 333.695
73.478338 328.879
73.509315 328.78
73.541156 330.552
73.59263 329.818
73.623684 324.845
73.654658 322.866
73.706261 321.25
73.738194 324.415
73.769243 329.459
73.810538 327.661
73.882193 327.97
73.923336 349.544
74.016557 353.226
74.047578 352.217
74.078531 351.918
74.109493 346.661
74.14047 344.55
74.213117 344.525
74.274953 338.331
76.390858 312.663
76.421958 313.337
76.453052 315.625
76.485063 319.495
76.516047 316.226
76.567535 312.367
76.598586 311.484
76.629781 313.393
76.661894 319.132
76.692863 323.66
76.723857 334.185
76.754858 326.799
76.836854 321.641
76.868943 322.017
76.899896 319.175
76.991965 321.761
77.022953 325.62
77.053929 327.654
77.08594 334.208
77.137371 332.434
77.168439 331.876
77.199769 335.096
77.230844 334.635
77.262888 333.772
77.293957 339.02
77.325106 340.542
77.356142 349.396
77.407533 346.584
77.449813 339.99
77.480971 338.34
77.512223 336.239
77.573711 336.689
77.604713 338.366
77.636689 341.723
77.667722 340.242
77.729301 330.84
77.760301 338.376
77.821908 338.961
77.854017 342.818
77.885003 339.953
77.916013 339.954
77.94698 340.116
77.978036 340.1
78.010132 341.112
78.041096 342.578
78.072015 332.623
78.12347 329.814
78.174892 331.11
78.206914 335.272
78.237918 339.062
78.279153 340.444
78.320301 338.005
78.351324 341.434
78.393419 334.971
78.424486 335.351
78.476048 332.175
78.517459 330.228
78.54842 330.208
78.580304 332.938
78.611296 332.446
78.642355 328.398
78.693727 327.343
78.724711 327.687
78.756851 334.108
78.787938 333.955
78.818949 330.967
78.850121 326.929
78.881374 329.817
78.923687 331.052
78.954833 332.171
78.985851 335.48
79.017019 331.033
79.048118 327.146
79.080188 329.967
79.111202 329.968
79.142392 334.312
79.173665 338.638
79.204843 333.129
79.236957 332.506
79.268314 339.17
79.299375 341.539
79.330425 341.629
79.361571 331.198
79.393602 320.608
79.424562 322.488
79.455531 326.02
79.486569 326.53
79.54822 326.971
79.580153 326.41
79.611154 322.552
79.683106 320.978
79.724328 316.688
79.755368 317.824
79.787363 316.833
79.879606 317.241
79.910837 318.831
79.941878 321.481
79.973033 333.675
80.015155 329.456
80.046299 327.028
80.077369 326.492
80.098282 329.404
80.129587 336.341
80.192261 334.218
80.223402 336.411
80.254636 330.611
80.305977 326.994
80.337169 329.845
80.358879 332.069
80.389939 334.645
80.421209 337.812
80.492877 331.274
80.523858 330.833
80.555774 332.716
80.586975 325.036
80.618112 319.172
80.649152 317.028
80.680169 326.558
80.712006 329.487
80.753268 340.662
80.78424 335.823
80.825427 327.437
80.856621 325.705
80.888668 325.369
80.919642 332.839
80.950743 331.666
80.981905 328.924
81.023348 320.895
81.055269 316.986
81.086314 326.871
81.117496 327.642
81.148593 323.976
81.199957 320.976
81.231809 322.09
81.26279 326.57
81.293844 333.677
81.345122 325.295
81.386357 323.089
81.418386 323.609
81.44936 324.417
81.531091 323.861
81.562055 322.124
81.593004 328.682
81.625007 329.61
81.656209 327.171
81.69751 319.298
81.728607 326.111
81.759731 331.696
81.792001 338.125
81.823131 344.173
81.85407 344.267
81.885206 337.485
81.916505 337.795
81.948671 335.571
81.97982 333.95
82.011016 334.779
82.04209 334.18
82.103751 329.918
82.136042 325.201
82.167168 325.254
82.198147 320.835
82.239465 317.237
82.29124 318.018
82.323665 319.169
82.355028 318.003
82.437389 316.367
82.468617 321.221
82.499872 327.072
82.542439 329.937
82.594045 331.005
82.645782 333.369
82.677191 339.292
82.708469 340.158
82.740657 337.158
82.77169 333.774
82.853816 333.311
82.885119 328.007
82.916358 329.395
82.948745 332.067
82.969847 334.683
83.001144 339.078
83.052818 339.197
83.084102 338.524
83.116575 341.696
83.147842 344.686
83.179103 344.05
83.210401 341.052
83.241671 338.4
83.274003 333.669
83.305277 335.304
83.336491 335.942
83.367695 331.434
83.399098 331.086
83.431634 327.202
83.45272 324.778
83.483942 327.566
83.515275 328.701
83.546586 325.119
83.578976 321.988
83.610282 320.521
83.64151 323.023
83.67277 324.777
83.734673 322.945
83.777248 324.331
83.808481 335.479
83.84987 332.306
83.881161 325.845
83.912535 325.379
83.944997 329.969
83.986513 334.083
84.017886 331.08
84.049191 330.943
84.080539 333.21
84.112878 335.296
84.144021 335.835
84.175144 337.501
84.206219 336.676
84.268093 334.602
84.300441 333.884
84.33179 337.169
84.36312 332.536
84.424907 329.316
84.466293 328.723
84.498598 332.183
84.529801 333.445
84.560932 329.276
84.602261 326.842
84.633395 324.583
84.665536 326.376
84.696674 330.276
84.727747 330.224
84.758876 325.467
84.790069 326.029
84.832577 331.375
84.884115 334.452
84.915305 333.878
84.946405 330.58
84.977542 331.744
85.019919 333.977
85.051089 337.112
85.102611 338.729
85.14386 338.893
85.17494 335.236
85.207072 335.803
85.238025 338.331
85.268978 335.99
85.299994 336.477
85.33102 334.414
85.363266 333.565
85.394475 341.684
85.435821 342.75
85.466952 337.437
85.498137 332.773
85.530307 330.731
85.561387 332.121
85.592397 337.303
85.633701 336.399
85.675019 334.338
85.707222 332.55
85.738327 334.334
85.769417 334.992
85.800516 335.602
85.841816 330.118
85.873983 329.686
85.90497 334.297
85.946227 326.08
85.987504 322.812
86.018605 322.18
86.060984 324.126
86.091981 328.083
86.123026 324.567
86.174474 321.507
86.205527 319.768
86.237626 326.113
86.268648 327.618
86.299715 331.661
86.371576 326.578
86.402653 329.163
86.444932 329.509
86.475922 327.068
86.506919 324.934
86.537921 323.43
86.568984 324.245
86.590893 326.23
86.621977 330.293
86.653011 335.09
86.684049 335.704
86.725339 334.918
86.757541 334.307
86.788687 336.566
86.819811 337.703
86.850946 333.009
86.881973 328.865
86.914179 326.507
86.945382 325.246
86.976492 331.412
87.007559 337.308
87.038682 336.404
87.070924 331.862
87.102102 328.706
87.13341 327.714
87.164479 327.99
87.19563 330.423
87.248028 330.351
87.279265 332.195
87.31039 338.074
87.34135 331.337
87.372375 327.435
87.404382 325.031
87.435487 326.247
87.466514 329.339
87.497532 325.685
87.538958 322.492
87.571018 320.938
87.602212 320.817
87.633372 326.85
87.664637 332.221
87.736532 339.451
87.768571 350.107
87.799615 346.971
87.830611 335.942
87.861712 331.444
87.902984 326.909
87.935147 346.884
88.017185 342.273
88.068627 338.227
88.099683 335.96
88.130772 336.453
88.162884 339.802
88.193975 339.823
88.225176 338.612
88.256169 341.889
88.287138 336.652
88.319033 333.33
88.350076 333.945
88.381232 337.884
88.412178 337.642
88.443467 336.319
88.475466 334.301
88.506445 336.279
88.537451 338.017
88.568581 333.507
88.609842 330.555
88.641852 327.343
88.672813 330.314
88.704028 331.475
88.735147 327.529
88.776349 325.344
88.808575 325.042
88.839666 327.543
88.870667 325.977
88.921996 322.742
88.963167 319.671
88.995182 321.641
89.026318 322.489
89.057413 320.927
89.108816 314.49
89.139857 319.732
89.192126 320.851
89.223141 320.715
89.254185 322.862
89.285224 326.682
89.316265 329.584
89.368579 332.747
89.399529 335.888
89.430524 332.65
89.461477 332.311
89.492536 329.429
89.524497 328.237
89.55576 330.583
89.586776 333.519
89.638196 336.573
89.67966 337.028
89.711609 336.752
89.742595 335.502
89.773812 338.162
89.804995 334.645
89.83608 335.327
89.878234 335.662
89.909298 332.446
89.940359 329.651
89.991823 328.429
90.022857 322.917
90.054727 323.624
90.085993 327.974
90.117133 330.799
90.148351 334.442
90.1794 329.806
90.211259 333.535
90.262805 333.157
90.293778 321.544
90.324844 316.471
90.355962 318.494
90.387686 316.318
90.418705 325.194
90.439622 326.315
90.470801 322.514
90.501837 320.815
90.533736 309.821
90.564806 309.694
90.596028 319.012
90.627089 323.633
90.658308 321.935
90.690117 320.226
90.721129 318.383
90.752174 321.579
90.783276 328.332
90.824478 326.004
90.856271 321.246
90.887298 319.606
90.918328 319.765
90.949275 318.545
91.021256 317.441
91.053477 319.141
91.084691 326.085
91.125866 322.826
91.187494 322.469
91.218525 327.896
91.240456 329.325
91.27153 331.621
91.302521 328.303
91.333628 322.356
91.364733 323.914
91.396709 330.229
91.427779 331.045
91.458839 330.13
91.490074 326.367
91.531366 322.44
91.563405 325.254
91.594683 327.985
91.625666 326.916
91.65668 324.182
91.687729 325.55
91.719858 321.989
91.750977 322.71
91.781975 318.619
91.833298 313.552
91.894965 315.397
91.937186 318.881
91.968416 321.954
91.99947 321.717
92.030697 322.119
92.06178 326.224
92.093748 335.845
92.124755 340.334
92.165932 330.929
92.197199 325.806
92.228337 324.447
92.260251 324.508
92.291367 326.993
92.322537 329.31
92.353497 323.782
92.394913 317.041
92.426819 318.06
92.457988 321.804
92.48901 324.715
92.540655 324.752
92.571881 328.219
92.603711 329.588
92.634811 327.973
92.665767 323.208
92.697007 315.991
92.727969 318.375
92.759786 319.191
92.79109 322.657
92.822109 330.081
92.853171 326.323
92.884456 326.05
92.926443 326.551
92.957437 327.606
92.988694 329.839
93.019763 329.244
93.050906 323.667
93.082944 323.598
93.113986 324.382
93.134825 326.428
93.165886 319.027
93.217338 318.476
93.249182 321.687
93.28015 327.687
93.311166 332.346
93.352299 328.648
93.383286 328.825
93.4154 336.007
93.446505 337.122
93.477484 340.024
93.508473 339.508
93.539534 334.57
93.571299 327.985
93.602395 325.922
93.633395 325.598
93.664473 314.967
93.736322 310.384
93.768222 320.414
93.799266 319.468
93.830353 316.432
93.861338 313.794
93.892371 317.058
93.924154 324.603
93.955209 324.037
93.986247 320.399
94.027461 316.596
94.058515 314.33
94.090541 313.627
94.121798 316.78
94.15287 318.53
94.18396 315.817
94.235479 312.594
94.26746 313.531
94.298528 322.453
94.33973 329.311
94.370726 328.153
94.401717 322.263
94.433486 323.838
94.464535 328.326
94.495679 331.686
94.536809 331.462
94.567883 332.19
94.599815 343.982
94.692039 342.853
94.753542 329.314
94.78453 334.482
94.825701 333.442
94.898481 325.327
94.929514 318.195
94.980887 323.69
95.022202 327.592
95.053325 333.186
95.085684 332.795
95.116914 328.72
95.14793 327.031
95.179021 323.015
95.210117 321.097
95.242084 319.138
95.273201 324.563
95.304279 325.567
95.335623 323.59
95.438068 325.357
95.470286 335.052
95.501267 331.99
95.532288 335.52
95.593847 339.162
95.624907 339.196
95.65697 333.078
95.718508 330.196
95.749686 325.805
95.780658 319.842
95.811702 320.14
95.84375 322.822
95.874861 322.483
95.916122 320.246
95.947195 320.204
95.978406 323.636
96.010402 319.874
96.041634 319.64
96.072626 320.297
96.103711 314.822
96.145085 314.236
96.187237 316.826
96.218351 318.72
96.249402 315.135
96.280369 311.977
96.311421 311.526
96.343339 313.213
96.374397 319.016
96.405412 316.835
96.436535 313.45
96.467791 310.516
96.499846 307.936
96.530933 310.48
96.562151 316.726
96.593201 314.007
96.644565 314.398
96.676634 313.633
96.707652 315.331
96.738687 312.172
96.800237 310.454
96.841703 316.431
96.873641 318.049
96.904862 314.557
96.966426 313.163
96.9974 312.797
97.028509 316.003
97.050277 318.843
97.08137 316.485
97.143006 312.597
97.17424 314.745
97.205585 318.541
97.247917 321.676
97.278955 318.966
97.330225 317.821
97.361321 316.936
97.39237 321.572
97.434558 343.665
97.496138 335.727
97.547388 323.87
97.578343 324.189
97.609422 327.18
97.641248 324.988
97.672226 323.101
97.703142 325.217
97.774696 324.556
97.815799 328.075
97.847728 329.173
97.878891 331.134
97.899709 333.505
97.971559 331.808
98.002846 333.495
98.034663 339.348
98.076004 333.798
98.107205 332.082
98.138159 331.183
98.16934 330.881
98.201161 332.47
98.232384 333.851
98.263391 330.228
98.294384 323.066
98.325456 319.565
98.357259 318.988
98.388332 321.369
98.419214 325.966
98.450201 323.336
98.481146 323.561
98.51305 321.859
98.544034 322.423
98.574985 323.413
98.60592 319.872
98.63707 318.125
98.709898 320.241
98.740901 321.658
98.771895 318.315
98.802908 314.8
98.833944 318.526
98.876237 318.328
98.897156 320.413
98.928179 321.599
98.959167 317.641
99.000447 313.566
99.03254 313.138
99.063579 315.879
99.094668 321.079
99.125721 325.03
99.156845 319.788
99.188983 323.539
99.230188 322.84
99.261351 324.355
99.302507 318.413
99.333493 319.224
99.375862 324.985
99.417029 324.66
99.448046 320.942
99.479161 318.31
99.530452 317.27
99.562653 321.964
99.593892 322.834
99.625117 327.032
99.656087 322.405
99.687306 321.849
99.719302 326.698
99.760501 331.13
99.801653 327.238
99.832846 323.221
99.86399 318.455
99.895935 318.64
99.92699 320.975
99.958009 324.066
99.989373 327.324
100.020423 328.905
