1.3e-05 0.012516
0.743863 0.034546
0.774864 0.037634
1.151571 0.02228
1.182534 0.029289
1.213518 0.033795
1.245658 0.036382
1.276754 0.039803
1.307916 0.043559
1.338901 0.046896
1.37001 0.04723
1.412055 0.105893
1.463578 0.110733
1.494716 0.125002
1.525743 0.132012
1.556691 0.154125
1.588757 0.163304
1.619768 0.187504
1.650809 0.147032
1.793681 0.138604
1.824647 0.13777
1.856615 0.139939
1.887615 0.14503
1.918636 0.170147
1.949717 0.235486
1.980753 0.121915
2.256849 0.118827
2.287834 0.13585
2.552842 0.146281
2.583833 0.117325
2.614868 0.167977
2.646995 0.173151
2.678061 0.205445
2.85158 0.135517
2.923511 0.147449
2.954539 0.147533
3.037635 0.177156
3.160298 0.147449
3.221942 0.131094
3.252938 0.069928
3.283902 0.077772
3.316004 0.08111
3.347036 0.102138
3.378026 0.104975
3.429384 0.093293
3.511471 0.135266
3.614804 0.145363
3.645773 0.157964
3.676768 0.159382
3.707743 0.083196
3.911735 0.100553
3.943875 0.113654
3.974905 0.122666
4.006025 0.131428
4.036978 0.12592
4.068102 0.073432
4.548377 0.0867
4.579308 0.06175
4.864724 0.027704
4.89573 0.043642
4.926856 0.05716
4.959114 0.064671
4.990103 0.080108
5.021097 0.088953
5.082901 0.181746
5.174952 0.172901
5.207027 0.133931
5.238036 0.137686
5.269068 0.146949
5.300329 0.162386
5.331319 0.156044
5.363489 0.127673
5.506687 0.135934
5.537716 0.154709
5.56865 0.175988
5.599656 0.141108
5.631646 0.138521
5.662756 0.141191
5.693816 0.143861
5.724858 0.136268
5.756042 0.170648
5.828675 0.181579
5.859922 0.166559
5.890911 0.139939
5.942269 0.141358
5.973347 0.139939
6.005135 0.147449
6.036142 0.150203
6.148637 0.146114
6.179613 0.139939
6.210633 0.139856
6.242641 0.139856
6.273727 0.1356
6.304788 0.148618
6.335846 0.144028
6.367021 0.139856
6.398979 0.144279
6.430004 0.151288
6.460992 0.170564
6.49203 0.142693
6.55369 0.14286
6.595762 0.172901
6.627571 0.17023
6.65872 0.136518
6.689887 0.1482
6.72096 0.144529
6.752086 0.156462
6.784318 0.153875
6.816278 0.150537
6.909283 0.139939
6.940447 0.153875
6.97141 0.149786
7.002405 0.158464
7.043665 0.144529
7.075701 0.143778
7.127994 0.143945
7.159881 0.158047
7.212481 0.161468
7.243568 0.134432
7.274619 0.139856
7.305689 0.135934
7.336973 0.129258
7.369006 0.137686
7.400017 0.148451
7.430992 0.158298
7.462056 0.159966
7.482872 0.163054
7.514924 0.195598
7.546757 0.194597
7.578513 0.187754
7.61043 0.148701
7.703581 0.144279
7.73463 0.145864
7.765688 0.13293
7.796788 0.132262
7.827808 0.148952
7.859843 0.1482
7.89089 0.164389
7.921947 0.163972
7.952984 0.18742
8.014701 0.190842
8.046762 0.180661
8.078578 0.185084
8.110455 0.183916
8.142382 0.13585
8.174108 0.135684
8.205798 0.145781
8.237695 0.150954
8.268784 0.1477
8.299825 0.139856
8.330887 0.143694
8.361901 0.151956
8.393647 0.156879
8.425543 0.148952
8.457567 0.171482
8.489436 0.176072
8.520495 0.169563
8.551567 0.173234
8.582697 0.162303
8.613927 0.172984
8.645689 0.155961
8.6871 0.150871
8.718193 0.160801
8.749182 0.157964
8.790444 0.164639
8.822257 0.173568
8.853236 0.174236
8.884354 0.163555
8.915492 0.143361
8.946604 0.144445
8.978754 0.160801
9.009907 0.155961
9.040888 0.165891
9.071838 0.149035
9.133552 0.139105
9.17574 0.141358
9.216985 0.143861
9.248028 0.139939
9.279188 0.153541
9.310459 0.144445
9.342511 0.134682
9.374318 0.135934
9.406075 0.13318
9.447961 0.126922
9.47979 0.137686
9.511672 0.141942
9.542735 0.136601
9.573795 0.135433
9.604982 0.13343
9.635998 0.135517
9.667948 0.146198
9.699224 0.147783
9.730327 0.160467
9.761521 0.157463
9.802767 0.154209
9.834696 0.151872
9.865733 0.163304
9.896741 0.162053
9.928049 0.154292
9.959108 0.152289
9.990923 0.151038
10.021979 0.153207
10.052956 0.159883
10.083985 0.150704
10.114993 0.153124
10.157158 0.154542
10.189041 0.157546
10.220034 0.159883
10.251079 0.153458
10.282094 0.144279
10.313059 0.149452
10.344906 0.153207
10.376745 0.15062
10.408574 0.1356
10.449811 0.144362
10.480762 0.147783
10.511802 0.149786
10.542839 0.146949
10.574684 0.151705
10.606444 0.141859
10.648596 0.148618
10.679572 0.154459
10.710585 0.168061
10.741549 0.184917
10.772933 0.176739
10.825311 0.15062
10.867409 0.152039
10.899243 0.159049
10.931143 0.176155
10.962187 0.140023
10.993407 0.149869
11.024447 0.148117
11.05564 0.146198
11.087735 0.135767
11.119803 0.139939
11.151676 0.1482
11.183739 0.162804
11.214823 0.16973
11.2459 0.173151
11.277008 0.181162
11.308249 0.186669
11.340569 0.144279
11.412417 0.140023
11.443556 0.154292
11.474559 0.154793
11.505641 0.148284
11.537587 0.153291
11.569692 0.153958
11.601839 0.138354
11.632827 0.146448
11.724852 0.152623
11.755858 0.153708
11.78688 0.139772
11.819091 0.135517
11.850849 0.147783
11.882652 0.146448
11.914577 0.144779
11.946413 0.157964
11.978122 0.143361
12.029474 0.185084
12.060461 0.144279
12.122165 0.150871
12.153198 0.142025
12.185068 0.14795
12.216809 0.159215
12.248491 0.157046
12.279588 0.160801
12.310587 0.166141
12.341687 0.175988
12.372692 0.175988
12.404472 0.153625
12.445698 0.150203
12.487001 0.149619
12.51805 0.162971
12.549341 0.153875
12.581132 0.147449
12.613156 0.161969
12.645181 0.127756
12.686333 0.130677
12.727577 0.120663
12.758739 0.127506
12.789792 0.138771
12.821637 0.131762
12.852632 0.144362
12.88362 0.154376
12.9146 0.154542
12.945816 0.150537
12.977918 0.165891
13.009721 0.178742
13.041647 0.137686
13.175701 0.149536
13.206852 0.158464
13.237834 0.13051
13.268857 0.139939
13.299933 0.144362
13.321737 0.140273
13.352731 0.135934
13.383745 0.151288
13.41497 0.177657
13.466333 0.191009
13.498434 0.156629
13.529485 0.158798
13.560514 0.167977
13.591678 0.13076
13.643322 0.135767
13.675293 0.145196
13.706458 0.158631
13.737642 0.132346
13.799192 0.140273
13.830221 0.144112
13.862132 0.148034
13.893124 0.133848
13.975376 0.130093
14.006628 0.143194
14.037735 0.128257
14.069612 0.129842
14.100919 0.140106
14.13189 0.143527
14.162971 0.130927
14.194028 0.120246
14.225914 0.123918
14.256977 0.14069
14.28804 0.157213
14.319082 0.116324
14.360387 0.131928
14.39233 0.144279
14.423427 0.150704
14.454431 0.149786
14.485636 0.14044
14.516695 0.133097
14.548565 0.124418
14.579912 0.128757
14.611 0.13777
14.64203 0.139605
14.683229 0.136768
14.714985 0.13777
14.74678 0.147533
14.778616 0.154125
14.810574 0.151705
14.842643 0.142276
14.874575 0.141024
14.90641 0.142192
14.938415 0.145864
14.970569 0.140106
15.002484 0.142109
15.03443 0.148284
15.065388 0.150203
15.096478 0.146198
15.127491 0.143778
15.158586 0.155961
15.190543 0.166141
15.221593 0.176823
15.252655 0.180327
15.283658 0.187253
15.3148 0.197851
15.346891 0.190758
15.377959 0.186085
15.408901 0.18934
15.439852 0.155043
15.501318 0.155043
15.533427 0.166893
15.565493 0.164639
15.597347 0.139939
15.629303 0.136518
15.66039 0.13777
15.711992 0.144863
15.743059 0.143945
15.77408 0.131678
15.84681 0.139105
15.888101 0.148117
15.919271 0.16781
15.950483 0.163722
15.981561 0.157463
16.064496 0.148284
16.187245 0.1235
16.218276 0.131344
16.249456 0.13535
16.280499 0.103807
16.373671 0.120329
16.404693 0.117909
16.445948 0.127255
16.507826 0.139105
16.538871 0.127589
16.570772 0.127673
16.601781 0.10339
16.67342 0.112318
16.704578 0.116658
16.735655 0.117909
16.767615 0.123167
16.79861 0.127255
16.850119 0.129675
16.891269 0.140607
16.922257 0.142276
16.954068 0.138103
16.985264 0.157046
17.016278 0.163221
17.189917 0.127923
17.282102 0.123083
17.324322 0.143778
17.356267 0.088703
17.490068 0.095546
17.521228 0.078773
17.552348 0.081026
17.583576 0.091207
17.614687 0.124418
17.64657 0.111567
17.678633 0.112068
17.710551 0.120079
17.742707 0.131261
17.773734 0.176072
17.804912 0.163972
17.846165 0.165557
17.877216 0.119078
17.939694 0.136101
17.971617 0.147116
18.002576 0.132846
18.074384 0.126504
18.105551 0.162386
18.13687 0.162136
18.189374 0.153291
18.262039 0.155627
18.293282 0.160217
18.334579 0.16539
18.365528 0.158298
18.396566 0.16222
18.459399 0.10147
18.521712 0.123584
18.553709 0.155043
18.584821 0.138854
18.615853 0.144112
18.647067 0.131511
18.678283 0.124001
18.730586 0.117909
18.762388 0.11841
18.845206 0.12567
18.8761 0.13343
18.917338 0.137937
18.948506 0.125586
18.989771 0.130259
19.021834 0.151038
19.052935 0.136184
19.124557 0.155043
19.155569 0.159215
19.186568 0.137853
19.218722 0.141859
19.24969 0.144112
19.280722 0.125753
19.311751 0.131261
19.353119 0.134682
19.385131 0.132179
19.417045 0.136268
19.449048 0.141692
19.480937 0.130093
19.512682 0.133931
19.564149 0.142693
19.595108 0.14795
19.626254 0.139522
19.657292 0.135767
19.689143 0.144863
19.721032 0.142693
19.753143 0.158464
19.784151 0.161051
19.815146 0.182247
19.846228 0.154292
19.877235 0.17507
19.909507 0.183331
19.941411 0.170147
19.973371 0.167059
20.005303 0.168478
20.037166 0.165224
20.088682 0.161385
20.119704 0.156378
20.150733 0.142443
20.181758 0.151371
20.213954 0.153124
20.245007 0.154125
20.27603 0.147449
20.307243 0.177657
20.338229 0.188088
20.370484 0.168812
20.401477 0.166308
20.432475 0.175988
20.463612 0.149285
20.525436 0.147199
20.567564 0.15763
20.599453 0.163304
20.631341 0.140023
20.662348 0.122749
20.713712 0.130593
20.744746 0.140941
20.775831 0.142192
20.828161 0.144445
20.85996 0.146532
20.89206 0.141942
20.923958 0.140857
20.955191 0.150203
20.986171 0.161051
21.017192 0.132513
21.109491 0.133597
21.151506 0.150537
21.183304 0.158298
21.215322 0.159966
21.247161 0.164973
21.278954 0.161468
21.310782 0.176656
21.341817 0.131511
21.464437 0.148534
21.495434 0.13535
21.587555 0.151622
21.619357 0.144279
21.641208 0.127339
21.703019 0.15012
21.734119 0.196933
21.78549 0.118744
21.908066 0.131595
21.939884 0.132179
21.971709 0.11624
22.034104 0.110566
22.085479 0.117492
22.116498 0.128006
22.147591 0.140023
22.198941 0.124335
22.271452 0.11574
22.322928 0.126588
22.353967 0.141775
22.395153 0.14019
22.426384 0.15062
22.458265 0.05933
22.987943 0.054991
23.019026 0.015521
23.395854 0.019025
23.437158 0.021946
23.490099 0.024533
23.521947 0.026702
23.574328 0.028705
23.626923 0.038301
23.73013 0.062
23.761318 0.064504
23.792415 0.066339
23.823443 0.074267
23.854426 0.088369
23.886458 0.096631
23.917421 0.113987
23.948393 0.128591
23.989577 0.13051
24.020596 0.15304
24.062631 0.161135
24.093597 0.163304
24.134716 0.159966
24.165677 0.140774
24.196665 0.147283
24.228452 0.134599
24.259424 0.147283
24.290363 0.134348
24.331542 0.125336
24.372744 0.136852
24.404601 0.145864
24.435595 0.145781
24.466568 0.147283
24.497719 0.135684
24.538986 0.131678
24.570766 0.135684
24.601694 0.126838
24.632847 0.135767
24.664046 0.1356
24.705247 0.1356
24.737134 0.117242
24.76811 0.130176
24.799114 0.126504
24.830086 0.135684
24.861197 0.139856
24.893105 0.140523
24.925095 0.134766
24.956184 0.136685
24.987295 0.125253
25.049023 0.116658
25.080031 0.120162
25.111938 0.122082
25.14385 0.129425
25.175757 0.139772
25.206779 0.143611
25.237862 0.142276
25.269016 0.144779
25.300146 0.144279
25.332151 0.148284
25.363961 0.135767
25.406005 0.134265
25.437845 0.137853
25.468824 0.14528
25.49995 0.142276
25.531108 0.146615
25.562147 0.143694
25.594197 0.140023
25.625994 0.141274
25.657831 0.15062
25.689642 0.167059
25.721434 0.17457
25.752532 0.184333
25.783552 0.19418
25.814535 0.149035
25.896489 0.150871
25.938493 0.156378
25.970277 0.159716
26.002132 0.176072
26.033112 0.166308
26.07432 0.167393
26.105568 0.153708
26.136646 0.153291
26.168747 0.133514
26.220237 0.149202
26.251499 0.15062
26.282751 0.149035
26.313816 0.13802
26.34576 0.14261
26.377714 0.151622
26.408747 0.161719
26.439679 0.146198
26.521712 0.140023
26.552948 0.143945
26.584812 0.149118
26.615871 0.132513
26.646895 0.126171
26.677885 0.132429
26.709112 0.121164
26.740965 0.11357
26.771974 0.110566
26.8131 0.141191
26.844115 0.138103
26.875087 0.134181
26.906932 0.139689
26.937988 0.140023
26.969045 0.146198
27.000109 0.125503
27.051608 0.127255
27.083788 0.12834
27.114897 0.129258
27.145933 0.143361
27.176921 0.135433
27.208039 0.14553
27.240334 0.146198
27.271394 0.13802
27.302506 0.136768
27.333827 0.1356
27.37507 0.127673
27.427455 0.143027
27.459401 0.148367
27.480268 0.13343
27.531705 0.142109
27.572873 0.135684
27.603917 0.146615
27.635993 0.143694
27.677277 0.140023
27.738898 0.134932
27.769932 0.139939
27.800992 0.136184
27.83305 0.139939
27.864141 0.138604
27.895133 0.131678
27.926232 0.133848
27.957296 0.132679
27.989245 0.134265
28.02028 0.148367
28.051509 0.160717
28.082512 0.131428
28.144009 0.143277
28.175988 0.158047
28.207885 0.15012
28.239762 0.149285
28.27166 0.117242
28.313719 0.122833
28.344765 0.127255
28.375749 0.130343
28.406766 0.131177
28.468406 0.120246
28.500434 0.128674
28.531444 0.137269
28.562396 0.135183
28.593397 0.147283
28.624382 0.163972
28.656423 0.156712
28.687514 0.166559
28.718825 0.164806
28.749905 0.141608
28.791347 0.148367
28.823393 0.150787
28.854472 0.149869
28.885625 0.157713
28.916608 0.139939
28.947698 0.094628
29.061039 0.118827
29.092108 0.139939
29.123029 0.118243
29.194896 0.096046
29.226099 0.102055
29.258155 0.101137
29.299304 0.105977
29.330312 0.10848
29.361265 0.084865
29.433359 0.082778
29.485656 0.091791
29.516726 0.097882
29.547738 0.097382
29.578812 0.078189
29.640394 0.073182
29.672393 0.083196
29.703524 0.094544
29.73459 0.095546
29.765672 0.106561
29.796746 0.094711
29.86939 0.090789
29.900498 0.09371
29.931566 0.093293
29.962607 0.106894
29.993549 0.109732
30.025407 0.098133
30.056478 0.112068
30.087553 0.110065
30.139133 0.110232
30.170295 0.115573
30.222855 0.109982
30.264298 0.11115
30.295313 0.117242
30.326284 0.108146
30.367411 0.083947
30.419686 0.08136
30.450697 0.088953
30.481813 0.089371
30.512845 0.086617
30.574697 0.093293
30.626993 0.088536
30.658043 0.091207
30.689179 0.096881
30.710083 0.09855
30.76135 0.107479
30.793384 0.109732
30.824358 0.110399
30.855349 0.111234
30.886521 0.103557
30.917603 0.112318
30.949476 0.111985
31.011067 0.103473
31.042179 0.108897
31.073186 0.114238
31.104491 0.085198
31.167212 0.078105
31.198235 0.078189
31.249869 0.079357
31.291084 0.088703
31.332295 0.106394
31.364484 0.118494
31.395634 0.109565
31.436852 0.114154
31.467906 0.114238
31.499085 0.095295
31.561714 0.111234
31.592862 0.106644
31.624042 0.107645
31.655126 0.103724
31.686094 0.07385
31.75897 0.07677
31.790065 0.087118
31.821078 0.088202
31.852262 0.090873
31.883291 0.089538
31.915523 0.075936
31.987407 0.084614
32.018517 0.089371
32.049661 0.089871
32.080862 0.0741
32.14376 0.070929
32.17491 0.079607
32.206072 0.072014
32.338932 0.065088
32.370213 0.06901
32.402539 0.073015
32.433865 0.07627
32.465234 0.074851
32.527248 0.079441
32.55857 0.077021
32.591006 0.081861
32.62242 0.08862
32.6537 0.110399
32.695306 0.109064
32.726621 0.094628
32.759106 0.094544
32.81089 0.097382
32.842137 0.104975
32.873173 0.108146
32.904389 0.11357
32.936744 0.092542
32.978254 0.082862
33.009524 0.087201
33.040728 0.083613
33.082344 0.076353
33.155627 0.062334
33.186977 0.07168
33.218293 0.07652
33.249543 0.076603
33.280827 0.082027
33.313332 0.099384
33.344623 0.111067
33.375885 0.114154
33.40718 0.110983
33.438457 0.111651
33.470892 0.115323
33.532824 0.111234
33.564087 0.113654
33.595397 0.115156
33.62677 0.119996
33.659242 0.121331
33.69059 0.11599
33.721856 0.116574
33.763365 0.114822
33.794713 0.116658
33.827179 0.131428
33.868657 0.135934
33.899953 0.130009
33.931293 0.136601
33.983142 0.129842
34.025816 0.123834
34.057185 0.126671
34.088627 0.136268
34.119995 0.11357
34.212552 0.10631
34.245067 0.11574
34.276391 0.11574
34.307683 0.111985
34.338979 0.094211
34.380418 0.083112
34.443372 0.082778
34.474595 0.087285
34.495718 0.086367
34.526941 0.099301
34.558111 0.114405
34.590366 0.118327
34.621442 0.107979
34.65248 0.116491
34.693773 0.125336
34.724899 0.126171
34.757259 0.11599
34.818971 0.114071
34.850127 0.114822
34.881357 0.105977
34.912482 0.086116
34.954922 0.078272
35.006426 0.082278
35.037581 0.081276
35.06866 0.083947
35.08954 0.086367
35.121653 0.104975
35.152833 0.106227
35.183981 0.112819
35.215075 0.109565
35.246212 0.109732
35.278437 0.100719
35.360467 0.106978
35.391629 0.108897
35.42282 0.107061
35.454019 0.107312
35.486309 0.110816
35.517521 0.106978
35.54883 0.102639
35.58003 0.089204
35.712938 0.081694
35.745131 0.09346
35.776222 0.09104
35.80744 0.089371
35.838569 0.086033
35.869686 0.090539
35.901855 0.097882
35.933011 0.099468
35.964159 0.10389
35.995216 0.129842
36.026287 0.131428
36.058404 0.10581
36.130088 0.107228
36.150961 0.111234
36.182163 0.11115
36.213332 0.079774
36.286194 0.075018
36.327485 0.078189
36.358647 0.073683
36.389779 0.06392
36.481841 0.07193
36.51397 0.075602
36.54495 0.073015
36.575944 0.078022
36.606965 0.077688
36.688861 0.074934
36.721067 0.08403
36.75218 0.086283
36.783275 0.10097
36.814286 0.082778
36.906374 0.077188
36.93857 0.08403
36.969563 0.082528
37.000542 0.095713
37.031481 0.100219
37.062433 0.085532
37.114757 0.089538
37.135638 0.078189
37.166643 0.085532
37.197692 0.082528
37.228666 0.093126
37.260595 0.086033
37.29156 0.074684
37.342815 0.078856
37.373778 0.082862
37.404788 0.089621
37.43663 0.079774
37.508327 0.084781
37.539268 0.079441
37.570422 0.075352
37.621899 0.073683
37.654055 0.091457
37.685088 0.049567
38.19474 0.075769
38.225715 0.094878
38.256896 0.038969
38.635296 0.041472
38.666595 0.045061
38.697712 0.048899
38.728689 0.055408
38.769905 0.055658
38.80174 0.060832
38.832883 0.059497
38.874062 0.061917
38.90504 0.063335
38.936049 0.060081
38.988166 0.070428
39.039511 0.067257
39.070584 0.073683
39.101674 0.071012
39.132686 0.065255
39.164649 0.075602
39.19567 0.089371
39.236997 0.091958
39.268058 0.089704
39.299172 0.089704
39.331338 0.09613
39.392861 0.090873
39.423831 0.098717
39.454893 0.100719
39.485951 0.07385
39.558802 0.068843
39.589839 0.079941
39.620926 0.076854
39.733378 0.066089
39.764424 0.074517
39.796532 0.073015
39.827507 0.079274
39.858742 0.067341
39.960953 0.073933
39.991966 0.079941
40.024109 0.0862
40.055224 0.106477
40.086295 0.11357
40.11728 0.10122
40.168613 0.092792
40.210798 0.10606
40.241797 0.124752
40.272768 0.136852
40.303703 0.125002
40.334695 0.122749
40.366715 0.120329
40.397736 0.135684
40.428739 0.134432
40.469969 0.094544
40.582391 0.099968
40.614492 0.090372
40.6455 0.089037
40.676582 0.07435
40.717781 0.072848
40.759032 0.06926
40.79104 0.079357
40.822093 0.082778
40.853071 0.082528
40.88427 0.086617
40.915305 0.107896
40.94715 0.114822
40.978367 0.128507
41.009406 0.145697
41.040407 0.127089
41.07172 0.105392
41.175027 0.106811
41.206183 0.112235
41.237251 0.076353
41.35968 0.069594
41.390652 0.080108
41.422568 0.08645
41.453589 0.089371
41.484519 0.090038
41.515534 0.083529
41.58727 0.085031
41.619625 0.088119
41.650735 0.100719
41.681929 0.099885
41.713067 0.101554
41.744225 0.089788
41.77656 0.079441
44.07841 0.193262
44.109385 0.200104
44.140334 0.19418
44.171298 0.20219
44.203378 0.202775
44.234304 0.200188
44.265419 0.198435
44.296512 0.191175
44.327484 0.193178
44.359726 0.195598
44.390774 0.198769
44.421765 0.099551
44.554677 0.098717
44.585842 0.100219
44.617877 0.102889
44.648886 0.094628
44.680028 0.059914
44.74156 0.058913
44.772804 0.070512
44.804656 0.084531
44.835686 0.092375
44.866904 0.09129
44.897892 0.122499
44.928936 0.099384
44.970965 0.097799
45.012202 0.112903
45.04319 0.136935
45.074293 0.133597
45.105367 0.130593
45.137261 0.099802
45.16823 0.089704
45.219574 0.09613
45.250507 0.105559
45.281695 0.098216
45.313546 0.10147
45.364943 0.087702
45.395968 0.080525
45.427129 0.08645
45.45813 0.101053
45.490084 0.112652
45.52133 0.120329
45.552348 0.135433
45.583334 0.117492
45.71636 0.124919
45.748411 0.124418
45.779546 0.12784
45.800391 0.079357
45.872101 0.08161
45.903152 0.069928
45.935231 0.077104
45.966223 0.082361
45.99748 0.090038
46.028567 0.110316
46.059776 0.082778
46.132331 0.082612
46.163428 0.090205
46.194783 0.101554
46.225787 0.102055
46.266987 0.084364
46.319287 0.074934
46.350357 0.080525
46.381409 0.083947
46.412376 0.088286
46.443421 0.083613
46.485621 0.08111
46.516735 0.075352
46.547773 0.083279
46.57885 0.084698
46.609958 0.090289
46.641832 0.087869
46.693172 0.074517
46.724203 0.078439
46.755326 0.078272
46.786521 0.087034
46.818285 0.082111
46.890042 0.077104
46.921006 0.076687
46.952052 0.069093
47.033978 0.072765
47.065748 0.079274
47.096862 0.083863
47.127861 0.077021
47.199571 0.041222
47.240833 0.074267
47.282915 0.079941
47.324155 0.10122
47.355241 0.073266
47.406857 0.077438
47.478687 0.085783
47.510794 0.092625
47.541795 0.124919
47.572789 0.125336
47.603747 0.111234
47.634755 0.095963
47.676899 0.100886
47.718105 0.104558
47.76941 0.118327
47.790247 0.113987
47.82132 0.103139
47.853472 0.107729
47.884429 0.122916
47.915405 0.125753
47.946357 0.123167
47.977325 0.105476
48.060133 0.095963
48.091159 0.102221
48.122077 0.110232
48.15297 0.110232
48.183965 0.099468
48.215884 0.080525
48.246848 0.072765
48.277853 0.079441
48.308828 0.085449
48.339847 0.085365
48.37169 0.088286
48.402713 0.081276
48.464199 0.089788
48.495163 0.091958
48.526283 0.079941
48.609264 0.083863
48.640319 0.080108
48.67132 0.082778
48.702531 0.073015
48.754058 0.075936
48.785998 0.079607
48.81704 0.079691
48.848105 0.077438
48.879141 0.082945
48.910161 0.077521
48.952461 0.077021
48.993692 0.076937
49.075865 0.10097
49.106887 0.082612
49.137966 0.046062
49.200464 0.082945
49.23142 0.089204
49.262492 0.086867
49.344326 0.064587
49.426254 0.071096
49.458136 0.071763
49.529724 0.058245
49.580979 0.055658
49.611944 0.064671
49.642932 0.071597
49.67476 0.085532
49.705742 0.087368
49.746922 0.104391
49.777888 0.095713
49.80886 0.077605
49.871236 0.075018
49.932673 0.061082
49.973797 0.068759
50.004795 0.058662
50.056041 0.048899
50.098191 0.052988
50.12915 0.053572
50.160164 0.063002
50.191163 0.062584
50.232326 0.061416
50.304751 0.075936
50.335779 0.081527
50.366784 0.094044
50.397759 0.095629
50.428765 0.076687
50.501298 0.073182
50.532406 0.075852
50.56349 0.077521
50.604755 0.081527
50.635803 0.079524
50.708574 0.069344
50.73956 0.071096
50.770635 0.07627
50.801682 0.074851
50.84284 0.07919
50.874888 0.041222
50.916121 0.08403
50.947242 0.078439
50.978335 0.087952
51.009501 0.089538
51.041334 0.089538
51.072401 0.083196
51.123823 0.087952
51.154793 0.097548
51.1858 0.102221
51.227942 0.107896
51.258923 0.114405
51.28987 0.119996
51.310677 0.108814
51.341692 0.126421
51.373673 0.128507
51.404787 0.130343
51.435845 0.146532
51.466959 0.133264
51.49797 0.139939
51.530181 0.106978
51.602094 0.100135
51.633155 0.105559
51.664228 0.109398
51.695471 0.082778
51.758267 0.074434
51.7896 0.077021
51.820891 0.074684
51.851895 0.061583
51.954438 0.066924
51.986577 0.070595
52.017843 0.070929
52.048772 0.078189
52.079732 0.080442
52.110885 0.073683
52.173422 0.07385
52.204544 0.078773
52.235481 0.08136
52.266593 0.097131
52.297982 0.085198
52.330124 0.092959
52.371378 0.082278
52.412564 0.083529
52.443634 0.089955
52.474638 0.092124
52.506551 0.094044
52.537762 0.079357
52.589151 0.083529
52.620424 0.085532
52.65159 0.076603
52.693817 0.077855
52.724802 0.082445
52.75603 0.089871
52.78726 0.080108
52.818372 0.085198
52.860441 0.097799
52.891442 0.104475
52.922386 0.122499
52.953428 0.112652
53.015013 0.123834
53.046949 0.10823
53.098448 0.108897
53.129783 0.111484
53.160945 0.111567
53.192146 0.083279
53.223923 0.07894
53.27614 0.072598
53.307227 0.075101
53.338487 0.085616
53.369549 0.09154
53.400543 0.096714
53.432355 0.097548
53.463408 0.104558
53.494382 0.106227
53.525368 0.117409
53.556375 0.111985
53.608962 0.105893
53.660305 0.108313
53.691303 0.108814
53.722553 0.109064
53.7536 0.084948
53.785582 0.077605
53.84708 0.079941
53.878021 0.080442
53.919139 0.076019
53.950119 0.078022
54.012768 0.075018
54.043842 0.077271
54.074851 0.078856
54.1059 0.072598
54.136911 0.068759
54.199371 0.078523
54.230579 0.085532
54.261812 0.085031
54.292844 0.08645
54.323868 0.087618
54.3558 0.086951
54.417325 0.082027
54.448306 0.088536
54.479368 0.094795
54.510753 0.082111
54.54268 0.077438
54.604217 0.082945
54.635305 0.087702
54.666332 0.058913
54.809289 0.070345
54.831043 0.080108
54.862039 0.069427
54.954254 0.07652
54.985239 0.08111
55.016315 0.083529
55.04815 0.092041
55.079255 0.099134
55.110334 0.113987
55.141518 0.103724
55.172537 0.117659
55.204627 0.121498
55.235596 0.129675
55.266619 0.147783
55.297654 0.109815
55.430819 0.11115
55.462678 0.112736
55.493819 0.116157
55.524904 0.084531
55.586394 0.063085
55.617429 0.067007
55.649543 0.071763
55.6806 0.079023
55.711597 0.085198
55.742682 0.109398
55.773821 0.081777
55.816214 0.082528
55.877701 0.083613
55.908764 0.089788
55.939761 0.106978
55.970835 0.112736
56.00289 0.108397
56.033926 0.120162
56.064959 0.119411
56.09601 0.120496
56.127085 0.11357
56.220087 0.111567
56.251105 0.1109
56.282056 0.111234
56.313254 0.103724
56.344569 0.105059
56.376627 0.104725
56.407604 0.106811
56.459141 0.107979
56.490159 0.112736
56.521164 0.099468
56.573427 0.111067
56.604538 0.116157
56.635572 0.123417
56.666622 0.113236
56.697648 0.080525
56.780522 0.086867
56.811622 0.085783
56.842686 0.090622
56.873837 0.093293
56.904903 0.094962
56.936897 0.078523
56.998693 0.085449
57.029742 0.087201
57.06085 0.092124
57.091889 0.093626
57.123782 0.083863
57.205813 0.090706
57.236921 0.073015
57.339206 0.070679
57.370217 0.08403
57.402078 0.071763
57.453359 0.073516
57.484322 0.06392
57.556041 0.066339
57.587138 0.083196
57.618887 0.085866
57.649962 0.090622
57.680937 0.104391
57.711929 0.078356
57.804243 0.081026
57.836372 0.093042
57.867587 0.097131
57.89886 0.10606
57.929923 0.073349
58.001712 0.082111
58.033727 0.083196
58.064751 0.086116
58.095783 0.088787
58.126862 0.097048
58.157866 0.082612
58.210273 0.07869
58.241459 0.086534
58.272511 0.089871
58.303544 0.101804
58.334528 0.101053
58.366409 0.090706
58.41783 0.075435
58.448785 0.079691
58.47973 0.089204
58.51072 0.08887
58.542499 0.079441
58.603923 0.076103
58.645287 0.083112
58.676326 0.079941
58.717431 0.080442
58.790304 0.083529
58.8217 0.079441
58.852754 0.067758
58.955134 0.070261
58.98619 0.075936
59.018239 0.075936
59.049263 0.078856
59.080282 0.082695
59.111281 0.068008
59.183339 0.059998
59.25629 0.063586
59.287301 0.075018
59.31831 0.057911
59.359805 0.051152
59.421428 0.05908
59.4537 0.063002
59.484908 0.066506
59.515941 0.079107
59.547264 0.083029
59.578553 0.06684
59.641258 0.072932
59.672331 0.081026
59.703415 0.090622
59.734596 0.09905
59.765661 0.083696
59.797758 0.072848
59.859396 0.076854
59.890425 0.078606
59.921452 0.083613
59.95251 0.080192
59.98461 0.074768
60.046292 0.081777
60.077316 0.085198
60.108285 0.069093
60.220793 0.080692
60.252871 0.079023
60.284051 0.079357
60.315266 0.069928
60.407198 0.071012
60.438311 0.07435
60.490733 0.084698
60.52168 0.095713
60.552629 0.099718
60.59374 0.097382
60.624704 0.099885
60.656561 0.099468
60.68756 0.108814
60.718523 0.119745
60.749493 0.127506
60.780421 0.090539
60.84282 0.089704
60.883942 0.096797
60.914936 0.100719
60.945935 0.096797
60.97693 0.080943
61.008825 0.079691
61.049936 0.072932
61.080884 0.078189
61.111835 0.082862
61.142815 0.078105
61.184724 0.08161
61.24618 0.080525
61.277153 0.090456
61.308142 0.085449
61.3391 0.079524
61.401441 0.07677
61.432446 0.08887
61.463417 0.092124
61.49438 0.090706
61.525423 0.088536
61.557289 0.093126
61.588402 0.082612
61.619521 0.090539
61.650567 0.096964
61.681789 0.098466
61.713615 0.082778
61.785441 0.088202
61.816391 0.08403
61.847756 0.085031
61.889123 0.079441
61.961891 0.08111
61.992997 0.08161
62.023996 0.082027
62.05501 0.073933
62.147112 0.082111
62.179182 0.083196
62.200062 0.087034
62.23113 0.089704
62.26215 0.092542
62.293204 0.08161
62.365911 0.085282
62.396915 0.088286
62.427889 0.090372
62.458945 0.099551
62.490031 0.082445
62.562822 0.075018
62.593878 0.083363
62.624851 0.085949
62.655894 0.087118
62.686962 0.080525
62.749492 0.075185
62.780472 0.083529
62.81156 0.083613
62.842595 0.083196
62.873622 0.086116
62.905674 0.08161
62.946967 0.07869
62.978033 0.07894
63.019469 0.081527
63.0506 0.086033
63.082731 0.077772
63.123997 0.074601
63.155021 0.082862
63.186056 0.082862
63.217255 0.0867
63.249183 0.10339
63.280242 0.109481
63.311305 0.118911
63.342302 0.122249
63.373398 0.114905
63.405344 0.118994
63.43666 0.123
63.467611 0.124502
63.498723 0.137186
63.529969 0.129508
63.561924 0.119495
63.592996 0.101804
63.634459 0.091373
63.665514 0.09905
63.696587 0.096213
63.72869 0.100386
63.75968 0.094127
63.790874 0.087618
63.822024 0.086951
63.842996 0.089955
63.875094 0.08887
63.906111 0.087618
63.967826 0.092542
63.998886 0.090789
64.029912 0.092959
64.062093 0.08111
64.113636 0.075852
64.144658 0.080025
64.175868 0.08428
64.206973 0.096631
64.239003 0.100719
64.290366 0.11332
64.321406 0.121748
64.352441 0.117325
64.383598 0.111985
64.415728 0.111234
64.477349 0.114822
64.508368 0.11065
64.539505 0.099301
64.570571 0.080776
64.612664 0.076353
64.65416 0.075602
64.685405 0.081694
64.716429 0.073015
64.778368 0.076854
64.820556 0.081026
64.851607 0.084781
64.882627 0.08111
64.913707 0.08428
64.945048 0.075936
65.007473 0.082778
65.038593 0.077521
65.059374 0.083196
65.09039 0.093293
65.121408 0.094461
65.153387 0.095546
65.184495 0.076019
65.235944 0.082027
65.277224 0.084698
65.308202 0.087118
65.34025 0.084364
65.371327 0.079023
65.412488 0.082695
65.443546 0.083363
65.474806 0.080192
65.506687 0.073599
65.58861 0.09129
65.619672 0.084364
65.650752 0.079441
65.681772 0.090622
65.713611 0.101888
65.744677 0.11115
65.77565 0.108897
65.806846 0.08378
65.929413 0.091373
65.961404 0.096964
65.99274 0.0988
66.024037 0.096547
66.055125 0.070011
66.116714 0.067257
66.148674 0.075602
66.179757 0.075852
66.210815 0.082528
66.241991 0.104892
66.273242 0.075936
66.346025 0.080525
66.377299 0.092041
66.408326 0.092208
66.439325 0.106561
66.470367 0.080275
66.553146 0.08111
66.584359 0.086617
66.615412 0.087451
66.646456 0.089454
66.677538 0.095129
66.709346 0.080859
66.760764 0.078189
66.791813 0.081193
66.822829 0.084948
66.853798 0.088369
66.885628 0.085449
66.916599 0.081276
66.967861 0.082278
66.998835 0.090456
67.019648 0.094544
67.05149 0.096881
67.082504 0.111484
67.113434 0.116658
67.14444 0.115072
67.175473 0.119829
67.207288 0.131428
67.23825 0.137937
67.269227 0.148451
67.300181 0.141859
67.351495 0.110483
67.444222 0.11357
67.475284 0.118827
67.506264 0.080609
67.537265 0.068259
67.598928 0.071012
67.630913 0.07894
67.661993 0.078272
67.693118 0.085449
67.724173 0.088536
67.75526 0.088703
67.787439 0.090539
67.859237 0.093376
67.890285 0.097048
67.921346 0.106978
67.95249 0.084364
68.025371 0.076603
68.056497 0.078606
68.097678 0.07168
68.159166 0.068843
68.210801 0.072681
68.242842 0.077104
68.274111 0.07385
68.295052 0.075602
68.326116 0.069928
68.387789 0.069928
68.419751 0.080275
68.450789 0.088369
68.481941 0.087618
68.512988 0.112485
68.54414 0.096547
68.586322 0.107812
68.617372 0.115573
68.648504 0.116157
68.679542 0.115907
68.710709 0.112736
68.742589 0.103974
68.804281 0.103473
68.835329 0.117576
68.866384 0.113987
68.897458 0.08161
68.980407 0.073182
69.011731 0.080776
69.042881 0.087869
69.073876 0.079023
69.115292 0.087952
69.157405 0.070512
69.198548 0.077354
69.229592 0.081527
69.260769 0.087869
69.291796 0.098967
69.323683 0.077605
69.405696 0.081276
69.436706 0.084948
69.467769 0.096046
69.498867 0.076687
69.571766 0.078105
69.602873 0.083029
69.633909 0.064921
69.746439 0.062251
69.777514 0.070512
69.809626 0.069344
69.840593 0.070512
69.881926 0.062584
69.943506 0.05666
70.005198 0.068843
70.057618 0.070011
70.088657 0.07385
70.119739 0.075268
70.150792 0.089204
70.18178 0.085699
70.213868 0.096547
70.244855 0.119745
70.275843 0.120079
70.306873 0.113821
70.337963 0.112819
70.4311 0.107312
70.462171 0.099968
70.513505 0.088787
70.544468 0.065588
70.62641 0.074017
70.658576 0.07919
70.689629 0.082027
70.720592 0.085532
70.7516 0.087952
70.813095 0.08862
70.845177 0.08887
70.876235 0.09129
70.907279 0.098133
70.938287 0.112068
70.96935 0.079441
71.042117 0.081026
71.073136 0.086367
71.104269 0.089371
71.135273 0.100469
71.16626 0.082027
71.239122 0.072932
71.270199 0.077021
71.301259 0.084948
71.332235 0.088536
71.363303 0.09371
71.395347 0.07627
71.477355 0.082027
71.508333 0.087785
71.539313 0.090456
71.570272 0.10581
71.602309 0.107645
71.643658 0.116574
71.674943 0.103974
71.705916 0.094461
71.747308 0.085115
71.830435 0.083112
71.861565 0.091874
71.89254 0.085866
71.943977 0.062084
71.995614 0.068008
72.027666 0.07143
72.058707 0.076186
72.08989 0.080442
72.121181 0.082695
72.152305 0.083947
72.214982 0.081777
72.246094 0.088036
72.277192 0.089955
72.308257 0.100302
72.339285 0.091457
72.381496 0.106728
72.412515 0.11357
72.443503 0.11357
72.474553 0.11332
72.505584 0.114071
72.537591 0.117409
72.568659 0.109648
72.620076 0.107228
72.651146 0.109565
72.682113 0.112068
72.714185 0.076937
72.74519 0.075602
72.7864 0.075685
72.817477 0.078272
72.848465 0.081777
72.880281 0.074601
72.942033 0.079774
72.973118 0.08111
73.014292 0.092041
73.045312 0.100219
73.077193 0.109565
73.108249 0.125753
73.139231 0.129675
73.170201 0.133764
73.201417 0.125336
73.284307 0.119912
73.315532 0.12592
73.346574 0.12325
73.377616 0.119328
73.408608 0.099551
73.440467 0.103807
73.471604 0.107979
73.502894 0.103724
73.533983 0.11065
73.565048 0.117909
73.617308 0.11332
73.689007 0.116574
73.720053 0.115239
73.751064 0.12108
73.782086 0.127923
73.814037 0.118243
73.845052 0.118076
73.876103 0.106978
73.907353 0.112736
73.938802 0.117826
73.970716 0.108981
74.032241 0.109231
74.063274 0.112068
74.094236 0.105309
74.125319 0.104892
74.167423 0.112402
74.198454 0.12083
74.22944 0.12058
74.260478 0.121331
74.29154 0.131845
74.333612 0.139939
74.364743 0.139939
74.395843 0.133848
74.427001 0.101637
74.498867 0.098717
74.55107 0.099968
74.582138 0.104975
74.613212 0.099968
74.64441 0.104975
74.675683 0.091874
74.707625 0.088369
74.759021 0.079023
74.779893 0.080192
74.811165 0.088453
74.842135 0.092542
74.874097 0.080358
74.905304 0.082778
74.946714 0.076854
74.977703 0.075936
75.00877 0.080025
75.040544 0.07894
75.071633 0.079023
75.123085 0.086283
75.154105 0.087451
75.185328 0.06901
75.257872 0.079274
75.288935 0.086867
75.320172 0.087285
75.351196 0.088369
75.382263 0.079941
75.434631 0.086116
75.4658 0.086784
75.49679 0.088119
75.527872 0.094127
75.569072 0.089287
75.641619 0.08403
75.672631 0.084698
75.713791 0.093793
75.76518 0.096046
75.796249 0.079774
75.859034 0.087785
75.890306 0.079858
75.921328 0.084698
75.952444 0.088703
75.983426 0.100636
76.015528 0.079774
76.067012 0.083947
76.098071 0.073683
76.159693 0.082528
76.180549 0.085365
76.222775 0.089287
76.253854 0.078105
76.284919 0.080692
76.315955 0.085532
76.357319 0.088453
76.389584 0.103473
76.420652 0.118911
76.451701 0.112986
76.482781 0.120496
76.513835 0.11115
76.617141 0.114905
76.648266 0.115907
76.679529 0.116324
76.710614 0.083947
76.772363 0.086951
76.804473 0.075185
76.835471 0.074851
76.866728 0.082445
76.897994 0.086617
76.928993 0.0867
77.001774 0.078606
77.032802 0.08645
77.06397 0.087201
77.095019 0.107979
77.126219 0.085198
77.18857 0.076019
77.250138 0.083112
77.281342 0.083613
77.312463 0.093376
77.343513 0.077271
77.436422 0.085198
77.467477 0.086116
77.498744 0.085282
77.529796 0.080859
77.56101 0.08111
77.603078 0.078189
77.63411 0.081944
77.665401 0.083947
77.696411 0.086951
77.727516 0.090873
77.759434 0.09638
77.79049 0.107562
77.821551 0.108146
77.852599 0.119912
77.883794 0.113403
77.915698 0.114238
77.956895 0.105977
78.008222 0.110065
78.039285 0.110232
78.070303 0.091207
78.102313 0.079357
78.174129 0.080776
78.20513 0.082194
78.236222 0.080025
78.318128 0.10848
78.3501 0.113153
78.381197 0.109565
78.412182 0.111234
78.443168 0.097382
78.525136 0.099551
78.557153 0.103557
78.588156 0.102722
78.629307 0.100219
78.660305 0.101888
78.691411 0.114238
78.723242 0.118243
78.754355 0.120496
78.785466 0.134015
78.836871 0.137686
78.867866 0.121831
78.930378 0.137102
78.961342 0.133931
78.992355 0.12083
79.023743 0.122249
79.054878 0.125753
79.086746 0.121831
79.118082 0.13777
79.149164 0.137686
79.180223 0.126171
79.211326 0.091373
79.33503 0.09588
79.376471 0.091958
79.407467 0.093293
79.438566 0.067925
79.46977 0.065422
79.53216 0.070261
79.583731 0.081694
79.614855 0.085115
79.646112 0.088119
79.677159 0.084197
79.749745 0.087618
79.78075 0.101304
79.811884 0.104141
79.842878 0.078773
79.955512 0.083696
79.987661 0.077688
80.018948 0.083529
80.05005 0.088703
80.070972 0.083196
80.142748 0.074017
80.17484 0.079941
80.205946 0.083529
80.237009 0.089287
80.268131 0.096464
80.299359 0.102555
80.331607 0.105726
80.362787 0.119745
80.39382 0.116574
80.424973 0.118327
80.456189 0.103974
80.539421 0.108981
80.570621 0.101387
80.601793 0.105893
80.632973 0.107896
80.664179 0.072264
80.696444 0.074934
80.727614 0.077021
80.768912 0.083363
80.800115 0.085699
80.841639 0.089955
80.873991 0.091958
80.915544 0.080943
80.957115 0.085031
80.98846 0.090706
81.019728 0.082945
81.052143 0.080525
81.083456 0.085949
81.114766 0.094461
81.146111 0.0862
81.177394 0.07894
81.240618 0.082027
81.282065 0.089287
81.313072 0.096464
81.344084 0.099635
81.375219 0.083947
81.448449 0.075769
81.479778 0.083696
81.511062 0.088119
81.542329 0.090956
81.573589 0.088036
81.636503 0.07143
81.667836 0.07894
81.699089 0.08111
81.730482 0.083529
81.761782 0.085699
81.794027 0.091958
81.82529 0.077855
81.85657 0.084364
81.908371 0.087368
81.96007 0.085115
82.023171 0.085783
82.054503 0.078523
82.085624 0.081026
82.116821 0.084865
82.148057 0.099301
82.180511 0.112485
82.211909 0.121498
82.243315 0.118243
82.274593 0.120162
82.305864 0.124418
84.538352 0.208866
84.569485 0.203943
84.600521 0.206363
84.63176 0.181663
84.662972 0.192928
84.6954 0.206613
84.726559 0.207948
84.757705 0.203776
84.788864 0.200772
84.820075 0.200855
84.852409 0.194346
84.883653 0.193512
84.91482 0.098633
85.057681 0.097298
85.088696 0.09588
85.120878 0.086617
85.151843 0.089204
85.182918 0.08111
85.213925 0.080609
85.245087 0.090789
85.27725 0.099468
85.30838 0.103724
85.339406 0.130009
85.370463 0.136268
85.401627 0.127089
85.433795 0.138688
85.464838 0.144195
85.495871 0.139522
85.526918 0.149703
85.5582 0.129759
85.590441 0.094628
85.66219 0.098383
85.69342 0.109648
85.724535 0.114488
85.755581 0.112652
85.787786 0.094628
85.818825 0.068426
85.849803 0.072431
85.880808 0.083947
85.911841 0.075936
86.015098 0.071513
86.046118 0.07143
86.077154 0.077104
86.108284 0.085031
86.139358 0.09613
86.171782 0.10339
86.202871 0.105893
86.233925 0.093543
86.264873 0.098466
86.296119 0.104475
86.38923 0.102305
86.420239 0.103557
86.45126 0.102806
86.482484 0.074601
86.513515 0.078523
86.55563 0.078523
86.586627 0.076687
86.617648 0.078189
86.648641 0.082528
86.689971 0.085282
86.72185 0.091207
86.752882 0.092041
86.794344 0.083947
86.825405 0.091874
86.866687 0.093209
86.898763 0.087451
86.929819 0.086951
86.960875 0.091457
86.992103 0.078773
87.02328 0.089037
87.055278 0.104308
87.086338 0.112652
87.11751 0.128006
87.148591 0.134181
87.17974 0.130343
87.232215 0.137686
87.273443 0.141358
87.304461 0.143611
87.335537 0.097298
87.427555 0.095295
87.459388 0.102472
87.490644 0.093209
87.521677 0.091958
87.552731 0.085365
87.594011 0.073015
87.625915 0.067842
87.656896 0.072932
87.68793 0.075852
87.718947 0.078439
87.749926 0.080776
87.781791 0.085031
87.812818 0.098466
87.843878 0.109148
87.874924 0.105226
87.905973 0.105726
87.937796 0.105059
87.968849 0.117158
88.000008 0.122416
88.031117 0.124168
88.062422 0.127005
88.094716 0.116908
88.125859 0.108897
88.177537 0.106978
88.208537 0.104308
88.239734 0.097048
88.271881 0.08111
88.323243 0.084197
88.354245 0.090789
88.385217 0.08862
88.416213 0.090956
88.438123 0.100386
88.479389 0.111818
88.510555 0.111734
88.541587 0.103724
88.572686 0.10823
88.604852 0.12567
88.63591 0.146031
89.939284 0.182414
89.970482 0.188255
90.001558 0.191926
90.033725 0.174903
90.064755 0.191426
90.095713 0.180494
90.136936 0.176322
90.178304 0.184082
90.210176 0.189924
90.241213 0.190508
90.272382 0.110399
90.425753 0.0988
90.497545 0.071513
90.529442 0.034546
90.611488 0.037801
90.642649 0.049066
90.673673 0.058579
90.704711 0.062167
90.73652 0.067758
90.76783 0.080192
90.798827 0.097715
90.829951 0.087702
90.861052 0.091874
90.964069 0.081026
90.995093 0.086367
91.026052 0.082194
91.057231 0.09396
91.088393 0.102388
91.120156 0.110983
91.151266 0.115156
91.182309 0.115489
91.213354 0.099551
91.28503 0.110232
91.327104 0.118577
91.358212 0.12058
91.389277 0.100636
91.420336 0.090789
91.451336 0.075936
91.513859 0.076353
91.54491 0.07894
91.576005 0.086116
91.607134 0.089371
91.638157 0.091373
91.670192 0.085532
91.711353 0.086116
91.742434 0.086617
91.773446 0.093877
91.804502 0.099217
91.836391 0.0867
91.908167 0.089538
91.939209 0.079441
91.970274 0.085198
92.001285 0.086116
92.0331 0.097215
92.064467 0.108397
92.09571 0.106227
92.167691 0.104057
92.198832 0.10122
92.261517 0.105643
92.292508 0.111484
92.323566 0.107896
92.35477 0.097882
92.396001 0.076436
92.448287 0.08378
92.479296 0.087618
92.510337 0.08862
92.541409 0.090539
92.572406 0.092291
92.604342 0.083196
92.665842 0.080609
92.696789 0.089955
92.727744 0.091791
92.758747 0.09346
92.790608 0.08161
92.831793 0.0741
92.872945 0.078523
92.914111 0.087952
92.934941 0.087285
92.96688 0.089371
92.997908 0.102221
93.028892 0.106477
93.059855 0.107562
93.090882 0.109481
93.122687 0.112736
93.153669 0.126087
93.184653 0.126254
93.215629 0.139605
93.246606 0.126671
93.288545 0.13585
93.319576 0.148284
93.35055 0.158798
93.381598 0.140106
93.412595 0.107145
93.525697 0.107896
93.566818 0.114154
93.59778 0.078189
93.679555 0.079441
93.710582 0.082862
93.742435 0.090789
93.773432 0.094461
93.804419 0.097715
93.835415 0.083947
93.92769 0.085449
93.959714 0.090789
93.990791 0.110816
94.021741 0.109314
94.052735 0.110399
94.083776 0.086951
94.146397 0.08111
94.177354 0.081443
94.228927 0.091791
94.259974 0.076603
94.311549 0.079357
94.343595 0.075185
94.374615 0.077271
94.405697 0.079691
94.436609 0.082862
94.467774 0.083613
94.499597 0.090456
94.530655 0.082278
94.561784 0.082778
94.613424 0.088369
94.64437 0.09855
94.676174 0.085532
94.737807 0.08428
94.768961 0.088286
94.800237 0.095629
94.831329 0.106394
94.863174 0.119495
94.894193 0.123584
94.92522 0.132012
94.956453 0.124418
94.997697 0.109231
95.090758 0.116074
95.121804 0.109565
95.173289 0.104641
95.204467 0.080025
95.235531 0.069928
95.277707 0.070929
95.318969 0.078773
95.350131 0.083947
95.381215 0.087118
95.422459 0.085532
95.484833 0.083947
95.526234 0.091958
95.557341 0.099968
95.588562 0.102138
95.619734 0.082778
95.671959 0.083613
95.703291 0.082361
95.734319 0.082194
95.765426 0.089538
95.796514 0.084114
95.82843 0.079941
95.8801 0.079941
95.911124 0.084197
95.942157 0.088036
95.973309 0.09129
96.005289 0.079441
96.107472 0.082778
96.138624 0.085365
96.169664 0.078606
96.241568 0.08403
96.273708 0.083947
96.304821 0.083613
96.325706 0.057744
96.469053 0.067591
96.500064 0.073683
96.532273 0.07894
96.563611 0.086867
96.594679 0.069928
96.666685 0.063252
96.728351 0.057661
96.791007 0.058078
96.832121 0.04214
96.924256 0.035548
96.955295 0.042641
96.986311 0.0494
97.018622 0.059497
97.049666 0.06175
97.080654 0.065255
97.111621 0.058579
97.15281 0.0615
97.215199 0.06442
97.297235 0.059998
97.328313 0.038051
97.369695 0.041973
97.400962 0.045895
97.433222 0.050234
97.464477 0.063586
97.495563 0.067007
97.52681 0.069928
97.557934 0.059247
97.651 0.060665
97.712517 0.063586
97.743536 0.042724
97.825565 0.041055
97.856589 0.047647
97.888473 0.055909
97.919672 0.061917
97.95075 0.065255
97.98175 0.070011
98.073747 0.066423
98.115914 0.069761
98.146941 0.100219
98.177929 0.09905
98.209241 0.071847
98.281056 0.075352
98.312852 0.078356
98.343869 0.080442
98.375004 0.090122
98.406122 0.102472
98.43718 0.086033
98.489362 0.080275
98.540849 0.086951
98.571912 0.092625
98.603167 0.094377
98.634158 0.096046
98.66599 0.096881
98.727815 0.095963
98.758826 0.094544
98.790178 0.072097
98.92324 0.07435
98.95518 0.07652
98.986326 0.07627
99.017352 0.06659
99.068792 0.072014
99.099791 0.068008
99.131663 0.07627
99.162678 0.078523
99.193757 0.081443
99.22494 0.090789
99.255939 0.102972
99.287795 0.104224
99.319185 0.105977
99.35027 0.113904
99.381229 0.132596
99.412449 0.117826
99.474845 0.103473
99.516039 0.104892
99.547055 0.1109
99.578266 0.112819
99.609333 0.094878
99.641327 0.087285
99.702849 0.080692
99.734082 0.081944
99.765014 0.089371
99.795987 0.078189
99.868624 0.075936
99.899881 0.083112
99.930942 0.08887
99.961975 0.094544
100.003141 0.098967
