1.3e-05 447.145
0.743863 507.098
0.774864 494.924
1.151571 455.301
1.182534 441.52
1.213518 431.6
1.245658 408.852
1.276754 399.011
1.307916 381.587
1.338901 378.124
1.37001 378.477
1.412055 369.899
1.463578 350.813
1.494716 345.475
1.525743 331.589
1.556691 330.139
1.588757 324.502
1.619768 324.261
1.650809 321.194
1.793681 318.555
1.824647 314.205
1.856615 313.209
1.887615 313.072
1.918636 313.265
1.949717 312.605
1.980753 314.229
2.256849 315.343
2.287834 311.78
2.552842 313.586
2.583833 311.463
2.614868 315.65
2.646995 319.515
2.678061 314.897
2.85158 316.108
2.923511 312.935
2.954539 317.247
3.037635 313.264
3.160298 320.369
3.221942 320.306
3.252938 322.623
3.283902 323.296
3.316004 323.804
3.347036 329.029
3.378026 335.935
3.429384 350.501
3.511471 362.183
3.614804 351.216
3.645773 346.058
3.676768 343.502
3.707743 333.31
3.911735 330.178
3.943875 329.651
3.974905 324.506
4.006025 325.209
4.036978 328.395
4.068102 366.1
4.548377 429.386
4.579308 383.478
4.864724 377.483
4.89573 361.988
4.926856 348.249
4.959114 345.395
4.990103 343.142
5.021097 346.415
5.082901 334.363
5.174952 335.05
5.207027 326.795
5.238036 324.675
5.269068 323.003
5.300329 319.981
5.331319 320.903
5.363489 322.042
5.506687 321.805
5.537716 321.873
5.56865 322.093
5.599656 319.349
5.631646 316.85
5.662756 319.929
5.693816 323.096
5.724858 328.423
5.756042 327.362
5.828675 324.76
5.859922 322.359
5.890911 323.309
5.942269 324.614
5.973347 327.184
6.005135 328.768
6.036142 326.279
6.148637 328.738
6.179613 330.528
6.210633 332.07
6.242641 335.918
6.273727 330.917
6.304788 328.338
6.335846 326.37
6.367021 329.727
6.398979 334.737
6.430004 336.481
6.460992 337.459
6.49203 334.043
6.55369 326.55
6.595762 327.319
6.627571 329.351
6.65872 324.654
6.689887 324.729
6.72096 321.136
6.752086 322.148
6.784318 324.353
6.816278 320.98
6.909283 325.73
6.940447 329.736
6.97141 328.337
7.002405 340.915
7.043665 335.814
7.075701 334.451
7.127994 336.379
7.159881 333.077
7.212481 331.253
7.243568 326.295
7.274619 326.608
7.305689 331.214
7.336973 328.561
7.369006 325.434
7.400017 325.696
7.430992 325.184
7.462056 327.84
7.482872 330.52
7.514924 325.717
7.546757 324.045
7.578513 321.829
7.61043 321.618
7.703581 321.384
7.73463 326.321
7.765688 322.444
7.796788 319.546
7.827808 317.343
7.859843 323.29
7.89089 324.926
7.921947 326.646
7.952984 322.727
8.014701 323.674
8.046762 321.83
8.078578 324.653
8.110455 327.522
8.142382 321.058
8.174108 318.485
8.205798 317.664
8.237695 318.737
8.268784 322.411
8.299825 320.877
8.330887 320.648
8.361901 316.011
8.393647 316.499
8.425543 315.7
8.457567 314.402
8.489436 313.856
8.520495 319.775
8.551567 324.718
8.582697 325.018
8.613927 328.91
8.645689 324.666
8.6871 315.914
8.718193 316.73
8.749182 315.872
8.790444 320.055
8.822257 320.222
8.853236 324.387
8.884354 331.222
8.915492 326.406
8.946604 324.249
8.978754 314.632
9.009907 317.686
9.040888 326.582
9.071838 325.757
9.133552 323.089
9.17574 326.989
9.216985 329.598
9.248028 328.409
9.279188 326.102
9.310459 325.307
9.342511 323.335
9.374318 324.932
9.406075 318.706
9.447961 315.115
9.47979 317.917
9.511672 321.808
9.542735 335.145
9.573795 330.766
9.604982 326.982
9.635998 327.947
9.667948 328.67
9.699224 327.9
9.730327 325.124
9.761521 324.482
9.802767 321.587
9.834696 318.473
9.865733 319.666
9.896741 322.28
9.928049 332.633
9.959108 329.788
9.990923 325.868
10.021979 326.369
10.052956 328.595
10.083985 338.062
10.114993 335.794
10.157158 335.654
10.189041 335.366
10.220034 334.857
10.251079 331.755
10.282094 329.032
10.313059 327.543
10.344906 328.433
10.376745 329.883
10.408574 326.157
10.449811 324.135
10.480762 328.295
10.511802 331.101
10.542839 331.692
10.574684 332.382
10.606444 328.38
10.648596 327.351
10.679572 322.629
10.710585 324.414
10.741549 320.998
10.772933 322.102
10.825311 316.942
10.867409 316.078
10.899243 315.738
10.931143 314.349
10.962187 312.559
10.993407 313.938
11.024447 318.243
11.05564 321.048
11.087735 322.148
11.119803 321.614
11.151676 323.142
11.183739 322.882
11.214823 323.753
11.2459 323.847
11.277008 323.055
11.308249 323.912
11.340569 322.173
11.412417 321.355
11.443556 321.016
11.474559 322.415
11.505641 321.762
11.537587 322.547
11.569692 326.537
11.601839 322.651
11.632827 318.396
11.724852 318.559
11.755858 322.828
11.78688 322.18
11.819091 319.154
11.850849 319.217
11.882652 323.56
11.914577 331.641
11.946413 330.556
11.978122 336.374
12.029474 330.184
12.060461 323.927
12.122165 322.975
12.153198 326.305
12.185068 325.505
12.216809 327.428
12.248491 328.988
12.279588 331.953
12.310587 329.442
12.341687 328.17
12.372692 329.595
12.404472 336.253
12.445698 331.738
12.487001 325.424
12.51805 326.604
12.549341 324.994
12.581132 318.985
12.613156 318.331
12.645181 317.907
12.686333 320.292
12.727577 318.38
12.758739 316.59
12.789792 319.451
12.821637 322.903
12.852632 319.364
12.88362 322.57
12.9146 325.199
12.945816 327.352
12.977918 328.488
13.009721 324.558
13.041647 323.987
13.175701 326.367
13.206852 327.034
13.237834 321.303
13.268857 321.139
13.299933 323.429
13.321737 323.71
13.352731 326.259
13.383745 330.09
13.41497 325.743
13.466333 321.579
13.498434 320.016
13.529485 320.239
13.560514 323.192
13.591678 322.147
13.643322 325.093
13.675293 331.093
13.706458 333.12
13.737642 328.312
13.799192 326.14
13.830221 324.083
13.862132 333.05
13.893124 330.159
13.975376 327.638
14.006628 326.674
14.037735 327.466
14.069612 328.023
14.100919 326.907
14.13189 326.969
14.162971 326.725
14.194028 325.014
14.225914 328.032
14.256977 329.529
14.28804 329.826
14.319082 326.715
14.360387 323.347
14.39233 324.26
14.423427 323.078
14.454431 328.895
14.485636 325.293
14.516695 319.278
14.548565 315.322
14.579912 316.906
14.611 321.146
14.64203 321.011
14.683229 322.168
14.714985 325.435
14.74678 323.712
14.778616 323.802
14.810574 328.92
14.842643 324.682
14.874575 323.578
14.90641 324.664
14.938415 326.403
14.970569 327.86
15.002484 321.932
15.03443 322.985
15.065388 323.269
15.096478 323.723
15.127491 327.399
15.158586 330.068
15.190543 331.219
15.221593 327.817
15.252655 328.407
15.283658 325.204
15.3148 323.714
15.346891 326.002
15.377959 326.823
15.408901 328.077
15.439852 323.96
15.501318 320.964
15.533427 320.324
15.565493 323.161
15.597347 322.761
15.629303 326.604
15.66039 330.802
15.711992 329.766
15.743059 330.52
15.77408 333.95
15.84681 338.901
15.888101 339.172
15.919271 338.075
15.950483 340.827
15.981561 347.759
16.064496 345.872
16.187245 342.641
16.218276 336.757
16.249456 335.765
16.280499 359.805
16.373671 358.651
16.404693 360.534
16.445948 354.594
16.507826 351.863
16.538871 351.018
16.570772 347.376
16.601781 341.463
16.67342 336.64
16.704578 336.311
16.735655 339.025
16.767615 339.553
16.79861 338.854
16.850119 336.943
16.891269 337.876
16.922257 336.901
16.954068 341.008
16.985264 340.207
17.016278 352.975
17.189917 361.581
17.282102 356.532
17.324322 354.674
17.356267 348.457
17.490068 345.508
17.521228 346.695
17.552348 349.672
17.583576 352.019
17.614687 352.087
17.64657 341.832
17.678633 339.954
17.710551 335.511
17.742707 334.36
17.773734 331.314
17.804912 333.644
17.846165 333.667
17.877216 329.459
17.939694 325.298
17.971617 326.53
18.002576 332.78
18.074384 340.486
18.105551 338.862
18.13687 342.491
18.189374 334.255
18.262039 328.609
18.293282 329.835
18.334579 329.845
18.365528 335.306
18.396566 340.854
18.459399 348.249
18.521712 355.241
18.553709 351.459
18.584821 343.46
18.615853 332.697
18.647067 329.351
18.678283 331.914
18.730586 336.673
18.762388 343.356
18.845206 332.983
18.8761 331.119
18.917338 332.767
18.948506 338.36
18.989771 335.528
19.021834 328.267
19.052935 333.485
19.124557 329.29
19.155569 326.927
19.186568 328.465
19.218722 330.519
19.24969 331.681
19.280722 324.264
19.311751 331.711
19.353119 331.863
19.385131 333.298
19.417045 335.329
19.449048 334.246
19.480937 333.094
19.512682 334.572
19.564149 335.547
19.595108 337.359
19.626254 345.082
19.657292 337.247
19.689143 328.45
19.721032 329.915
19.753143 332.155
19.784151 335.377
19.815146 335.558
19.846228 339.238
19.877235 334.027
19.909507 331.315
19.941411 336.171
19.973371 326.517
20.005303 323.892
20.037166 326.429
20.088682 324.619
20.119704 322.155
20.150733 318.768
20.181758 317.051
20.213954 321.597
20.245007 322.783
20.27603 325.584
20.307243 328.957
20.338229 327.197
20.370484 331.908
20.401477 332.211
20.432475 330.529
20.463612 324.55
20.525436 323.962
20.567564 320.768
20.599453 322.825
20.631341 318.226
20.662348 324.096
20.713712 324.221
20.744746 328.305
20.775831 325.408
20.828161 323.485
20.85996 320.959
20.89206 323.825
20.923958 327.422
20.955191 329.59
20.986171 332.471
21.017192 332.783
21.109491 331.782
21.151506 331.892
21.183304 327.996
21.215322 329.053
21.247161 329.567
21.278954 326.236
21.310782 326.644
21.341817 321.523
21.464437 318.044
21.495434 343.281
21.587555 340.007
21.619357 338.637
21.641208 350.129
21.703019 348.065
21.734119 344.546
21.78549 341.461
21.908066 337.705
21.939884 331.938
21.971709 330.136
22.034104 335.798
22.085479 339.465
22.116498 340.775
22.147591 335.066
22.198941 340.849
22.271452 358.497
22.322928 352.722
22.353967 356.809
22.395153 350.521
22.426384 345.388
22.458265 458.183
22.987943 496.816
23.019026 485.984
23.395854 472.804
23.437158 461.533
23.490099 449.472
23.521947 440.422
23.574328 432.789
23.626923 422.477
23.73013 411.175
23.761318 401.038
23.792415 392.646
23.823443 377.449
23.854426 371.137
23.886458 360.693
23.917421 350.775
23.948393 351.718
23.989577 348.185
24.020596 345.059
24.062631 346.584
24.093597 348.538
24.134716 350.213
24.165677 338.45
24.196665 333.64
24.228452 336.785
24.259424 339.95
24.290363 343.845
24.331542 339.622
24.372744 333.459
24.404601 335.01
24.435595 336.787
24.466568 337.721
24.497719 336.759
24.538986 333.418
24.570766 332.923
24.601694 328.609
24.632847 325.661
24.664046 326.228
24.705247 325.784
24.737134 329.64
24.76811 332.199
24.799114 336.339
24.830086 341.391
24.861197 334.384
24.893105 319.182
24.925095 317.993
24.956184 327.491
24.987295 328.442
25.049023 320.774
25.080031 322.895
25.111938 322.555
25.14385 315.159
25.175757 309.557
25.206779 311.447
25.237862 311.384
25.269016 311.79
25.300146 316.73
25.332151 319.635
25.363961 317.297
25.406005 315.761
25.437845 316.909
25.468824 316.467
25.49995 315.662
25.531108 318.77
25.562147 319.049
25.594197 319.139
25.625994 317.128
25.657831 318.972
25.689642 317.848
25.721434 319.555
25.752532 316.14
25.783552 314.687
25.814535 311.256
25.896489 311.91
25.938493 311.778
25.970277 316.325
26.002132 313.179
26.033112 319.022
26.07432 324.284
26.105568 327.939
26.136646 332.397
26.168747 322.436
26.220237 313.396
26.251499 318.191
26.282751 323.239
26.313816 327.199
26.34576 329.367
26.377714 325.731
26.408747 325.659
26.439679 318.453
26.521712 316.938
26.552948 317.68
26.584812 322.965
26.615871 323.231
26.646895 324.857
26.677885 323.583
26.709112 323.706
26.740965 329.941
26.771974 335.133
26.8131 331.529
26.844115 330.098
26.875087 331.327
26.906932 328.786
26.937988 330.337
26.969045 331.046
27.000109 328.676
27.051608 328.819
27.083788 330.644
27.114897 331.259
27.145933 326.372
27.176921 328.065
27.208039 323.876
27.240334 328.009
27.271394 331.648
27.302506 335.555
27.333827 333.61
27.37507 338.135
27.427455 336.18
27.459401 332.797
27.480268 339.456
27.531705 341.694
27.572873 338.52
27.603917 335.076
27.635993 338.969
27.677277 335.359
27.738898 333.972
27.769932 334.382
27.800992 338.956
27.83305 339.899
27.864141 336.811
27.895133 335.962
27.926232 332.913
27.957296 333.644
27.989245 339.508
28.02028 342.949
28.051509 341.523
28.082512 338.824
28.144009 333.1
28.175988 330.202
28.207885 331.757
28.239762 337.617
28.27166 334.153
28.313719 331.233
28.344765 327.638
28.375749 326.478
28.406766 325.681
28.468406 326.928
28.500434 325.717
28.531444 324.263
28.562396 330.223
28.593397 329.233
28.624382 327.074
28.656423 327.412
28.687514 329.206
28.718825 330.222
28.749905 327.7
28.791347 322.53
28.823393 322.467
28.854472 324.92
28.885625 325.73
28.916608 322.537
28.947698 327.99
29.061039 335.278
29.092108 336.46
29.123029 335.937
29.194896 335.878
29.226099 333.88
29.258155 335.072
29.299304 334.723
29.330312 333.593
29.361265 333.047
29.433359 337.34
29.485656 335.082
29.516726 334.108
29.547738 334.57
29.578812 335.056
29.640394 336.713
29.672393 338.867
29.703524 337.716
29.73459 337.893
29.765672 341.966
29.796746 340.77
29.86939 332.603
29.900498 327.67
29.931566 329.242
29.962607 330.42
29.993549 329.527
30.025407 329.487
30.056478 327.235
30.087553 334.211
30.139133 332.812
30.170295 329.645
30.222855 331.872
30.264298 331.089
30.295313 330.959
30.326284 335.592
30.367411 338.003
30.419686 332.023
30.450697 336.086
30.481813 337.28
30.512845 343.11
30.574697 343.749
30.626993 346.809
30.658043 345.561
30.689179 341.456
30.710083 343.806
30.76135 336.616
30.793384 336.787
30.824358 338.493
30.855349 345.171
30.886521 342.424
30.917603 341.496
30.949476 342.439
31.011067 342.896
31.042179 344.1
31.073186 344.883
31.104491 343.934
31.167212 340.52
31.198235 342.245
31.249869 347.213
31.291084 348.102
31.332295 343.26
31.364484 340.65
31.395634 343.39
31.436852 340.752
31.467906 339.355
31.499085 346.557
31.561714 344.761
31.592862 341.767
31.624042 338.791
31.655126 336.454
31.686094 337.884
31.75897 337.187
31.790065 335.269
31.821078 337.753
31.852262 336.858
31.883291 338.292
31.915523 343.353
31.987407 338.338
32.018517 335.956
32.049661 334.836
32.080862 335.235
32.14376 339.334
32.17491 336.742
32.206072 336.881
32.338932 335.981
32.370213 336.782
32.402539 335.942
32.433865 336.202
32.465234 337.044
32.527248 339.653
32.55857 335.905
32.591006 339.997
32.62242 341.726
32.6537 345.308
32.695306 341.26
32.726621 342.711
32.759106 345.884
32.81089 341.235
32.842137 343.007
32.873173 344.468
32.904389 342.049
32.936744 342.026
32.978254 346.377
33.009524 342.074
33.040728 346.427
33.082344 344.318
33.155627 343.73
33.186977 338.746
33.218293 335.936
33.249543 336.274
33.280827 335.008
33.313332 331.644
33.344623 333.217
33.375885 334.518
33.40718 336.289
33.438457 336.225
33.470892 335.784
33.532824 336.025
33.564087 335.767
33.595397 335.837
33.62677 334.819
33.659242 333.339
33.69059 330.521
33.721856 334.969
33.763365 335.809
33.794713 337.5
33.827179 337.206
33.868657 336.019
33.899953 332.122
33.931293 333.596
33.983142 335.008
34.025816 334.775
34.057185 332.299
34.088627 328.081
34.119995 328.825
34.212552 330.096
34.245067 331.323
34.276391 337.11
34.307683 335.975
34.338979 338.987
34.380418 343.371
34.443372 340.848
34.474595 342.377
34.495718 340.837
34.526941 341.454
34.558111 338.635
34.590366 338.188
34.621442 338.001
34.65248 341.342
34.693773 340.371
34.724899 339.226
34.757259 338.468
34.818971 336.651
34.850127 336.486
34.881357 336.05
34.912482 340.973
34.954922 344.786
35.006426 343.152
35.037581 337.266
35.06866 335.697
35.08954 333.401
35.121653 331.728
35.152833 330.814
35.183981 332.634
35.215075 333.559
35.246212 331.967
35.278437 334.193
35.360467 333.174
35.391629 334.763
35.42282 337.669
35.454019 332.721
35.486309 334.575
35.517521 337.227
35.54883 338.521
35.58003 337.974
35.712938 334.763
35.745131 334.36
35.776222 338.509
35.80744 337.424
35.838569 334.936
35.869686 333.546
35.901855 337.31
35.933011 337.045
35.964159 332.855
35.995216 331.042
36.026287 331.541
36.058404 331.734
36.130088 330.984
36.150961 330.001
36.182163 329.522
36.213332 331.015
36.286194 335.584
36.327485 336.537
36.358647 339.647
36.389779 341.568
36.481841 339.568
36.51397 340.296
36.54495 341.773
36.575944 338.874
36.606965 340.169
36.688861 340.631
36.721067 341.629
36.75218 342.205
36.783275 339.508
36.814286 340.51
36.906374 341.424
36.93857 340.634
36.969563 342.165
37.000542 343.853
37.031481 345.07
37.062433 344.903
37.114757 347.252
37.135638 344.075
37.166643 343.779
37.197692 341.697
37.228666 339.741
37.260595 341.33
37.29156 344.576
37.342815 340.138
37.373778 341.235
37.404788 341.853
37.43663 343.207
37.508327 341.593
37.539268 340.516
37.570422 346.162
37.621899 349.246
37.654055 351.648
37.685088 458.554
38.19474 515.903
38.225715 493.205
38.256896 486.564
38.635296 469.338
38.666595 453.95
38.697712 428.795
38.728689 418.206
38.769905 406.166
38.80174 399.97
38.832883 393.931
38.874062 387.091
38.90504 380.827
38.936049 378.774
38.988166 373.77
39.039511 373.149
39.070584 368.608
39.101674 364.856
39.132686 361.988
39.164649 346.968
39.19567 348.531
39.236997 349.843
39.268058 349.683
39.299172 348.865
39.331338 347.058
39.392861 347.35
39.423831 346.211
39.454893 342.166
39.485951 342.831
39.558802 343.958
39.589839 343.186
39.620926 341.954
39.733378 343.349
39.764424 339.684
39.796532 338.931
39.827507 335.041
39.858742 340.666
39.960953 338.622
39.991966 339.325
40.024109 342.616
40.055224 343.261
40.086295 342.541
40.11728 341.358
40.168613 341.342
40.210798 337.375
40.241797 337.616
40.272768 331.597
40.303703 327.143
40.334695 325.639
40.366715 326.923
40.397736 326.531
40.428739 330.08
40.469969 329.954
40.582391 331.099
40.614492 327.919
40.6455 329.982
40.676582 335.303
40.717781 337.445
40.759032 334.182
40.79104 335.93
40.822093 335.336
40.853071 336.498
40.88427 338.548
40.915305 336.078
40.94715 333.732
40.978367 331.027
41.009406 327.774
41.040407 323.68
41.07172 326.192
41.175027 328.576
41.206183 327.156
41.237251 331.489
41.35968 337.173
41.390652 331.278
41.422568 326.257
41.453589 323.553
41.484519 319.232
41.515534 328.373
41.58727 328.731
41.619625 328.44
41.650735 325.244
41.681929 324.053
41.713067 322.582
41.744225 320.722
41.77656 326.584
44.07841 323.051
44.109385 324.26
44.140334 314.703
44.171298 315.556
44.203378 314.624
44.234304 316.44
44.265419 320.346
44.296512 315.18
44.327484 319.116
44.359726 324.064
44.390774 324.483
44.421765 322.345
44.554677 323.904
44.585842 323.563
44.617877 325.615
44.648886 325.102
44.680028 327.667
44.74156 332.413
44.772804 330.609
44.804656 330.703
44.835686 329.377
44.866904 330.127
44.897892 331.174
44.928936 327.568
44.970965 327.051
45.012202 322.198
45.04319 316.717
45.074293 314.007
45.105367 314.385
45.137261 312.381
45.16823 320.636
45.219574 329.909
45.250507 331.129
45.281695 334.472
45.313546 334.418
45.364943 333.564
45.395968 332.709
45.427129 335.884
45.45813 334.527
45.490084 334.131
45.52133 333.46
45.552348 331.326
45.583334 333.988
45.71636 332.29
45.748411 335.746
45.779546 333.029
45.800391 332.846
45.872101 335.8
45.903152 335.056
45.935231 335.417
45.966223 337.105
45.99748 337.181
46.028567 334.911
46.059776 336.607
46.132331 341.826
46.163428 338.648
46.194783 343.21
46.225787 345.125
46.266987 344.16
46.319287 341.142
46.350357 341.909
46.381409 342.324
46.412376 342.299
46.443421 345.036
46.485621 344.755
46.516735 346.364
46.547773 342.743
46.57885 341.76
46.609958 339.273
46.641832 338.576
46.693172 342.319
46.724203 338.442
46.755326 338.148
46.786521 340.111
46.818285 342.969
46.890042 336.337
46.921006 332.446
46.952052 332.078
47.033978 328.585
47.065748 328.153
47.096862 329.998
47.127861 324.787
47.199571 326.475
47.240833 325.785
47.282915 329.5
47.324155 330.149
47.355241 335.473
47.406857 334.476
47.478687 334.947
47.510794 337.251
47.541795 337.755
47.572789 334.101
47.603747 337.778
47.634755 337.857
47.676899 338.642
47.718105 343.115
47.76941 344.169
47.790247 339.871
47.82132 339.031
47.853472 335.262
47.884429 333.607
47.915405 333.445
47.946357 334.724
47.977325 334.541
48.060133 335.593
48.091159 331.663
48.122077 333.107
48.15297 334.038
48.183965 338.295
48.215884 340.02
48.246848 339.021
48.277853 338.75
48.308828 340.3
48.339847 342.006
48.37169 344.489
48.402713 346.695
48.464199 342.853
48.495163 339.886
48.526283 340.912
48.609264 339.085
48.640319 337.199
48.67132 336.508
48.702531 336.104
48.754058 338.881
48.785998 332.831
48.81704 336.361
48.848105 334.994
48.879141 329.883
48.910161 325.429
48.952461 327.754
48.993692 342.86
49.075865 340.164
49.106887 335.401
49.137966 338.735
49.200464 335.586
49.23142 336.467
49.262492 336.227
49.344326 346.622
49.426254 342.525
49.458136 345.556
49.529724 344.522
49.580979 341.476
49.611944 339.83
49.642932 343.052
49.67476 345.676
49.705742 344.046
49.746922 343.312
49.777888 345.544
49.80886 343.991
49.871236 350.766
49.932673 361.674
49.973797 357.327
50.004795 355.349
50.056041 358.615
50.098191 352.919
50.12915 352.296
50.160164 351.507
50.191163 354.43
50.232326 354.907
50.304751 354.824
50.335779 348.864
50.366784 345.774
50.397759 343.902
50.428765 346.414
50.501298 338.469
50.532406 333.839
50.56349 335.592
50.604755 336.737
50.635803 345.437
50.708574 342.162
50.73956 333.568
50.770635 328.25
50.801682 332.288
50.84284 329.309
50.874888 334.181
50.916121 332.801
50.947242 333.119
50.978335 333.228
51.009501 333.667
51.041334 336.926
51.072401 337.349
51.123823 336.871
51.154793 338.139
51.1858 338.836
51.227942 336.325
51.258923 332.842
51.28987 334.377
51.310677 339.116
51.341692 340.286
51.373673 335.675
51.404787 333.122
51.435845 329.676
51.466959 332.616
51.49797 332.284
51.530181 332.418
51.602094 331.623
51.633155 330.67
51.664228 329.583
51.695471 330.46
51.758267 334.233
51.7896 336.262
51.820891 339.063
51.851895 335.389
51.954438 332.168
51.986577 336.163
52.017843 331.948
52.048772 327.648
52.079732 323.548
52.110885 329.327
52.173422 334.493
52.204544 333.18
52.235481 329.419
52.266593 329.424
52.297982 332.885
52.330124 334.669
52.371378 334.162
52.412564 333.533
52.443634 337.006
52.474638 335.542
52.506551 336.132
52.537762 340.219
52.589151 336.452
52.620424 337.492
52.65159 343.233
52.693817 342.556
52.724802 338.856
52.75603 339.938
52.78726 336.279
52.818372 335.353
52.860441 334.211
52.891442 337.542
52.922386 341.684
52.953428 344.345
53.015013 337.906
53.046949 338.07
53.098448 333.883
53.129783 332.479
53.160945 332.163
53.192146 327.802
53.223923 332.736
53.27614 329.557
53.307227 326.579
53.338487 325.677
53.369549 324.903
53.400543 325.347
53.432355 325.005
53.463408 331.319
53.494382 329.999
53.525368 326.481
53.556375 328.845
53.608962 331.304
53.660305 333.515
53.691303 333.223
53.722553 332.827
53.7536 334.807
53.785582 338.805
53.84708 337.711
53.878021 339.566
53.919139 343.505
53.950119 342.452
54.012768 342.121
54.043842 338.514
54.074851 339.427
54.1059 343.752
54.136911 343.663
54.199371 335.96
54.230579 335.896
54.261812 339.285
54.292844 339.347
54.323868 341.086
54.3558 343.761
54.417325 339.593
54.448306 336.11
54.479368 337.29
54.510753 339.252
54.54268 341.781
54.604217 336.983
54.635305 335.318
54.666332 340.762
54.809289 348.198
54.831043 347.263
54.862039 346.283
54.954254 342.959
54.985239 342.542
55.016315 344.737
55.04815 343.888
55.079255 341.228
55.110334 335.39
55.141518 330.673
55.172537 327.673
55.204627 330.852
55.235596 333.232
55.266619 334.537
55.297654 332.281
55.430819 331.297
55.462678 332.936
55.493819 334.012
55.524904 334.298
55.586394 337.069
55.617429 334.247
55.649543 338.154
55.6806 339.445
55.711597 340.31
55.742682 336.821
55.773821 340.64
55.816214 344.206
55.877701 342.59
55.908764 344.605
55.939761 349.335
55.970835 348.085
56.00289 337.912
56.033926 336.167
56.064959 337.282
56.09601 337.406
56.127085 337.024
56.220087 333.913
56.251105 334.692
56.282056 337.014
56.313254 338.804
56.344569 337.852
56.376627 335.428
56.407604 339.157
56.459141 333.823
56.490159 332.287
56.521164 336.913
56.573427 335.426
56.604538 333.719
56.635572 336.317
56.666622 334.247
56.697648 336.367
56.780522 340.299
56.811622 341.987
56.842686 341.691
56.873837 341.202
56.904903 343.019
56.936897 342.862
56.998693 343.821
57.029742 341.01
57.06085 340.201
57.091889 341.768
57.123782 341.723
57.205813 341.491
57.236921 340.409
57.339206 336.753
57.370217 336.42
57.402078 342.74
57.453359 349.881
57.484322 348.375
57.556041 341.05
57.587138 341.454
57.618887 338.227
57.649962 338.151
57.680937 339.737
57.711929 339.051
57.804243 337.261
57.836372 335.9
57.867587 337.665
57.89886 339.52
57.929923 341.185
58.001712 339.503
58.033727 338.975
58.064751 338.224
58.095783 337.255
58.126862 337.652
58.157866 336.937
58.210273 338.825
58.241459 336.377
58.272511 332.141
58.303544 331.528
58.334528 331.955
58.366409 333.208
58.41783 337.439
58.448785 334.883
58.47973 335.776
58.51072 334.778
58.542499 336.604
58.603923 341.036
58.645287 339.562
58.676326 341.761
58.717431 344.666
58.790304 341.808
58.8217 343.07
58.852754 343.02
58.955134 338.924
58.98619 339.717
59.018239 340.477
59.049263 337.989
59.080282 338.413
59.111281 339.612
59.183339 349.407
59.25629 360.476
59.287301 351.911
59.31831 353.366
59.359805 353.961
59.421428 351.079
59.4537 349.527
59.484908 347.919
59.515941 346.222
59.547264 343.045
59.578553 342.968
59.641258 345.411
59.672331 343.717
59.703415 343.977
59.734596 342.923
59.765661 345.355
59.797758 346.898
59.859396 342.431
59.890425 342.988
59.921452 342.734
59.95251 344.7
59.98461 347.058
60.046292 343.58
60.077316 340.212
60.108285 342.049
60.220793 339.174
60.252871 340.963
60.284051 338.41
60.315266 340.737
60.407198 338.692
60.438311 343.79
60.490733 339.055
60.52168 334.871
60.552629 335.259
60.59374 335.288
60.624704 334.528
60.656561 333.181
60.68756 326.937
60.718523 325.221
60.749493 323.887
60.780421 321.887
60.84282 325.122
60.883942 327.031
60.914936 326.726
60.945935 325.406
60.97693 321.958
61.008825 326.443
61.049936 324.81
61.080884 325.874
61.111835 326.232
61.142815 330.388
61.184724 332.736
61.24618 335.341
61.277153 333.451
61.308142 334.121
61.3391 334.008
61.401441 334.523
61.432446 332.721
61.463417 334.942
61.49438 337.353
61.525423 339.109
61.557289 338.391
61.588402 340.906
61.619521 338.209
61.650567 338.25
61.681789 339.276
61.713615 340.324
61.785441 342.495
61.816391 337.182
61.847756 340.498
61.889123 345.289
61.961891 344.23
61.992997 341.073
62.023996 339.717
62.05501 340.648
62.147112 338.082
62.179182 339.566
62.200062 341.442
62.23113 339.7
62.26215 337.926
62.293204 340.471
62.365911 341.038
62.396915 339.619
62.427889 338.078
62.458945 334.741
62.490031 335.813
62.562822 339.87
62.593878 337.352
62.624851 334.858
62.655894 334.556
62.686962 335.577
62.749492 338.976
62.780472 336.621
62.81156 334.303
62.842595 334.524
62.873622 334.447
62.905674 335.521
62.946967 338.343
62.978033 340.025
63.019469 347.376
63.0506 346.27
63.082731 350.03
63.123997 357.052
63.155021 351.581
63.186056 347.158
63.217255 340.378
63.249183 340.37
63.280242 339.915
63.311305 340.613
63.342302 342.409
63.373398 334.719
63.405344 334.392
63.43666 333.119
63.467611 332.891
63.498723 332.344
63.529969 335.219
63.561924 339.852
63.592996 334.11
63.634459 328.642
63.665514 332.667
63.696587 341.523
63.72869 347.47
63.75968 343.152
63.790874 341.908
63.822024 338.766
63.842996 335.931
63.875094 329.452
63.906111 333.764
63.967826 336.254
63.998886 336.875
64.029912 337.16
64.062093 337.718
64.113636 342.58
64.144658 339.9
64.175868 333.666
64.206973 332.688
64.239003 336.465
64.290366 336.709
64.321406 337.577
64.352441 340.225
64.383598 342.658
64.415728 345.232
64.477349 341.851
64.508368 338.689
64.539505 341.356
64.570571 336.74
64.612664 335.078
64.65416 334.589
64.685405 335.77
64.716429 330.003
64.778368 331.208
64.820556 331.356
64.851607 329.985
64.882627 331.869
64.913707 333.211
64.945048 333.865
65.007473 335.029
65.038593 332.207
65.059374 334.473
65.09039 333.448
65.121408 338.561
65.153387 340.345
65.184495 344.535
65.235944 341.817
65.277224 335.785
65.308202 335.402
65.34025 332.141
65.371327 336.787
65.412488 334.78
65.443546 329.721
65.474806 326.336
65.506687 340.682
65.58861 337.586
65.619672 341.914
65.650752 345.794
65.681772 340.364
65.713611 340.672
65.744677 339.57
65.77565 339.222
65.806846 339.022
65.929413 336.607
65.961404 336.997
65.99274 337.55
66.024037 336.788
66.055125 339.342
66.116714 340.338
66.148674 341.373
66.179757 338.569
66.210815 336.689
66.241991 334.25
66.273242 335.391
66.346025 334.965
66.377299 334.589
66.408326 336.131
66.439325 337.682
66.470367 342.485
66.553146 340.609
66.584359 338.633
66.615412 332.839
66.646456 329.123
66.677538 324.036
66.709346 332.225
66.760764 331.371
66.791813 329.001
66.822829 326.794
66.853798 325.149
66.885628 321.733
66.916599 332.527
66.967861 331.823
66.998835 328.833
67.019648 327.418
67.05149 326.011
67.082504 323.171
67.113434 324.324
67.14444 328.1
67.175473 331.171
67.207288 330.23
67.23825 331.028
67.269227 331.619
67.300181 337.34
67.351495 339.797
67.444222 337.974
67.475284 337.502
67.506264 341.176
67.537265 343.074
67.598928 340.764
67.630913 337.494
67.661993 337.936
67.693118 338.721
67.724173 338.607
67.75526 339.113
67.787439 344.149
67.859237 342.466
67.890285 338.884
67.921346 336.971
67.95249 337.816
68.025371 337.31
68.056497 339.038
68.097678 345.284
68.159166 344.001
68.210801 339.417
68.242842 338.362
68.274111 341.82
68.295052 342.375
68.326116 347.215
68.387789 346.755
68.419751 341.102
68.450789 342.091
68.481941 344.243
68.512988 344.565
68.54414 339.454
68.586322 335.458
68.617372 335.555
68.648504 337.427
68.679542 337.607
68.710709 341.211
68.742589 340.824
68.804281 340.083
68.835329 340.039
68.866384 334.858
68.897458 337.706
68.980407 342.698
69.011731 339.317
69.042881 338.461
69.073876 343.062
69.115292 342.594
69.157405 347.166
69.198548 344.925
69.229592 344.705
69.260769 340.204
69.291796 339.796
69.323683 344.756
69.405696 342.132
69.436706 343.601
69.467769 345.869
69.498867 346.964
69.571766 345.523
69.602873 341.988
69.633909 340.89
69.746439 340.57
69.777514 338.539
69.809626 337.816
69.840593 339.375
69.881926 338.654
69.943506 345.498
70.005198 358.355
70.057618 352.797
70.088657 352.929
70.119739 343.533
70.150792 342.704
70.18178 340.173
70.213868 335.027
70.244855 336.898
70.275843 336.323
70.306873 336.789
70.337963 336.223
70.4311 333.944
70.462171 338.129
70.513505 342.889
70.544468 346.383
70.62641 342.331
70.658576 339.137
70.689629 336.689
70.720592 333.771
70.7516 333.748
70.813095 338.121
70.845177 335.122
70.876235 336.313
70.907279 336.661
70.938287 333.821
70.96935 335.59
71.042117 336.086
71.073136 336.075
71.104269 335.822
71.135273 336.656
71.16626 338.154
71.239122 337.895
71.270199 339.315
71.301259 336.915
71.332235 336.47
71.363303 338.336
71.395347 344.475
71.477355 340.853
71.508333 340.476
71.539313 342.153
71.570272 332.464
71.602309 334.875
71.643658 336.457
71.674943 340.436
71.705916 344.637
71.747308 344.429
71.830435 344.874
71.861565 341.487
71.89254 345.622
71.943977 339.933
71.995614 337.616
72.027666 335.289
72.058707 336.355
72.08989 335.139
72.121181 336.235
72.152305 337.137
72.214982 341.056
72.246094 335.888
72.277192 333.282
72.308257 333.168
72.339285 330.533
72.381496 328.624
72.412515 328.973
72.443503 331.775
72.474553 333.161
72.505584 334.49
72.537591 336.646
72.568659 340.611
72.620076 332.592
72.651146 328.711
72.682113 328.268
72.714185 324.019
72.74519 328.418
72.7864 330.692
72.817477 333.117
72.848465 327.95
72.880281 332.269
72.942033 329.446
72.973118 331.245
73.014292 329.608
73.045312 328.293
73.077193 329.488
73.108249 328.548
73.139231 327.938
73.170201 328.75
73.201417 329.391
73.284307 327.791
73.315532 328.891
73.346574 330.066
73.377616 330.85
73.408608 331.31
73.440467 332.092
73.471604 334.312
73.502894 334.863
73.533983 331.426
73.565048 334.084
73.617308 334.199
73.689007 333.76
73.720053 334.495
73.751064 330.875
73.782086 331.538
73.814037 333.455
73.845052 333.643
73.876103 336.044
73.907353 334.07
73.938802 333.227
73.970716 332.713
74.032241 333.506
74.063274 332.643
74.094236 335.24
74.125319 334.801
74.167423 335.903
74.198454 334.457
74.22944 335.322
74.260478 332.545
74.29154 333.263
74.333612 331.599
74.364743 330.725
74.395843 326.904
74.427001 330.857
74.498867 333.121
74.55107 332.234
74.582138 335.747
74.613212 335.584
74.64441 333.944
74.675683 333.878
74.707625 339.453
74.759021 335.507
74.779893 334.474
74.811165 335.655
74.842135 336.015
74.874097 330.61
74.905304 333.378
74.946714 333.438
74.977703 334.925
75.00877 334.224
75.040544 330.658
75.071633 333.567
75.123085 333.917
75.154105 331.843
75.185328 332.492
75.257872 333.261
75.288935 333.755
75.320172 336.677
75.351196 339.535
75.382263 341.117
75.434631 339.035
75.4658 338.215
75.49679 337.236
75.527872 334.468
75.569072 336.266
75.641619 341.571
75.672631 342.347
75.713791 345.48
75.76518 344.858
75.796249 349.155
75.859034 345.272
75.890306 343.204
75.921328 343.276
75.952444 344.347
75.983426 339.706
76.015528 344.408
76.067012 340.393
76.098071 346.213
76.159693 350.033
76.180549 354.924
76.222775 353.418
76.253854 348.67
76.284919 345.216
76.315955 345.817
76.357319 346.045
76.389584 343.028
76.420652 339.926
76.451701 338.078
76.482781 335.207
76.513835 336.862
76.617141 337.67
76.648266 338.512
76.679529 339.543
76.710614 339.354
76.772363 341.719
76.804473 339.66
76.835471 337.85
76.866728 334.283
76.897994 332.471
76.928993 333.951
77.001774 338.401
77.032802 336.492
77.06397 335.85
77.095019 336.333
77.126219 337.052
77.18857 344.546
77.250138 341.902
77.281342 343.189
77.312463 344.626
77.343513 347.577
77.436422 345.597
77.467477 346.74
77.498744 344.728
77.529796 347.964
77.56101 346.113
77.603078 341.254
77.63411 338.8
77.665401 338.838
77.696411 338.549
77.727516 337.123
77.759434 330.553
77.79049 329.705
77.821551 331.836
77.852599 335.668
77.883794 334.08
77.915698 337.945
77.956895 341.172
78.008222 338.606
78.039285 339.369
78.070303 341.461
78.102313 341.02
78.174129 340.406
78.20513 338.159
78.236222 353.822
78.318128 346.499
78.3501 346.807
78.381197 347.31
78.412182 344.669
78.443168 343.37
78.525136 341.104
78.557153 340.416
78.588156 348.354
78.629307 348.668
78.660305 344.132
78.691411 342.598
78.723242 340.878
78.754355 341.688
78.785466 342.984
78.836871 339.506
78.867866 337.704
78.930378 335.453
78.961342 334.131
78.992355 332.991
79.023743 336.102
79.054878 334.513
79.086746 332.104
79.118082 329.325
79.149164 327.552
79.180223 330.963
79.211326 334.695
79.33503 334.592
79.376471 335.516
79.407467 334.199
79.438566 334.498
79.46977 343.529
79.53216 353.321
79.583731 350.867
79.614855 345.567
79.646112 342.794
79.677159 349.065
79.749745 345.771
79.78075 344.229
79.811884 340.808
79.842878 344.81
79.955512 341.833
79.987661 342.637
80.018948 341.757
80.05005 340.361
80.070972 341.454
80.142748 344.895
80.17484 342.612
80.205946 339.08
80.237009 336.018
80.268131 332.412
80.299359 331.744
80.331607 327.572
80.362787 329.211
80.39382 328.964
80.424973 324.91
80.456189 324.001
80.539421 327.191
80.570621 326.227
80.601793 332.823
80.632973 333.608
80.664179 329.495
80.696444 331.571
80.727614 333.135
80.768912 332.76
80.800115 336.32
80.841639 336.364
80.873991 336.048
80.915544 340.788
80.957115 338.01
80.98846 339.297
81.019728 343.941
81.052143 344.336
81.083456 340.447
81.114766 341.461
81.146111 337.799
81.177394 343.963
81.240618 341.656
81.282065 340.862
81.313072 341.516
81.344084 342.549
81.375219 343.265
81.448449 347.634
81.479778 346.675
81.511062 344.242
81.542329 343.472
81.573589 342.765
81.636503 344.628
81.667836 340.922
81.699089 340.207
81.730482 339.264
81.761782 337.483
81.794027 337.516
81.82529 341.304
81.85657 339.485
81.908371 339.2
81.96007 339.684
82.023171 343.84
82.054503 340.116
82.085624 341.883
82.116821 338.629
82.148057 338.221
82.180511 333.688
82.211909 334.66
82.243315 335.948
82.274593 331.925
82.305864 332.056
84.538352 323.899
84.569485 322.696
84.600521 322.929
84.63176 327.625
84.662972 319.709
84.6954 321.268
84.726559 319.892
84.757705 320.502
84.788864 319.2
84.820075 320.116
84.852409 319.116
84.883653 327.121
84.91482 326.138
85.057681 328.422
85.088696 327.177
85.120878 331.733
85.151843 332.838
85.182918 331.025
85.213925 327.691
85.245087 329.159
85.27725 331.936
85.30838 333.258
85.339406 330.985
85.370463 327.077
85.401627 328.656
85.433795 323.823
85.464838 324.591
85.495871 326.904
85.526918 328.576
85.5582 330.646
85.590441 331.827
85.66219 330.897
85.69342 332.402
85.724535 333.709
85.755581 333.213
85.787786 333.311
85.818825 337.786
85.849803 334.651
85.880808 335.628
85.911841 336.546
86.015098 333.956
86.046118 331.72
86.077154 332.97
86.108284 333.182
86.139358 332.318
86.171782 334.373
86.202871 335.862
86.233925 339.478
86.264873 332.748
86.296119 332.188
86.38923 331.838
86.420239 332.368
86.45126 334.49
86.482484 329.723
86.513515 331.186
86.55563 327.615
86.586627 328.813
86.617648 330.803
86.648641 336.036
86.689971 337.661
86.72185 339.457
86.752882 342.46
86.794344 338.684
86.825405 342.261
86.866687 341.195
86.898763 345.252
86.929819 346.141
86.960875 339.768
86.992103 338.989
87.02328 339.237
87.055278 335.031
87.086338 334.527
87.11751 334.669
87.148591 332.826
87.17974 331.231
87.232215 330.866
87.273443 329.749
87.304461 334.229
87.335537 333.932
87.427555 333.39
87.459388 332.879
87.490644 336.806
87.521677 338.981
87.552731 343.259
87.594011 343.313
87.625915 343.941
87.656896 340.808
87.68793 334.92
87.718947 332.328
87.749926 334.532
87.781791 327.153
87.812818 327.483
87.843878 328.628
87.874924 328.745
87.905973 326.378
87.937796 326.016
87.968849 316.498
88.000008 326.272
88.031117 329.953
88.062422 333.843
88.094716 328.855
88.125859 331.359
88.177537 334.949
88.208537 340.337
88.239734 344.015
88.271881 343.784
88.323243 334.677
88.354245 332.109
88.385217 330.365
88.416213 329.807
88.438123 333.43
88.479389 326.197
88.510555 326.381
88.541587 325.813
88.572686 323.791
88.604852 321.167
88.63591 333.933
89.939284 332.893
89.970482 329.213
90.001558 329.255
90.033725 326.64
90.064755 326.894
90.095713 336.676
90.136936 339.18
90.178304 340.281
90.210176 335.748
90.241213 332.611
90.272382 334.563
90.425753 344.986
90.497545 342.361
90.529442 351.321
90.611488 348.109
90.642649 347.987
90.673673 347.968
90.704711 348.097
90.73652 348.965
90.76783 346.998
90.798827 346.308
90.829951 343.931
90.861052 343.184
90.964069 343.119
90.995093 343.262
91.026052 335.834
91.057231 333.012
91.088393 331.831
91.120156 330.908
91.151266 333.423
91.182309 331.967
91.213354 337.85
91.28503 333.105
91.327104 328.926
91.358212 330.487
91.389277 328.887
91.420336 333.732
91.451336 335.411
91.513859 334.1
91.54491 332.236
91.576005 333.376
91.607134 333.337
91.638157 331.749
91.670192 333.746
91.711353 339.252
91.742434 335.921
91.773446 335.815
91.804502 337.36
91.836391 338.642
91.908167 342.271
91.939209 339.671
91.970274 339.45
92.001285 339.653
92.0331 332.583
92.064467 331.69
92.09571 345.436
92.167691 347.248
92.198832 346.733
92.261517 347.532
92.292508 347.119
92.323566 346.713
92.35477 349.824
92.396001 353.64
92.448287 345.643
92.479296 343.995
92.510337 345.675
92.541409 343.487
92.572406 342.449
92.604342 345.077
92.665842 345.648
92.696789 346.307
92.727744 343.059
92.758747 339.846
92.790608 340.84
92.831793 346.696
92.872945 343.074
92.914111 343.402
92.934941 339.926
92.96688 337.826
92.997908 336.784
93.028892 337.532
93.059855 344.649
93.090882 340.943
93.122687 338.933
93.153669 337.503
93.184653 332.49
93.215629 329.028
93.246606 332.528
93.288545 327.921
93.319576 326.628
93.35055 326.688
93.381598 324.589
93.412595 333.177
93.525697 336.311
93.566818 332.769
93.59778 333.543
93.679555 337.941
93.710582 338.8
93.742435 337.272
93.773432 335.141
93.804419 331.188
93.835415 333.521
93.92769 338.052
93.959714 336.44
93.990791 333.181
94.021741 331.202
94.052735 329.848
94.083776 333.244
94.146397 336.096
94.177354 338.936
94.228927 333.314
94.259974 329.465
94.311549 329.816
94.343595 330.778
94.374615 329.788
94.405697 329.809
94.436609 329.425
94.467774 331.075
94.499597 328.769
94.530655 339.07
94.561784 339.135
94.613424 338.278
94.64437 338.551
94.676174 339.817
94.737807 338.365
94.768961 336.026
94.800237 333.739
94.831329 335.066
94.863174 334.736
94.894193 335.212
94.92522 330.1
94.956453 333.612
94.997697 336.951
95.090758 333.649
95.121804 336.615
95.173289 334.332
95.204467 339.834
95.235531 343.734
95.277707 343.012
95.318969 338.346
95.350131 334.414
95.381215 335.008
95.422459 336.777
95.484833 343.314
95.526234 338.317
95.557341 337.509
95.588562 336.497
95.619734 336.842
95.671959 340.89
95.703291 339.225
95.734319 337.262
95.765426 338.052
95.796514 340.98
95.82843 341.251
95.8801 340.375
95.911124 338.095
95.942157 333.655
95.973309 332.055
96.005289 345.316
96.107472 343.234
96.138624 341.144
96.169664 342.782
96.241568 339.206
96.273708 336.421
96.304821 334.332
96.325706 337.506
96.469053 336.86
96.500064 338.078
96.532273 340.327
96.563611 341.423
96.594679 342.866
96.666685 351.642
96.728351 367.439
96.791007 379.726
96.832121 375.742
96.924256 368.791
96.955295 365.216
96.986311 358.151
97.018622 347.277
97.049666 340.325
97.080654 339.119
97.111621 335.202
97.15281 339.264
97.215199 352.797
97.297235 357.969
97.328313 352.353
97.369695 351.81
97.400962 349.602
97.433222 342.789
97.464477 339.615
97.495563 337.212
97.52681 335.478
97.557934 337.027
97.651 345.886
97.712517 356.766
97.743536 355.783
97.825565 355.57
97.856589 350.489
97.888473 343.84
97.919672 341.076
97.95075 338.394
97.98175 339.618
98.073747 339.584
98.115914 339.346
98.146941 336.848
98.177929 334.853
98.209241 337.61
98.281056 338.763
98.312852 339.175
98.343869 339.873
98.375004 337.37
98.406122 338.093
98.43718 343.414
98.489362 344.632
98.540849 343.291
98.571912 345.98
98.603167 347.233
98.634158 347.992
98.66599 350.473
98.727815 347.475
98.758826 342.906
98.790178 349.165
98.92324 343.161
98.95518 344.386
98.986326 348.249
99.017352 346.558
99.068792 341.238
99.099791 342.95
99.131663 340.114
99.162678 341.337
99.193757 342.082
99.22494 341.776
99.255939 341.496
99.287795 338.764
99.319185 333.333
99.35027 334.872
99.381229 334.721
99.412449 340.392
99.474845 340.832
99.516039 339.577
99.547055 340.72
99.578266 337.996
99.609333 340.003
99.641327 344.647
99.702849 339.821
99.734082 340.542
99.765014 340.937
99.795987 340.112
99.868624 340.025
99.899881 340.691
99.930942 338.974
99.961975 336.485
100.003141 335.133
