1.3e-05 310.824
0.032481 315.039
0.307892 323.472
0.339122 327.777
0.38051 334.992
0.432115 335.16
0.464482 333.325
0.495612 333.39
0.526829 326.595
0.619169 325.11
0.650393 326.888
0.682849 331.708
0.714062 341.001
0.745173 329.208
0.776308 323.746
0.807456 318.257
0.839796 315.169
0.932041 314.529
0.963191 326.754
1.014727 322.245
1.045781 316.152
1.078157 319.118
1.119578 317.666
1.150791 326.583
1.182001 328.241
1.264049 333.895
1.29635 357.514
1.327423 372.689
1.36873 383.199
1.41014 406.552
1.451455 373.354
1.483844 364.134
1.515011 363.216
1.54618 366.985
1.669026 381.984
1.700181 391.225
1.732453 411.533
1.763615 426.526
1.794643 430.101
1.825694 413.458
1.856726 408.024
1.888952 392.019
1.920085 364.644
1.991978 347.557
2.023079 344.102
2.054264 334.378
2.117226 325.474
2.148339 316.951
2.179472 316.717
2.210605 327.683
2.241724 334.007
2.27412 315.646
2.30523 312.444
2.336316 311.654
2.367388 313.598
2.429056 333.705
2.461338 321.709
2.492422 320.199
2.523566 338.723
2.554681 344.53
2.585759 338.96
2.750203 322.644
2.78129 320.009
2.8938 316.527
2.924989 311.084
2.956155 321.206
2.988411 317.431
3.050141 317.244
3.081225 317.483
3.112298 335.232
3.143593 333.379
3.22685 317.688
3.258054 315.004
3.289209 324.565
3.320378 323.286
3.382196 320.495
3.414444 319.193
3.44557 323.691
3.486923 333.216
3.518055 327.199
3.549156 322.89
3.581484 323.223
3.612576 321.657
3.64371 317.168
3.705418 323.937
3.736586 327.191
3.768868 337.804
3.80004 356.18
3.831195 353.016
3.862314 329.115
3.893425 325.314
3.925724 324.606
3.956805 336.839
3.987919 332.254
4.0191 321.933
4.050331 333.14
4.082661 361.566
4.113783 373.896
4.145004 348.528
4.176167 319.849
4.207354 309.527
4.239676 307.546
4.270738 323.205
4.301863 338.813
4.332985 327.729
4.364119 327.074
4.396457 329.424
4.427546 324.023
4.458747 330.698
4.489963 319.414
4.521178 317.931
4.553541 319.207
4.584745 317.26
4.615942 315.092
4.647125 314.478
4.678276 328.231
4.731074 315.54
4.762242 318.703
4.793398 327.53
4.824488 322.374
4.855718 323.507
4.888068 317.154
4.919205 323.702
4.95044 342.005
5.01212 412.702
5.033196 415.522
5.065485 438.781
5.096633 459.588
5.127817 464.221
5.159011 467.991
5.190276 487.528
5.222713 474.459
5.25386 499.751
5.284975 521.336
5.316036 552.162
5.347217 555.069
5.379587 581.893
5.411715 603.451
5.443905 631.754
5.474985 652.701
5.506212 674.593
5.537411 689.635
5.568549 720.497
5.600982 742.937
5.633296 563.441
5.806741 331.377
5.837867 351.975
5.868916 375.343
5.90008 379.675
5.932357 415.216
5.963434 444.663
5.994572 499.709
6.066451 492.427
6.09762 505.508
6.130032 437.303
6.161236 426.077
6.192395 429.657
6.22358 437.503
6.285365 484.148
6.317778 486.765
6.34898 505.665
6.380116 514.053
6.411289 526.12
6.442445 556.331
6.474747 582.898
6.587366 690.83
6.608383 653.957
6.639623 337.644
6.691141 332.741
6.723597 363.92
6.754806 380.526
6.786062 377.795
6.817265 369.964
6.848462 401.162
6.88093 385.892
6.912094 406.303
6.943299 421.677
6.9745 448.714
7.005678 455.196
7.038155 471.51
7.069396 480.245
7.100597 470.862
7.131755 477.019
7.173168 499.305
7.205523 523.344
7.236768 542.113
7.267966 521.414
7.299167 529.592
7.330413 557.609
7.36284 567.358
7.395344 587.805
7.42778 609.062
7.460142 637.918
7.492503 677.556
7.524946 694.215
7.557445 708.692
7.589595 784.202
7.661431 761.037
7.692496 658.677
7.743993 341.375
7.775064 346.549
7.807339 333.702
7.838413 353.23
7.869441 352.8
7.900493 340.636
7.931588 346.26
7.963935 386.088
7.994999 374.035
8.026041 362.88
8.057214 334.11
8.08842 344.023
8.161531 423.365
8.193674 433.867
8.225735 426.544
8.256901 434.821
8.298289 496.636
8.329444 473.044
8.360514 468.839
8.392713 480.041
8.424966 499.381
8.457044 517.7
8.489165 533.632
8.51106 535.718
8.543629 552.969
8.574863 563.85
8.606093 535.202
8.657669 351.62
8.688907 373.325
8.721258 378.955
8.752347 389.782
8.783447 449.303
8.814649 455.522
8.845742 486.851
8.878062 500.863
8.970333 533.194
9.01159 660.969
9.042674 681.113
9.063579 702.576
9.095876 717.004
9.126952 735.46
9.158067 765.086
9.189085 778.743
9.220172 796.83
9.252344 807.71
9.283446 841.684
9.31446 858.372
9.34549 871.715
9.376588 895.11
9.408745 905.031
9.439734 922.3
9.470829 950.737
9.501849 948.649
9.532935 969.079
9.56523 988.63
9.596293 1019.568
9.62754 1027.684
9.658733 937.945
9.689974 671.156
9.722209 696.874
9.753234 717.691
9.784282 742.465
9.815306 760.135
9.846426 733.609
9.878648 752.526
9.910719 765.128
9.941793 758.187
9.97309 775.237
10.004173 805.613
10.086175 736.477
10.118472 744.302
10.149623 763.514
10.1808 768.319
10.211877 803.204
10.293879 444.759
10.326201 449.38
10.357286 462.714
10.388357 366.124
10.419372 366.893
10.45041 365.799
10.482662 330.684
10.513775 327.939
10.636599 321.717
10.667812 335.656
10.698867 331.494
10.731121 344.956
10.763549 337.378
10.795589 327.761
10.827524 324.683
10.858609 324.142
10.88968 320.445
10.92076 320.893
10.951819 327.629
10.984027 328.789
11.015121 328.672
11.046447 309.179
11.077591 316.343
11.108711 324.195
11.140861 322.632
11.182266 323.742
11.213294 318.043
11.244376 333.396
11.275467 334.199
11.307764 337.288
11.338828 352.13
11.369846 351.628
11.411274 332.245
11.442486 331.825
11.47466 335.372
11.810838 348.444
11.892976 371.121
11.974975 388.813
12.00626 410.086
12.130251 423.215
12.171604 420.612
12.233294 415.414
12.264401 407.812
12.295611 400.62
12.358411 394.712
12.389447 373.129
12.481765 367.688
12.512842 375.438
12.615312 398.03
12.668101 327.911
12.699175 339.549
12.730235 326.41
12.761262 349.596
12.792466 331.106
12.824667 369.372
12.987858 442.967
13.018894 519.886
13.03974 533.394
13.101402 592.045
13.133759 589.255
13.164748 575.761
13.195893 534.465
13.226907 535.795
13.25805 546.177
13.290246 564.535
13.322192 600.431
13.353094 601.848
13.384143 608.802
13.415227 542.013
13.59887 414.585
13.631183 395.602
13.662234 338.542
13.693322 348.627
13.724338 357.619
13.745271 376.804
13.777558 419.389
13.809596 427.396
13.841455 439.301
13.873458 459.595
13.90545 472.337
13.936544 479.336
13.967596 539.172
13.998625 546.194
14.029643 590.032
14.0618 601.598
14.093683 540.958
14.136204 531.783
14.167355 542.111
14.198498 555.983
14.229563 567.405
14.260636 572.95
14.292944 629.631
14.324952 654.585
14.356068 671.761
14.376978 690.843
14.408082 717.356
14.439162 752.157
14.471518 798.173
14.51275 803.55
14.564247 866.192
14.595307 895.673
14.626479 907.297
14.658746 934.808
14.689732 968.187
14.720747 885.807
15.026549 576.117
15.057724 430.567
15.090028 399.146
15.121098 381.978
15.1522 380.543
15.183388 399.554
15.214499 371.886
15.246752 375.235
15.277786 359.581
15.308855 329.893
15.339939 318.707
15.370926 324.971
15.403126 338.642
15.434288 350.028
15.465238 361.676
15.54723 450.688
15.578459 424.7
15.610782 413.194
15.641974 371.607
15.673059 374.805
15.704133 378.778
15.735233 428.348
15.767506 388.544
15.79934 394.976
15.831277 411.452
15.863372 428.618
15.8842 432.731
15.925482 447.924
15.956682 510.93
15.987716 451.353
16.019926 460.941
16.051981 430.622
16.083022 457.438
16.114156 471.254
16.145277 477.731
16.196836 530.168
16.229436 485.561
16.260594 489.524
16.291654 503.161
16.37366 537.946
16.40476 394.955
16.437118 324.542
16.468165 328.761
16.499273 344.104
16.550755 379.975
16.581864 369.044
16.61433 326.574
16.645518 325.102
16.686742 324.051
16.717862 344.985
16.749111 368.851
16.781422 386.217
16.813406 397.504
16.845413 403.919
16.87749 397.686
16.909759 398.548
16.941972 407.796
16.973117 417.934
17.004227 363.592
17.035277 373.588
17.066403 370.972
17.098844 328.766
17.151559 319.781
17.183605 328.557
17.216097 338.997
17.248311 351.614
17.280654 389.594
17.311785 401.865
17.404126 449.255
17.435177 314.759
17.466289 318.023
17.498568 346.783
17.530993 355.985
17.563513 365.517
17.616259 451.166
17.648476 417.019
17.680683 421.185
17.712803 437.101
17.815265 550.635
17.846484 382.116
17.877694 392.839
17.908983 399.202
17.941462 392.481
17.973956 402.056
18.02683 473.571
18.059317 426.567
18.09152 397.068
18.123934 354.686
18.156303 352.653
18.187522 351.595
18.218804 350.925
18.25001 380.486
18.281185 397.377
18.30336 406.081
18.366298 413.637
18.397498 425.002
18.479433 489.701
18.510573 404.227
18.541637 321.259
18.574002 324.209
18.605123 327.416
18.636326 338.69
18.667565 361.084
18.698842 337.993
18.73131 316.689
18.763683 332.624
18.795943 324.948
18.826984 323.773
18.858029 323.812
18.88905 336.198
18.930335 352.452
18.962644 379.46
19.044628 439.403
19.075708 442.643
19.106848 444.481
19.137982 451.218
19.170306 452.072
19.202724 453.45
19.233865 476.88
19.264984 456.178
19.296174 457.896
19.327276 418.116
19.359516 405.474
19.390551 433.537
19.421608 419.128
19.452679 429.43
19.483716 438.968
19.515946 424.263
19.54692 445.14
19.578105 441.184
19.609231 439.966
19.640419 476.522
19.673145 474.306
19.705185 495.089
19.737256 521.588
19.769332 520.647
19.80121 554.614
19.833268 573.256
19.865291 600.921
19.897448 623.429
19.929626 595.286
19.96184 624.321
19.992963 633.1
20.024132 593.661
20.055443 480.734
20.086588 483.643
20.118965 520.924
20.151018 534.973
20.183285 547.974
20.214522 548.591
20.245706 563.497
20.337948 618.533
20.358913 635.491
20.391277 610.002
20.423544 625.075
20.454634 619.923
20.485677 595.487
20.516767 534.233
20.710653 326.994
20.743033 338.491
20.77414 342.014
20.80521 339.259
20.836298 345.877
20.867422 351.553
20.899704 364.432
20.930819 376.563
20.972134 394.3
20.993003 404.019
21.024111 424.371
21.056408 452.083
21.088614 458.71
21.120699 466.712
21.151758 488.173
21.182795 478.092
21.213968 479.72
21.245102 491.767
21.277429 506.169
21.308498 530.911
21.339503 553.428
21.370506 561.077
21.40154 583.476
21.433729 598.361
21.465761 625.163
21.49785 629.82
21.519661 631.439
21.551566 642.362
21.614536 693.491
21.645704 727.084
21.676912 642.082
21.707993 611.809
21.739185 604.684
21.771421 604.461
21.803367 597.396
21.835478 611.102
21.866503 574.669
22.009526 334.572
22.040709 339.383
22.071854 361.031
22.104194 373.56
22.135299 383.078
22.166393 388.828
22.197449 447.563
22.228653 469.085
22.260961 473.716
22.292014 480.795
22.323011 482.786
22.374433 491.619
22.40551 448.966
22.437745 473.434
22.468759 494.106
22.499736 533.591
22.530993 551.094
22.562228 579.55
22.594584 595.704
22.625902 630.63
22.657069 648.808
22.688188 677.3
22.719177 706.797
22.751372 740.118
22.782455 751.255
22.813469 762.244
22.875139 861.589
22.906312 886.655
22.938641 860.583
22.969764 680.086
23.295816 595.859
23.326941 564.471
23.470052 534.528
23.583707 524.587
23.716617 479.01
23.910751 375.998
23.9418 371.166
23.972898 365.738
24.056118 364.774
24.087201 379.58
24.209956 397.051
24.302182 410.879
24.394287 423.891
24.426498 470.444
24.477905 482.872
24.508963 476.855
24.591073 376.565
24.622174 377.86
24.695196 344.151
24.727211 348.988
24.768486 381.94
24.799503 366.123
24.830543 366.48
24.861603 359.872
24.944809 355.32
24.975889 355.083
25.006951 362.73
25.058587 353.484
25.079517 351.047
25.111814 373.632
25.142842 391.385
25.17394 399.883
25.204948 403.722
25.236111 385.451
25.268331 315.974
25.299466 318.803
25.330767 337.589
25.361846 345.512
25.413333 419.418
25.445574 414.439
25.476594 416.1
25.507699 380.829
25.538735 399.959
25.569747 418.631
25.601958 433.94
25.633112 453.434
25.66414 450.504
25.695194 458.599
25.726343 476.821
25.758681 500.697
25.790877 529.193
25.822909 550.793
25.854015 567.148
25.885038 594.908
25.916063 557.988
26.028591 326.183
26.06092 348.77
26.092933 366.607
26.125159 368.556
26.157248 378.9
26.189337 401.26
26.220383 374.603
26.251554 361.026
26.282629 376.161
26.313683 364.11
26.345979 382.564
26.377256 394.678
26.40847 410.979
26.439631 412.911
26.470737 441.504
26.503128 464.606
26.534199 455.488
26.565212 461.55
26.59627 492.514
26.627451 509.599
26.65974 505.557
26.690881 518.001
26.722091 524.586
26.753154 541.868
26.784179 543.257
26.816371 550.728
26.847393 552.364
26.878452 557.73
26.909543 583.702
26.940603 582.727
26.972853 518.702
27.095575 329.255
27.126728 338.222
27.157888 366.922
27.189079 376.853
27.221572 400.032
27.253954 376.127
27.286292 381.966
27.327659 392.94
27.358747 373.679
27.389893 358.658
27.421093 333.263
27.453466 347.358
27.485631 366.39
27.517851 379.708
27.550096 396.776
27.582304 402.176
27.613447 363.586
27.644559 325.793
27.675624 336.683
27.706675 332.427
27.738932 343.941
27.770964 356.029
27.802966 358.786
27.835217 372.795
27.867229 376.976
27.898379 389.738
27.929441 435.478
27.960551 424.081
27.991629 407.946
28.024087 413.656
28.056142 406.623
28.087132 415.228
28.11819 384.541
28.149186 387.082
28.180269 386.059
28.212757 383.736
28.244842 368.013
28.277268 385.899
28.309393 400.542
28.340519 388.014
28.371587 376.717
28.402673 391.167
28.433835 401.997
28.466134 400.624
28.497261 408.038
28.53862 475.953
28.569776 419.257
28.600904 405.969
28.633214 417.025
28.664336 409.449
28.69551 400.372
28.726612 405.241
28.75771 391.259
28.790034 383.647
28.822127 391.375
28.854023 402.351
28.885086 402.934
28.916095 396.639
28.947168 377.097
28.97825 375.903
29.010398 357.542
29.042344 375.164
29.07337 384.162
29.104572 397.785
29.135675 414.296
29.166928 422.36
29.199291 412.136
29.231414 347.726
29.262715 332.828
29.293824 339.82
29.324985 365.21
29.35609 395.824
29.388324 417.709
29.419335 446.503
29.450331 466.114
29.481365 479.288
29.502317 520.062
29.534729 532.897
29.565754 552.044
29.59678 567.976
29.627883 589.674
29.659005 607.026
29.691261 614.675
29.722323 634.688
29.753329 627.068
29.784385 624.048
29.815441 613.41
29.847607 586.566
29.879623 595.072
29.910618 610.399
29.941709 619.454
29.972823 620.903
30.00394 582.644
30.107477 387.427
30.138473 329.544
30.159348 340.467
30.190396 327.814
30.221421 316.4
30.253669 316.42
30.28486 315.55
30.315952 316.134
30.346987 324.103
30.37818 331.493
30.410588 348.767
30.53315 459.552
30.564226 394.53
30.595252 378.638
30.626389 359.853
30.658757 367.519
30.689898 366.567
30.720946 362.5
30.751978 382.783
30.783097 397.321
30.815322 391.971
30.847348 364.384
30.879313 377.84
30.910348 400.615
30.941363 388.747
30.972442 401.797
31.003548 426.762
31.035789 430.885
31.06686 434.54
31.097865 433.178
31.128889 442.633
31.159934 463.359
31.192138 427.4
31.304635 328.385
31.335771 337.936
31.366841 343.881
31.39796 351.992
31.430168 358.35
31.462213 384.635
31.49419 395.519
31.526591 411.966
31.55871 436.244
31.590921 454.897
31.623126 489.89
31.65412 504.6
31.685271 512.734
31.716276 525.198
31.747322 517.059
31.779715 516.894
31.810861 522.02
31.841942 527.769
31.873036 563.058
31.904057 582.727
31.936341 618.331
31.967437 624.313
31.998537 596.258
32.029622 409.485
32.060831 390.186
32.093362 392.591
32.125342 403.52
32.157296 419.583
32.189243 434.898
32.220262 435.593
32.251327 434.588
32.282544 434.266
32.313637 451.023
32.345857 460.769
32.377997 450.982
32.409975 441.867
32.441994 432.158
32.473044 401.377
32.504047 407.792
32.535136 391.657
32.586606 362.259
32.608699 353.801
32.64102 373.711
32.672066 378.636
32.703098 371.805
32.73416 384.646
32.765195 384.174
32.797511 379.313
32.829965 367.677
32.862335 370.073
32.893386 362.215
32.924426 368.727
32.955543 383.108
32.986621 434.579
33.018921 461.845
33.04997 451.157
33.08105 469.224
33.112172 442.188
33.143273 410.919
33.175613 386.967
33.206824 378.615
33.237869 358.348
33.26892 364.297
33.300173 363.186
33.33245 360.276
33.364303 355.223
33.425962 350.836
33.45695 351.467
33.488056 346.402
33.519071 352.546
33.571666 353.249
33.602648 330.491
33.63384 328.058
33.664923 332.753
33.695968 334.069
33.789406 325.228
33.820447 324.064
33.851462 326.458
33.882413 312.402
33.913444 315.051
33.945654 323.658
33.976907 324.928
34.008076 334.539
34.039261 334.74
34.070379 350.027
34.10284 364.678
34.133932 383.704
34.215963 388.748
34.247135 360.791
34.278414 362.647
34.310691 333.947
34.343091 342.4
34.374191 359.465
34.405249 349.922
34.436334 347.678
34.467552 320.654
34.499768 312.907
34.530845 327.678
34.562031 331.63
34.582952 352.863
34.614037 357.256
34.646317 362.605
34.678241 392.226
34.709967 401.294
34.741894 441.331
34.773846 439.359
34.805828 443.973
34.838006 465.294
34.869849 484.071
34.901994 513.106
34.93407 486.663
34.965074 493.184
34.996152 516.205
35.027251 543.071
35.058353 565.845
35.090558 573.484
35.122553 585.162
35.154608 608.017
35.187007 619.107
35.218913 617.985
35.250031 569.059
35.281056 535.199
35.312181 539.785
35.343352 542.863
35.375582 536.464
35.407511 535.686
35.438627 483.774
35.500315 482.524
35.653535 497.281
35.684577 402.064
35.716826 389.819
35.748784 389.036
35.779891 386.607
35.810942 387.938
35.841987 366.341
35.873009 367.195
35.905116 384.235
35.937088 378.007
35.968112 367.034
35.999169 360.862
36.030207 344.226
36.061378 354.789
36.093638 355.567
36.124747 368.158
36.155783 383.447
36.186832 408.846
36.207751 426.257
36.239961 436.992
36.271056 451.416
36.302474 432.365
36.333589 443.744
36.364695 404.042
36.396988 421.99
36.428047 441.577
36.459181 436.472
36.490368 448.806
36.521414 463.758
36.553602 379.054
36.584623 380.286
36.615814 396.829
36.646869 400.349
37.593238 397.811
37.676469 405.581
37.778906 408.021
37.861021 404.541
37.973594 398.355
38.025207 393.255
38.159259 405.189
38.271847 399.859
38.404793 400.829
38.446064 396.367
38.507778 317.483
38.540022 327.186
38.57106 339.496
38.602149 344.132
38.633379 365.881
38.664485 380.93
38.696696 382.109
38.72773 393.061
38.758756 402.036
38.789759 416.091
38.820892 449.242
38.85316 466.223
38.885022 483.541
38.91607 524.343
41.932044 343.439
41.973278 343.025
42.055321 348.049
42.087615 346.759
42.210464 347.165
42.241731 352.483
42.272978 322.279
42.294141 329.086
42.326696 333.793
42.358121 345.735
42.38937 365.075
42.42064 394.025
42.451982 414.177
42.484524 445.54
42.515768 433.47
44.011117 400.519
44.042335 393.237
44.073595 408.935
44.10598 455.054
44.138366 475.337
44.169397 493.633
44.200422 527.68
44.231508 552.242
44.26268 579.663
44.294924 600.467
44.325985 628.232
44.35713 661.432
44.388186 679.103
44.419257 696.415
44.451571 751.546
44.482624 723.216
44.523948 551.637
44.555059 564.011
44.58615 602.785
44.618399 625.98
44.649526 638.954
44.68063 677.072
44.711687 707.454
44.742743 731.328
44.775084 764.516
44.806173 780.592
44.837302 805.015
44.868358 830.296
44.899418 864.243
44.932994 884.929
44.964182 907.399
44.995292 914.398
45.026507 917.854
45.057941 929.547
45.080184 945.092
45.111277 963.268
45.142441 983.956
45.173578 1005.392
45.204717 1027.512
45.23703 1036.148
45.268176 1065.903
45.299237 1073.895
45.340378 1125.746
45.371367 880.389
45.74897 318.777
45.78004 326.68
45.811057 324.411
45.842135 331.899
45.87316 356.858
45.905416 345.661
45.936455 343.517
45.967526 366.242
45.998562 383.749
46.02976 390.458
46.062003 388.871
46.093023 393.244
46.124075 399.955
46.15513 366.572
46.186282 333.213
46.218564 333.16
46.249597 329.29
46.280582 336.086
46.311556 354.438
46.342657 371.931
46.374966 375.363
46.406005 366.615
46.43703 375.036
46.468067 381.621
46.499226 389.475
46.531583 419.032
46.563611 372.441
46.59548 382.716
46.627356 377.05
46.659439 408.503
46.691388 428.348
46.722409 445.083
46.753391 461.753
46.784415 473.37
46.81545 492.224
46.847683 480.109
46.878716 488.284
46.909718 515.595
46.940704 529.628
46.97171 542.064
47.003868 592.973
47.034887 617.427
47.06594 629.65
47.096894 653.696
47.127967 671.748
47.160083 626.465
47.262462 323.894
47.293572 312.029
47.324604 315.842
47.355649 351.629
47.500048 350.65
47.623862 333.148
47.654944 343.075
47.68599 350.527
47.717162 349.792
48.205787 344.464
48.238036 337.833
50.322788 330.536
50.353791 328.463
50.384916 328.9
50.415928 327.175
50.448057 327.553
50.479069 329.872
50.5391 327.132
50.570194 327.548
50.601291 320.25
50.633593 314.73
50.664694 315.828
50.69569 326.177
50.72681 330.379
50.757931 343.243
50.830987 401.28
50.933341 446.804
50.964377 442.566
50.995404 384.568
51.026446 345.642
51.058639 321.152
51.089671 325.214
51.120646 318.333
51.151644 321.825
51.182784 323.236
51.28645 322.966
51.327728 323.21
51.358811 333.469
51.389985 340.088
51.492436 364.959
51.524654 367.565
51.555732 373.457
51.973266 393.002
52.085799 409.848
52.12714 427.982
52.251034 426.806
52.302465 425.966
52.333619 425.495
52.405476 397.187
52.558794 363.737
52.591123 363.058
52.663016 367.185
52.704245 382.494
52.826919 380.642
52.939414 385.281
52.99195 393.692
53.022955 339.282
53.054005 347.307
53.08501 375.939
53.116174 404.208
53.148333 433.849
53.179345 445.832
53.210329 469.606
53.241395 504.224
53.27249 519.368
53.304691 529.864
53.32561 559.932
53.356626 613.281
53.408112 647.985
53.439128 674.674
53.471335 700.08
53.50254 717.064
53.533577 734.111
53.564605 791.025
53.595624 812.745
53.627878 826.047
53.65899 853.395
53.690033 666.773
53.721071 681.739
53.752114 684.017
53.784359 635.985
53.815345 644.556
53.846357 650.676
53.887602 717.384
53.918726 739.821
53.950997 762.281
53.98219 765.47
54.013265 606.997
54.369502 442.203
54.400667 412.631
54.432915 418.357
54.464004 426.522
54.484863 431.544
54.515906 445.068
54.547233 449.793
54.579499 444.032
54.610585 456.697
54.641654 451.658
54.672759 449.187
54.70382 432.902
54.736028 439.44
54.767067 468.427
54.798122 469.541
54.829152 486.956
54.860289 506.086
54.892529 515.76
54.923609 537.055
54.954703 509.113
54.98589 510.719
55.017098 544.644
55.049526 562.472
55.08066 588.593
55.111644 572.453
55.142674 570.99
55.173698 578.025
55.205861 584.152
55.236899 544.444
55.278234 432.671
55.309245 459.754
55.340306 464.92
55.372612 471.792
55.404962 487.213
55.436859 502.64
55.468786 526.19
55.50105 551.329
55.533125 559.197
55.565002 591.889
55.596072 616.447
55.627124 544.952
55.658197 428.065
55.689235 437.056
55.721519 460.068
55.753555 472.408
55.785391 519.081
55.817413 539.146
55.849334 544.075
55.891436 561.575
55.922446 605.357
55.953467 653.797
55.984539 671.379
56.015525 676.711
56.047916 655.397
56.079795 587.248
56.334496 368.997
56.365545 359.307
56.396645 332.963
56.427754 326.48
56.460009 313.311
56.491125 310.738
56.522216 318.486
56.55323 316.746
56.584248 326.373
56.616453 346.701
56.647515 367.486
56.678593 388.015
56.709604 394.027
56.740718 401.407
56.772977 418.633
56.804024 429.719
56.835033 444.685
56.86611 455.715
56.897125 480.113
56.929258 496.679
56.960248 511.282
56.991242 539.062
57.022277 560.57
57.053317 575.631
57.085527 603.866
57.117503 618.58
57.149333 640.723
57.181158 652.336
57.212908 657.475
57.244781 666.015
57.275841 690.023
57.306855 704.157
57.337887 727.823
57.368925 736.615
57.401144 656.781
57.513529 517.099
57.544618 467.804
57.5756 457.908
57.606685 440.06
57.638986 439.49
57.66077 455.548
57.692848 423.478
57.724954 443.988
57.75705 441.46
57.788073 450.429
57.81917 453.803
57.85032 472.6
57.881385 483.295
57.913689 498.847
57.945762 453.272
57.976795 442.573
58.007823 451.228
58.03884 476.951
58.090272 519.744
58.122459 483.094
58.154459 469.459
58.186416 492.953
58.217488 518.663
58.248544 621.876
58.422303 630.49
58.453355 691.959
58.48566 730.209
58.516685 738.288
58.547621 772.475
58.578666 781.488
58.609764 808.292
58.642235 813.406
58.67335 842.616
58.704387 869.273
58.735447 887.758
58.766552 925.621
58.79872 931.714
58.829745 943.444
58.860712 952.876
58.891742 972.452
58.922808 785.095
58.955007 772.556
58.986985 753.163
59.01801 715.781
59.04904 722.113
59.080081 484.399
59.111181 479.466
59.143359 447.987
59.174481 426.69
59.195379 417.152
59.287483 317.488
59.318537 314.601
59.350758 326.311
59.382674 335.023
59.413705 347.399
59.4447 360.145
59.47571 374.76
59.506827 375.767
59.538998 391.491
59.58015 414.718
59.611284 361.863
59.6425 341.225
59.673636 354.028
59.705904 364.178
59.736915 335.699
59.767901 356.256
59.798914 365.993
59.870719 453.946
59.902989 375.14
59.935031 370.835
59.966167 388.088
59.997162 385.314
60.028239 387.663
60.059439 392.065
60.091765 402.666
60.123763 414.753
60.154784 419.276
60.185773 444.976
60.216848 452.043
60.24799 465.341
60.280353 482.096
60.311402 493.067
60.342433 512.626
60.373556 521.42
60.404675 559.59
60.437138 532.853
60.469194 523.157
60.501259 520.243
60.552724 523.934
60.583778 546.962
60.61491 565.971
60.64608 587.037
60.678282 618.125
60.709315 626.562
60.740432 653.118
60.771535 661.302
60.802628 664.484
60.834922 680.639
60.865991 691.481
60.896974 717.407
60.927989 708.111
60.959041 723.468
61.09308 784.592
61.124084 737.758
61.145014 728.81
61.176024 723.222
61.207328 727.213
61.239612 691.741
61.271605 702.908
61.302615 670.858
61.333652 643.702
61.36469 625.692
61.395729 589.715
61.428075 541.082
61.459921 518.388
61.553391 406.802
61.584484 393.07
61.61556 387.475
61.646583 402.548
61.67753 420.69
61.709868 431.731
61.740905 468.55
61.771995 475.855
61.803046 495.767
61.83413 510.279
61.866381 526.008
61.897532 529.148
61.928608 527.459
61.959692 538.188
61.990777 556.403
62.023043 573.025
62.054146 563.359
62.085182 527.931
62.116282 530.306
62.14738 545.934
62.220267 545.357
62.251329 556.542
62.282363 466.828
62.48641 432.216
62.51753 455.617
62.549798 358.795
62.580885 357.069
62.611957 365.317
62.68388 424.921
62.796468 439.499
62.828667 475.434
62.859763 500.218
62.890851 523.046
62.921895 554.076
62.95294 557.801
62.985139 621.099
63.016134 627.951
63.047154 516.865
63.200261 519.298
63.231259 541.505
63.263671 568.714
63.294711 585.436
63.325742 619.341
63.356721 646.96
63.387704 669.683
63.419889 706.559
63.451013 723.778
63.482042 746.033
63.513056 768.738
63.544114 775.726
63.586771 852.025
63.617981 797.398
64.309962 759.602
64.391908 727.13
64.463831 700.429
64.567505 672.879
64.669914 650.765
64.751919 570.848
64.874644 435.437
64.905769 427.664
65.060307 425.263
65.091379 441.252
65.234385 461.064
65.346832 446.855
65.40845 367.934
65.440721 363.744
65.471872 348.027
65.502907 356.909
65.534044 375.942
65.565102 397.804
65.597466 383.832
65.628598 386.728
65.659735 399.938
65.690768 405.551
65.721794 418.157
65.754143 445.605
65.785196 450.823
65.816205 465.784
65.847262 480.587
65.878329 489.137
65.941083 449.974
65.972087 435.352
66.003206 432.159
66.034287 439.518
66.065548 455.191
66.097927 476.334
66.129013 506.563
66.160017 533.838
66.191085 558.245
66.222187 559.197
66.254452 570.026
66.285544 584.868
66.316621 569.371
66.347661 574.827
66.37876 602.464
66.411023 613.402
66.443169 655.148
66.475511 683.982
66.507861 709.035
66.53895 737.709
66.569994 750.016
66.601121 776.191
66.632332 788.509
66.664648 827.141
66.695701 829.46
66.726761 767.034
67.123847 594.089
67.154885 542.595
67.187129 403.286
67.219009 393.713
67.240819 400.419
67.272674 393.395
67.303725 393.156
67.334767 398.748
67.365764 415.997
67.396883 399.028
67.429077 415.389
67.460295 422.604
67.491279 449.955
67.522482 437.575
67.553627 459.253
67.585865 478.005
67.616969 482.016
67.648108 497.671
67.679191 475.85
67.710289 472.46
67.742529 470.982
67.774517 480.601
67.805542 501.07
67.836558 509.19
67.867601 532.318
67.898656 536.332
67.930793 550.15
67.961908 561.882
67.99297 570.844
68.024002 586.77
68.055103 596.261
68.087468 609.913
68.118511 637.097
68.149525 652.687
68.180517 681.38
68.211544 702.809
68.243745 556.847
68.641869 424.349
68.672882 404.304
68.70404 411.558
68.735103 401.621
68.766208 389.63
68.798478 395.104
68.829515 383.964
68.850413 360.945
68.881451 378.308
68.912498 399.041
68.944689 397.124
68.97578 402.162
69.006863 399.86
69.037898 424.768
69.068904 411.698
69.101093 413.443
69.132158 420.562
69.163211 421.311
69.194283 426.75
69.225373 438.012
69.257629 450.668
69.288633 465.424
69.319622 487.576
69.350626 519.862
69.38168 529.469
69.413784 546.62
69.444833 596.248
69.47595 623.288
69.507028 646.171
69.538106 669.708
69.570311 673.232
69.60237 694.158
69.633519 703.619
69.664544 729.853
69.695534 724.073
69.726532 756.447
69.758671 412.106
69.932091 368.938
69.963108 367.732
69.994179 407.737
70.167763 416.754
70.199932 417.805
70.231935 412.77
70.263825 358.226
70.294831 371.14
70.325784 373.407
70.356724 387.153
70.387714 407.619
70.419755 427.942
70.450786 427.275
70.481911 449.58
70.512969 470.799
70.544002 477.802
70.576167 503.165
70.608145 517.416
70.639153 536.19
70.67024 542.948
70.701323 555.045
70.732322 561.016
70.764454 412.709
70.795463 394.328
70.826479 393.846
70.857451 357.11
70.888486 345.492
70.920617 359.099
70.952553 373.109
70.984442 364.375
71.016406 374.501
71.048265 376.735
71.080124 386.862
71.111202 374.054
71.142236 374.083
71.183384 360.759
71.214395 359.92
71.24651 346.397
71.277551 334.863
71.308534 334.047
71.339495 343.848
71.370559 369.537
71.402639 370.339
71.434664 388.646
71.466689 414.385
71.498936 367.371
71.531048 328.627
71.562928 315.873
71.594772 324.488
71.626678 331.942
71.658579 316.128
71.690423 321.068
71.722418 319.873
71.754222 325.781
71.785989 336.823
71.817864 339.883
71.849671 354.445
71.881507 370.224
71.913553 387.919
71.945746 409.994
71.977691 413.418
72.009671 425.626
72.102937 524.745
72.134101 496.557
72.165141 474.564
72.196191 358.402
72.227354 333.791
72.259603 341.159
72.290672 328.633
72.321666 344.89
72.352717 360.949
72.383853 372.286
72.416041 403.091
72.44801 399.893
72.480024 415.617
72.512119 440.848
72.54421 418.304
72.575266 425.949
72.606279 442.002
72.637346 456.32
72.668365 470.507
72.690375 478.249
72.721414 443.424
72.793149 337.765
72.824129 368.154
72.855097 375.174
72.887172 380.8
72.919056 392.437
72.951017 416.019
72.982993 433.895
73.014149 435.84
73.045216 449.817
73.07612 462.578
73.107223 480.136
73.139512 494.206
73.171411 467.745
73.202619 324.992
73.233776 335.567
73.264892 340.212
73.29595 347.449
73.328168 368.056
73.360108 383.893
73.392012 386.503
73.423907 391.081
73.455763 392.818
73.487967 407.937
73.520192 407.062
73.551306 422.374
73.58242 399.815
73.613458 407.541
73.644553 400.977
73.676795 336.275
73.819931 339.497
73.850972 366.796
73.882059 380.578
73.913168 393.103
73.945356 414.917
73.976391 405.849
74.00739 379.894
74.038396 349.006
74.069544 325.178
74.101692 326.503
74.132731 331.09
74.163716 339.736
74.194784 341.963
74.226012 349.676
74.258258 385.334
74.289347 389.217
74.320445 385.434
74.371856 378.671
74.403004 386.245
74.435307 395.945
74.467267 450.742
74.499402 460.393
74.562239 538.807
74.594143 568.023
74.626198 596.732
74.658201 637.416
74.690057 649.427
74.721086 667.242
74.752129 668.572
74.783212 690.369
74.814319 695.721
74.846498 742.79
74.878417 766.971
74.909528 793.408
74.940605 802.868
74.971638 808.052
75.002699 878.063
75.035049 907.124
75.066198 932.671
75.097192 961.621
75.128232 975.213
75.159354 1007.302
75.191647 1023.944
75.222701 1053.945
75.253681 1077.133
75.284743 1099.449
75.315778 1126.72
75.347901 1139.617
75.379046 1165.609
75.410203 1178.656
75.44126 1197.202
75.472313 1199.47
75.504509 1200.607
75.535673 1209.501
75.566764 1268.43
75.597883 1277.767
75.628968 1315.055
75.661235 1347.886
75.693192 1375.539
75.724265 1404.321
75.755333 1418.239
75.786405 1447.405
75.817532 1473.882
75.849732 1488.223
75.880881 1514.05
75.911988 1523.332
75.943167 1554.988
75.974357 1542.075
76.006823 1430.711
77.655451 1334.925
77.829228 1251.516
77.982559 1177.036
78.125696 1112.892
78.290446 1041.507
78.331742 978.387
78.505545 930.008
78.597864 890.571
78.741155 854.288
78.844787 513.039
78.875842 492.786
78.906958 476.135
78.958686 459.755
79.091634 449.745
79.134286 430.066
79.165483 322.035
79.196682 320.65
79.227853 330.137
79.259074 334.118
79.291536 338.887
79.322777 358.024
79.353941 378.454
79.385175 379.895
79.416319 379.725
79.448693 382.189
79.479955 392.023
79.511147 432.187
79.542459 443.236
79.573691 450.152
79.606169 455.165
79.637391 484.184
79.668571 514.926
79.699658 529.859
79.730842 552.88
79.763293 580.377
79.794455 618.857
79.825634 649.185
79.856758 689.603
79.887904 689.99
79.92033 700.762
79.951496 737.916
79.982625 746.458
80.01372 756.718
80.044898 773.025
80.077341 824.799
80.10853 853.791
80.13966 845.108
80.170778 777.541
80.456013 328.523
80.488395 340.738
80.519582 370.083
80.550731 384.239
80.581788 400.974
80.613048 432.961
80.645468 451.608
80.676582 482.399
80.708121 503.839
80.739274 528.702
80.770408 556.585
80.802958 573.612
80.834071 604.595
80.86529 629.591
80.8964 635.789
80.947992 700.821
80.970185 713.479
81.001268 739.707
81.032457 760.152
81.063599 779.782
81.094723 792.744
81.12718 794.382
81.159486 697.039
81.750028 651.161
81.781138 571.765
81.812232 559.036
81.843337 554.467
81.875694 560.562
81.906886 563.799
81.938153 577.227
81.969302 576.426
82.000453 618.678
82.134442 703.62
82.166794 714.399
82.198053 736.54
82.229269 754.863
82.260448 769.137
82.291592 784.088
82.323985 803.187
82.356526 821.85
82.388944 864.018
82.421116 876.633
82.463563 913.599
82.495796 969.668
82.528422 1011.2
82.560937 1032.109
82.592152 1041.66
82.633563 1094.948
82.664806 1107.657
82.695947 1163.817
82.738475 1152.305
82.759443 1151.351
82.790659 1130.317
82.821888 1130.671
82.853091 1110.936
82.885548 1123.693
82.916711 1135.318
82.947908 1157.098
82.978991 1173.019
83.010112 1197.681
83.042401 1227.149
83.073657 1253.221
83.104833 1260.077
83.13605 1300.892
83.167239 1321.774
83.199554 1333.386
83.23068 1367.362
83.261839 1400.155
83.292916 1417.959
83.323986 1440.573
83.356285 1464.713
83.387371 1465.13
83.418412 1489.802
83.59219 1584.538
83.623468 1699.01
83.655824 1743.836
83.686954 1758.618
83.718204 1789.737
83.749347 1807.438
83.780605 1841.337
83.812988 1856.773
83.844048 1873.857
83.8751 1898.733
83.906247 1934.322
83.937437 1949.855
83.96971 1972.531
84.00083 1977.384
84.031885 1987.292
84.062958 2068.438
84.094161 2092.214
84.126429 2102.764
84.157516 2148.462
84.188567 2168.257
84.219621 2180.718
84.250774 2193.651
84.283195 2247.822
84.314301 2262.234
84.34543 2285.725
84.376476 2299.688
84.407593 2308.141
84.439776 2325.425
84.470957 2272.567
84.502157 2283.169
84.533322 2298.117
84.56461 2312.708
84.596868 2322.49
84.62804 2252.527
84.659194 2173.533
84.690357 1979.393
84.721504 1963.574
84.753677 1979.557
84.784777 1932.826
84.815832 1945.36
84.846936 1951.787
84.87809 1953.66
84.91047 1750.054
85.012865 1061.859
85.0441 606.637
85.075232 441.855
85.106475 383.578
85.138786 393.067
85.15974 418.951
85.190803 429.826
85.232157 484.697
85.263312 478.344
85.295636 481.901
85.326754 491.221
85.368009 506.692
85.409337 524.48
85.440454 565.107
85.472789 605.198
85.503974 620.051
85.535156 642.149
85.566351 675.002
85.59749 711.124
85.62992 728.276
85.661002 725.22
85.732924 720.689
85.753828 683.193
85.784983 686.874
85.817342 697.064
85.848389 720.078
85.879483 730.065
85.910563 744.634
85.941664 755.664
85.973966 763.995
86.005054 708.51
86.138036 551.491
86.16913 456.284
86.20025 448.894
86.263283 447.419
86.294441 446.798
86.325601 450.079
86.356787 448.191
86.387992 430.89
86.450975 421.375
86.502555 412.442
86.533763 412.277
86.585383 411.966
86.616585 414.146
86.648988 426.22
86.690433 416.4
86.721638 413.979
86.752795 405.91
87.058658 400.084
87.091022 398.361
87.122346 402.634
87.153612 404.02
87.184813 398.357
87.490826 390.734
87.523325 381.908
87.554627 380.043
87.616395 382.668
87.678211 374.851
87.811335 364.82
87.843823 352.489
87.875066 349.963
87.906269 347.02
87.937437 345.536
88.161678 342.844
88.193993 339.364
88.225116 337.573
88.490205 341.37
88.541797 339.86
88.573046 341.037
88.605346 343.76
88.636534 350.506
88.708288 357.047
88.739454 354.041
88.770578 353.377
88.802837 356.431
88.844219 356.421
88.875431 353.094
91.177827 452.11
91.208971 454.031
91.241073 486.066
91.272163 496.105
91.303222 503.503
91.33424 466.719
91.365313 445.335
91.397606 369.471
91.428736 345.219
91.459788 345.927
91.490799 362.858
91.521978 369.866
91.544109 394.189
91.595691 423.633
91.626826 444.126
91.657975 453.602
91.689116 465.967
91.762212 514.066
91.793339 539.829
91.844864 583.135
91.876001 597.273
91.90715 609.232
91.939513 424.126
91.970564 363.075
92.001764 358.303
92.083794 354.77
92.114863 356.692
92.147394 360.966
92.17855 391.322
92.209641 384.781
92.240719 380.435
92.271845 374.48
92.304145 340.642
92.335206 348.115
92.366309 378.86
92.397391 409.159
92.428477 429.636
92.470977 433.015
92.502091 344.581
92.533323 327.448
92.564394 327.582
92.595633 338.819
92.628002 343.647
92.659091 359.328
92.690269 368.784
92.721401 366.487
92.752576 358.792
92.774805 353.323
92.805916 343.909
92.836987 345.664
92.867988 354.664
92.939956 331.272
92.972448 321.172
93.003605 329.761
93.034729 333.823
93.065926 336.926
93.097046 335.527
93.129446 337.517
93.160554 344.135
93.191649 351.945
93.222669 359.005
93.253784 391.179
93.286072 419.435
93.317178 456.969
93.348166 475.214
93.37921 503.725
93.41025 540.776
93.442468 563.365
93.473513 595.391
93.504551 619.917
93.53565 636.08
93.566704 673.637
93.598985 698.533
93.631248 726.803
93.663626 758.958
93.695819 765.953
93.727933 763.235
93.759823 753.007
93.791997 782.112
93.82402 797.736
93.856382 829.05
93.887489 877.767
93.918583 904.671
93.949645 931.721
93.980707 930.413
94.012873 854.715
94.044062 878.893
94.075122 899.179
94.096042 863.783
94.127164 869.574
94.15942 884.059
94.190507 900.513
94.221569 911.307
94.252691 920.767
94.283796 955.425
94.316034 980.831
94.347113 997.689
94.378108 1027.907
94.409129 1057.786
94.440142 1079.201
94.472455 1100.62
94.503572 1121.209
94.534679 1137.842
94.565736 1162.726
94.596957 1183.589
94.629309 1195.127
94.660473 1205.692
94.691654 1225.371
94.722703 1240.397
94.753995 1263.229
94.786362 1276.167
94.817463 1292.431
94.848537 1263.005
94.879597 1276.053
94.910651 1236.557
94.942876 1217.447
94.974002 1100.291
95.005066 1078.743
95.036144 1051.518
95.06725 1043.434
95.099552 1061.278
95.130652 1065.265
95.161674 1039.652
95.192768 1034.227
95.223887 1036.041
95.256176 1037.19
95.287244 1184.266
95.501402 1190.838
95.532562 1179.679
95.553441 1120.783
95.585693 1130.211
95.616887 1130.775
95.647965 1129.234
95.679004 1119.229
95.730481 1110.837
95.76279 1003.986
95.793932 798.251
95.825061 750.574
95.856071 729.493
95.887184 677.868
95.919454 685.181
95.950525 610.882
95.981679 545.441
96.012728 530.055
96.043809 503.415
96.076043 505.233
96.412437 513.285
96.443533 530.304
96.474587 547.234
96.505648 551.517
96.537972 564.15
96.569065 557.376
96.600053 548.057
96.631316 550.78
96.662441 540.826
96.93894 516.786
96.970034 476.692
97.001009 471.111
97.03221 461.37
97.063284 447.236
97.095561 443.362
97.126612 444.649
97.157633 451.853
97.18867 360.11
97.270728 350.243
97.302955 351.662
97.334091 357.507
97.3652 362.1
97.396466 410.525
97.427592 419.898
97.459876 381.797
97.593035 339.831
97.624289 318.345
97.655422 328.344
97.686558 328.205
97.719048 324.008
97.750271 324.149
97.781525 319.711
97.89414 320.076
97.925299 337.302
97.957728 352.167
97.989024 383.794
98.020234 385.343
98.051444 338.591
98.082652 333.563
98.115033 340.965
98.146238 339.991
98.289324 335.153
98.320548 333.534
98.351759 339.066
98.384075 357.74
98.415153 392.135
98.527707 408.677
98.558876 456.163
98.610436 470.499
98.643011 482.767
98.674315 526.694
98.705502 536.036
98.736706 548.325
98.768003 570.37
98.80039 563.843
98.832761 561.401
98.865137 565.316
98.897542 572.648
98.929982 517.425
98.962386 505.973
98.994808 453.669
99.036129 436.329
99.087711 419.505
99.139326 370.6
99.17052 352.934
99.20293 367.449
99.234139 372.929
99.265386 411.736
99.29663 412.734
99.327758 433.876
99.360114 426.375
99.391179 446.504
99.422305 452.834
99.453464 470.871
99.484609 453.782
99.517005 459.638
99.548262 473.364
99.579445 501.198
99.610704 504.825
99.642046 501.091
99.67439 499.155
99.70665 515.672
99.737877 543.536
99.769079 547.972
99.810509 574.587
99.841887 588.795
99.874227 550.069
99.905392 554.044
99.936502 572.553
99.967661 594.766
99.998761 602.879
100.03113 621.218
