1.3e-05 0.043725
0.032481 0.036549
0.307892 0.039219
0.339122 0.036716
0.38051 0.046062
0.432115 0.054824
0.464482 0.060331
0.495612 0.063586
0.526829 0.099217
0.619169 0.110399
0.650393 0.118243
0.682849 0.118076
0.714062 0.119245
0.745173 0.1356
0.776308 0.175905
0.807456 0.20436
0.839796 0.229394
0.932041 0.230145
0.963191 0.19443
1.014727 0.179409
1.045781 0.212204
1.078157 0.207948
1.119578 0.224137
1.150791 0.222051
1.182001 0.242996
1.264049 0.240242
1.29635 0.241911
1.327423 0.232231
1.36873 0.221633
1.41014 0.240993
1.451455 0.292229
1.483844 0.302827
1.515011 0.301408
1.54618 0.228142
1.669026 0.240993
1.700181 0.253927
1.732453 0.280797
1.763615 0.281965
1.794643 0.262773
1.825694 0.328612
1.856726 0.355648
1.888952 0.340795
1.920085 0.328528
1.991978 0.316345
2.023079 0.317931
2.054264 0.275373
2.117226 0.325775
2.148339 0.341713
2.179472 0.359404
2.210605 0.356483
2.241724 0.369
2.27412 0.411975
2.30523 0.412976
2.336316 0.411391
2.367388 0.391113
2.429056 0.350642
2.461338 0.330531
2.492422 0.411725
2.523566 0.485074
2.554681 0.551831
2.585759 0.589299
2.750203 0.585877
2.78129 0.081443
2.8938 0.155377
2.924989 0.365912
2.956155 0.463628
2.988411 0.653803
3.050141 0.63703
3.081225 0.550413
3.112298 0.544655
3.143593 0.611245
3.22685 0.531136
3.258054 0.498342
3.289209 0.536477
3.320378 0.579702
3.382196 0.581622
3.414444 0.619423
3.44557 0.567686
3.486923 0.548577
3.518055 0.624847
3.549156 0.465631
3.581484 0.446856
3.612576 0.46705
3.64371 0.411307
3.705418 0.439929
3.736586 0.499176
3.768868 0.519788
3.80004 0.544071
3.831195 0.632607
3.862314 0.738334
3.893425 0.773131
3.925724 0.59998
3.956805 0.638949
3.987919 0.795912
4.0191 0.790989
4.050331 0.730156
4.082661 0.656223
4.113783 0.667071
4.145004 0.667572
4.176167 0.719559
4.207354 0.78473
4.239676 0.719892
4.270738 0.692021
4.301863 0.693607
4.332985 0.802004
4.364119 0.788319
4.396457 0.733911
4.427546 0.64187
4.458747 0.669574
4.489963 0.693356
4.521178 0.646543
4.553541 0.673913
4.584745 0.790154
4.615942 0.783896
4.647125 0.795745
4.678276 0.708544
4.731074 0.908482
4.762242 1.213312
4.793398 1.499867
4.824488 1.804029
4.855718 1.908087
4.888068 1.781916
4.919205 1.716244
4.95044 1.412081
5.01212 1.707231
5.033196 2.25389
5.065485 2.472686
5.096633 2.496469
5.127817 2.665281
5.159011 2.862048
5.190276 2.939736
5.222713 2.955842
5.25386 3.281784
5.284975 3.528201
5.316036 3.597295
5.347217 3.786969
5.379587 3.769695
5.411715 3.777122
5.443905 3.754341
5.474985 3.84463
5.506212 3.954613
5.537411 4.016196
5.568549 4.090797
5.600982 4.068851
5.633296 0.838136
5.806741 0.862252
5.837867 0.903391
5.868916 0.973653
5.90008 1.007366
5.932357 1.019799
5.963434 1.020717
5.994572 1.040494
6.066451 1.018214
6.09762 0.978243
6.130032 1.442289
6.161236 2.716016
6.192395 2.833259
6.22358 2.983546
6.285365 3.16838
6.317778 3.614485
6.34898 3.80299
6.380116 4.08529
6.411289 4.285728
6.442445 4.155218
6.474747 3.552651
6.587366 3.477632
6.608383 3.715205
6.639623 2.111697
6.691141 2.167189
6.723597 2.157008
6.754806 2.049362
6.786062 1.872456
6.817265 1.928114
6.848462 1.896989
6.88093 1.928532
6.912094 2.010226
6.943299 2.033257
6.9745 2.076733
7.005678 2.154004
7.038155 2.211248
7.069396 2.260816
7.100597 2.663362
7.131755 2.932643
7.173168 2.988469
7.205523 3.096866
7.236768 3.096365
7.267966 3.110301
7.299167 3.215193
7.330413 3.191578
7.36284 3.213691
7.395344 2.987051
7.42778 3.068745
7.460142 2.972614
7.492503 2.94274
7.524946 3.011918
7.557445 3.079926
7.589595 2.819406
7.661431 2.853703
7.692496 1.145386
7.743993 1.144134
7.775064 1.01813
7.807339 1.174509
7.838413 1.201796
7.869441 1.196205
7.900493 1.213312
7.931588 1.269555
7.963935 1.330637
7.994999 1.444041
8.026041 1.842582
8.057214 2.28852
8.08842 2.967023
8.161531 2.967274
8.193674 3.072667
8.225735 3.335189
8.256901 2.967858
8.298289 2.849447
8.329444 3.278863
8.360514 3.738653
8.392713 3.904378
8.424966 3.836953
8.457044 3.783297
8.489165 3.719627
8.51106 3.990995
8.543629 3.884685
8.574863 3.901207
8.606093 2.85629
8.657669 2.843523
8.688907 2.904605
8.721258 2.717351
8.752347 2.773594
8.783447 2.82458
8.814649 2.88583
8.845742 2.814316
8.878062 2.37472
8.970333 2.22994
9.01159 2.247548
9.042674 2.042186
9.063579 1.82656
9.095876 1.769649
9.126952 1.755714
9.158067 1.722502
9.189085 1.723921
9.220172 1.719081
9.252344 1.7084
9.283446 1.638889
9.31446 1.673686
9.34549 1.723086
9.376588 1.731014
9.408745 1.701056
9.439734 1.692628
9.470829 1.637053
9.501849 1.619613
9.532935 1.592826
9.56523 1.57572
9.596293 1.538169
9.62754 1.52924
9.658733 1.490855
9.689974 1.562368
9.722209 1.608932
9.753234 1.781332
9.784282 1.800775
9.815306 1.839578
9.846426 2.009725
9.878648 2.070391
9.910719 2.081906
9.941793 2.159512
9.97309 2.164769
10.004173 2.019488
10.086175 1.847672
10.118472 1.737439
10.149623 1.729178
10.1808 1.745617
10.211877 1.749205
10.293879 1.446127
10.326201 1.149141
10.357286 1.172173
10.388357 0.985169
10.419372 0.89513
10.45041 0.925755
10.482662 0.704205
10.513775 0.582373
10.636599 0.715053
10.667812 0.693356
10.698867 0.697278
10.731121 0.696611
10.763549 0.679254
10.795589 0.711214
10.827524 0.85591
10.858609 0.857162
10.88968 0.890791
10.92076 0.896549
10.951819 1.127445
10.984027 1.053762
11.015121 1.037573
11.046447 1.027059
11.077591 1.051008
11.108711 1.112091
11.140861 1.038408
11.182266 0.995266
11.213294 0.928676
11.244376 0.879693
11.275467 0.892794
11.307764 0.89271
11.338828 0.792908
11.369846 0.577199
11.411274 0.800085
11.442486 0.934433
11.47466 0.003838
11.810838 0.006341
11.892976 0.007843
11.974975 0.010013
12.00626 0.01018
12.130251 0.013518
12.171604 0.023281
12.233294 0.027203
12.264401 0.030875
12.295611 0.032711
12.358411 0.036966
12.389447 0.099384
12.481765 0.143861
12.512842 0.146532
12.615312 0.176823
12.668101 0.346887
12.699175 0.485074
12.730235 0.715303
12.761262 0.86826
12.792466 1.235175
12.824667 1.244938
12.987858 1.235508
13.018894 1.46799
13.03974 1.628208
13.101402 1.627039
13.133759 1.76723
13.164748 2.137315
13.195893 3.120648
13.226907 3.725385
13.25805 4.168653
13.290246 4.173743
13.322192 3.972554
13.353094 4.078614
13.384143 4.052495
13.415227 0.828456
13.59887 0.75953
13.631183 0.790822
13.662234 0.851154
13.693322 0.95613
13.724338 0.981914
13.745271 0.970566
13.777558 1.13312
13.809596 1.422512
13.841455 2.18755
13.873458 2.741968
13.90545 2.880656
13.936544 2.941155
13.967596 2.764582
13.998625 2.783775
14.029643 2.637493
14.0618 2.74806
14.093683 3.5766
14.136204 3.821182
14.167355 3.910803
14.198498 4.012024
14.229563 4.120337
14.260636 3.86132
14.292944 3.934752
14.324952 3.858983
14.356068 3.861904
14.376978 3.880846
14.408082 3.901791
14.439162 3.755426
14.471518 3.588616
14.51275 3.437912
14.564247 3.402113
14.595307 3.402614
14.626479 3.498661
14.658746 3.423726
14.689732 3.320252
14.720747 0.034379
15.026549 0.067842
15.057724 0.158131
15.090028 0.260519
15.121098 0.28764
15.1522 0.286555
15.183388 0.274455
15.214499 0.356566
15.246752 0.444686
15.277786 0.504517
15.308855 0.60482
15.339939 1.228499
15.370926 1.335561
15.403126 1.354169
15.434288 1.40599
15.465238 1.157402
15.54723 1.186358
15.578459 1.527905
15.610782 1.99387
15.641974 2.359199
15.673059 2.709424
15.704133 2.597606
15.735233 2.476191
15.767506 2.803719
15.79934 3.027772
15.831277 3.221368
15.863372 3.225791
15.8842 3.04079
15.925482 2.998399
15.956682 2.776682
15.987716 3.047716
16.019926 3.716123
16.051981 3.680658
16.083022 3.49332
16.114156 3.392183
16.145277 3.037869
16.196836 3.033447
16.229436 3.251326
16.260594 3.270101
16.291654 2.704501
16.37366 2.984297
16.40476 3.208684
16.437118 2.306461
16.468165 2.250552
16.499273 2.264654
16.550755 2.296364
16.581864 2.252471
16.61433 2.034926
16.645518 1.814794
16.686742 1.748621
16.717862 1.657414
16.749111 1.463568
16.781422 1.440119
16.813406 1.731348
16.845413 1.887476
16.87749 2.013897
16.909759 2.27108
16.941972 2.545285
16.973117 2.714681
17.004227 2.556049
17.035277 2.511489
17.066403 2.828502
17.098844 2.592849
17.151559 2.471184
17.183605 2.383565
17.216097 2.432799
17.248311 2.346765
17.280654 2.366542
17.311785 1.957821
17.404126 1.958239
17.435177 2.260649
17.466289 2.956509
17.498568 2.88099
17.530993 2.759158
17.563513 2.305042
17.616259 2.246546
17.648476 2.459418
17.680683 2.648675
17.712803 2.071559
17.815265 2.11178
17.846484 2.114367
17.877694 2.039682
17.908983 2.031087
17.941462 2.200233
17.973956 1.960492
18.02683 1.986443
18.059317 2.52968
18.09152 2.773094
18.123934 2.325904
18.156303 2.333831
18.187522 2.348351
18.218804 2.751481
18.25001 2.886164
18.281185 2.820909
18.30336 2.438724
18.366298 2.569818
18.397498 2.293527
18.479433 2.250969
18.510573 2.288436
18.541637 2.975952
18.574002 3.172385
18.605123 3.066158
18.636326 3.088438
18.667565 3.108298
18.698842 2.698075
18.73131 2.510404
18.763683 2.51249
18.795943 2.513992
18.826984 2.542614
18.858029 2.40426
18.88905 2.30596
18.930335 1.983523
18.962644 1.937794
19.044628 2.01615
19.075708 2.147245
19.106848 2.493798
19.137982 2.343261
19.170306 2.605199
19.202724 3.027856
19.233865 3.051471
19.264984 3.145933
19.296174 3.340864
19.327276 3.446424
19.359516 3.585278
19.390551 3.258752
19.421608 3.258001
19.452679 3.643023
19.483716 3.689837
19.515946 3.540217
19.54692 3.181648
19.578105 3.243732
19.609231 3.391849
19.640419 3.379666
19.673145 3.087103
19.705185 2.966606
19.737256 2.830171
19.769332 2.962017
19.80121 2.934396
19.833268 2.858626
19.865291 2.718436
19.897448 2.6546
19.929626 2.852201
19.96184 2.877736
19.992963 2.936565
20.024132 3.052639
20.055443 2.997231
20.086588 2.81924
20.118965 2.693903
20.151018 2.747642
20.183285 2.987134
20.214522 3.052973
20.245706 2.513325
20.337948 2.486288
20.358913 2.552795
20.391277 2.901184
20.423544 2.678465
20.454634 2.903103
20.485677 3.263342
20.516767 1.233506
20.710653 0.953626
20.743033 0.952959
20.77414 1.056098
20.80521 0.924754
20.836298 0.895297
20.867422 1.026225
20.899704 1.114761
20.930819 1.122188
20.972134 1.227414
20.993003 1.360511
21.024111 1.396143
21.056408 1.432776
21.088614 1.477921
21.120699 1.549518
21.151758 1.624286
21.182795 2.264404
21.213968 2.638995
21.245102 2.767753
21.277429 2.889668
21.308498 2.676713
21.339503 2.62314
21.370506 2.643084
21.40154 2.574825
21.433729 2.573072
21.465761 2.47519
21.49785 2.529597
21.519661 2.597689
21.551566 2.218925
21.614536 2.198731
21.645704 2.250468
21.676912 2.641332
21.707993 3.144431
21.739185 3.267598
21.771421 3.31875
21.803367 3.400444
21.835478 3.512263
21.866503 1.514554
22.009526 1.504456
22.040709 1.309859
22.071854 1.214647
22.104194 1.166582
22.135299 1.183605
22.166393 1.195204
22.197449 1.203465
22.228653 1.215314
22.260961 1.208388
22.292014 1.245939
22.323011 0.84623
22.374433 0.889706
22.40551 1.123523
22.437745 1.258039
22.468759 1.313447
22.499736 1.305353
22.530993 1.432943
22.562228 1.460814
22.594584 1.472079
22.625902 1.644897
22.657069 1.704478
22.688188 1.772987
22.719177 1.82389
22.751372 1.880884
22.782455 1.899576
22.813469 1.727926
22.875139 1.800692
22.906312 1.931619
22.938641 2.02558
22.969764 0.009262
23.295816 0.015521
23.326941 0.048649
23.470052 0.051653
23.583707 0.03997
23.716617 0.01477
23.910751 0.04189
23.9418 0.125169
23.972898 0.158715
24.056118 0.161969
24.087201 0.144112
24.209956 0.124418
24.302182 0.109064
24.394287 0.144028
24.426498 0.136268
24.477905 0.140023
24.508963 0.031793
24.591073 0.145864
24.622174 0.306916
24.695196 0.881111
24.727211 1.036238
24.768486 1.25612
24.799503 1.288163
24.830543 1.29292
24.861603 1.910924
24.944809 1.870036
24.975889 1.719665
25.006951 1.447296
25.058587 0.612246
25.079517 0.72323
25.111814 0.753772
25.142842 0.878357
25.17394 0.915324
25.204948 1.14088
25.236111 1.448881
25.268331 2.09968
25.299466 2.676045
25.330767 2.847278
25.361846 2.632486
25.413333 2.616631
25.445574 2.822911
25.476594 3.465366
25.507699 3.902959
25.538735 4.09981
25.569747 4.214882
25.601958 4.279887
25.633112 4.121339
25.66414 4.156386
25.695194 4.208791
25.726343 4.178833
25.758681 4.098057
25.790877 3.803741
25.822909 3.849387
25.854015 3.925156
25.885038 3.825688
25.916063 1.390635
26.028591 1.470744
26.06092 1.612269
26.092933 1.69872
26.125159 1.724004
26.157248 1.770734
26.189337 1.76481
26.220383 1.497864
26.251554 1.57572
26.282629 2.562725
26.313683 3.030693
26.345979 3.000652
26.377256 3.213858
26.40847 3.388011
26.439631 3.783047
26.470737 3.851222
26.503128 3.594541
26.534199 3.823184
26.565212 4.064178
26.59627 3.821182
26.627451 3.701019
26.65974 3.728055
26.690881 3.798234
26.722091 3.832697
26.753154 3.631424
26.784179 3.356218
26.816371 3.268766
26.847393 3.250908
26.878452 3.035616
26.909543 3.010332
26.940603 3.025519
26.972853 1.059186
27.095575 1.094567
27.126728 1.148223
27.157888 1.12586
27.189079 1.16024
27.221572 1.194202
27.253954 1.131784
27.286292 1.194953
27.327659 1.216983
27.358747 1.306271
27.389893 1.889979
27.421093 2.820658
27.453466 3.025937
27.485631 2.897012
27.517851 2.866303
27.550096 2.904105
27.582304 2.954089
27.613447 2.854037
27.644559 2.853202
27.675624 2.694153
27.706675 2.541029
27.738932 2.47519
27.770964 2.433216
27.802966 2.448403
27.835217 2.662193
27.867229 2.719354
27.898379 2.400588
27.929441 2.373218
27.960551 2.52242
27.991629 2.793872
28.024087 2.868223
28.056142 2.855288
28.087132 2.970778
28.11819 3.088104
28.149186 3.236973
28.180269 3.226625
28.212757 3.161787
28.244842 3.179478
28.277268 3.082096
28.309393 3.044962
28.340519 2.904272
28.371587 2.62264
28.402673 2.702748
28.433835 2.767503
28.466134 2.758741
28.497261 2.398502
28.53862 2.272582
28.569776 2.454245
28.600904 2.855873
28.633214 2.875983
28.664336 2.931475
28.69551 3.12916
28.726612 3.376495
28.75771 3.491067
28.790034 3.769278
28.822127 3.873002
28.854023 3.82694
28.885086 3.623914
28.916095 3.365898
28.947168 3.140008
28.97825 3.13158
29.010398 3.119981
29.042344 3.072416
29.07337 3.018927
29.104572 2.947664
29.135675 2.909195
29.166928 2.786195
29.199291 2.851617
29.231414 2.397
29.262715 2.484869
29.293824 2.684807
29.324985 2.675545
29.35609 2.53452
29.388324 2.385818
29.419335 2.276086
29.450331 2.143907
29.481365 2.0159
29.502317 1.985442
29.534729 1.849341
29.565754 1.719582
29.59678 1.712405
29.627883 1.73335
29.659005 1.731765
29.691261 1.706898
29.722323 1.725924
29.753329 1.968669
29.784385 2.19748
29.815441 2.065885
29.847607 2.209746
29.879623 2.354192
29.910618 2.474188
29.941709 2.544283
29.972823 2.62531
30.00394 1.312029
30.107477 1.295089
30.138473 1.119601
30.159348 1.052761
30.190396 1.016044
30.221421 0.854158
30.253669 0.790739
30.28486 0.705623
30.315952 0.682759
30.346987 0.709295
30.37818 0.727987
30.410588 0.735163
30.53315 1.045501
30.564226 1.612603
30.595252 1.649403
30.626389 1.984274
30.658757 2.224683
30.689898 2.465927
30.720946 2.66478
30.751978 2.669203
30.783097 2.686476
30.815322 2.742886
30.847348 2.894425
30.879313 2.888751
30.910348 3.001654
30.941363 3.596043
30.972442 3.968214
31.003548 3.824436
31.035789 3.87175
31.06686 3.75818
31.097865 3.697931
31.128889 3.926157
31.159934 3.948938
31.192138 2.272915
31.304635 2.327656
31.335771 2.410185
31.366841 2.378892
31.39796 2.358365
31.430168 2.427709
31.462213 2.553045
31.49419 2.656435
31.526591 2.776181
31.55871 2.93982
31.590921 3.003323
31.623126 2.956593
31.65412 3.037536
31.685271 2.957928
31.716276 2.838516
31.747322 3.113973
31.779715 3.510844
31.810861 3.930664
31.841942 4.033136
31.873036 3.900372
31.904057 3.909301
31.936341 3.785467
31.967437 3.79498
31.998537 3.237807
32.029622 2.754068
32.060831 2.605617
32.093362 2.62556
32.125342 2.6919
32.157296 2.714848
32.189243 2.708506
32.220262 2.643418
32.251327 2.492129
32.282544 2.407681
32.313637 2.399504
32.345857 2.412188
32.377997 2.307379
32.409975 2.395164
32.441994 2.568817
32.473044 3.314077
32.504047 3.252911
32.535136 2.171277
32.586606 2.194142
32.608699 2.239871
32.64102 2.255475
32.672066 2.247214
32.703098 2.315306
32.73416 2.388072
32.765195 2.385318
32.797511 2.561223
32.829965 2.654349
32.862335 2.626311
32.893386 2.678549
32.924426 2.708923
32.955543 2.709341
32.986621 2.718186
33.018921 2.531766
33.04997 2.659356
33.08105 2.65944
33.112172 2.827
33.143273 2.970027
33.175613 3.049468
33.206824 3.266096
33.237869 3.308653
33.26892 3.273439
33.300173 3.363895
33.33245 3.139591
33.364303 2.459836
33.425962 2.441561
33.45695 2.29144
33.488056 2.334499
33.519071 2.466845
33.571666 2.292609
33.602648 2.255725
33.63384 2.265238
33.664923 2.66962
33.695968 2.897179
33.789406 2.683138
33.820447 2.611124
33.851462 2.637243
33.882413 2.488958
33.913444 2.083241
33.945654 1.980769
33.976907 2.003133
34.008076 1.959908
34.039261 1.8808
34.070379 2.028501
34.10284 2.011811
34.133932 1.743447
34.215963 2.194392
34.247135 2.683806
34.278414 2.753818
34.310691 2.945077
34.343091 2.976036
34.374191 2.628898
34.405249 2.590596
34.436334 2.561891
34.467552 2.646672
34.499768 2.658355
34.530845 2.67713
34.562031 2.643752
34.582952 2.635908
34.614037 2.607536
34.646317 2.570986
34.678241 2.368128
34.709967 2.329492
34.741894 1.987779
34.773846 2.032172
34.805828 2.173697
34.838006 2.121293
34.869849 2.125298
34.901994 2.011311
34.93407 2.373969
34.965074 2.540695
34.996152 2.425789
35.027251 2.362036
35.058353 2.299618
35.090558 2.399337
35.122553 2.449989
35.154608 2.466845
35.187007 2.680301
35.218913 2.744138
35.250031 2.91078
35.281056 3.423476
35.312181 3.477299
35.343352 3.558242
35.375582 3.576183
35.407511 3.652787
35.438627 1.591324
35.500315 1.594245
35.653535 1.604425
35.684577 1.585149
35.716826 1.46532
35.748784 1.45322
35.779891 1.553606
35.810942 1.629209
35.841987 2.08733
35.873009 2.997982
35.905116 3.019261
35.937088 3.064405
35.968112 3.243982
35.999169 3.40228
36.030207 3.752422
36.061378 3.827106
36.093638 3.938591
36.124747 3.951025
36.155783 3.95019
36.186832 3.823435
36.207751 3.803241
36.239961 3.678989
36.271056 3.513848
36.302474 3.573429
36.333589 3.571677
36.364695 3.760433
36.396988 3.842127
36.428047 3.722131
36.459181 3.769528
36.490368 3.715538
36.521414 3.577601
36.553602 3.636097
36.584623 3.711116
36.615814 3.691673
36.646869 0.01018
37.593238 0.014686
37.676469 0.012099
37.778906 0.013101
37.861021 0.013101
37.973594 0.025784
38.025207 0.023198
38.159259 0.042724
38.271847 0.0373
38.404793 0.036633
38.446064 0.051152
38.507778 0.267696
38.540022 0.436425
38.57106 0.53848
38.602149 0.774049
38.633379 1.018214
38.664485 1.179933
38.696696 1.497113
38.72773 1.711404
38.758756 1.89532
38.789759 2.0895
38.820892 2.055537
38.85316 2.963685
38.885022 3.210604
38.91607 3.136253
41.932044 0.533974
41.973278 0.477397
42.055321 0.497007
42.087615 0.484907
42.210464 0.437843
42.241731 0.513863
42.272978 0.435173
42.294141 0.589632
42.326696 0.809097
42.358121 1.03991
42.38937 1.399064
42.42064 1.812875
42.451982 1.992785
42.484524 2.18563
42.515768 0.047314
44.011117 0.126254
44.042335 0.311255
44.073595 0.529551
44.10598 0.739836
44.138366 0.9835
44.169397 1.131701
44.200422 1.233589
44.231508 1.376867
44.26268 1.505875
44.294924 1.577556
44.325985 1.652073
44.35713 1.738607
44.388186 1.769733
44.419257 1.669263
44.451571 1.726174
44.482624 2.762997
44.523948 2.722108
44.555059 2.690398
44.58615 2.604532
44.618399 2.696239
44.649526 2.786111
44.68063 2.751648
44.711687 2.747392
44.742743 2.772259
44.775084 2.810478
44.806173 2.874815
44.837302 2.904438
44.868358 2.950334
44.899418 2.899014
44.932994 2.987718
44.964182 3.072583
44.995292 3.11706
45.026507 3.108298
45.057941 2.973198
45.080184 2.882242
45.111277 2.847361
45.142441 2.879655
45.173578 2.892673
45.204717 2.96961
45.23703 2.980291
45.268176 3.022515
45.299237 2.938818
45.340378 2.78778
45.371367 0.054323
45.74897 0.283968
45.78004 0.446188
45.811057 0.653302
45.842135 0.798332
45.87316 0.878691
45.905416 1.073873
45.936455 1.378202
45.967526 1.366937
45.998562 1.426267
46.02976 1.504039
46.062003 1.669597
46.093023 1.748538
46.124075 1.905
46.15513 2.754652
46.186282 2.806472
46.218564 2.539944
46.249597 2.750396
46.280582 3.019094
46.311556 3.314828
46.342657 3.451514
46.374966 3.588199
46.406005 3.833782
46.43703 3.851222
46.468067 3.849637
46.499226 3.635764
46.531583 3.612732
46.563611 3.278529
46.59548 3.449678
46.627356 3.740072
46.659439 3.670644
46.691388 3.742825
46.722409 3.874671
46.753391 3.710114
46.784415 3.734731
46.81545 3.638017
46.847683 3.703439
46.878716 3.557157
46.909718 3.54222
46.940704 3.634595
46.97171 3.666973
47.003868 3.432738
47.034887 3.536713
47.06594 3.72864
47.096894 3.816676
47.127967 3.918063
47.160083 1.674604
47.262462 1.633632
47.293572 1.633882
47.324604 1.675271
47.355649 0.386857
47.500048 0.530636
47.623862 0.397372
47.654944 0.392866
47.68599 0.449442
47.717162 0.285303
48.205787 0.330448
48.238036 0.612664
50.322788 0.639367
50.353791 0.627267
50.384916 0.604653
50.415928 0.596892
50.448057 0.59539
50.479069 0.564265
50.5391 0.625014
50.570194 0.648796
50.601291 0.564181
50.633593 0.553917
50.664694 0.581455
50.69569 0.5903
50.72681 0.600564
50.757931 0.489079
50.830987 0.409054
50.933341 0.513947
50.964377 0.541901
50.995404 0.643122
51.026446 0.871348
51.058639 0.950539
51.089671 0.961554
51.120646 0.963389
51.151644 0.960969
51.182784 0.708127
51.28645 0.651049
51.327728 0.592136
51.358811 0.480067
51.389985 0.240492
51.492436 0.208032
51.524654 0.279629
51.555732 0.013434
51.973266 0.007843
52.085799 0.009679
52.12714 0.012016
52.251034 0.018858
52.302465 0.023281
52.333619 0.025701
52.405476 0.035297
52.558794 0.097131
52.591123 0.159466
52.663016 0.171566
52.704245 0.154376
52.826919 0.034046
52.939414 0.033295
52.99195 0.058329
53.022955 0.361657
53.054005 0.637698
53.08501 0.766706
53.116174 1.065695
53.148333 1.439118
53.179345 1.732683
53.210329 1.864111
53.241395 1.997458
53.27249 2.272582
53.304691 2.345263
53.32561 2.324151
53.356626 2.157592
53.408112 2.201151
53.439128 2.243375
53.471335 2.236282
53.50254 2.238452
53.533577 2.187049
53.564605 2.283179
53.595624 2.474606
53.627878 2.507734
53.65899 2.60111
53.690033 3.683412
53.721071 3.792476
53.752114 3.885519
53.784359 3.865408
53.815345 3.890109
53.846357 3.55432
53.887602 3.588116
53.918726 3.722548
53.950997 3.856897
53.98219 3.910386
54.013265 0.129258
54.369502 0.211036
54.400667 0.284802
54.432915 0.355565
54.464004 0.40605
54.484863 0.468635
54.515906 0.678503
54.547233 0.920248
54.579499 1.08397
54.610585 1.190614
54.641654 1.336061
54.672759 1.507127
54.70382 2.161848
54.736028 2.310883
54.767067 2.220678
54.798122 2.27425
54.829152 2.709424
54.860289 2.794039
54.892529 2.819991
54.923609 2.764248
54.954703 3.023767
54.98589 3.247237
55.017098 3.241312
55.049526 3.253078
55.08066 3.161036
55.111644 3.331935
55.142674 3.382754
55.173698 3.349959
55.205861 3.445756
55.236899 2.617549
55.278234 2.674126
55.309245 2.760577
55.340306 2.845275
55.372612 2.832925
55.404962 2.92797
55.436859 3.174805
55.468786 3.322672
55.50105 3.358054
55.533125 3.472042
55.565002 3.369987
55.596072 3.40954
55.627124 3.196001
55.658197 3.230965
55.689235 3.326678
55.721519 3.50492
55.753555 3.612983
55.785391 3.488481
55.817413 3.554487
55.849334 3.381335
55.891436 3.344452
55.922446 3.138506
55.953467 3.16087
55.984539 3.510844
56.015525 3.657126
56.047916 3.606891
56.079795 1.094734
56.334496 0.94453
56.365545 0.619089
56.396645 0.679671
56.427754 1.318788
56.460009 1.478838
56.491125 1.596665
56.522216 1.665675
56.55323 1.735186
56.584248 1.774406
56.616453 1.791095
56.647515 1.814711
56.678593 1.786255
56.709604 2.024412
56.740718 2.893006
56.772977 3.007245
56.804024 2.960598
56.835033 2.85604
56.86611 2.89359
56.897125 2.866804
56.929258 2.757656
56.960248 2.63282
56.991242 2.57883
57.022277 2.518999
57.053317 2.470099
57.085527 2.506315
57.117503 2.629566
57.149333 2.656102
57.181158 2.628147
57.212908 2.76066
57.244781 2.992224
57.275841 3.014671
57.306855 3.067994
57.337887 3.071832
57.368925 3.147852
57.401144 2.57616
57.513529 2.589094
57.544618 2.528345
57.5756 2.342426
57.606685 2.139151
57.638986 2.137231
57.66077 1.92461
57.692848 1.782083
57.724954 1.74278
57.75705 1.737773
57.788073 1.734185
57.81917 1.691544
57.85032 1.914179
57.881385 1.96408
57.913689 2.009892
57.945762 2.393162
57.976795 2.403926
58.007823 2.418446
58.03884 2.287352
58.090272 2.145242
58.122459 2.208662
58.154459 2.541029
58.186416 2.36504
58.217488 2.248632
58.248544 2.085494
58.422303 1.745116
58.453355 1.741194
58.48566 1.675689
58.516685 1.612603
58.547621 1.629877
58.578666 1.652073
58.609764 1.607179
58.642235 1.567292
58.67335 1.517891
58.704387 1.515471
58.735447 1.465404
58.766552 1.456391
58.79872 1.486182
58.829745 1.507878
58.860712 1.546847
58.891742 1.553273
58.922808 1.489186
58.955007 1.509296
58.986985 1.693129
59.01801 1.841914
59.04904 1.940464
59.080081 2.05537
59.111181 1.775908
59.143359 1.691293
59.174481 1.596331
59.195379 1.106917
59.287483 1.175677
59.318537 0.925672
59.350758 0.819611
59.382674 0.768208
59.413705 0.751018
59.4447 0.705039
59.47571 0.829875
59.506827 0.861752
59.538998 0.967395
59.58015 1.097321
59.611284 1.44813
59.6425 2.305209
59.673636 2.48779
59.705904 2.475106
59.736915 2.836596
59.767901 3.261673
59.798914 2.73571
59.870719 2.664363
59.902989 3.062903
59.935031 3.206098
59.966167 3.351795
59.997162 3.393685
60.028239 3.21753
60.059439 3.12457
60.091765 3.068661
60.123763 3.237056
60.154784 3.318166
60.185773 3.078925
60.216848 3.425645
60.24799 3.58144
60.280353 3.567838
60.311402 3.666138
60.342433 3.648781
60.373556 3.520441
60.404675 3.599298
60.437138 3.775453
60.469194 3.928577
60.501259 3.366482
60.552724 3.115391
60.583778 2.97929
60.61491 2.934813
60.64608 2.895343
60.678282 2.818655
60.709315 2.814233
60.740432 2.719938
60.771535 2.754986
60.802628 2.633404
60.834922 2.561891
60.865991 2.618801
60.896974 2.673876
60.927989 2.526009
60.959041 2.140319
61.09308 2.19022
61.124084 2.468347
61.145014 2.768588
61.176024 2.771842
61.207328 2.701497
61.239612 3.019678
61.271605 2.971363
61.302615 3.04588
61.333652 3.028357
61.36469 3.059649
61.395729 2.757322
61.428075 2.455663
61.459921 0.750184
61.553391 0.771796
61.584484 0.731325
61.61556 0.827622
61.646583 0.973653
61.67753 1.009368
61.709868 1.034069
61.740905 1.03991
61.771995 1.056683
61.803046 1.073038
61.83413 1.159739
61.866381 1.25879
61.897532 1.350414
61.928608 1.531493
61.959692 1.602089
61.990777 1.654994
62.023043 1.701724
62.054146 1.794517
62.085182 2.191805
62.116282 2.401423
62.14738 2.03526
62.220267 1.996958
62.251329 1.917767
62.282363 0.743341
62.48641 0.782561
62.51753 0.411641
62.549798 0.418484
62.580885 0.562179
62.611957 0.580954
62.68388 0.998604
62.796468 1.264214
62.828667 1.548516
62.859763 1.814961
62.890851 2.094674
62.921895 2.314972
62.95294 2.402424
62.985139 2.430629
63.016134 2.673041
63.047154 4.26203
63.200261 4.213297
63.231259 4.19377
63.263671 4.135441
63.294711 4.16181
63.325742 4.177165
63.356721 4.246509
63.387704 4.305589
63.419889 4.365837
63.451013 4.361498
63.482042 4.381108
63.513056 4.322779
63.544114 4.053831
63.586771 3.977227
63.617981 0.007927
64.309962 0.00993
64.391908 0.010931
64.463831 0.016689
64.567505 0.019192
64.669914 0.01794
64.751919 0.043559
64.874644 0.109398
64.905769 0.170731
65.060307 0.173568
65.091379 0.153541
65.234385 0.129675
65.346832 0.051152
65.40845 0.115406
65.440721 0.227725
65.471872 0.329947
65.502907 0.403881
65.534044 0.445687
65.565102 0.565099
65.597466 0.866591
65.628598 1.140296
65.659735 1.303768
65.690768 1.410663
65.721794 1.44813
65.754143 1.6963
65.785196 2.101516
65.816205 2.353858
65.847262 2.445232
65.878329 2.516412
65.941083 3.141927
65.972087 3.865742
66.003206 4.087293
66.034287 3.864324
66.065548 3.508424
66.097927 3.462362
66.129013 3.247153
66.160017 3.187656
66.191085 3.286457
66.222187 3.629171
66.254452 3.833615
66.285544 3.819513
66.316621 3.868412
66.347661 3.865325
66.37876 4.082453
66.411023 4.197692
66.443169 4.195272
66.475511 4.282975
66.507861 4.257607
66.53895 4.316604
66.569994 4.443526
66.601121 4.507112
66.632332 4.528391
66.664648 4.320108
66.695701 4.299914
66.726761 0.040054
67.123847 0.064671
67.154885 0.113821
67.187129 0.343298
67.219009 0.514614
67.240819 0.533306
67.272674 0.726735
67.303725 0.883448
67.334767 0.805425
67.365764 1.247942
67.396883 1.43603
67.429077 1.544344
67.460295 1.535582
67.491279 1.499199
67.522482 1.91251
67.553627 2.084577
67.585865 2.186548
67.616969 2.272832
67.648108 2.322399
67.679191 2.59068
67.710289 2.841937
67.742529 3.108382
67.774517 3.047633
67.805542 3.137087
67.836558 3.223705
67.867601 3.234219
67.898656 3.537046
67.930793 3.538966
67.961908 3.428983
67.99297 3.546142
68.024002 3.597295
68.055103 3.633177
68.087468 3.730559
68.118511 3.69184
68.149525 3.789806
68.180517 3.70661
68.211544 3.592622
68.243745 0.045061
68.641869 0.195932
68.672882 0.358653
68.70404 0.453364
68.735103 0.59297
68.766208 1.41642
68.798478 1.882469
68.829515 2.254474
68.850413 2.820074
68.881451 2.920877
68.912498 2.806055
68.944689 2.904438
68.97578 2.930808
69.006863 3.017425
69.037898 3.195917
69.068904 4.116415
69.101093 4.084038
69.132158 4.092383
69.163211 4.070854
69.194283 3.905212
69.225373 3.887355
69.257629 3.746914
69.288633 3.758931
69.319622 3.621244
69.350626 3.421807
69.38168 3.357136
69.413784 3.150773
69.444833 3.131747
69.47595 3.053641
69.507028 2.892172
69.538106 2.816903
69.570311 2.885329
69.60237 2.874732
69.633519 2.827751
69.664544 2.748394
69.695534 2.787697
69.726532 2.778768
69.758671 1.119267
69.932091 1.189863
69.963108 1.263713
69.994179 1.29292
70.167763 1.25662
70.199932 1.366436
70.231935 1.520979
70.263825 2.377557
70.294831 3.094613
70.325784 3.124737
70.356724 3.120148
70.387714 3.089773
70.419755 3.036284
70.450786 3.286457
70.481911 3.312659
70.512969 3.122067
70.544002 3.274691
70.576167 3.330934
70.608145 3.336691
70.639153 3.333437
70.67024 3.500247
70.701323 3.580939
70.732322 3.342616
70.764454 3.285956
70.795463 3.527367
70.826479 3.41413
70.857451 3.223454
70.888486 3.026354
70.920617 2.912032
70.952553 2.910196
70.984442 2.727866
71.016406 2.469432
71.048265 2.383232
71.080124 2.257061
71.111202 2.166855
71.142236 2.259397
71.183384 2.235782
71.214395 2.346515
71.24651 2.11879
71.277551 2.090835
71.308534 2.238786
71.339495 2.336251
71.370559 2.426958
71.402639 2.671456
71.434664 2.732872
71.466689 2.608871
71.498936 2.731537
71.531048 2.833425
71.562928 2.842605
71.594772 2.920293
71.626678 3.017258
71.658579 3.161704
71.690423 3.120148
71.722418 3.102457
71.754222 3.117728
71.785989 3.196001
71.817864 3.225624
71.849671 3.314828
71.881507 3.504419
71.913553 3.567671
71.945746 3.425061
71.977691 3.528451
72.009671 2.819406
72.102937 2.724194
72.134101 2.80472
72.165141 2.889335
72.196191 3.146517
72.227354 3.443336
72.259603 3.50759
72.290672 3.540301
72.321666 3.526198
72.352717 3.536629
72.383853 3.56425
72.416041 3.589785
72.44801 3.622078
72.480024 3.64077
72.512119 3.477382
72.54421 3.608894
72.575266 3.428649
72.606279 3.407537
72.637346 3.381669
72.668365 3.3311
72.690375 3.087854
72.721414 1.878213
72.793149 1.911425
72.824129 1.994705
72.855097 2.080905
72.887172 2.210497
72.919056 2.292943
72.951017 2.361285
72.982993 2.397501
73.014149 2.592599
73.045216 2.712261
73.07612 2.843022
73.107223 2.933645
73.139512 2.999818
73.171411 3.134
73.202619 3.170216
73.233776 3.245401
73.264892 3.263592
73.29595 3.327596
73.328168 3.362143
73.360108 3.380668
73.392012 3.009665
73.423907 2.940237
73.455763 2.847194
73.487967 2.786278
73.520192 2.629816
73.551306 2.566897
73.58242 2.535688
73.613458 2.527427
73.644553 3.08243
73.676795 2.087163
73.819931 2.117538
73.850972 2.131474
73.882059 2.18321
73.913168 2.191805
73.945356 2.141988
73.976391 2.172279
74.00739 2.253723
74.038396 2.097344
74.069544 2.752733
74.101692 2.941238
74.132731 3.270268
74.163716 4.070603
74.194784 4.257857
74.226012 4.167234
74.258258 4.070186
74.289347 4.057919
74.320445 3.070163
74.371856 3.112888
74.403004 3.154361
74.435307 2.921795
74.467267 2.628064
74.499402 2.264988
74.562239 2.189636
74.594143 2.077317
74.626198 1.984107
74.658201 1.883137
74.690057 1.731348
74.721086 1.641643
74.752129 1.488602
74.783212 1.447546
74.814319 1.468074
74.846498 1.424515
74.878417 1.406991
74.909528 1.402735
74.940605 1.419007
74.971638 1.332974
75.002699 1.295089
75.035049 1.286411
75.066198 1.279735
75.097192 1.284241
75.128232 1.320874
75.159354 1.317453
75.191647 1.297676
75.222701 1.291418
75.253681 1.275146
75.284743 1.257956
75.315778 1.211977
75.347901 1.227164
75.379046 1.258039
75.410203 1.296842
75.44126 1.345074
75.472313 1.377534
75.504509 1.437199
75.535673 1.438617
75.566764 1.416003
75.597883 1.388633
75.628968 1.370692
75.661235 1.380705
75.693192 1.389133
75.724265 1.38905
75.755333 1.404905
75.786405 1.419425
75.817532 1.489102
75.849732 1.543009
75.880881 1.56362
75.911988 1.54159
75.943167 1.585984
75.974357 1.678442
76.006823 0.007092
77.655451 0.006091
77.829228 0.005841
77.982559 0.006341
78.125696 0.005841
78.290446 0.009012
78.331742 0.010347
78.505545 0.012183
78.597864 0.012767
78.741155 0.0126
78.844787 0.055325
78.875842 0.092375
78.906958 0.089955
78.958686 0.088787
79.091634 0.089538
79.134286 0.10147
79.165483 0.204777
79.196682 0.514531
79.227853 0.840973
79.259074 1.129031
79.291536 1.601421
79.322777 1.861274
79.353941 1.923191
79.385175 2.106189
79.416319 2.402925
79.448693 2.716267
79.479955 3.480887
79.511147 3.193664
79.542459 3.247988
79.573691 3.613233
79.606169 3.796482
79.637391 3.896534
79.668571 4.011607
79.699658 4.136109
79.730842 3.938007
79.763293 4.037475
79.794455 3.940761
79.825634 3.965961
79.856758 3.911304
79.887904 4.044318
79.92033 3.911638
79.951496 3.821682
79.982625 3.804409
80.01372 3.73131
80.044898 3.651618
80.077341 3.429234
80.10853 3.335189
80.13966 3.343117
80.170778 0.019443
80.456013 0.23148
80.488395 0.331032
80.519582 0.51645
80.550731 0.80192
80.581788 0.930595
80.613048 1.353502
80.645468 1.863276
80.676582 1.986193
80.708121 2.378475
80.739274 2.922546
80.770408 2.97687
80.802958 3.147602
80.834071 3.075838
80.86529 3.149771
80.8964 2.93039
80.947992 2.947747
80.970185 3.051388
81.001268 3.185904
81.032457 3.309321
81.063599 3.364813
81.094723 3.547811
81.12718 3.70953
81.159486 0.047731
81.750028 0.088787
81.781138 0.123
81.812232 0.146698
81.843337 0.154376
81.875694 0.169312
81.906886 0.197517
81.938153 0.208365
81.969302 0.257349
82.000453 0.29565
82.134442 0.310838
82.166794 0.320851
82.198053 0.318932
82.229269 0.314426
82.260448 0.304746
82.291592 0.301158
82.323985 0.29273
82.356526 0.289559
82.388944 0.280547
82.421116 0.271868
82.463563 0.273954
82.495796 0.266528
82.528422 0.28063
82.560937 0.29515
82.592152 0.283801
82.633563 0.287222
82.664806 0.288474
82.695947 0.291311
82.738475 0.316512
82.759443 0.335621
82.790659 0.366413
82.821888 0.38619
82.853091 0.439846
82.885548 0.529384
82.916711 0.533974
82.947908 0.559508
82.978991 0.591468
83.010112 0.617754
83.042401 0.632441
83.073657 0.652551
83.104833 0.67408
83.13605 0.670158
83.167239 0.689101
83.199554 0.696027
83.23068 0.684177
83.261839 0.690436
83.292916 0.711047
83.323986 0.72999
83.356285 0.756442
83.387371 0.778055
83.418412 0.687599
83.59219 0.681591
83.623468 0.67867
83.655824 0.69344
83.686954 0.71088
83.718204 0.711548
83.749347 0.714552
83.780605 0.716471
83.812988 0.725984
83.844048 0.727903
83.8751 0.719892
83.906247 0.727903
83.937437 0.727987
83.96971 0.719726
84.00083 0.7133
84.031885 0.698363
84.062958 0.696778
84.094161 0.703871
84.126429 0.709295
84.157516 0.709128
84.188567 0.718057
84.219621 0.736582
84.250774 0.748097
84.283195 0.745511
84.314301 0.757277
84.34543 0.765454
84.376476 0.788652
84.407593 0.805926
84.439776 0.830376
84.470957 0.899136
84.502157 0.919413
84.533322 0.929009
84.56461 0.94645
84.596868 0.963306
84.62804 0.991678
84.659194 1.067614
84.690357 1.134538
84.721504 1.151895
84.753677 1.147389
84.784777 1.13604
84.815832 1.138627
84.846936 1.134622
84.87809 1.115012
84.91047 0.146031
85.012865 0.147616
85.0441 0.149035
85.075232 0.136935
85.106475 0.14069
85.138786 0.154626
85.15974 0.166893
85.190803 0.175154
85.232157 0.181913
85.263312 0.161969
85.295636 0.143611
85.326754 0.146532
85.368009 0.13585
85.409337 0.137019
85.440454 0.122749
85.472789 0.155627
85.503974 0.201523
85.535156 0.213372
85.566351 0.224471
85.59749 0.244581
85.62992 0.273537
85.661002 0.532305
85.732924 0.525879
85.753828 0.557756
85.784983 0.556838
85.817342 0.580286
85.848389 0.583958
85.879483 0.559091
85.910563 0.55617
85.941664 0.544488
85.973966 0.544655
86.005054 0.180327
86.138036 0.174736
86.16913 0.196599
86.20025 0.177073
86.263283 0.161051
86.294441 0.16489
86.325601 0.169062
86.356787 0.133597
86.387992 0.224721
86.450975 0.213038
86.502555 0.188004
86.533763 0.158548
86.585383 0.090956
86.616585 0.093293
86.648988 0.089538
86.690433 0.188589
86.721638 0.308251
86.752795 0.206613
87.058658 0.213122
87.091022 0.221133
87.122346 0.134599
87.153612 0.066339
87.184813 0.073182
87.490826 0.078272
87.523325 0.070929
87.554627 0.063586
87.616395 0.060915
87.678211 0.054407
87.811335 0.065588
87.843823 0.08378
87.875066 0.088036
87.906269 0.094211
87.937437 0.096046
88.161678 0.139105
88.193993 0.134766
88.225116 0.021529
88.490205 0.0373
88.541797 0.047981
88.573046 0.054073
88.605346 0.064754
88.636534 0.062835
88.708288 0.074684
88.739454 0.086283
88.770578 0.092041
88.802837 0.115573
88.844219 0.161135
88.875431 0.131261
91.177827 0.753521
91.208971 0.75035
91.241073 0.67358
91.272163 0.645542
91.303222 0.667488
91.33424 0.65931
91.365313 0.712716
91.397606 0.684261
91.428736 0.694608
91.459788 0.694024
91.490799 0.697362
91.521978 0.688934
91.544109 0.691771
91.595691 0.679337
91.626826 0.686097
91.657975 0.675749
91.689116 0.567603
91.762212 0.553917
91.793339 0.503349
91.844864 0.491499
91.876001 0.479149
91.90715 0.488829
91.939513 0.565683
91.970564 0.883114
92.001764 0.679004
92.083794 0.672996
92.114863 0.664401
92.147394 0.663065
92.17855 0.652468
92.209641 0.663483
92.240719 0.654554
92.271845 0.650048
92.304145 0.542819
92.335206 0.272452
92.366309 0.265944
92.397391 0.280213
92.428477 0.275874
92.470977 0.338959
92.502091 0.84306
92.533323 1.182019
92.564394 1.256036
92.595633 1.469409
92.628002 1.414835
92.659091 1.401567
92.690269 1.435947
92.721401 1.554858
92.752576 1.32513
92.774805 1.308941
92.805916 1.309275
92.836987 1.328384
92.867988 0.939691
92.939956 0.844311
92.972448 0.898218
93.003605 1.02998
93.034729 1.182103
93.065926 1.170086
93.097046 1.358008
93.129446 1.552438
93.160554 2.042353
93.191649 2.635574
93.222669 2.961266
93.253784 2.943325
93.286072 2.889585
93.317178 2.733123
93.348166 2.620887
93.37921 2.525174
93.41025 2.447986
93.442468 2.402424
93.473513 2.325069
93.504551 2.306711
93.53565 2.287185
93.566704 2.208912
93.598985 2.193725
93.631248 2.170944
93.663626 2.085828
93.695819 2.196061
93.727933 2.141404
93.759823 2.118289
93.791997 2.023243
93.82402 1.952481
93.856382 1.892566
93.887489 1.854097
93.918583 1.823306
93.949645 1.776409
93.980707 1.759302
94.012873 1.680195
94.044062 1.564455
94.075122 1.476836
94.096042 1.319372
94.127164 1.189613
94.15942 1.180684
94.190507 1.215064
94.221569 1.289248
94.252691 1.272392
94.283796 1.289165
94.316034 1.32271
94.347113 1.345825
94.378108 1.336145
94.409129 1.328551
94.440142 1.346409
94.472455 1.360261
94.503572 1.355421
94.534679 1.368606
94.565736 1.382124
94.596957 1.37645
94.629309 1.387631
94.660473 1.39414
94.691654 1.402652
94.722703 1.43094
94.753995 1.426517
94.786362 1.420426
94.817463 1.414585
94.848537 1.435947
94.879597 1.415586
94.910651 1.430273
94.942876 1.484012
94.974002 1.582145
95.005066 1.673603
95.036144 1.728761
95.06725 1.720499
95.099552 1.657748
95.130652 1.650404
95.161674 1.612186
95.192768 1.610934
95.223887 1.530826
95.256176 1.490187
95.287244 1.184356
95.501402 1.188695
95.532562 1.161158
95.553441 1.162409
95.585693 1.15081
95.616887 1.116681
95.647965 1.114261
95.679004 0.999522
95.730481 0.987339
95.76279 0.799
95.793932 0.589716
95.825061 0.546073
95.856071 0.554668
95.887184 0.548577
95.919454 0.566434
95.950525 0.565767
95.981679 0.54357
96.012728 0.539815
96.043809 0.535726
96.076043 0.286054
96.412437 0.294065
96.443533 0.292563
96.474587 0.309085
96.505648 0.261104
96.537972 0.265276
96.569065 0.238656
96.600053 0.270867
96.631316 0.261354
96.662441 0.283718
96.93894 0.281882
96.970034 0.275039
97.001009 0.330448
97.03221 0.274121
97.063284 0.252175
97.095561 0.264441
97.126612 0.271534
97.157633 0.277042
97.18867 0.395286
97.270728 0.439012
97.302955 0.481235
97.334091 0.461876
97.3652 0.491333
97.396466 0.537478
97.427592 0.586211
97.459876 0.449109
97.593035 0.445604
97.624289 0.467717
97.655422 0.478649
97.686558 0.478231
97.719048 0.352728
97.750271 0.31743
97.781525 0.440263
97.89414 0.41356
97.925299 0.404632
97.957728 0.414478
97.989024 0.353145
98.020234 0.381767
98.051444 0.40313
98.082652 0.427412
98.115033 0.42299
98.146238 0.446522
98.289324 0.432837
98.320548 0.418066
98.351759 0.408053
98.384075 0.414061
98.415153 0.315427
98.527707 0.285303
98.558876 0.210702
98.610436 0.207698
98.643011 0.210702
98.674315 0.21646
98.705502 0.238823
98.736706 0.258266
98.768003 0.348889
98.80039 0.435757
98.832761 0.497758
98.865137 0.519537
98.897542 0.539898
98.929982 0.679004
98.962386 0.855493
98.994808 0.672161
99.036129 0.518286
99.087711 0.525879
99.139326 0.622427
99.17052 0.725233
99.20293 0.763535
99.234139 0.775551
99.265386 0.774884
99.29663 0.732159
99.327758 0.748181
99.360114 0.831961
99.391179 0.925755
99.422305 0.997853
99.453464 1.008367
99.484609 1.085889
99.517005 1.099574
99.548262 1.021385
99.579445 1.0571
99.610704 1.057767
99.642046 0.837135
99.67439 0.832378
99.70665 0.841808
99.737877 0.856912
99.769079 0.832796
99.810509 0.85324
99.841887 0.903642
99.874227 1.025474
99.905392 1.063859
99.936502 0.983834
99.967661 0.983834
99.998761 0.967895
100.03113 0.95154
