0.0 0.128507
0.031494 0.165975
0.073148 0.184917
0.104585 0.208866
0.135947 0.224804
0.16735 0.250923
0.198754 0.294315
0.230071 0.343716
0.261406 0.377845
0.292855 0.364243
0.32427 0.396203
0.355594 0.298905
0.407186 0.311672
0.438505 0.306832
0.469815 0.312089
0.501172 0.293815
0.532442 0.065839
0.767442 0.072264
0.798835 0.08862
0.830137 0.09905
0.86147 0.080609
0.892718 0.077271
0.923993 0.081861
0.955219 0.085866
0.98644 0.090372
1.017682 0.091457
1.04892 0.09588
1.080199 0.130593
1.111459 0.148534
1.142693 0.16247
1.173949 0.19443
1.205334 0.212788
1.236618 0.238823
1.267878 0.271785
1.299053 0.303161
1.330268 0.320768
1.3616 0.347387
1.392863 0.370252
1.424198 0.38836
1.455578 0.013935
1.720799 0.036215
1.75204 0.067675
1.844357 0.084781
1.875626 0.111317
1.906894 0.135266
1.9381 0.156879
1.969371 0.171065
2.000638 0.179576
2.031869 0.235152
2.063121 0.283885
2.094358 0.281214
2.125595 0.286805
2.156878 0.354647
2.188106 0.351142
2.219484 0.336539
2.250936 0.354564
2.282372 0.367081
2.313706 0.368833
2.344985 0.372254
2.376317 0.384688
2.407838 0.390613
2.439295 0.41089
2.47062 0.404131
2.501955 0.441348
2.533322 0.424909
2.564728 0.410306
2.596112 0.402295
2.627626 0.379431
2.658896 0.376343
2.690217 0.346803
2.721613 0.335371
2.752977 0.324606
2.784346 0.321352
2.815559 0.312006
2.8468 0.318348
2.878086 0.292479
2.909595 0.283634
2.940921 0.263857
2.972229 0.27337
3.003515 0.284886
3.034917 0.27337
3.066304 0.27554
3.097729 0.288224
3.129086 0.271368
3.160431 0.26803
3.201844 0.271201
3.233394 0.293147
3.264781 0.298237
3.296129 0.268864
3.327483 0.296902
3.358858 0.266778
3.390192 0.255179
3.421618 0.252425
3.452991 0.264358
3.484297 0.28305
3.515691 0.305831
3.547097 0.315177
3.578473 0.318682
3.609728 0.329029
3.641004 0.358819
3.672357 0.375425
3.70388 0.42833
3.735098 0.426161
3.766332 0.461208
3.797589 0.46221
3.828788 0.470721
3.86004 0.477397
3.891299 0.470721
3.92255 0.478816
3.953872 0.48691
3.985131 0.48983
4.016363 0.503098
4.047626 0.505352
4.078928 0.49684
4.110395 0.507605
4.141746 0.515866
4.173024 0.524961
4.204388 0.523209
4.235682 0.542151
4.266838 0.554835
4.298093 0.543987
4.329632 0.54574
4.360864 0.55375
4.392273 0.568604
4.423576 0.534224
4.454833 0.538563
4.486178 0.5409
4.517606 0.554668
4.54883 0.547325
4.580154 0.549077
4.61149 0.548326
4.64292 0.603652
4.674412 0.573778
4.705881 0.587046
4.737205 0.641286
4.768486 0.658977
4.799886 0.622677
4.831223 0.655639
4.862571 0.655972
4.893867 0.672245
4.925142 0.629937
4.956463 0.602483
4.987721 0.606656
5.019299 0.592637
5.05064 0.590801
5.082036 0.552916
5.113464 0.525212
5.144807 0.515699
5.17612 0.491249
5.20738 0.46004
5.238874 0.486159
5.270217 0.515365
5.301672 0.510191
5.332955 0.512611
5.364203 0.503432
5.395495 0.497591
5.426795 0.498843
5.458062 0.488746
5.489398 0.495088
5.520784 0.481152
5.552371 0.474059
5.583651 0.413727
5.635287 0.408053
5.666614 0.431084
5.697883 0.425744
5.729229 0.467467
5.760547 0.532639
5.791891 0.539731
5.823103 0.55592
5.854355 0.596058
5.885817 0.59247
5.917212 0.61717
5.94867 0.663316
5.979975 0.688183
6.011282 0.664067
6.042571 0.626599
6.073906 0.638282
6.10522 0.59514
6.136507 0.572025
6.167834 0.558423
6.199109 0.538229
6.220264 0.523877
6.251481 0.495004
6.282754 0.483739
6.314253 0.450861
6.34561 0.435507
6.37696 0.426328
6.408321 0.428664
6.439626 0.393784
6.471078 0.363242
6.502504 0.407636
6.533765 0.435841
6.565233 0.478649
6.596629 0.48474
6.628129 0.505268
6.659584 0.530552
6.690989 0.572276
6.722445 0.605654
6.753699 0.611996
6.785223 0.671911
6.806362 0.718307
6.837756 0.687265
6.879356 0.672745
6.91072 0.668489
6.94223 0.643622
6.973519 0.622093
6.994591 0.598728
7.025882 0.584709
7.057152 0.545239
7.088397 0.507938
7.119634 0.475645
7.15084 0.432586
7.182109 0.406885
7.213317 0.401043
7.244603 0.375258
7.275855 0.353813
7.307118 0.3443
7.338369 0.344467
7.369664 0.354981
7.400939 0.389611
7.432164 0.410389
7.463436 0.395202
7.494737 0.38836
7.526013 0.392866
7.55728 0.409972
7.588557 0.40847
7.619883 0.409305
7.651143 0.398457
7.682467 0.440597
7.713706 0.449359
7.745003 0.438761
7.776259 0.464797
7.807493 0.491833
7.838875 0.494003
7.870184 0.516033
7.901586 0.510525
7.933126 0.493335
7.964472 0.490665
7.995852 0.450193
8.027127 0.449776
8.058615 0.493001
8.089938 0.540816
8.121436 0.475811
8.162946 0.497174
8.19422 0.502431
8.225497 0.485825
8.25712 0.494754
8.288387 0.490415
8.319684 0.471305
8.351145 0.428581
8.382436 0.40555
8.413804 0.390446
8.445119 0.397455
8.47648 0.482571
8.507852 0.513947
8.539155 0.451362
8.601166 0.622427
8.632458 0.690186
8.663668 0.761783
8.694972 0.793826
8.726257 0.822865
8.7575 0.822198
8.788769 0.779557
8.820073 0.781726
8.851629 0.618338
8.92365 0.593054
8.944858 0.569689
8.976208 0.537979
9.00751 0.552415
9.038866 0.565433
9.070151 0.560843
9.101362 0.620841
9.132757 0.664985
9.164051 0.695776
9.195392 0.725317
9.226725 0.845396
9.257984 0.896131
9.289255 0.886869
9.320573 0.941443
9.351855 0.953209
9.383115 0.945198
9.414575 0.870597
9.445993 0.84865
9.477216 0.77722
9.508611 0.764369
9.539853 0.723648
9.561052 0.686013
9.592446 0.66173
9.623639 0.60991
9.654909 0.589632
9.686247 0.560343
9.717643 0.538563
9.7491 0.494503
9.780315 0.527799
9.811663 0.510025
9.843025 0.593304
9.8743 0.667655
9.905777 0.742006
9.937098 0.769042
9.96854 0.771713
9.999895 0.780141
10.031217 0.844478
10.062538 0.924086
10.094168 0.985252
10.125374 1.004111
10.146504 1.024723
10.177757 1.035571
10.209047 1.070034
10.240364 1.094818
10.271667 1.109838
10.303061 1.116847
10.334465 1.110255
10.366014 1.05443
10.39744 1.087892
10.428883 1.084721
10.460206 1.112425
10.491545 1.141965
10.522917 1.157152
10.554208 1.139378
10.585467 1.159489
10.616775 1.192784
10.648074 1.23943
10.679519 1.237511
10.710941 1.289665
10.74228 1.280903
10.773623 1.253783
10.80496 1.226413
10.8364 1.161658
10.867844 1.134288
10.89923 1.07212
10.930701 0.950789
10.962075 0.964641
10.993345 0.920331
11.024757 0.782728
11.055963 0.764703
11.087163 0.753188
11.118463 0.741338
11.149792 0.719225
11.181272 0.699865
11.212565 0.661814
11.244096 0.654137
11.275682 0.606322
11.307072 0.663983
11.338395 0.653886
11.369799 0.658309
11.401092 0.636947
11.432441 0.663816
11.463706 0.65397
11.495068 0.654804
11.526638 0.699865
11.557916 0.787568
11.58921 0.84865
11.620511 0.919914
11.651925 0.97357
11.683288 1.023805
11.714642 1.010537
11.745975 1.011788
11.777213 0.987088
11.808532 1.015293
11.83981 0.965642
11.871195 0.921082
11.902446 0.814521
11.933767 0.68401
11.975505 0.618505
12.006794 0.636446
12.038012 0.607657
12.069262 0.587379
12.10065 0.576615
12.131964 0.608491
12.163171 0.718891
12.194437 0.762951
12.22568 0.760781
12.257012 0.833547
12.288246 0.952959
12.319601 1.025557
12.351127 1.06002
12.382532 1.202213
12.413829 1.290333
12.445101 1.366937
12.476366 1.369524
12.507675 1.416254
12.539165 1.437532
12.560234 1.424765
12.601838 1.423847
12.622988 1.434445
12.654389 1.242935
12.716234 1.343238
12.747607 1.380789
12.778989 1.356005
12.810426 1.353251
12.841866 1.387882
12.873127 1.410579
12.904378 1.447796
12.935682 1.529324
12.967016 1.577889
12.998348 1.568126
13.029695 1.545011
13.060983 1.574134
13.092337 1.589155
13.123575 1.527404
13.155091 1.508212
13.186298 1.405239
13.217539 1.382124
13.248813 1.34449
13.280043 1.265799
13.311337 1.121771
13.342623 1.043748
13.373866 0.917911
13.405215 0.856995
13.436523 0.84356
13.467864 0.772631
13.49921 0.731992
13.530471 0.662398
13.561693 0.588548
13.593192 0.532138
13.624591 0.599813
13.656105 0.621426
13.687328 0.623929
13.718793 0.641703
13.750151 0.649714
13.781564 0.654804
13.812873 0.671744
13.844196 0.654554
13.87548 0.617003
13.906781 0.62927
13.938184 0.608742
13.969623 0.56827
14.001126 0.606656
14.032474 0.604236
14.06378 0.608074
14.095023 0.643038
14.126362 0.697195
14.157689 0.688517
14.189012 0.714051
14.220343 0.704288
14.251582 0.834882
14.282844 0.987088
14.314162 1.061439
14.345661 1.151227
14.376894 1.15565
14.408159 1.179516
14.43984 1.218235
14.461094 1.225078
14.492621 1.16533
14.523888 1.169002
14.555258 1.186358
14.58667 1.068615
14.618162 1.036405
14.649599 0.974404
14.680944 0.926005
14.712254 0.868761
14.743599 0.77939
14.774923 0.761198
14.806207 0.77672
14.837536 0.763702
14.868788 0.705206
14.900053 0.704622
14.93144 0.638616
14.962711 0.658476
14.994035 0.660312
15.025313 0.707626
15.056643 0.720727
15.087926 0.807428
15.119213 0.762951
15.150393 0.777053
15.181614 0.838387
15.212822 0.898635
15.244067 1.001024
15.27529 1.125276
15.306485 1.183938
15.337691 1.238346
15.368924 1.176595
15.400147 1.193785
15.431388 1.122438
15.462685 1.140296
15.493974 1.092731
15.525191 1.045751
15.556493 1.029479
15.587909 0.892627
15.619208 0.814187
15.650761 0.810432
15.682374 0.816357
15.713711 0.794494
15.745114 0.8116
15.776437 0.754189
15.807742 0.680673
15.839089 0.683093
15.870563 0.667238
15.901819 0.637364
15.933149 0.715386
15.964719 0.794327
15.995993 0.937104
16.027449 1.019966
16.058678 1.110422
16.090199 1.21957
16.121528 1.364266
16.153204 1.371443
16.184637 1.527655
16.215944 1.44788
16.247323 1.624369
16.278645 1.684117
16.317409 1.723337
16.348827 1.750624
16.380112 1.752126
16.411398 1.641225
16.442697 1.661002
16.474006 1.560282
16.505332 1.544427
16.536657 1.390886
16.568005 1.327884
16.599388 1.218652
16.630836 1.042413
16.66214 0.9956
16.683272 0.894713
16.714692 0.927007
16.745993 1.033902
16.777213 1.146054
16.80854 1.211059
16.839755 1.291584
16.870995 1.356506
16.902216 1.340651
16.933458 1.312196
16.964669 1.280319
16.995929 1.251614
17.02713 1.19462
17.058383 1.095151
17.089652 1.001274
17.121139 1.008784
17.15235 0.943863
17.183596 0.885283
17.214777 0.853157
17.245929 0.810015
17.277192 0.777137
17.308396 0.745928
17.329519 0.721979
17.360783 0.786232
17.392031 0.759029
17.423249 0.71839
17.454445 0.670492
17.48587 0.657725
17.517041 0.6886
17.548351 0.738251
17.579804 0.788652
17.611186 0.871264
17.642446 0.862669
17.673855 0.850987
17.705072 0.844645
17.736359 0.828957
17.767577 0.827622
17.798887 0.81886
17.830354 0.806927
17.861557 0.773298
17.892848 0.747096
17.924038 0.716888
17.955472 0.707793
17.986794 0.72757
18.018049 0.79441
18.049276 0.897884
18.080755 1.000273
18.112239 0.955462
18.143604 1.053261
18.175006 0.984919
18.206278 0.953459
18.237624 0.977993
18.269 0.970566
18.300294 0.840806
18.362149 0.853157
18.393567 0.796747
18.424837 0.757944
18.456166 0.819611
18.487427 0.932931
18.519098 1.030313
18.550537 1.085221
18.581892 1.141798
18.613237 1.150393
18.644643 1.071286
18.675901 1.139545
18.707205 1.149642
18.738782 1.170086
18.770077 1.139378
18.801377 1.030981
18.832722 0.996768
18.864263 1.020383
18.895611 1.061773
18.926855 1.139879
18.958187 1.159071
18.989611 1.238679
19.021094 1.411247
19.052476 1.48034
19.0837 1.499283
19.11488 1.574552
19.146449 1.550686
19.177624 1.518559
19.208825 1.466655
19.22994 1.304435
19.261188 1.27356
19.292442 1.232588
19.323721 1.128447
19.354931 0.997018
19.386124 0.90748
19.41738 0.839388
19.448688 0.820279
19.480237 0.80434
19.511708 0.782644
19.532805 0.731658
19.564179 0.664985
19.595499 0.665819
19.626775 0.728404
19.658089 0.773799
19.689319 0.804841
19.72073 0.812852
19.752007 0.880777
19.783438 0.979912
19.814622 1.026892
19.845855 1.079881
19.877194 1.237428
19.908478 1.448798
19.939769 1.598334
19.971039 1.446795
20.02278 1.519143
20.054129 1.597666
20.085398 1.487517
20.116843 1.44037
20.14838 1.429438
20.179823 1.215481
20.211141 1.089143
20.242445 1.034736
20.274035 0.90481
20.305694 0.773298
20.337115 0.765621
20.368588 0.753855
20.39995 0.785064
20.431207 0.836133
20.46252 0.828456
20.493817 0.867593
20.525104 0.859498
20.556519 0.866425
20.587857 0.903224
20.619439 0.919497
20.650666 0.882112
20.682011 0.889706
20.713196 0.829958
20.74456 0.770628
20.77579 0.772547
20.807054 0.777971
20.838301 0.765454
20.86956 0.679755
20.901067 0.701618
20.932286 0.730824
20.963635 0.690352
20.984766 0.70579
21.016146 0.673747
21.047648 0.653052
21.078926 0.634694
21.11023 0.618338
21.141549 0.624179
21.172775 0.656473
21.204049 0.679337
21.235419 0.714969
21.266815 0.721645
21.298115 0.778138
21.329397 0.765454
21.360798 0.758695
21.392021 0.757944
21.423224 0.765454
21.45445 0.762283
21.48577 0.719892
21.517008 0.709295
21.548255 0.709795
21.579457 0.760531
21.600512 0.731909
21.631779 0.748097
21.662999 0.842058
21.694214 1.001358
21.725505 1.11401
21.756803 1.32246
21.788025 1.496279
21.819287 1.50237
21.850497 1.463735
21.881804 1.404154
21.913063 1.364266
21.944313 1.371693
21.975602 1.314616
22.00693 1.171755
22.038224 1.044249
22.069468 0.838553
22.100769 0.676333
22.132181 0.633192
22.163639 0.646042
22.19506 0.654304
22.226457 0.661563
22.257702 0.63219
22.288879 0.668573
22.320132 0.635945
22.351382 0.692856
22.382627 0.74526
22.414031 0.756776
22.445312 0.786483
22.476823 0.723981
22.518287 0.803256
22.549513 0.85541
22.581047 0.850653
22.612476 0.855827
22.644074 0.85566
22.675519 0.873517
22.706872 0.858497
22.738222 0.891125
22.769477 0.873267
22.801057 0.914657
22.832337 0.929427
22.863665 0.976407
22.895021 0.982081
22.92642 0.995266
22.957846 0.979495
22.989246 0.967311
23.020634 0.889289
23.052003 0.849735
23.083586 0.820696
23.114857 0.795829
23.146212 0.760865
23.177517 0.529634
23.280004 0.55058
23.311541 0.824117
23.342786 1.165497
23.363847 0.80409
23.537736 0.989758
23.569099 1.3646
23.600338 1.353418
23.631601 1.203465
23.662884 1.111924
23.694165 0.981998
23.745825 0.717055
23.84834 0.568687
23.879761 0.619423
23.911033 0.91691
23.942267 1.0203
23.973528 1.073372
24.004784 1.11109
24.036054 1.22224
24.067466 1.305937
24.098827 1.309108
24.130031 1.676023
24.161242 1.635134
24.192483 1.579809
24.22371 1.415336
24.254929 1.502871
24.286256 1.603591
24.317538 1.623868
24.349047 1.61786
24.38027 1.69413
24.411807 1.829314
24.443119 1.920604
24.474384 2.166938
24.505622 2.073478
24.536851 2.012979
24.568092 1.888644
24.599653 1.825475
24.631018 1.695215
24.662269 1.646733
24.6935 1.525068
24.72483 1.28616
24.756261 1.110422
24.787628 1.034152
24.819118 1.014125
24.850552 0.961554
24.881951 0.88495
24.913206 0.777304
24.944473 0.704789
24.975935 0.583541
25.007476 0.640201
25.0388 0.658476
25.070157 0.675749
25.101504 0.732743
25.132792 0.782895
25.164068 0.805509
25.195286 0.784397
25.2265 0.800251
25.257857 0.805842
25.289077 0.831294
25.320363 0.840306
25.351683 0.875937
25.382997 0.977325
25.414286 1.156151
25.445724 1.290833
25.477072 1.460981
25.50835 1.65441
25.539648 1.783168
25.570865 1.930367
25.60207 2.048194
25.633417 2.232944
25.664856 2.295863
25.696109 2.532601
25.727337 2.314472
25.758693 2.429711
25.79004 2.571988
25.821316 2.377641
25.852977 2.501809
25.884564 2.512156
25.915871 2.52242
25.94713 2.368879
25.978357 2.377474
26.0096 2.25147
26.040865 2.213752
26.072188 2.08683
26.103359 1.957905
26.13463 1.799857
26.165972 1.645565
26.197274 1.553606
26.218381 1.483094
26.249647 1.443374
26.280868 1.270389
26.322371 1.253366
26.353675 1.180684
26.385142 1.028561
26.416731 0.828039
26.447919 0.862336
26.479386 0.856912
26.510606 0.822365
26.541844 0.819611
26.573034 0.806927
26.604495 0.845897
26.636031 0.800669
26.667626 0.737667
26.698929 0.730574
26.730296 0.748181
26.761618 0.787067
26.792866 0.837385
26.824196 0.851321
26.855813 0.94912
26.887086 1.035988
26.918422 0.938689
26.949695 1.300847
26.981066 1.761054
27.012398 1.760888
27.043672 1.826143
27.075072 1.846754
27.106482 1.857018
27.137874 1.765644
27.169217 1.713824
27.200515 1.601672
27.231794 1.56629
27.252887 1.452136
27.284156 1.105165
27.315438 1.05443
27.346708 1.082384
27.377971 1.005363
27.409252 0.969731
27.440519 0.981414
27.471786 1.002025
27.503127 0.927841
27.534318 0.828707
27.56574 0.670242
27.597061 0.680005
27.628448 0.699865
27.659733 0.726151
27.691343 0.740838
27.722928 0.752186
27.75452 0.770711
27.786177 0.749516
27.817794 0.833797
27.849406 0.834882
27.881045 0.835549
27.91277 0.798332
27.944383 0.811767
27.976019 0.787734
28.007353 0.775301
28.039018 0.780975
28.070688 0.787734
28.102292 0.76946
28.133955 0.775718
28.165406 0.764787
28.196776 0.820362
28.228165 0.782978
28.259761 0.751769
28.291074 0.727152
28.322695 0.719642
28.353937 0.676083
28.385261 0.691854
28.416549 0.7128
28.448058 0.757944
28.479663 0.754439
28.510945 0.739002
28.542274 0.796663
28.573556 0.855576
28.604882 1.04717
28.626003 1.314032
28.65754 1.496779
28.688991 1.670014
28.720224 1.96892
28.75171 2.044355
28.782932 2.239453
28.814227 2.479529
28.845513 2.66453
28.876747 2.932894
28.908041 3.198754
28.939283 3.285539
28.970554 3.305399
29.001832 3.271353
29.033013 3.21052
29.06435 2.738797
29.115973 2.591848
29.147583 2.733123
29.178848 2.511823
29.210128 2.471017
29.241465 2.412688
29.27284 2.343678
29.30406 2.167856
29.335284 1.921689
29.366555 1.64448
29.428505 1.569378
29.459753 1.36969
29.491041 1.356589
29.522328 1.246106
29.553576 1.09874
29.584894 0.860249
29.616227 0.885701
29.647589 0.830042
29.678812 0.889205
29.710166 1.041579
29.741464 1.231002
29.772857 1.282322
29.804077 1.274394
29.835393 1.282489
29.866722 1.280987
29.898177 1.311779
29.919278 1.326632
29.950575 1.452636
29.981801 1.751708
30.013061 1.989948
30.044411 2.394914
30.075695 2.552127
30.106956 2.762913
30.138335 2.756571
30.169607 3.179895
30.200862 3.693342
30.232122 3.761267
30.263349 3.696095
30.294601 3.513264
30.325953 3.429818
30.357231 3.209519
30.388612 3.051221
30.419879 2.876985
30.451144 2.45366
30.482658 2.104187
30.513928 1.87546
30.545178 1.783752
30.576526 1.614522
30.607889 1.391804
30.639479 1.20939
30.670824 0.925922
30.702533 0.680589
30.734032 0.743091
30.765665 0.775218
30.797091 0.844061
30.828479 0.785481
30.859794 0.718975
30.891106 0.757777
30.922596 0.689935
30.96429 0.773048
30.995704 0.850069
31.027076 0.778305
31.058429 0.77455
31.089769 0.72515
31.121083 0.69102
31.152554 0.652551
31.183896 0.626599
31.215293 0.640535
31.246618 0.680422
31.277851 0.684428
31.309096 0.713634
31.340312 0.765955
31.371541 0.774466
31.402764 1.027226
31.434054 1.49995
31.46528 1.899492
31.496532 2.164852
31.52773 2.259564
31.558965 2.209246
31.590501 2.344179
31.621742 2.340006
31.653024 2.238035
31.684227 2.209913
31.715469 2.123296
31.746793 1.819968
31.778072 1.521313
31.809287 1.387381
31.840569 1.336896
31.871795 1.561868
31.903077 1.505708
31.934305 1.492857
31.965531 1.554358
31.996858 1.58832
32.028155 1.499116
32.059461 1.531243
32.090727 1.535081
32.122025 1.498198
32.153327 1.522815
32.184713 1.311862
32.21607 1.261794
32.247523 1.229918
34.286786 0.742256
34.318145 1.013207
34.349421 1.357758
34.380633 1.680612
34.411829 1.997876
34.443115 2.454662
34.474318 2.737212
34.505589 2.581167
34.536837 3.090107
34.568061 3.7238
34.599306 4.073691
34.630554 3.80249
34.671919 3.700101
34.703129 3.418552
34.734339 3.036534
34.765841 2.712345
34.797204 2.187049
34.828613 2.094924
34.859969 1.808702
34.901395 1.487517
34.932788 1.136374
34.964073 1.196122
34.99546 1.260125
35.026862 1.299345
35.058215 1.274228
35.089598 1.234424
35.120883 1.265382
35.152167 1.367521
35.183475 1.454222
35.214792 1.507878
35.246161 1.435947
35.277517 1.308441
35.308787 1.278483
35.34006 1.285994
35.371295 1.40649
35.40257 1.299929
35.433737 1.351332
35.464973 1.54885
35.496248 1.493608
35.527506 1.431858
35.558723 1.628541
35.58994 1.893317
35.621183 1.931452
35.652368 1.872205
35.683587 1.778244
35.714862 1.789259
35.746059 1.701307
35.777359 1.57597
35.808633 1.590573
35.839925 1.493024
35.871151 1.262712
35.90253 1.004612
35.933907 1.067364
35.965347 1.108753
35.996754 1.126861
36.028241 1.11835
36.059737 1.064777
36.091177 1.035153
36.122699 0.936269
36.154137 0.977742
36.185618 1.169085
36.217135 1.450467
36.248622 1.747369
36.280028 1.979935
36.311338 2.239537
36.342713 2.549123
36.37394 2.907776
36.405171 3.478634
36.436469 3.999423
36.467693 4.543745
36.498923 4.221391
36.530356 4.202032
36.561788 4.077029
36.593284 3.991746
36.624865 3.706109
36.656255 3.280866
36.687647 2.983546
36.718879 2.647173
36.750105 2.213084
36.781399 1.836156
36.812636 1.893484
36.843876 1.768231
36.875129 1.471745
36.906399 1.377451
36.937625 1.285743
36.968894 1.302182
37.000113 1.243019
37.031329 1.194536
37.062575 1.207971
37.093775 1.148056
37.125003 1.141798
37.156207 1.261627
37.1874 1.211142
37.218604 1.094484
37.249758 1.037156
37.281159 1.065111
37.312394 1.061773
37.343664 0.990176
37.374898 0.940859
37.406126 0.877106
37.437501 0.947034
37.468831 0.89513
37.500012 0.922334
37.53123 0.963556
37.562512 0.934433
37.593743 0.984084
37.625088 0.956714
37.656315 0.952959
37.687628 0.938022
37.718871 0.944197
37.750125 0.952374
37.781401 0.898218
37.812696 0.885367
37.844 0.870263
37.875243 0.891375
37.906532 0.88737
37.937867 0.889372
37.969287 0.852906
38.000674 0.867509
38.031924 0.835382
38.063186 0.772213
38.084309 0.823283
38.11584 0.789487
38.14705 0.74234
38.178588 0.714802
38.209838 0.77213
38.241108 0.869929
38.272648 1.00553
38.304027 1.176595
38.335332 1.774656
38.366619 2.606618
38.397871 3.056478
38.429231 3.547728
38.460528 3.961539
38.491717 4.642212
38.522956 4.970908
38.554183 5.12278
38.585716 5.132126
38.616953 4.926264
38.648326 4.830467
38.679684 4.249262
38.710932 3.772532
38.742409 3.349542
38.77373 3.225624
38.805002 2.736628
38.836505 2.273249
38.868004 2.119207
38.899398 1.870369
38.930901 1.805448
38.962309 1.670265
38.993688 1.290249
39.024951 1.273977
39.056203 1.237428
39.087715 1.137542
39.11915 1.134622
39.150579 1.029562
39.181896 0.990426
39.213245 1.0692
39.24459 1.100993
39.275902 1.178848
39.297309 1.285994
39.328874 1.323962
39.360257 1.0697
39.391749 1.049673
39.423025 0.993013
39.454385 1.018381
39.485758 0.988006
39.517054 0.963056
39.548577 0.947785
39.579849 0.903892
39.611263 0.908315
39.642579 0.863838
39.67389 0.852322
39.695019 0.869095
39.726526 0.882363
39.757902 0.891375
39.789218 0.875854
39.820546 0.917744
39.851813 0.888621
39.88308 0.867509
39.914553 0.854492
39.945857 0.772547
39.977108 0.813019
39.99827 0.871849
40.029713 0.858497
40.061007 0.851821
40.092322 0.886619
40.123776 0.890874
40.155251 0.870847
40.186738 0.878524
40.218029 0.870013
40.249356 0.91207
40.280795 0.911986
40.312113 0.882112
40.343435 0.889539
40.374691 0.906145
40.405993 0.888955
40.437587 0.875771
40.468957 0.871181
40.500267 0.885033
40.531675 0.867676
40.563065 0.799918
40.584244 0.788068
40.615499 0.780642
40.646854 0.778722
40.678081 0.793826
40.709485 0.848817
40.74079 0.997436
40.772206 1.414668
40.803427 1.87813
40.834757 1.972925
40.866142 2.496719
40.887374 1.436531
41.213919 1.940715
41.245107 2.968025
41.276358 4.404139
41.307721 3.011751
41.552822 2.609539
41.584023 0.94695
41.605108 0.500679
41.636728 0.781059
41.668043 1.115429
41.699319 1.331472
41.730533 1.503622
41.761879 1.677191
41.793081 1.826727
41.824378 1.97668
41.855742 2.529597
41.887026 4.01386
41.918232 3.921651
41.949522 3.653538
41.980822 3.31875
42.012077 2.992892
42.043524 2.716267
42.074819 2.659273
42.106072 2.394831
42.137322 1.913595
42.168737 1.79919
42.2 1.933705
42.231474 1.807951
42.262729 1.743948
42.294012 1.585984
42.3253 1.622033
42.356542 1.482677
42.38803 1.383125
42.419392 1.218652
42.450623 1.180684
42.481834 1.044166
42.513223 0.942194
42.544435 0.954961
42.575715 0.911903
42.60712 0.833964
42.638526 0.930345
42.669857 0.943446
42.701081 0.980913
42.732477 0.929427
42.763775 0.92467
42.794992 0.924503
42.826501 0.927841
42.85796 0.925588
42.889508 0.996768
42.920946 1.000523
42.952391 0.955128
42.983838 0.969815
43.015192 1.116096
43.046539 1.404488
43.077871 1.849091
43.10916 2.245461
43.140546 3.034365
43.171982 3.694593
43.203597 3.876674
43.234985 4.127514
43.266276 4.444277
43.297781 4.684185
43.329163 4.865932
43.360682 4.625272
43.392093 4.221725
43.42346 3.853893
43.454803 3.784048
43.486052 3.049969
43.517229 2.736294
43.548688 2.476692
43.579964 2.127051
43.611207 2.045023
43.6425 1.960325
43.673798 1.812374
43.694843 1.723754
43.726093 1.648318
43.757338 1.374363
43.788585 1.24619
43.819886 1.047253
43.851111 1.045167
43.88232 1.060688
43.913502 1.071953
43.944761 1.126861
43.976074 1.130366
44.00737 1.19704
44.038686 1.213812
44.069969 1.210975
44.101202 1.11643
44.132473 1.036655
44.163668 1.054263
44.194873 1.228249
44.226104 1.366353
44.257369 2.029418
44.2886 2.520585
44.31992 2.823746
44.351142 3.365397
44.382386 3.850722
44.413631 4.173409
44.444867 5.209648
44.476086 5.960583
44.507331 6.092762
44.538576 6.009984
44.569792 6.402099
44.601023 6.861138
44.632308 6.457006
44.653427 7.037794
44.684604 6.684565
44.715834 0.766539
44.950532 0.65397
44.981869 0.882947
45.013112 0.904059
45.044604 0.824534
45.076074 1.046419
45.107307 1.290416
45.138825 1.372861
45.170033 1.409828
45.201404 2.206993
45.222565 3.630089
45.253829 3.899288
45.285164 4.276883
45.316405 5.082559
45.347695 4.946291
45.379059 4.486751
45.410336 4.261863
45.441669 4.101395
45.47295 4.135191
45.504196 3.995835
45.535478 3.540301
45.566785 3.572428
45.598001 3.432071
45.629282 3.369486
45.660644 3.362894
45.691972 3.341031
45.723244 3.190577
45.754586 3.004825
45.786097 2.999484
45.817291 2.653348
45.848838 2.377641
45.880072 2.016985
45.911399 2.060961
45.942679 1.76022
45.973932 1.626789
46.005137 1.822638
46.036373 1.877379
46.067698 1.939046
46.09892 1.819968
46.130168 1.936125
46.161397 1.996541
46.192736 1.743614
46.22387 1.626956
46.255087 1.485598
46.286356 1.411914
46.327992 1.252281
46.359338 1.149141
46.38039 1.031649
46.411749 0.995683
46.443084 0.827622
46.474324 0.722062
46.505735 0.690853
46.537 0.697779
46.568341 0.705122
46.599696 0.76971
46.63116 0.829875
46.662671 0.817275
46.69401 0.802922
46.725352 0.796413
46.75668 0.79416
46.78799 0.791656
46.819369 0.773799
46.850769 0.805842
46.88214 0.869429
46.913464 1.041162
46.944857 1.271057
46.976425 1.370358
47.007746 1.38446
47.039065 1.410412
47.070534 1.463985
47.102016 1.460981
47.133386 1.475918
47.164846 1.51447
47.19621 1.483595
47.227541 1.355504
47.25891 1.023221
47.280174 1.163661
47.311555 1.169335
47.342859 1.18786
47.374393 1.152396
47.405844 1.135456
47.437309 1.15782
47.468885 1.146554
47.500146 1.120352
47.531426 1.121938
47.552521 1.130199
47.583887 0.923669
47.615467 0.851821
47.64674 0.846397
47.678009 0.856411
47.709269 0.834798
47.740614 0.850403
47.771874 0.901222
47.80303 0.878608
47.834407 0.851988
47.855439 0.86559
47.88674 0.902307
47.917999 0.964474
47.949319 0.985169
47.980599 0.996184
48.011875 0.986254
48.043108 1.003777
48.074433 1.008951
48.105722 1.049172
48.136996 1.189613
48.16855 1.560866
48.199813 1.767981
48.2311 1.754796
48.262441 1.725673
48.29372 1.7699
48.325047 1.760971
48.356706 1.810288
48.387949 1.787006
48.419353 1.766812
48.450745 1.69897
48.471901 1.262879
48.50315 1.041078
48.534486 1.014709
48.565639 0.97866
48.597112 0.972235
48.628426 0.923669
48.659721 0.88545
48.690948 0.832629
48.722212 0.811684
48.753496 0.771963
48.784681 0.73024
48.815913 0.667905
48.847203 0.585627
48.888652 0.581955
48.919965 0.615
48.951511 0.682091
48.98279 0.673496
49.014088 0.67383
49.045307 0.663399
49.076514 0.695693
49.10776 0.69344
49.139041 0.711631
49.170253 0.714969
49.201654 0.732827
49.232983 0.769126
49.264249 0.738167
49.295466 0.7133
49.326719 0.716972
49.358013 0.738167
49.379092 0.768792
49.410388 0.782644
49.441582 0.841224
49.472831 0.852823
49.504045 0.845062
49.535268 0.838053
49.566445 0.837635
49.597733 0.861918
49.628957 0.810098
49.660167 0.806677
49.69138 0.807344
49.722626 0.940275
49.753869 1.085638
49.785169 1.274895
49.816444 1.198959
49.857887 1.179265
49.889297 1.060605
49.920612 1.265132
49.951862 1.696467
49.983103 1.981103
50.01431 2.147746
50.04559 2.190971
50.076859 2.351021
50.108106 2.320981
50.170087 2.361035
50.201388 2.621304
50.23274 3.039121
50.263999 3.561079
50.295214 3.626835
50.316374 1.512467
50.805821 1.986527
50.837141 2.311801
50.868663 2.565062
50.899983 2.930307
50.931422 2.880656
50.962738 2.585089
50.994133 2.30354
51.025813 2.028083
51.057161 1.775157
51.088672 1.548767
51.120194 1.293838
51.151845 1.154565
51.183099 0.941693
51.21464 0.650548
51.245963 0.702452
51.277313 0.896966
51.308633 1.068866
51.33996 1.107752
51.37144 1.153564
51.402739 1.181018
51.434098 1.58782
51.465472 1.821804
51.496908 1.795101
51.528401 1.8803
51.559718 1.877963
51.590962 1.679193
51.612082 1.518642
51.643417 1.377284
51.684869 1.335811
51.716204 1.235342
51.747542 0.855994
51.778784 0.883865
51.810086 0.831127
51.841497 0.844311
51.872769 0.883364
51.904134 0.836384
51.935488 0.819945
51.966846 0.787568
51.998102 0.876688
52.029334 0.874519
52.060625 0.898218
52.091903 0.826036
52.123189 0.824451
52.154512 0.775051
52.185689 0.767624
52.216982 0.839471
52.248286 0.902473
52.27951 0.88011
52.310847 0.814688
52.342095 0.788903
52.373325 0.7501
52.404584 0.733911
52.435925 0.712633
52.467187 0.72757
52.498494 0.721061
52.529706 0.718307
52.561023 0.854742
52.592531 1.143884
52.623807 1.62245
52.655104 1.745533
52.686466 1.939046
52.717822 2.31539
52.749114 2.736127
52.780424 3.034949
52.811724 3.883183
52.843267 4.159474
52.874522 4.185843
52.905838 3.89862
52.937045 3.314328
52.968297 3.020846
52.999602 2.830338
53.030812 2.346181
53.062116 1.929366
53.093351 1.777076
53.124622 1.765561
53.155858 1.763308
53.187117 1.903414
53.218445 2.052283
53.249654 2.126049
53.280901 2.174699
53.312201 2.146577
53.343497 2.218341
53.374809 2.208495
53.406194 2.182209
53.437512 2.268242
53.46874 2.317893
53.500033 2.321481
53.531326 2.402257
53.562561 2.130973
53.603978 2.332997
53.635236 2.479863
53.666473 2.388572
53.697703 2.253639
53.72893 2.179706
53.760181 1.9423
53.791501 1.621615
53.822751 1.237678
53.854038 1.201379
53.885301 1.189363
53.916766 1.230669
53.948193 1.063108
53.979438 1.094317
54.010796 1.185274
54.042048 1.280987
54.073354 1.32004
54.104674 1.313197
54.136037 1.309442
54.167442 1.29826
54.198629 1.162827
54.229796 1.148223
54.260999 1.181352
54.292259 1.14305
54.323617 1.188361
54.354999 1.12127
54.386433 1.050925
54.417975 0.962972
54.449396 1.032817
54.480907 1.045918
54.512427 1.006782
54.54391 0.959801
54.575539 0.971484
54.607084 0.875604
54.638731 0.858664
54.670344 0.821447
54.701914 0.796163
54.733574 0.776803
54.765143 0.77939
54.796775 0.742089
54.828417 0.745594
54.859911 0.739252
54.891261 0.674915
54.922608 0.651884
54.954238 0.662899
54.985629 0.693523
55.016973 0.742006
55.048278 0.727736
55.07995 0.708127
55.111646 0.74985
55.143118 0.74985
55.174833 0.761449
55.206523 0.70846
55.238278 0.852155
55.26987 0.879859
55.301573 0.870263
55.333372 0.877189
55.365034 0.899136
55.396454 0.916326
55.42803 0.950288
55.45951 1.161658
55.490849 1.591241
55.522208 1.77232
55.553569 1.926612
55.584964 2.670538
55.616187 3.285288
55.637274 3.921735
55.668525 4.371678
55.699792 4.528558
55.731115 4.776477
55.762392 5.313539
55.79362 5.695223
55.824825 6.274759
55.856032 7.001745
55.887453 7.347548
55.918756 7.377839
55.950045 6.723952
55.98139 6.056129
56.012735 5.532419
56.044025 4.875695
56.075315 4.372513
56.106557 3.914225
56.137887 3.314745
56.169155 3.027856
56.200483 2.880573
56.231845 2.240037
56.263144 1.333391
56.335249 1.265132
56.366514 1.365351
56.397761 1.366186
56.429342 1.463067
56.460635 1.497781
56.491916 1.457393
56.5232 1.251697
56.554374 1.138794
56.585607 1.162075
56.616815 1.250195
56.648071 1.321542
56.679301 1.28591
56.710581 1.259875
56.742036 1.192367
56.773393 1.102745
56.804589 1.20238
56.83585 1.218986
56.867059 1.125526
56.898275 1.123774
56.929507 1.071786
56.950558 1.128113
56.981987 1.098239
57.01343 1.068031
57.04477 0.986254
57.07601 1.00795
57.107324 0.892877
57.138686 0.911819
57.170149 0.878107
57.201362 0.854992
57.232703 0.857412
57.253794 0.844979
57.285098 0.865173
57.316318 0.892543
57.347535 0.845479
57.378812 0.881862
57.410082 0.890541
57.441383 0.831878
57.472655 0.714802
57.503972 0.736999
57.535204 0.758528
57.566497 0.766038
57.597791 0.787401
57.629022 0.78448
57.660268 0.834631
57.691552 0.841224
57.722875 0.849318
57.754246 0.911486
57.785621 0.963556
57.816891 0.945365
57.848425 0.966644
57.87975 0.991845
57.911025 0.913572
57.942314 0.891709
57.973526 0.854992
58.005099 0.86317
58.036555 0.958299
58.067996 1.177597
58.099421 1.43094
58.130944 1.660668
58.162313 2.171778
58.193734 2.657771
58.224987 2.726614
58.256248 2.950835
58.287762 3.101205
58.3191 3.467369
58.350499 3.662049
58.381761 3.985571
58.413014 4.704296
58.444322 5.087232
58.47555 5.464744
58.506831 5.988287
58.538171 0.408637
59.180333 0.651466
59.212144 1.021134
59.24402 1.454472
59.275814 1.929199
59.307612 2.395415
59.339396 3.692674
59.371211 3.848719
59.403041 3.524279
59.434892 4.159891
59.466667 5.28717
59.498431 5.684459
59.529919 5.442047
59.561593 4.931104
59.593278 5.149233
59.624978 4.332041
59.656768 3.942263
59.688444 3.560996
59.720199 3.018677
59.751974 2.701663
59.783777 2.169191
59.815565 1.640558
59.847292 1.586067
59.879183 1.55127
59.910934 1.43603
59.942836 1.74762
59.974676 1.885306
60.006352 2.003049
60.038087 2.248466
60.069838 2.195978
60.101664 2.18563
60.133496 2.039265
60.165334 2.00113
60.197113 1.839911
60.228934 1.674687
60.260734 1.477921
60.292618 1.220822
60.324398 1.053929
60.356193 0.897634
60.388026 0.76003
60.419893 0.867009
60.451741 0.975656
60.483643 1.029229
60.515449 1.021802
60.547282 1.05493
60.579028 1.051676
60.610793 1.092064
60.642573 1.122772
60.674353 1.134955
60.706115 1.13821
60.737778 1.114845
60.769456 1.133537
60.801194 1.045918
60.832787 1.01087
60.864463 0.989675
60.89621 1.030147
60.927917 1.050674
60.959654 1.069533
60.991177 1.128363
61.022782 1.132035
61.05441 1.081466
61.085947 0.98617
61.128003 1.035737
61.159868 1.081633
61.191605 1.167082
61.223387 1.158738
61.255156 1.163578
61.287002 1.124024
61.318745 1.056015
61.35061 0.999689
61.382547 0.989925
61.414388 1.01037
61.435961 1.055514
61.467826 1.030981
61.499682 0.895464
61.53149 0.815689
61.563352 0.836801
61.595226 0.890123
61.627035 0.973987
61.658832 1.010787
61.690583 1.027226
61.722318 1.036238
61.754098 1.038408
61.785787 1.053678
61.817518 1.041662
61.849307 1.013624
61.880894 0.961303
61.912633 0.926339
61.944357 0.924253
61.975881 0.936686
62.007568 0.957298
62.039034 0.953125
62.070499 0.879108
62.10196 0.937771
62.133575 1.126527
62.165305 1.277732
62.197084 1.509213
62.228929 2.291107
62.260764 2.942907
62.292623 3.125822
62.324289 2.746307
62.366025 2.925801
62.397786 3.255665
62.429518 3.496158
62.461216 4.065263
62.493012 4.429924
62.524765 4.563605
62.556452 4.86443
62.587817 5.004036
62.61959 5.216741
62.65139 5.312538
62.683195 5.391979
62.715035 5.711579
62.746621 0.019276
63.337924 0.122666
63.369599 0.153958
63.401287 0.452947
63.433014 0.910902
63.464704 1.051175
63.496338 1.121938
63.527752 1.39656
63.559189 1.703977
63.590645 1.84133
63.622086 1.964914
63.653557 3.342449
63.685133 3.864073
63.716806 3.676068
63.748293 3.579854
63.779914 3.438746
63.811529 3.290545
63.843048 3.326344
63.874472 2.971112
63.906024 2.78995
63.937619 2.759492
63.969255 2.651929
64.00084 2.537858
64.032443 2.642834
64.064207 2.513992
64.095981 2.096593
64.148162 2.30863
64.179882 2.440559
64.231934 2.415859
64.263542 2.215003
64.295075 2.139568
64.326516 2.273249
64.357916 2.40885
64.389315 2.229189
64.420763 2.282094
64.452117 2.241373
64.483704 2.26916
64.514978 2.030837
64.546253 2.159094
64.577569 2.260649
64.609002 2.202153
64.640609 2.067887
64.671898 1.880049
64.703143 1.972842
64.734497 2.120292
64.76578 2.023494
64.797368 2.039015
64.828691 1.938879
64.86002 2.038347
64.891391 1.768982
64.922812 1.835572
64.95415 1.532077
65.005714 1.491606
65.037097 1.311445
65.068289 1.373112
65.09949 1.380455
65.130734 1.269805
65.162069 1.202964
65.193333 1.203215
65.224635 1.21665
65.255914 1.200628
65.287203 1.211559
65.318593 1.318788
65.349922 1.336979
65.381436 1.309108
65.412731 1.328217
65.444114 1.343405
65.475929 1.306772
65.507279 1.188361
65.538751 1.174342
65.570231 1.260375
65.601544 1.312947
65.63283 1.184356
65.664134 0.97866
65.746691 0.958132
65.778122 1.0082
65.809585 1.047921
65.840956 1.100659
65.872337 1.076626
65.903676 1.031315
65.935043 0.983333
65.966441 0.930345
65.987762 0.911736
66.019077 0.93193
66.050453 0.98083
66.081773 1.000106
66.11309 0.977492
66.144406 1.029646
66.175959 1.060354
66.207279 1.09198
66.238587 1.096153
66.269892 1.05735
66.30132 1.027727
66.332713 1.101744
66.364096 1.13312
66.395685 1.051008
66.427052 1.076793
66.458658 1.051259
66.490064 1.043248
66.521424 1.04475
66.552809 1.005947
66.584072 0.994765
66.61538 1.013374
66.646803 0.943028
66.67816 0.864171
66.709672 0.824284
66.741293 0.831043
66.772959 0.750935
66.804671 0.747013
66.83622 0.924921
66.867868 1.159155
66.899137 1.208555
66.930414 1.585066
66.961764 2.089834
66.993182 2.475857
67.024503 3.019177
67.055885 3.014922
67.087336 3.105378
67.11882 3.132832
67.15016 3.095781
67.181601 2.825331
67.212916 2.690231
67.244203 2.591097
67.275805 1.832151
67.307339 1.715242
67.338916 1.636719
67.370561 1.67402
67.402347 1.677107
67.434076 1.606178
67.465526 1.561117
67.497071 1.479506
67.528528 1.387131
67.559876 1.058435
67.591209 0.997018
67.622498 0.933015
67.654062 0.862503
67.685403 0.765037
67.716749 0.760447
67.748289 0.794577
67.779877 0.821113
67.811364 0.914657
67.842849 0.996267
67.874247 1.164829
67.905463 1.341235
67.936734 1.716661
67.968007 2.338755
67.999271 2.662193
68.030568 2.882909
70.304733 2.131974
70.336153 1.876711
70.367418 1.697385
70.398796 1.92753
70.430048 1.904916
70.461363 1.751375
70.492805 1.740026
70.524023 1.699304
70.555403 1.539587
70.586748 1.583063
70.61831 1.558697
70.649742 1.562368
70.680968 1.574218
70.712238 1.210474
70.743724 1.077044
70.775118 1.054012
70.806355 0.993931
70.827485 0.930094
70.85879 0.916326
70.890043 1.010954
70.921493 1.081383
70.952767 1.069867
70.98404 1.105082
71.015508 1.114428
71.046875 1.081967
71.07816 1.128613
71.109625 1.122105
71.141067 1.172006
71.172541 1.149141
71.203837 1.090228
71.235087 0.98375
71.266363 0.92709
71.297715 0.816273
71.329092 0.792407
71.360625 0.771546
71.392103 0.78448
71.423443 0.773382
71.454744 0.749099
71.486172 0.732076
71.517531 0.702035
71.548886 0.680589
71.58028 0.63219
71.611595 0.661981
71.643 0.657808
71.674619 0.679838
71.705996 0.682842
71.737555 0.686013
71.768918 0.709545
71.800283 0.720059
71.831863 0.701451
71.86319 0.706791
71.894481 0.702619
71.925772 0.728654
71.9571 0.734663
71.988716 0.845479
72.019988 0.92225
72.051535 0.955295
72.08287 0.979828
72.114165 1.011288
72.145658 1.064944
72.176893 1.139211
72.20813 1.216149
72.239398 1.356756
72.270766 1.439201
72.30208 1.439952
72.333529 1.437032
72.365094 1.448965
72.396466 1.56629
72.427721 1.57063
72.459121 1.515471
72.490421 1.406824
72.521683 1.312696
72.552924 1.039826
72.58419 0.960469
72.615451 0.861835
72.646946 0.840473
72.678363 0.849902
72.709709 0.830793
72.740962 1.001107
72.772463 1.130282
72.803712 1.233088
72.835163 1.516222
72.866379 1.806449
72.897677 1.863026
72.929055 1.898074
72.960321 1.971507
72.991543 2.011477
73.022754 1.837491
73.054098 1.820051
73.085431 1.605844
73.116742 1.478004
73.148082 1.307523
73.179352 1.211977
73.210655 1.137208
73.242116 1.204216
73.273342 1.162493
73.304677 1.128864
73.335971 0.97115
73.377427 1.236426
73.408625 1.534581
73.439908 1.753211
73.471384 1.913845
73.502645 2.029335
73.534094 1.892983
73.565412 1.891565
73.596946 2.221763
73.628169 2.889335
73.659641 2.501559
73.742006 3.090441
73.773521 3.708195
73.805117 2.91078
73.938228 3.357887
73.969488 3.665387
74.000808 3.228795
74.032132 3.018593
74.063433 2.938818
74.094732 2.741634
74.126195 2.735626
74.157495 2.799797
74.189013 2.964186
74.220509 3.133332
74.251887 2.502143
74.283156 2.049612
74.314631 2.013814
74.346032 1.978182
74.377276 2.332329
74.408555 2.965354
74.43988 3.214359
74.47123 3.263676
74.502507 3.074336
74.533658 2.741467
74.564902 2.799463
74.596453 3.027439
74.627787 3.194499
74.659087 2.943408
74.690499 2.745974
74.721799 2.345347
74.753021 2.220511
74.784281 2.077984
74.815735 2.076733
74.84709 2.04786
74.878394 1.82656
74.909741 1.783001
74.941041 1.555192
74.972273 1.497614
75.003482 1.470828
75.034795 1.35976
75.066059 1.228415
75.097579 1.174592
75.128721 1.044583
75.159901 0.920498
75.191235 0.794243
75.222564 0.753355
75.253832 0.727486
75.285091 0.690519
75.316633 0.725901
75.347929 0.730323
75.379209 0.707876
75.410714 0.795745
75.442146 0.928843
75.504176 1.321709
75.525478 1.607763
75.55691 1.503372
75.619095 1.681613
75.650465 2.097094
75.681829 2.486205
75.713147 2.894091
75.744551 3.090107
75.775927 3.234803
75.807335 3.315079
75.838988 3.718626
75.870398 4.119336
75.901766 4.027044
75.933157 3.941178
75.96447 3.956449
75.99568 4.188263
76.02695 4.352819
76.048038 4.332876
76.079544 4.374849
76.121317 4.350984
76.152559 2.01615
76.662667 2.310717
76.694014 2.533602
76.725483 2.713096
76.756787 3.299474
76.788137 3.504335
76.819471 2.999734
76.851058 2.950334
76.882586 2.883243
76.913875 3.179979
76.9454 2.724862
76.97667 2.260482
77.007963 1.92945
77.039479 1.869618
77.07069 1.937711
77.102122 1.516473
77.133445 1.535499
77.164965 1.669681
77.196346 1.752042
77.227709 2.019238
77.258979 2.242374
77.29027 2.430713
77.321561 2.777516
77.353024 2.929389
77.384432 2.936315
77.415776 2.610707
77.447181 2.717769
77.478412 2.65702
77.509906 2.532267
77.541151 2.319395
77.562233 1.957905
77.593565 1.658749
77.624992 1.67427
77.656541 1.488852
77.687828 1.309025
77.719086 1.223325
77.75037 1.340317
77.78167 1.429688
77.812951 1.544594
77.8443 1.452386
77.875504 1.339066
77.906723 1.34958
77.93791 1.361846
77.969222 1.182019
78.000493 1.270222
78.031841 1.367437
78.063035 1.216566
78.094318 1.144552
78.125566 1.153147
78.156855 1.233589
78.188067 1.382791
78.219351 1.478338
78.25061 1.434862
78.281926 1.393055
78.313187 1.442706
78.344573 1.469159
78.386124 1.463568
78.417378 1.456558
78.448739 1.459729
78.47999 1.358008
78.511241 1.32488
78.54249 1.188111
78.573783 1.259124
78.605084 1.28566
78.636493 1.096653
78.667676 1.119685
78.698911 1.159405
78.730153 1.166832
78.761419 1.151812
78.792699 1.146972
78.824012 1.249945
78.855271 1.249527
78.88647 1.279151
78.917657 1.287829
78.948914 1.287996
78.980219 1.2295
79.011521 1.256787
79.042827 1.233339
79.074079 1.216566
79.105383 1.153731
79.136651 1.117682
79.167918 1.020216
79.199524 0.954377
79.23083 0.980246
79.252207 1.102328
79.28373 1.073956
79.31536 1.270723
79.346785 1.366436
79.378416 1.638472
79.410022 1.78759
79.441532 1.768064
79.473266 1.907503
79.494578 2.228271
79.526328 2.494132
79.557926 2.677965
79.589683 2.628231
79.621266 3.244149
79.65296 3.593707
79.684392 3.772532
79.715868 3.940343
79.747329 3.599464
79.778986 3.486645
79.810465 3.019344
79.842111 2.636659
79.873792 2.348434
79.905173 2.381896
79.936643 2.241456
79.968088 2.153503
79.989697 2.095592
80.02115 2.041184
80.052472 1.65174
80.134783 1.607179
80.166129 1.577305
80.197435 1.434779
80.228693 1.297092
80.260022 1.200127
80.291463 1.222825
80.322776 1.304018
80.354062 1.403987
80.385344 1.477837
80.41694 1.551604
80.448367 1.454138
80.47967 1.41642
80.511098 1.37161
80.542375 1.354253
80.573628 1.359343
80.605013 1.379787
80.636334 1.290333
80.667903 1.273727
80.689021 1.303017
80.720302 1.370024
80.751646 1.760637
80.782963 2.092254
80.814276 2.270162
80.845478 2.122795
80.876776 2.314221
80.908097 2.721607
80.939374 2.883827
80.970936 2.978038
81.002207 3.020179
81.033522 3.042876
81.064773 3.18582
81.096172 3.474712
81.127418 3.361475
81.1588 3.685581
81.190027 3.791642
81.221375 4.015862
81.252648 4.030966
81.283886 4.162895
81.315392 4.24
81.346879 3.908801
81.388357 4.063093
81.419574 4.034888
81.450867 2.909278
81.482315 2.32048
81.513521 2.20232
81.544773 2.048778
81.57601 1.794683
81.607238 1.507878
81.638575 1.316618
81.669743 1.184356
81.700975 1.223158
81.732375 1.276314
81.763614 1.326382
81.795057 1.337563
81.826328 1.340901
81.857632 1.227915
81.878751 1.191365
81.90996 1.265716
81.941203 1.494276
81.972501 1.309525
82.013907 1.548433
82.045186 1.859688
82.076405 1.87329
82.107638 1.919436
82.138836 1.735687
82.170067 1.78976
82.201328 1.749205
82.232702 1.600754
82.264054 1.449632
82.295375 1.359844
82.32695 1.270389
82.358256 1.086473
82.450626 1.064193
82.481837 0.97841
82.513042 0.957548
82.534282 0.903475
82.61655 0.918412
82.647781 1.136624
82.679131 1.536834
82.710606 1.56095
82.741996 1.589989
82.77315 1.574635
82.804455 1.531577
82.825564 1.492774
82.856949 1.448881
82.888537 1.468074
82.919869 1.500785
82.951143 1.510298
82.982617 1.538753
83.013981 1.571965
83.045283 1.697051
83.076626 1.689291
83.107861 1.76239
83.139129 1.721167
83.170387 1.590073
83.201724 1.797521
83.233073 1.843917
83.264364 1.809787
83.295615 1.702141
83.326864 1.690292
83.358365 1.566791
83.389661 1.451218
83.420923 1.323628
83.452311 1.295423
83.483563 1.274144
83.514782 1.142299
83.546312 1.095736
83.577772 1.122021
83.609238 1.107919
83.640689 1.011204
83.672019 0.923252
83.703361 0.90239
83.724452 0.859415
83.755784 0.921416
83.787091 0.878107
83.818406 0.827038
83.85003 0.805926
83.881547 0.763785
83.91294 0.795412
83.944351 0.93218
83.975779 1.074707
84.007175 1.391136
84.038658 1.737022
84.070043 1.927363
84.101475 2.17086
84.1327 2.342092
84.164045 1.974093
84.215858 2.230608
84.247172 2.566564
84.278479 2.852118
84.309822 2.795541
84.402407 3.323173
84.433748 4.097223
84.465076 4.047489
84.5067 4.171073
84.538149 4.058921
84.569426 2.442729
84.61089 2.343428
84.642223 2.399587
84.66334 2.445232
84.714988 2.516663
84.746255 1.63697
84.77765 1.442205
84.808964 1.323795
84.840234 1.168751
84.871448 1.331055
84.902658 1.396393
84.933863 1.406741
84.965065 1.781415
84.996377 2.402091
85.017388 2.579498
85.048624 2.672207
85.079894 2.469849
85.111262 2.41611
85.142525 2.405095
85.173784 2.422702
85.205049 2.63065
85.2363 2.615547
85.267512 2.569234
85.298742 2.713263
85.329999 2.874481
85.361193 2.668452
85.392476 2.431297
85.423719 2.206242
85.45494 2.306044
85.486188 2.30596
85.517479 2.070808
85.548735 2.170526
85.579976 2.054619
85.611185 2.022659
85.642387 1.612102
85.673596 1.540756
85.704831 1.407492
85.736048 1.485764
85.767319 1.489853
85.798593 1.430189
85.829863 1.410079
85.861234 1.35734
85.892552 1.348578
85.923942 1.390719
85.955192 1.456809
85.986704 1.523816
86.017948 1.60551
86.049197 1.577305
86.080623 1.480424
86.111893 1.525819
86.143167 1.527154
86.174612 1.607012
86.205921 1.748454
86.237356 1.621532
86.268778 1.604092
86.289907 1.398813
86.3213 1.290082
86.352827 1.093399
86.384098 1.150977
86.415377 1.168167
86.446625 1.157319
86.477895 1.12878
86.509304 1.037657
86.54079 0.871014
86.572129 0.843644
86.593235 0.831294
86.624765 0.768959
86.656186 0.794243
86.687479 0.771212
86.718793 0.810348
86.760515 0.816857
86.791929 0.87043
86.823346 0.942277
86.854628 1.081383
86.885908 1.136374
86.917358 1.520395
86.948596 1.916432
86.979872 2.189886
87.011151 2.51249
87.042702 2.762246
87.073937 2.417695
87.11545 2.903604
87.146692 3.567337
87.177855 3.965294
87.209094 4.581212
87.240365 4.757034
87.271793 5.163669
87.30308 5.41476
87.334316 2.409183
87.487676 2.338171
87.519069 2.0895
87.550357 1.815128
87.581664 1.667261
87.613247 1.111924
87.644707 1.472163
87.676068 1.659333
87.707415 1.962995
87.738763 2.216255
87.770056 2.323317
87.801732 2.700579
87.833014 3.912556
87.864306 3.884935
87.895587 4.14946
87.926926 3.636848
87.95828 3.733897
87.98958 4.472732
88.021017 4.652976
88.052484 4.284727
88.104301 4.245674
88.135666 4.374849
88.166963 4.246759
88.198277 4.123258
88.229481 4.057085
88.260715 4.07586
88.292027 3.257
88.323283 2.699744
88.354905 2.705001
88.38644 2.339422
88.417932 2.188301
88.449206 1.913094
88.480501 1.853847
88.511847 1.891148
88.543097 1.785254
88.574609 1.609683
88.605983 1.64982
88.637211 1.633799
88.668636 1.604342
88.700291 1.424098
88.731706 1.619112
88.763161 1.678359
88.794661 1.650655
88.826243 1.616358
88.857894 1.515305
88.889301 1.413416
88.920891 1.313531
88.952568 1.193034
88.984044 1.153314
89.015433 1.097989
89.046915 1.048505
89.078636 0.91257
89.110442 0.85783
89.142307 0.792741
89.174154 0.631105
89.206035 0.69102
89.237874 0.772714
89.269694 0.778388
89.301439 0.790405
89.333208 0.821697
89.364995 0.829207
89.396911 0.828289
89.428878 0.837719
89.46068 0.845563
89.492032 0.850319
89.523278 0.801837
89.554893 0.788152
89.586601 0.88278
89.618523 0.906062
89.650301 1.14547
89.671942 1.630878
89.703706 1.621866
89.745638 2.42362
89.777487 3.332602
89.809327 3.786635
89.841136 4.122424
89.87301 4.229152
89.90492 4.085373
89.936654 4.099893
89.968379 3.794145
90.000212 3.343617
90.032118 3.388762
90.06392 3.403115
90.095804 2.552711
90.127608 2.086496
90.159398 2.284932
90.191089 2.245211
90.222803 2.305126
90.254574 2.172946
90.286392 2.294528
90.318173 2.32557
90.35 2.193808
90.381939 2.035677
90.413857 2.019238
90.445754 1.873207
90.477673 1.61761
90.50954 1.5365
90.541384 1.437783
90.573226 1.31253
90.605031 1.178765
90.63683 1.171338
90.668583 1.16775
90.700389 0.991761
90.732 0.955462
90.763538 0.957632
90.795147 0.973236
90.826666 0.997853
90.858265 1.065111
90.88997 1.08639
90.921753 1.103246
90.95355 1.158654
90.985314 1.214563
91.017102 1.210057
91.048907 1.32246
91.080803 1.362848
91.112732 1.414084
91.144534 1.310527
91.176299 1.236343
91.208178 1.22683
91.239987 1.182854
91.271762 1.122272
91.303547 1.001691
91.335298 0.944113
91.367108 0.962054
91.398962 0.935018
91.430774 1.05493
91.462574 1.265382
91.494447 1.483762
91.526276 1.910924
91.558109 2.235031
91.589818 2.683639
91.621469 3.153192
91.653362 3.727555
91.685168 3.705942
91.717006 3.924739
91.748814 4.63562
91.780627 5.131292
91.812713 5.476677
91.844598 5.68521
91.87642 6.227862
91.908236 6.482458
91.939928 6.35904
91.971693 0.063335
92.258209 0.173652
92.290014 0.500345
92.321923 0.8116
92.353582 1.180517
92.38509 2.014315
92.416633 2.575409
92.448161 2.597606
92.479946 3.005492
92.511577 3.436493
92.542975 3.973722
92.574474 4.23057
92.60622 4.666244
92.637864 4.715979
92.669319 4.706299
92.700963 4.514122
92.732723 4.413402
92.764503 4.181253
92.796077 4.128515
92.827755 3.941094
92.859578 3.698682
92.891365 3.500163
92.923088 3.47805
92.954844 2.864885
92.986175 2.692317
93.017999 2.589595
93.049896 2.454578
93.081673 2.324402
93.113385 2.121376
93.14509 1.855266
93.176712 1.691794
93.208203 1.575469
93.239696 1.471161
93.271382 1.452553
93.303006 1.440787
93.334525 1.333642
93.366056 1.180601
93.397655 1.058852
93.429356 0.927925
93.471369 0.937604
93.503196 0.895214
93.534768 0.901055
93.566243 0.946199
93.597779 0.849151
93.629366 0.825619
93.661026 0.851738
93.692721 1.023471
93.724363 1.165914
93.755923 1.008868
93.797785 1.092147
93.829428 1.38421
93.861132 1.606762
93.892832 1.862859
93.924343 2.180457
93.955971 2.558302
93.987385 3.056228
94.018973 3.246068
94.050755 3.695845
94.082424 3.914475
94.11417 3.919148
94.145877 4.272627
94.177488 4.850244
94.208927 5.249786
94.240609 5.423104
94.272295 5.465579
94.303861 0.490915
94.610759 0.989341
94.672896 1.195371
94.694241 1.277649
94.725473 1.600837
94.75688 2.02099
94.788162 2.434635
94.819541 2.952337
94.851001 3.370487
94.882599 3.560411
94.913938 3.728222
94.945517 3.650617
94.976783 3.511929
95.008123 3.403115
95.039499 3.246486
95.070819 2.909028
95.102415 2.994477
95.13393 2.818822
95.165402 2.373635
95.196707 2.23937
95.2279 1.899075
95.2592 1.859271
95.290529 1.923191
95.32202 1.882636
95.35324 1.933038
95.384536 1.820385
95.446565 2.024662
95.47812 2.045941
95.509495 2.063798
95.54084 2.039766
95.572466 1.902329
95.604154 1.855599
95.635533 1.830315
95.667008 1.487851
95.698284 1.413834
95.729648 1.573801
95.761017 1.437699
95.792312 1.424849
95.823741 1.35225
95.855196 1.413166
95.886527 1.593244
95.91782 1.710653
95.938974 1.743865
95.970578 1.536834
96.001879 1.669096
96.033189 1.787507
96.064626 1.679027
96.096267 1.507544
96.137905 1.535248
96.169374 1.513969
96.201021 1.316034
96.232468 1.134121
96.263832 1.28107
96.295047 1.434612
96.326342 1.304769
96.357706 1.224243
96.388982 1.17526
96.420414 1.161575
96.451888 1.291334
96.483385 1.280903
96.514715 1.352083
96.545946 1.356256
96.577255 1.274311
96.608607 1.069867
96.639872 1.109004
96.671525 1.171505
96.702785 1.275146
96.734035 1.31011
96.76535 1.353168
96.796635 1.308941
96.828089 1.287078
96.849184 1.2169
96.880538 1.166582
96.911815 1.228165
96.943123 1.234173
96.974564 1.203215
97.005876 1.106417
97.03711 1.067113
97.068465 1.027143
97.099771 1.229333
97.131111 1.510715
97.152178 1.62028
97.183455 2.075898
97.214739 2.619886
97.246026 2.968692
97.277266 3.286457
97.308838 3.067576
97.340326 3.196167
97.371638 3.108549
97.40299 2.874481
97.434278 2.476441
97.465568 2.275836
97.496876 1.733684
97.528197 1.2537
97.559463 1.188278
97.590717 1.054763
97.622183 1.161158
97.65355 1.275146
97.684862 1.340901
97.716098 1.28833
97.747474 1.159739
97.778742 1.254451
97.809983 0.0
97.902728 1.257455
97.934023 1.532495
97.965265 1.572799
97.996842 1.486766
98.028137 1.454555
98.059487 1.473414
98.090754 1.431274
98.122032 1.372277
98.153246 1.398646
98.184718 1.428103
98.215993 1.389467
98.24748 1.107335
98.278739 1.142632
98.310242 1.240265
98.341528 1.384294
98.372824 1.396811
98.404093 1.370942
98.435493 1.367771
98.466732 1.411664
98.498242 1.535665
98.519334 1.550185
98.550765 1.656997
98.58205 1.642978
98.613323 1.604092
98.644584 1.595664
98.675943 1.532161
98.707228 1.462066
98.738732 1.508545
98.770139 1.580727
98.801527 1.485848
98.832784 1.557862
98.864101 1.74036
98.895408 1.990032
98.926747 2.408099
98.958208 2.663528
98.989479 2.794039
99.020843 2.694487
99.052129 2.75774
99.083372 2.67204
99.114675 2.600026
99.135946 2.487373
99.16727 2.245378
99.198666 1.937544
99.229974 1.339316
99.261357 1.104915
99.292657 1.134955
99.324035 1.23434
99.355288 1.258456
99.386496 1.258456
99.417854 1.457309
99.439002 1.585149
99.470272 1.599752
99.501655 1.641225
99.532995 1.65224
99.564525 1.577305
99.59601 1.62245
99.627434 1.540255
99.658994 1.447963
99.690206 1.423013
99.721545 1.228332
99.75286 1.148557
99.784204 1.073205
99.815823 0.975406
99.847308 0.963306
99.878677 0.900387
99.910208 0.854659
99.941617 0.825536
99.972875 0.786733
100.004274 0.728654
