1e-06 349.535
0.031957 364.109
0.06389 358.564
0.187683 356.195
0.219553 355.432
0.251429 362.248
0.313979 371.365
0.345837 373.648
0.398118 367.902
0.521745 364.423
0.553573 368.03
0.595693 364.548
0.627688 365.237
0.659648 369.433
0.711996 371.789
0.743905 371.599
0.775891 363.601
0.879132 362.846
0.921265 368.455
0.973536 366.593
1.005509 369.321
1.037317 371.329
1.069178 375.425
1.121294 375.406
1.183741 374.711
1.246063 366.411
1.298206 354.445
1.330054 353.373
1.36196 356.111
1.404016 358.769
1.435871 367.312
1.467706 371.536
1.509752 365.395
1.541787 367.523
1.573803 364.682
1.605669 362.854
1.657902 358.788
1.689866 358.316
1.721686 358.527
1.784111 358.708
1.815993 355.114
1.847779 354.472
1.879718 348.942
1.91154 345.951
1.963783 346.239
2.016141 347.257
2.047993 349.305
2.079909 350.926
2.111715 352.865
2.143583 357.527
2.175438 359.287
2.217473 363.217
2.269751 363.86
2.301635 363.374
2.333435 361.061
2.365381 360.866
2.407429 358.636
2.439256 360.263
2.460918 360.215
2.492823 356.418
2.524673 356.449
2.556588 353.031
2.588584 353.915
2.620427 354.798
2.662536 353.878
2.694436 356.817
2.726331 356.61
2.758073 357.0
2.789805 360.427
2.821551 362.401
2.85329 363.257
2.884984 363.256
2.916874 363.785
2.948719 366.089
2.980489 367.191
3.012415 366.129
3.044206 367.69
3.075976 366.865
3.107772 365.117
3.13951 365.103
3.171295 363.178
3.203053 364.345
3.234715 364.303
3.26658 363.474
3.298289 363.227
3.329975 360.7
3.361819 360.439
3.393528 361.044
3.425188 361.149
3.456879 361.699
3.488696 363.385
3.520387 359.582
3.552266 357.917
3.584143 357.564
3.615983 356.297
3.647712 355.253
3.679527 357.792
3.711363 357.491
3.743085 356.558
3.775004 355.734
3.806802 354.018
3.838465 350.763
3.870268 350.52
3.901965 350.043
3.933708 347.546
3.975872 346.609
4.007753 345.131
4.039683 343.267
4.071537 340.33
4.123736 334.283
4.155492 331.876
4.217813 332.102
4.239374 334.813
4.271086 340.118
4.302882 341.587
4.33466 343.092
4.36631 346.635
4.397988 351.229
4.429761 352.251
4.461472 351.932
4.493148 351.58
4.524875 350.945
4.556729 350.448
4.588623 352.843
4.620347 351.164
4.652009 347.495
4.683705 347.277
4.715285 342.82
4.747017 343.704
4.77888 344.083
4.810668 345.255
4.842475 345.824
4.874162 341.62
4.905689 342.787
4.937493 347.151
4.969341 344.067
5.001044 346.623
5.032945 347.746
5.064811 351.841
5.096591 351.019
5.118254 350.072
5.150084 346.266
5.181893 346.108
5.213753 346.964
5.245426 345.947
5.277299 342.752
5.309129 341.576
5.340891 341.457
5.37273 341.618
5.40468 336.916
5.436631 336.429
5.468504 335.001
5.500317 333.108
5.532122 327.726
5.56403 328.001
5.595939 323.751
5.627644 322.871
5.659373 320.788
5.691019 322.61
5.722973 324.818
5.744559 325.879
5.786607 326.399
5.81853 328.824
5.850447 328.394
5.882136 327.357
5.913892 330.333
5.945655 330.936
5.977416 335.516
6.009187 336.263
6.041087 337.428
6.072971 338.336
6.104925 341.699
6.136829 335.932
6.168617 336.373
6.200551 336.815
6.232464 341.001
6.264356 342.909
6.296219 338.945
6.328011 341.378
6.359735 344.997
6.401731 345.287
6.433544 341.082
6.465277 339.21
6.497116 335.255
6.528904 328.975
6.560823 325.967
6.59264 325.655
6.624496 329.109
6.656343 331.013
6.688107 328.008
6.719886 325.043
6.75187 327.364
6.783788 325.405
6.815647 326.551
6.847476 326.378
6.879362 326.588
6.911088 327.121
6.942879 326.643
6.97462 327.69
7.006317 334.017
7.068749 332.547
7.100555 332.229
7.13257 331.149
7.164368 331.242
7.196186 330.757
7.227949 330.305
7.259844 328.686
7.29163 333.363
7.323525 333.792
7.355276 332.07
7.387017 332.613
7.418797 330.847
7.450567 329.641
7.48231 331.603
7.514136 329.082
7.545837 328.416
7.577692 323.26
7.609578 324.622
7.641419 327.808
7.673305 328.979
7.705083 328.074
7.726744 324.184
7.758484 328.409
7.790242 326.87
7.822086 322.413
7.8539 327.217
7.885704 327.714
7.917601 336.495
7.949418 336.644
7.981235 338.661
8.012986 333.49
8.045035 331.991
8.077054 329.231
8.108934 322.558
8.140884 319.967
8.172762 319.956
8.204668 321.801
8.236539 317.813
8.268447 320.926
8.300302 320.921
8.332102 324.166
8.363944 326.413
8.395714 324.352
8.427555 322.73
8.459355 323.47
8.491207 328.507
8.522988 327.451
8.55489 332.238
8.586737 330.09
8.618525 326.356
8.650418 331.069
8.682235 320.423
8.714098 320.343
8.746049 320.002
8.767846 324.481
8.809915 321.965
8.84153 321.484
8.87327 319.205
8.905037 318.51
8.936787 322.35
8.968659 320.769
9.000356 316.99
9.032203 318.095
9.064144 320.623
9.095897 326.845
9.127741 327.861
9.159503 327.489
9.191536 320.707
9.223524 323.347
9.255528 321.322
9.28758 325.278
9.319597 326.077
9.351702 323.356
9.38367 322.529
9.415704 322.997
9.447736 325.806
9.479774 329.474
9.511893 325.177
9.543879 322.548
9.575939 321.73
9.608008 315.975
9.640017 312.692
9.672045 312.879
9.703963 314.113
9.735905 315.693
9.767752 314.342
9.799611 311.059
9.831518 315.689
9.863403 323.709
9.89522 324.4
9.926974 325.888
9.958813 325.718
9.990644 318.29
10.022498 326.656
10.054423 328.143
10.086321 328.852
10.118161 320.748
10.16012 319.251
10.192089 317.365
10.223978 316.343
10.255956 321.792
10.287788 323.211
10.319585 325.689
10.351456 325.407
10.383212 321.895
10.4151 325.995
10.446954 325.429
10.478808 317.397
10.51076 315.631
10.542557 323.382
10.574468 323.815
10.606378 321.99
10.638226 317.835
10.67008 322.005
10.702009 321.332
10.733988 322.559
10.76597 320.668
10.787755 322.286
10.819676 324.15
10.922808 323.573
10.954657 322.707
10.986525 323.66
11.01834 327.603
11.05022 321.46
11.082073 327.263
11.113914 323.541
11.145812 325.346
11.177744 323.324
11.209628 328.478
11.241497 327.564
11.273334 319.89
11.305183 324.675
11.337028 331.015
11.368859 320.35
11.400694 318.766
11.432519 316.923
11.464133 317.528
11.495916 322.585
11.527863 320.301
11.559803 315.836
11.581513 311.862
11.613305 312.283
11.645077 314.822
11.676888 328.97
11.708759 329.496
11.740653 318.857
11.772516 316.896
11.804378 314.147
11.836224 313.185
11.868102 311.709
11.899837 311.511
11.931678 313.46
11.963472 313.023
11.995238 315.103
12.027006 315.119
12.058869 322.824
12.090653 325.841
12.122528 320.178
12.154391 319.102
12.18615 324.831
12.217915 327.048
12.249748 324.456
12.281588 322.637
12.31338 326.969
12.34527 326.767
12.377141 322.851
12.409044 320.199
12.440966 321.068
12.472836 318.776
12.504692 320.267
12.536436 319.37
12.568289 318.409
12.600166 322.053
12.631983 315.286
12.663752 317.793
12.69554 320.538
12.727282 321.963
12.759045 322.279
12.790966 321.357
12.822822 323.376
12.854688 322.38
12.886553 320.655
12.918408 321.186
12.950317 323.353
12.982125 321.474
13.013906 317.623
13.045712 316.442
13.07764 317.996
13.109536 320.786
13.141427 319.303
13.173283 315.861
13.205165 316.119
13.237081 313.141
13.268962 312.528
13.300813 318.093
13.332781 320.79
13.364643 319.942
13.396443 325.335
13.42836 318.318
13.460166 321.639
13.491984 324.262
13.523739 324.148
13.555609 323.398
13.58746 322.975
13.619316 325.167
13.651204 324.526
13.683064 323.4
13.714865 315.901
13.746687 314.828
13.778592 311.814
13.810446 311.337
13.842294 312.378
13.874032 317.09
13.90585 319.053
13.927549 318.643
13.959442 313.808
13.991235 312.271
14.023105 313.563
14.054846 310.842
14.086659 310.744
14.118438 320.24
14.150254 325.316
14.182145 319.446
14.214072 317.442
14.245999 319.231
14.277855 322.619
14.309706 324.35
14.341579 327.136
14.373496 320.955
14.405315 320.429
14.437161 324.643
14.469118 321.389
14.501068 319.151
14.532962 314.434
14.564847 315.88
14.596648 314.868
14.628404 314.349
14.660368 311.801
14.692235 308.648
14.724076 319.105
14.755867 319.07
14.787697 318.45
14.819543 318.644
14.851407 316.437
14.883166 311.921
14.915104 314.031
14.946975 312.157
14.978767 312.538
15.010531 315.859
15.042348 318.574
15.094497 319.304
15.126423 326.209
15.15843 325.498
15.190331 321.121
15.222228 322.89
15.254151 320.168
15.286001 318.428
15.317862 320.964
15.349705 320.982
15.381573 326.087
15.413444 316.806
15.445361 315.763
15.477188 326.284
15.509056 320.929
15.540855 324.753
15.572775 326.176
15.604674 325.034
15.636523 322.828
15.668373 322.95
15.700178 320.2
15.731959 315.384
15.76372 314.149
15.795518 311.393
15.827307 313.314
15.859159 312.097
15.890971 314.759
15.922797 323.959
15.954606 325.198
15.986359 324.388
16.0182 328.243
16.049944 331.63
16.081773 323.052
16.113533 318.939
16.145304 312.593
16.177083 316.433
16.208886 314.995
16.240726 314.97
16.272592 317.474
16.304463 319.232
16.336246 318.16
16.368042 318.577
16.399875 319.909
16.43173 322.017
16.463556 320.247
16.495344 318.794
16.527199 317.823
16.559116 314.072
16.590969 316.076
16.622862 319.666
16.654777 320.317
16.686676 320.058
16.718508 321.036
16.75034 322.214
16.782195 324.311
16.814015 323.911
16.84583 325.479
16.87761 325.641
16.929767 324.008
16.961584 323.773
16.993453 322.617
17.025332 320.543
17.057187 321.409
17.089133 320.304
17.121048 320.187
17.152987 323.389
17.184803 322.08
17.216728 320.569
17.248507 320.826
17.280389 320.626
17.312415 321.167
17.344356 318.71
17.376242 320.794
17.408179 320.591
17.44011 320.364
17.47203 325.481
17.503904 318.647
17.535748 322.507
17.567651 321.632
17.599528 325.69
17.631459 324.379
17.663343 325.547
17.695283 333.694
17.727149 324.383
17.759016 320.952
17.790964 320.324
17.822836 316.842
17.854754 318.92
17.886574 317.366
17.918482 314.429
17.940106 313.081
17.971933 317.535
18.024139 315.358
18.056039 315.928
18.087921 316.255
18.119745 317.609
18.151614 321.551
18.183483 323.31
18.215324 323.517
18.247163 324.749
18.279 325.378
18.31075 324.709
18.342416 323.113
18.374082 321.114
18.405824 326.306
18.437643 325.19
18.469401 319.716
18.501093 328.565
18.532913 313.974
18.56471 322.887
18.596525 328.852
18.628282 330.898
18.659916 321.12
18.691622 314.795
18.723403 310.63
18.75521 317.243
18.78728 313.665
18.819173 316.464
18.850927 315.649
18.882631 313.79
18.914319 322.251
18.94597 322.926
18.987932 318.023
19.019726 320.519
19.051327 319.124
19.082983 311.588
19.114843 319.234
19.14644 323.043
19.178091 317.622
19.209728 319.436
19.241415 326.634
19.273147 323.94
19.304887 321.126
19.336651 324.334
19.368505 325.931
19.400153 326.087
19.431951 323.678
19.463638 324.465
19.495255 320.998
19.5268 324.891
19.558505 320.897
19.590398 319.494
19.622151 319.085
19.653954 315.753
19.685715 316.214
19.717343 314.817
19.749056 318.4
19.780834 324.446
19.812658 322.922
19.844606 322.242
19.876358 327.912
19.907969 321.663
19.939639 318.798
19.971305 319.422
20.002976 318.356
20.034617 321.724
20.066274 320.122
20.098132 315.168
20.129926 314.739
20.151308 315.939
20.182991 315.985
20.214693 321.899
20.256656 321.6
20.288458 320.66
20.320291 319.684
20.351961 323.528
20.383718 319.692
20.415598 315.597
20.447691 315.483
20.479495 314.315
20.511165 324.695
20.542782 321.614
20.574765 325.833
20.606657 319.157
20.638376 318.742
20.670068 325.206
20.701855 321.823
20.733621 329.684
20.765395 322.744
20.797166 319.059
20.828783 317.187
20.860567 316.607
20.892289 318.008
20.923982 316.245
20.955723 316.942
20.987343 317.408
21.018993 316.706
21.050623 317.871
21.082168 311.06
21.113975 311.171
21.145654 325.586
21.177253 324.469
21.208942 328.921
21.240764 321.398
21.272552 321.188
21.304441 325.342
21.336364 314.871
21.368122 315.46
21.39994 327.939
21.431644 326.097
21.463321 327.615
21.525665 322.02
21.557442 316.778
21.589339 317.558
21.620986 315.384
21.652764 317.861
21.684447 317.073
21.716285 317.802
21.74807 319.175
21.779858 321.408
21.811628 319.932
21.843385 318.083
21.875095 319.289
21.906721 318.585
21.938425 318.607
21.970011 319.139
22.001683 318.266
22.033396 321.744
22.065047 323.307
22.096839 324.423
22.128737 322.424
22.160437 320.376
22.192172 325.406
22.223843 326.155
22.255452 322.691
22.287114 321.424
22.318688 331.287
22.350259 331.995
22.381852 329.665
22.413423 323.45
22.445085 319.3
22.477053 318.723
22.50866 313.557
22.540343 313.047
22.572082 313.96
22.603778 313.55
22.635567 312.868
22.667237 312.699
22.698947 313.497
22.720544 308.343
22.75215 311.748
22.783837 320.667
22.815521 325.46
22.847113 323.378
22.878858 319.095
22.910503 321.374
22.942371 317.837
22.974086 322.254
23.005672 325.18
23.037341 320.72
23.068903 317.943
23.100603 319.423
23.132579 316.205
23.164356 312.928
23.195873 315.035
23.227605 311.676
23.259255 314.146
23.290977 316.399
23.322747 313.387
23.354444 313.561
23.386199 323.638
23.417918 324.236
23.4495 321.164
23.481153 318.575
23.512956 319.401
23.5447 316.746
23.576562 320.531
23.608398 318.023
23.640062 316.246
23.671854 316.422
23.70366 320.012
23.735322 316.675
23.76715 314.498
23.798852 316.685
23.830582 335.609
23.862368 338.231
23.894021 324.609
23.925719 320.405
23.957422 325.299
23.989006 322.222
24.020744 322.775
24.052537 323.425
24.084203 325.308
24.116063 324.813
24.147921 318.662
24.179759 320.848
24.211552 314.24
24.243202 318.445
24.274913 310.928
24.306719 308.535
24.338541 320.097
24.370226 318.228
24.401954 319.487
24.433573 317.831
24.465094 320.317
24.496717 318.393
24.518067 317.897
24.549566 318.535
24.581285 319.083
24.612983 319.007
24.644637 317.965
24.676331 318.401
24.707997 321.26
24.73956 320.478
24.771451 319.153
24.803453 320.617
24.835507 321.55
24.86757 323.574
24.899556 320.278
24.931519 317.886
24.963462 316.699
24.995501 317.573
25.027458 315.27
25.059237 315.622
25.090994 314.692
25.12291 313.586
25.154759 326.636
25.186581 325.748
25.218376 330.033
25.239871 321.694
25.271723 323.191
25.303599 331.809
25.335417 311.154
25.367105 319.684
25.39893 317.03
25.430939 319.64
25.462819 318.973
25.494735 315.206
25.526567 313.444
25.558379 312.949
25.590247 316.7
25.622065 315.838
25.653872 313.656
25.685684 313.56
25.717573 314.02
25.749393 313.762
25.781224 315.063
25.813082 314.631
25.844988 315.924
25.876817 322.596
25.908641 313.164
25.940533 319.386
25.97237 320.611
26.004206 315.635
26.036041 322.422
26.067857 313.959
26.099725 323.573
26.131666 320.277
26.153218 316.927
26.185015 319.964
26.216814 317.045
26.248704 312.315
26.280555 311.589
26.312288 310.021
26.344034 309.994
26.375865 310.857
26.407778 308.467
26.439506 309.381
26.471353 312.577
26.503211 319.006
26.535046 319.332
26.566924 328.271
26.598768 328.627
26.630603 316.063
26.662398 327.27
26.694171 319.526
26.725938 311.774
26.757832 321.801
26.789594 319.571
26.821391 322.096
26.853231 316.323
26.885062 319.57
26.916966 324.85
26.948871 319.97
26.980698 318.915
27.002183 321.253
27.034084 315.629
27.065857 315.311
27.097692 312.018
27.129461 313.998
27.16136 318.681
27.193164 318.105
27.225002 319.667
27.2568 313.174
27.288721 312.701
27.320612 313.347
27.352497 313.365
27.384341 314.459
27.41629 312.959
27.448134 311.267
27.480074 313.001
27.511936 314.401
27.543757 316.026
27.575686 315.396
27.607536 317.644
27.63932 316.444
27.671128 315.846
27.702887 319.837
27.734735 318.378
27.766517 316.882
27.798356 320.263
27.830219 320.936
27.862058 332.331
27.893816 314.462
27.925637 320.214
27.957531 323.772
27.989512 315.141
28.021442 326.418
28.043159 318.24
28.075002 316.036
28.107007 319.103
28.138961 331.625
28.170925 324.267
28.202872 323.139
28.234836 317.255
28.266751 318.007
28.29866 314.78
28.330458 315.827
28.362245 319.221
28.394098 315.369
28.425997 321.828
28.457806 312.471
28.489689 313.56
28.521532 315.557
28.55331 313.855
28.585161 310.933
28.616976 314.137
28.648811 311.56
28.68067 311.791
28.712517 313.057
28.744241 311.224
28.776081 311.132
28.80798 311.619
28.839906 314.836
28.871754 313.898
28.903552 315.811
28.935436 317.917
28.967265 318.934
28.999033 325.874
29.030892 323.674
29.06281 328.254
29.094656 320.887
29.126594 322.989
29.158537 342.427
29.190372 316.28
29.222168 318.602
29.25394 322.208
29.285794 320.715
29.317581 322.131
29.349432 319.452
29.381189 317.697
29.413179 317.786
29.44509 314.79
29.477006 316.447
29.508923 315.004
29.540785 319.17
29.572699 319.076
29.604615 316.629
29.636506 320.139
29.668375 320.704
29.70014 326.556
29.7319 316.082
29.763732 313.411
29.795544 314.326
29.827314 327.032
29.859147 320.584
29.89089 313.209
29.922637 318.92
29.954456 317.842
29.986202 318.178
30.017945 316.918
30.049689 319.992
30.081527 316.66
30.113415 315.895
30.145248 312.551
30.177242 315.375
30.20902 314.785
30.24082 313.133
30.272668 313.769
30.304407 312.609
30.336232 314.451
30.368048 315.416
30.39979 316.279
30.431836 320.684
30.46369 321.593
30.495521 320.348
30.527358 314.547
30.559173 312.87
30.591031 310.424
30.622851 312.23
30.654712 311.648
30.686616 310.923
30.718567 311.373
30.75055 315.706
30.782401 319.524
30.814285 315.392
30.846307 319.793
30.878434 317.69
30.910345 324.579
30.942349 323.136
30.974238 318.165
31.006052 318.858
31.037961 335.477
31.069784 336.091
31.101821 324.351
31.133695 312.049
31.165647 315.022
31.197488 317.977
31.229324 316.076
31.261274 319.881
31.293103 328.211
31.32502 319.024
31.356984 314.798
31.388761 310.159
31.420531 311.234
31.4523 314.22
31.484171 313.452
31.516075 321.304
31.548016 312.053
31.579954 315.043
31.611809 313.729
31.643773 317.634
31.675622 318.353
31.707423 324.605
31.739183 325.605
31.77101 309.19
31.802932 316.39
31.834808 313.742
31.866683 313.942
31.898653 312.994
31.930573 319.229
31.962396 318.32
31.994327 317.123
32.02622 314.108
32.058074 314.536
32.09001 314.211
32.121898 315.091
32.153852 311.632
32.185793 311.403
32.21769 315.982
32.249552 316.587
32.281399 316.727
32.313208 312.901
32.345096 313.126
32.376915 314.784
32.408817 318.827
32.44071 322.977
32.472586 313.533
32.504433 317.172
32.536378 323.569
32.568217 316.391
34.60727 327.249
34.639199 323.835
34.670959 326.127
34.702728 325.022
34.734534 322.434
34.766335 323.99
34.798165 320.049
34.81969 319.875
34.851609 316.811
34.883479 315.794
34.915285 316.234
34.947135 320.546
34.97896 316.387
35.010762 318.037
35.042585 318.241
35.074326 320.232
35.106087 319.012
35.137952 316.105
35.169851 317.459
35.201804 318.176
35.233631 312.537
35.265314 312.29
35.296972 313.637
35.32866 316.279
35.360479 314.866
35.392212 314.496
35.42412 318.585
35.456049 313.089
35.48789 313.471
35.519621 324.456
35.55151 322.595
35.583356 321.279
35.614912 322.104
35.646651 312.679
35.67838 321.387
35.710134 317.344
35.741908 319.259
35.773718 315.946
35.805309 314.794
35.837114 315.033
35.868827 315.837
35.900533 315.532
35.932131 316.661
35.963804 311.797
35.99571 310.582
36.027565 319.394
36.07971 311.58
36.111352 312.377
36.143211 309.45
36.174951 308.92
36.206718 309.225
36.238459 309.864
36.27018 309.811
36.291548 307.287
36.323225 310.97
36.354728 314.332
36.386353 315.299
36.418034 317.737
36.449655 315.675
36.481285 316.387
36.512925 317.372
36.544587 315.989
36.57636 313.684
36.608172 312.805
36.639847 316.236
36.671571 318.39
36.703121 314.101
36.734776 311.838
36.766146 312.356
36.797722 314.48
36.829452 317.445
36.861297 316.15
36.893174 313.106
36.925047 317.069
36.956844 318.318
36.978421 318.773
37.010048 312.783
37.0418 317.812
37.073679 314.399
37.10531 317.415
37.137092 315.061
37.169026 321.299
37.190688 312.85
37.222484 318.138
37.254185 320.902
37.286062 315.674
37.317875 317.561
37.349551 317.807
37.381214 313.45
37.41312 314.45
37.444804 313.421
37.476715 309.428
37.508467 308.23
37.540205 312.533
37.572007 326.303
37.603851 331.908
37.635542 311.457
37.667306 322.036
37.698968 313.004
37.730693 314.529
37.762382 318.431
37.794131 318.705
37.826001 317.78
37.857795 314.867
37.88948 323.934
37.921467 317.782
37.953251 311.116
37.984991 313.91
38.01682 322.069
38.048686 314.158
38.080403 332.929
38.112069 318.984
38.143731 315.553
38.175462 320.79
38.207322 322.42
38.238909 314.929
38.270557 314.82
38.302351 321.499
38.334151 314.156
38.365992 314.622
38.39785 314.858
38.42964 316.22
38.461369 318.741
38.493061 314.722
38.524907 312.628
38.556672 313.631
38.588489 319.223
38.620155 316.522
38.651792 320.565
38.683422 316.854
38.715135 312.155
38.746877 318.765
38.77849 316.974
38.810254 315.812
38.842295 312.795
38.874168 313.292
38.90596 315.12
38.937693 307.133
38.969371 317.954
39.001103 315.054
39.032848 314.937
39.064524 315.055
39.09627 325.187
39.127903 321.767
39.159991 314.056
39.191937 319.198
39.224009 309.19
39.256002 315.645
39.288058 318.829
39.320128 318.232
39.352172 315.659
39.384193 315.065
39.416086 312.222
39.447927 307.709
39.479792 315.094
39.511612 315.89
39.543407 321.329
39.575261 318.287
39.607119 322.558
39.638943 318.446
39.670718 317.756
39.702551 318.148
39.734395 316.794
39.766129 311.578
39.797968 321.217
39.829812 315.637
39.861583 317.524
39.89331 321.059
39.925137 314.418
39.956974 311.809
39.988927 311.335
40.020768 315.862
40.052585 314.866
40.084417 321.776
40.11647 322.935
40.148334 318.959
40.18022 312.207
40.212122 314.117
40.243899 313.652
40.275744 318.521
40.307668 319.187
40.339644 311.727
40.371631 315.732
40.393293 318.036
40.425099 312.904
40.456873 323.616
40.488737 317.944
40.520637 317.778
40.55271 318.05
40.584603 314.554
40.616532 325.782
40.648422 325.8
40.680333 314.373
40.712208 320.164
40.744086 319.151
40.775981 315.0
40.797511 317.666
40.829389 317.841
40.861232 320.875
40.893083 317.503
40.924988 313.067
40.956883 311.388
40.988781 307.488
41.020639 310.06
41.052486 315.883
41.084359 315.438
41.11627 314.668
41.148256 317.711
41.180165 318.734
41.201878 316.814
41.23372 321.503
41.265451 314.315
41.297163 314.973
41.329071 316.055
41.361037 321.334
41.392931 316.03
41.424807 322.28
41.456599 321.236
41.488519 315.048
41.520376 316.269
41.55222 312.966
41.584078 313.58
41.616011 315.992
41.647761 319.188
41.679615 313.832
41.711469 316.412
41.743224 342.013
41.775025 328.354
41.806784 324.79
41.828406 320.168
41.860323 328.609
41.892139 314.187
41.924088 318.283
41.955995 323.763
41.987852 317.479
42.019683 315.236
42.051481 320.776
42.083351 316.4
42.115197 320.208
42.146959 317.908
42.178734 316.484
42.210622 315.437
42.242475 314.346
42.274276 313.44
42.30611 315.604
42.337936 318.975
42.369722 323.265
42.40154 326.741
42.433421 345.212
42.454994 320.843
42.486842 317.368
42.518667 309.787
42.55043 311.574
42.582312 311.309
42.614167 312.702
42.64599 319.695
42.677845 325.078
42.709666 322.649
42.741373 320.058
42.77317 315.256
42.805039 322.397
42.83692 320.063
42.868863 321.803
42.900768 317.123
42.932716 309.875
42.964611 312.509
42.996603 314.841
43.028447 333.108
43.060339 313.348
43.092203 313.532
43.124156 317.845
43.15607 323.38
43.187918 320.273
43.219768 339.761
43.251601 321.489
43.28339 321.611
43.3153 318.579
43.34719 320.848
43.37913 322.258
43.411027 325.991
43.442956 324.519
43.474741 325.193
43.506563 320.914
43.53837 321.572
43.57023 321.018
43.602092 318.608
43.633897 314.476
43.665627 318.731
43.697401 321.187
43.729091 317.922
43.760953 317.281
43.792771 320.217
43.824578 317.285
43.856483 314.727
43.888406 317.299
43.920241 317.995
43.951987 318.316
43.983782 318.642
44.015614 320.572
44.047307 316.5
44.079021 321.882
44.110713 349.216
44.14245 330.546
44.174178 314.184
44.205904 313.535
44.237828 316.121
44.269597 316.912
44.301349 316.167
44.333202 318.633
44.364997 312.033
44.396673 324.969
44.428568 313.63
44.46049 312.623
44.492503 324.056
44.524323 319.391
44.556117 312.708
44.587973 321.267
44.619795 319.209
44.651594 317.387
44.683265 313.606
44.715008 320.64
44.746822 314.166
44.778486 318.131
44.799907 316.768
44.83171 317.216
44.863404 313.369
44.89519 316.886
44.926999 320.473
44.958822 328.944
44.990573 312.588
45.022311 316.551
45.053933 314.123
45.085722 317.311
45.117518 318.699
45.149296 315.957
45.181103 314.334
45.213135 313.303
45.245075 315.579
45.276879 313.244
45.308738 315.944
45.340625 313.974
45.372386 311.986
45.404139 318.405
45.436002 322.822
45.46793 315.707
45.499755 317.63
45.53156 314.295
45.563412 317.283
45.595229 317.964
45.627058 317.908
45.648646 317.855
45.680483 317.782
45.712368 316.747
45.744147 318.017
45.796334 318.657
45.828212 319.309
45.860024 314.402
45.891939 313.921
45.92386 313.376
45.955845 313.059
45.987731 314.819
46.019604 315.555
46.051518 328.722
46.083442 317.83
46.115383 310.183
46.147172 318.762
46.179043 318.619
46.21094 319.82
46.242784 318.226
46.274664 311.459
46.306468 314.594
46.338337 313.341
46.370221 313.993
46.402179 317.908
46.43401 318.825
46.465965 316.127
46.497942 311.433
46.529818 312.504
46.561795 318.026
46.593849 315.16
46.625694 314.092
46.657545 329.052
46.689342 315.06
46.721203 315.781
46.753138 323.137
46.785112 320.438
46.817006 313.616
46.848941 314.766
46.880914 321.136
46.913044 316.386
46.945055 323.842
46.977045 320.6
47.008925 323.123
47.04073 323.983
47.062396 316.451
47.094379 319.831
47.126147 321.022
47.158003 315.759
47.189885 317.436
47.221748 313.601
47.253688 317.035
47.2855 318.121
47.317379 316.531
47.349281 315.928
47.381039 322.703
47.412966 320.079
47.444742 319.07
47.466258 316.421
47.498125 319.339
47.529917 315.987
47.56175 322.668
47.593698 333.864
47.625446 340.575
47.657321 315.282
47.689235 322.948
47.721046 322.755
47.752885 315.678
47.784631 326.76
47.816452 310.728
47.848319 310.399
47.880186 324.204
47.912037 316.134
47.943988 321.19
47.975876 323.531
48.007729 325.583
48.039595 335.73
48.071658 335.158
48.103462 315.523
48.135302 311.821
48.167143 321.668
48.19885 320.848
48.230611 316.355
48.262481 311.073
48.294174 312.823
48.325989 322.328
48.35778 317.263
48.389535 313.349
48.421501 312.036
48.453306 322.686
48.485186 311.326
48.517061 320.815
48.548857 317.867
48.580827 318.511
48.612744 315.75
48.644481 315.074
48.676386 319.11
48.708288 316.98
48.729923 309.732
48.761777 314.527
48.793565 317.307
48.825425 312.115
48.857184 318.683
48.889095 310.781
48.921065 318.935
48.9529 315.317
48.984631 312.341
49.0164 318.756
49.0483 312.049
49.080128 314.414
49.111961 319.801
49.143765 318.788
49.175674 316.93
49.20754 311.248
49.239221 319.433
49.27113 318.844
49.302854 313.327
49.334481 317.984
49.366192 314.675
49.397717 313.722
49.429341 319.396
49.460939 315.935
49.492453 319.42
49.524071 317.512
49.555775 321.052
49.587648 326.298
49.619385 315.762
49.651189 320.996
49.682914 313.725
49.71472 313.634
49.746533 316.701
49.778218 315.679
49.810103 312.91
49.841899 316.372
49.873715 314.956
49.90549 313.317
49.937259 319.873
49.968933 316.828
50.000612 314.915
50.032391 312.609
50.06411 313.528
50.095989 311.662
50.127716 312.94
50.159564 313.204
50.191298 311.596
50.223014 310.639
50.254769 310.263
50.28659 310.219
50.318346 309.919
50.350153 310.552
50.38195 318.174
50.413987 316.145
50.446105 314.455
50.467688 325.874
50.499387 332.86
50.531306 340.602
50.563069 319.465
50.594931 317.569
50.626784 327.118
50.658574 328.138
50.690407 330.168
50.722297 333.914
50.754133 334.412
50.78599 336.189
50.817755 322.223
50.849543 329.135
50.881552 338.803
50.913532 337.079
50.945634 325.184
50.977621 325.093
51.009515 321.007
51.041382 324.898
51.073086 340.558
51.104902 324.954
51.136775 336.332
51.178848 326.158
51.210718 320.042
51.242668 317.375
51.274683 331.023
51.306451 334.768
51.338229 329.085
51.370092 323.035
51.401797 328.286
51.433531 329.414
51.465404 328.468
51.497159 334.617
51.529051 323.382
51.561008 329.467
51.593023 337.552
51.624985 322.964
51.656819 325.603
51.688642 326.521
51.720203 323.348
51.752115 330.537
51.783967 326.716
51.815663 315.527
51.847436 319.104
51.879196 329.415
51.910915 337.951
51.942682 319.317
51.974561 338.062
52.006256 316.911
52.038081 314.761
52.069863 314.694
52.10159 322.351
52.133406 324.603
52.165137 323.383
52.19694 320.313
52.228697 318.047
52.260472 318.786
52.292426 323.719
52.324285 323.452
52.356107 312.954
52.388043 314.187
52.419976 316.261
52.45176 316.278
52.483644 312.308
52.51545 325.68
52.547331 318.293
52.579453 317.699
52.611407 328.956
52.643311 330.473
52.67524 336.756
52.707147 331.06
52.739069 321.563
52.770934 323.327
52.802704 338.074
52.834516 329.802
52.866261 322.289
52.898066 316.56
52.930021 319.473
52.961907 316.507
52.993769 324.218
53.025568 349.117
53.057243 360.985
53.089154 312.272
53.121002 310.54
53.152863 321.522
53.18476 315.487
53.206428 315.708
53.238492 312.395
53.270368 314.287
53.30226 318.154
53.334151 321.997
53.366121 325.45
53.398195 313.794
53.430142 319.214
53.472298 314.229
53.504456 311.645
53.536578 315.125
53.568845 313.381
53.601012 312.955
53.633062 317.343
53.665174 315.377
53.697234 314.852
53.729366 318.846
53.761231 317.247
53.79312 311.011
53.824961 314.094
53.856837 311.408
53.888703 312.889
53.920691 310.008
53.952598 310.861
53.984458 321.135
54.006212 318.783
54.037977 319.125
54.069786 315.523
54.101668 312.391
54.133534 314.108
54.165412 317.618
54.197369 322.819
54.229267 316.528
54.261136 313.837
54.293079 321.104
54.325096 321.447
54.356999 318.982
54.388984 310.897
54.42089 318.073
54.452773 317.569
54.484763 314.519
54.516721 312.615
54.54876 315.399
54.580635 317.201
54.612549 315.945
54.64444 321.302
54.676361 320.269
54.708289 319.412
54.740227 321.996
54.772097 322.469
54.80393 322.969
54.835831 317.179
54.867665 313.549
54.899545 323.076
54.931464 318.629
54.963327 316.515
54.995047 316.4
55.026772 318.664
55.058557 315.554
55.090321 320.255
55.122138 316.65
55.153986 316.499
55.1858 323.382
55.217663 325.149
55.24955 316.836
55.281284 313.92
55.313168 317.282
55.344984 314.984
55.376837 316.182
55.408761 316.71
55.44066 310.274
55.47242 309.71
55.504243 310.358
55.535963 317.473
55.567807 312.904
55.599692 315.785
55.631555 319.502
55.663403 314.506
55.695321 312.838
55.727213 317.482
55.759193 320.615
55.791018 326.523
55.822793 323.944
55.854593 322.175
55.886466 329.378
55.918354 377.267
55.950212 377.176
55.982067 387.244
56.024105 438.104
56.056037 433.772
56.087756 358.622
56.119549 313.286
56.151414 326.718
56.183257 328.464
56.215117 307.398
56.24703 311.993
56.278903 311.959
56.31077 314.832
56.342622 316.857
56.374517 314.375
56.406461 312.68
56.438277 311.373
56.470152 310.803
56.50199 317.637
56.533863 310.585
56.565706 319.352
56.597639 321.885
56.629467 321.553
56.661373 329.48
56.693273 317.023
56.725093 323.702
56.756995 317.54
56.788853 329.438
56.820733 326.75
56.852673 327.031
56.884622 362.741
56.91662 308.631
56.948543 317.217
56.980467 326.547
57.012316 328.47
57.044133 310.528
57.075989 315.606
57.107765 323.775
57.139586 320.195
57.171363 318.739
57.203179 312.812
57.235116 308.046
57.267038 310.941
57.298927 323.955
57.33078 322.029
57.362604 314.915
57.394341 314.926
57.426173 318.038
57.457974 313.658
57.489714 319.136
57.521625 319.521
57.553417 310.591
57.5853 313.928
57.617171 314.791
57.649096 324.999
57.680912 315.717
57.712806 313.193
57.744638 319.293
57.776389 316.684
57.797869 323.083
57.829726 318.787
57.861526 311.533
57.893421 312.371
57.925333 326.562
57.957208 315.235
57.98905 317.961
58.020858 318.498
58.0527 319.609
58.084492 316.484
58.116278 319.418
58.14813 320.463
58.179957 327.294
58.211775 315.721
58.243639 330.686
58.275494 326.037
58.307352 324.835
58.339154 340.354
58.370991 318.677
58.402812 325.857
58.424596 318.067
58.456496 320.762
58.488298 318.475
58.520048 317.18
58.551898 326.488
58.583789 319.034
58.615617 316.551
58.647459 319.458
58.679309 317.317
58.711056 313.768
58.742801 313.607
58.774682 311.364
58.806528 314.188
58.838346 333.399
58.870099 330.989
58.90186 313.506
58.933772 312.179
58.965599 311.614
58.997355 315.662
59.0292 317.976
59.050735 324.943
59.082482 312.88
59.114258 320.521
59.146143 318.686
59.177998 326.776
59.209798 320.167
59.241552 335.905
59.263141 315.575
59.294851 312.012
59.326691 320.595
59.358443 316.931
59.390272 314.846
59.422048 316.613
59.453824 315.661
59.485556 322.394
59.517267 326.959
59.548951 328.853
59.580829 320.137
59.612748 311.07
59.64452 322.163
59.676312 337.263
59.708137 341.327
59.739883 345.656
59.771713 331.677
59.803576 313.572
59.835305 332.792
59.86705 326.05
59.898813 335.841
59.930572 312.219
59.962396 328.208
59.994257 311.973
60.026026 310.107
60.057749 322.756
60.089557 317.008
60.121318 342.844
60.153118 315.945
60.184924 318.29
60.216715 323.045
60.248474 338.172
60.280275 311.993
60.312224 309.138
60.344084 314.701
60.375809 322.017
60.40766 319.436
60.439618 321.923
60.471551 321.743
60.503384 318.932
60.535233 322.792
60.567109 337.223
60.599056 332.993
60.630883 323.623
60.662717 322.987
60.69455 332.871
60.7264 345.015
60.758219 325.412
60.790117 313.317
60.821987 321.18
60.85396 325.35
60.885811 325.939
60.917616 328.717
60.949442 315.098
60.981282 320.233
61.013241 306.359
61.045214 326.47
61.077088 326.778
61.108979 360.132
61.140912 309.762
61.172889 313.763
61.204809 317.965
61.236747 311.075
61.268738 320.418
61.300609 317.818
61.33251 322.552
61.364333 318.0
61.385865 345.749
61.438119 314.252
61.469974 321.119
61.501869 322.165
61.533811 334.309
61.56575 344.536
61.597803 341.435
61.629759 347.324
61.661662 314.186
61.693458 319.679
61.725266 315.057
61.757008 313.065
61.778466 315.413
61.810124 327.314
61.841681 317.676
61.873247 322.987
61.915113 324.189
61.946852 318.545
61.978635 320.647
62.010223 336.733
62.072566 339.394
62.104288 314.675
62.125884 324.054
62.157325 343.727
62.188894 319.188
62.220554 325.576
62.252252 320.484
62.283927 336.873
62.315655 335.494
62.347553 360.369
62.379184 382.636
62.410836 395.065
62.442599 403.039
62.474479 321.38
62.506114 321.63
62.537889 318.156
62.569854 323.205
62.60172 324.84
62.633424 312.68
62.665157 319.628
62.707194 312.711
62.738963 321.697
62.770768 310.885
62.802566 314.602
62.834241 314.862
62.865909 316.875
62.897454 325.532
62.929303 330.133
62.961141 326.729
62.982756 336.57
63.014601 329.648
63.046141 335.613
63.077924 330.161
63.109694 323.836
63.141464 320.795
63.173348 326.243
63.215393 324.199
63.247177 322.166
63.278967 317.534
63.310693 314.883
63.342663 314.764
63.374588 316.304
63.406516 316.601
63.438305 322.434
63.470285 334.165
63.50213 326.14
63.533956 352.325
63.565808 352.865
63.597681 357.041
63.629447 394.193
63.661287 377.23
63.693253 389.562
63.725062 388.246
63.756873 386.289
63.78868 394.944
63.820591 401.502
63.85244 401.57
63.884322 410.507
63.916143 449.089
63.947952 390.706
63.979669 312.182
64.011371 325.837
64.042841 337.553
64.074415 324.758
64.10585 328.802
64.137362 320.89
64.168956 325.37
64.200453 335.938
64.231998 323.272
64.263578 313.46
64.294971 317.928
64.316337 309.526
64.348012 324.36
64.379648 323.383
64.411295 314.566
64.442662 319.82
64.474173 316.282
64.505697 321.977
64.537108 319.984
64.568775 323.308
64.600412 323.001
64.631899 318.519
64.663436 318.835
64.694858 319.642
64.72623 325.207
64.757781 323.966
64.78921 318.372
64.820863 331.187
64.852345 320.845
64.883826 325.838
64.915431 335.385
64.947003 331.592
64.978456 322.361
65.010107 325.615
65.041693 316.708
65.073172 329.257
65.104718 330.546
65.136213 315.08
65.16776 318.571
65.199539 326.813
65.231235 325.29
65.262868 329.712
65.294558 329.351
65.326084 322.253
65.357868 323.419
65.389553 324.41
65.421458 324.565
65.453225 317.435
65.484686 321.817
65.516311 313.201
65.547967 316.15
65.579515 319.773
65.611304 321.519
65.642848 323.232
65.67442 312.718
65.706115 315.882
65.737865 314.598
65.769384 317.923
65.800995 323.175
65.832627 314.959
65.864224 314.195
65.895872 329.136
65.927732 321.212
65.95929 322.842
65.991027 317.715
66.02275 312.915
66.054403 320.068
66.086191 321.094
66.117978 316.106
66.149495 316.835
66.181345 324.786
66.213121 329.316
66.244925 316.683
66.276774 322.597
68.333875 323.994
68.365994 321.879
68.397943 321.357
68.429922 321.83
68.461809 321.287
68.493793 320.785
68.525681 324.516
68.557552 322.429
68.589555 318.269
68.621374 316.39
68.653242 314.173
68.685136 329.702
68.716991 350.125
68.748937 355.881
68.780821 391.673
68.812828 434.498
68.84464 452.94
68.876547 457.198
68.908474 488.598
68.940403 532.938
68.972411 547.636
69.00432 582.264
69.036166 601.681
69.067962 628.016
69.09992 646.216
69.131762 660.686
69.163618 686.125
69.195475 688.628
69.21701 721.047
69.248959 730.633
69.280789 749.917
69.312611 764.412
69.344468 787.537
69.376392 818.909
69.408265 838.42
69.440097 871.032
69.472034 887.56
69.503979 910.792
69.535934 933.661
69.567895 950.801
69.599883 974.849
69.63173 996.663
69.663687 1015.516
69.69556 998.981
69.727461 993.385
69.759298 1005.909
69.791178 1006.712
69.823175 932.675
69.85508 896.602
69.887027 788.395
69.918895 749.767
69.950756 752.643
69.982738 674.287
70.014612 590.816
70.04648 573.138
70.07833 575.507
70.11022 510.633
70.142169 446.945
70.174028 448.523
70.205936 374.427
70.227704 373.612
70.259655 321.454
70.291522 315.985
70.323534 320.1
70.355476 316.155
70.387445 322.566
70.419417 315.748
70.451463 330.1
70.483283 315.11
70.515097 318.83
70.546955 346.764
70.578832 314.851
70.610698 322.555
70.642561 318.272
70.674484 321.564
70.706405 327.397
70.738272 317.666
70.770212 319.936
70.802184 324.185
70.83415 327.651
70.866071 326.138
70.898036 345.08
70.929997 341.542
70.962087 348.306
70.993964 332.76
71.025861 323.67
71.057741 327.956
71.089739 318.572
71.121647 315.268
71.153629 320.796
71.185459 321.862
71.217359 324.525
71.249186 333.598
71.281123 325.771
71.313108 329.617
71.3451 354.203
71.377018 324.839
71.409046 313.452
71.441047 319.871
71.473059 317.787
71.505038 321.061
71.53695 330.376
71.568967 350.965
71.60092 328.214
71.632851 327.098
71.664775 324.421
71.696707 312.052
71.728658 321.466
71.760566 323.252
71.792589 331.223
71.82456 318.026
71.856376 318.675
71.888298 323.276
71.920172 317.003
71.952048 322.951
71.983977 321.765
72.015888 321.638
72.037611 319.365
72.069514 316.206
72.101415 314.814
72.133394 315.262
72.165286 317.007
72.197244 320.559
72.229192 315.466
72.261179 314.234
72.29307 319.936
72.325103 312.749
72.357016 317.736
72.38911 323.03
72.421046 339.993
72.453033 357.593
72.484899 389.533
72.516854 394.685
72.548801 412.551
72.580777 462.294
72.612757 483.806
72.644697 516.853
72.676517 541.074
72.708388 557.662
72.740301 568.205
72.772196 553.84
72.804091 551.972
72.836042 506.507
72.867992 497.457
72.899902 495.752
72.9319 432.265
72.963936 435.606
72.995912 454.155
73.027942 394.313
73.059935 384.991
73.09178 358.701
73.123821 344.17
73.155729 319.693
73.187751 321.997
73.21974 315.486
73.251643 317.469
73.283691 314.282
73.315614 322.743
73.347492 325.704
73.379426 318.396
73.411376 316.134
73.443232 311.949
73.475138 325.266
73.50689 321.794
73.538878 316.546
73.570753 315.209
73.602661 318.45
73.634532 326.067
73.666377 320.324
73.698246 319.983
73.730137 319.938
73.761921 311.291
73.793785 311.859
73.825668 313.856
73.847213 315.488
73.879171 321.026
73.911078 334.993
73.942909 329.392
73.97486 322.807
74.006656 322.198
74.038609 322.765
74.070453 319.071
74.102326 322.68
74.134227 321.735
74.16616 315.417
74.198083 319.753
74.229946 320.889
74.261863 318.904
74.293688 316.523
74.325583 325.546
74.357561 319.464
74.389431 318.299
74.421352 314.225
74.453262 320.585
74.485186 312.681
74.517087 326.014
74.549006 319.392
74.581038 317.113
74.612986 319.689
74.644681 318.025
74.676644 322.811
74.708564 327.455
74.740499 327.582
74.772437 320.29
74.80433 314.918
74.83613 320.794
74.867955 325.974
74.899754 312.426
74.931537 322.893
74.963397 321.503
74.99528 325.215
75.027136 318.144
75.058966 315.322
75.090844 319.028
75.122723 329.056
75.154601 331.685
75.186407 345.118
75.218254 333.222
75.25002 332.001
75.281768 317.4
75.313616 324.127
75.345493 324.117
75.377388 318.636
75.409337 327.34
75.44123 317.443
75.473166 323.323
75.494787 324.351
75.52658 319.331
75.558457 322.047
75.590297 316.274
75.62213 317.991
75.653953 328.403
75.685769 316.2
75.717572 326.955
75.749438 317.629
75.781253 315.731
75.813065 316.265
75.844917 317.106
75.876798 319.135
75.908692 319.072
75.940448 318.76
75.972299 319.718
76.004139 321.233
76.035956 326.182
76.067791 316.253
76.099502 319.839
76.131266 338.502
76.163239 350.948
76.195102 375.323
76.226935 385.779
76.258716 414.874
76.290512 431.671
76.322314 459.975
76.354089 475.819
76.385914 502.728
76.417808 525.774
76.459872 571.916
76.491593 583.316
76.543893 625.899
76.575779 660.031
76.607682 675.528
76.63946 683.202
76.671226 710.633
76.703038 726.854
76.734747 760.462
76.766537 784.487
76.798285 802.555
76.830104 820.258
76.861891 837.787
76.893706 858.91
76.925459 863.016
76.957254 833.358
76.989017 835.192
77.020894 833.07
77.0528 843.624
77.084473 847.827
77.11619 842.904
77.148005 817.261
77.179888 833.219
77.201319 841.383
77.233006 870.586
77.26483 785.988
77.296689 808.252
77.328558 817.664
77.360299 845.705
77.392114 829.244
77.424045 831.259
77.455715 823.013
77.487131 839.808
77.51856 817.402
77.550208 795.976
77.581905 741.11
77.613422 626.497
77.644919 530.217
77.676622 434.244
77.708048 369.79
77.739574 364.964
77.771156 323.975
77.802709 322.598
77.834322 324.021
77.865778 315.875
77.897253 319.449
77.949415 342.352
77.980962 320.287
78.012527 321.95
78.044097 317.868
78.075814 321.278
78.107228 331.669
78.138596 324.314
78.17012 331.26
78.201496 351.362
78.232931 372.606
78.264402 378.485
78.295794 388.221
78.327232 385.46
78.358538 383.38
78.389986 336.748
78.421832 337.424
78.453388 319.684
78.484843 316.57
78.516256 325.84
78.547611 324.478
78.579189 318.467
78.610662 321.22
78.641999 315.319
78.673443 320.353
78.704766 327.961
78.736172 326.101
78.767581 324.055
78.798991 328.157
78.830397 324.285
78.861832 327.284
78.893172 326.565
78.924574 324.221
78.956169 318.04
78.987854 314.215
79.019597 323.268
79.051055 315.514
79.082446 316.644
79.11382 316.388
79.145215 313.933
79.176606 319.231
79.20808 338.979
79.239502 351.669
79.271008 371.789
79.302421 387.984
79.33393 410.706
79.365392 419.363
79.417527 497.995
79.449088 516.603
79.480489 542.288
79.511862 549.208
79.543259 577.297
79.574829 604.528
79.606546 640.51
79.638016 662.948
79.669369 679.958
79.700697 690.408
79.732057 717.263
79.763386 738.669
79.794867 755.658
79.826405 778.284
79.857878 786.057
79.889288 816.209
79.920622 833.461
79.952036 840.564
79.983483 865.663
80.014946 889.291
80.046418 904.152
80.077847 932.843
80.109365 941.97
80.140848 954.15
80.172395 953.737
80.203896 913.731
80.235685 873.696
80.267373 894.278
80.298916 904.614
80.330349 868.073
80.361731 843.958
80.392984 790.452
80.424988 655.73
80.456788 633.29
80.488274 515.085
80.519825 347.822
80.551322 323.768
80.58288 318.971
80.614295 313.309
80.645824 314.001
80.677267 317.056
80.708726 314.009
80.740227 315.884
80.771586 314.231
80.803134 314.843
80.834594 324.66
80.866111 323.619
80.89746 318.914
80.928862 318.422
80.950183 325.477
80.981587 335.853
81.012974 336.758
81.04451 318.598
81.075902 327.393
81.107253 320.508
81.138846 321.823
81.170224 328.869
81.201682 331.095
81.233154 317.344
81.264627 318.902
81.29604 321.586
81.32752 318.183
81.358999 319.546
81.390458 324.541
81.421845 316.189
81.453652 326.098
81.48532 320.44
81.516971 314.22
81.548578 330.134
81.580239 333.829
81.61182 320.947
81.643476 322.057
81.674997 342.358
81.706522 345.331
81.738012 316.25
81.769707 315.575
81.801468 318.505
81.833243 319.758
81.864885 315.788
81.89659 323.579
81.928254 323.395
81.959987 320.736
81.991696 322.357
82.023574 327.993
82.05533 322.043
82.087076 316.53
82.118705 339.546
82.150305 320.461
82.182062 354.066
82.224023 329.175
82.255689 316.694
82.287557 318.108
82.319401 323.061
82.351186 363.736
82.382947 315.718
82.414661 309.483
82.446472 321.66
82.478169 317.288
82.509802 318.459
82.541251 331.104
82.572864 314.68
82.604388 314.544
82.635797 317.382
82.667361 340.015
82.698682 328.74
82.729981 320.563
82.761425 321.289
82.792859 314.64
82.824175 316.637
82.855561 329.072
82.886962 331.498
82.918545 325.204
82.95009 332.774
82.981548 338.233
83.012981 346.951
83.044433 339.457
83.075951 324.841
83.107365 335.707
83.12853 324.782
83.159802 321.557
83.191151 333.272
83.222486 330.599
83.253826 338.391
83.28524 321.609
83.316625 323.293
83.348042 321.418
83.379443 316.227
83.410921 323.948
83.44258 331.011
83.474287 325.278
83.505839 316.35
83.537285 320.279
83.568794 319.137
83.600359 312.334
83.631771 322.917
83.663182 327.152
83.684494 321.052
83.715959 318.731
83.747351 314.597
83.778703 314.545
83.810032 325.296
83.841372 338.189
83.872735 348.799
83.904137 325.498
83.935521 319.279
83.966933 317.488
83.998416 329.252
84.029896 325.602
84.061247 323.14
84.0927 322.292
84.124111 322.895
84.155527 323.832
84.186978 337.042
84.22858 332.033
84.260039 331.094
84.29161 324.933
84.323133 325.215
84.354761 327.415
84.386199 321.987
84.417798 316.796
84.449525 317.467
84.480945 323.942
84.512361 326.933
84.533886 325.123
84.565514 321.49
84.597023 324.346
84.628506 319.308
84.660033 317.339
84.691444 319.245
84.722816 319.069
84.754286 319.392
84.785784 318.87
84.817687 317.231
84.849363 316.619
84.880922 319.86
84.912436 320.9
84.944007 319.203
84.975498 321.46
85.006965 319.637
85.028322 317.792
85.059738 326.949
85.091258 350.476
85.122634 386.834
85.15417 399.994
85.185585 436.869
85.217022 457.264
85.248629 479.1
85.280156 493.76
85.311535 527.97
85.343124 554.765
85.374598 555.781
85.406209 604.101
85.437851 630.051
85.4697 630.746
85.501187 670.918
85.532704 699.851
85.564253 716.939
85.595911 738.947
85.627328 749.073
85.658888 781.099
85.690559 784.426
85.722137 827.862
85.753658 843.729
85.78512 858.65
85.816558 891.936
85.848114 916.387
85.8797 940.684
85.911344 959.973
85.942847 974.085
85.974368 969.614
86.005785 966.112
86.037432 893.867
86.068869 877.179
86.100406 874.147
86.13203 737.815
86.163503 703.094
86.19488 686.909
86.226437 558.951
86.25798 499.002
86.289426 468.109
86.321067 388.582
86.35265 322.678
86.383883 316.932
86.41542 322.296
86.446901 322.455
86.478631 316.982
86.51004 325.739
86.54152 333.481
86.573029 316.073
86.604646 317.203
86.636192 317.689
86.667735 326.941
86.699216 338.382
86.7308 358.979
86.762484 352.165
86.793915 342.294
86.825359 331.198
86.856859 324.734
86.888347 317.831
86.919844 318.602
86.951415 318.593
86.982876 317.925
87.014244 316.943
87.045738 319.59
87.07724 317.001
87.108759 331.038
87.140295 353.45
87.17185 368.26
87.203373 387.259
87.234825 421.465
87.266254 441.177
87.297691 458.045
87.329205 486.739
87.36074 508.894
87.392127 526.707
87.423786 543.932
87.455276 564.902
87.486977 594.575
87.518428 609.344
87.550014 635.088
87.581749 640.27
87.613417 665.609
87.644834 693.031
87.676315 709.565
87.707709 727.083
87.739114 769.367
87.770565 785.748
87.802167 796.824
87.833703 811.469
87.865349 818.333
87.906919 883.49
87.938701 898.487
87.960039 927.568
87.991676 932.93
88.033567 987.668
88.065207 1000.205
88.096897 1018.328
88.12836 1023.769
88.159853 1012.628
88.191306 1012.936
88.222932 974.532
88.2543 972.426
88.285725 904.494
88.317083 927.95
88.34852 819.793
88.379883 745.298
88.411522 755.659
88.443187 648.857
88.474901 400.034
88.506277 344.273
88.537653 333.496
88.569228 330.925
88.600731 323.576
88.63224 312.845
88.663741 321.353
88.695123 315.243
88.726433 314.528
88.757768 315.277
88.789205 314.938
88.820554 312.991
88.851946 313.769
88.883392 317.249
88.914685 317.623
88.94623 320.073
88.977782 319.595
89.009228 323.421
89.041026 317.093
89.072605 326.403
89.104219 322.271
89.135603 337.256
89.167048 353.196
89.198389 370.47
89.229681 377.592
89.260995 412.386
89.292399 414.875
89.323867 476.445
89.355329 495.382
89.386605 506.777
89.418051 455.222
89.449406 420.031
89.48115 413.572
89.512747 345.98
89.54424 348.197
89.575803 339.596
89.607429 317.158
89.638916 325.781
89.670383 335.991
89.701851 342.171
89.73342 355.318
89.764854 333.963
89.796346 345.672
89.82776 343.083
89.8592 354.658
89.890598 365.324
89.922172 359.459
89.953615 334.12
89.985003 334.761
90.016451 339.326
90.048188 345.125
90.079688 329.274
90.111142 344.038
90.142729 312.683
90.17414 315.382
90.20551 315.054
90.236885 318.638
90.268341 318.291
90.299804 351.853
90.331402 358.199
90.362871 394.029
90.394165 355.759
90.425819 344.611
90.457387 338.849
90.489096 338.235
90.520504 325.176
90.551951 335.124
90.58354 349.33
90.61496 321.407
90.646286 324.786
90.677916 327.426
90.709465 324.822
90.741002 333.327
90.772744 343.925
90.804428 331.528
90.836167 337.174
90.868036 356.392
90.899715 349.923
90.931404 316.292
90.963295 315.628
90.99509 316.518
91.02677 319.745
91.058317 322.445
91.090029 336.386
91.121637 333.707
91.153588 331.617
91.185384 327.866
91.216881 343.149
91.248775 335.578
91.280528 321.412
91.312107 331.386
91.343742 339.684
91.375207 332.953
91.406894 327.533
91.438422 326.404
91.4698 319.699
91.501538 325.11
91.533324 324.566
91.56501 323.34
91.596854 342.093
91.628555 343.362
91.66019 317.438
91.691846 317.712
91.723282 322.015
91.754724 325.801
91.786101 326.73
91.817666 327.559
91.849094 354.463
91.880527 324.076
91.91198 321.612
91.943358 324.566
91.974725 330.547
92.006335 314.391
92.037835 322.978
92.069244 322.191
92.100728 337.804
92.132125 331.413
92.16354 314.874
92.194904 317.932
92.226398 314.548
92.257965 319.709
92.289441 319.142
92.320843 319.974
92.352309 329.367
92.383718 321.766
92.415194 344.108
92.446759 347.439
92.478202 344.305
92.509902 325.237
92.541317 321.413
92.572765 315.434
92.604277 317.597
92.635798 319.753
92.66734 317.771
92.698912 321.101
92.730326 318.902
92.761779 328.587
92.803297 323.698
92.834746 338.711
92.866389 326.44
92.897839 318.252
92.929378 312.844
92.960884 314.692
92.992373 324.773
93.023794 317.879
93.055588 317.876
93.08718 323.03
93.118644 319.744
93.15004 320.77
93.181703 320.155
93.213393 316.627
93.24501 323.075
93.276617 323.372
93.308192 320.781
93.339885 316.038
93.371395 321.374
93.403081 320.766
93.434532 320.739
93.466063 317.056
93.49782 326.685
93.529479 314.413
93.560882 317.78
93.592439 320.851
93.61368 323.752
93.645029 327.14
93.676568 326.278
93.708203 320.998
93.73962 316.013
93.771125 318.718
93.802588 328.569
93.833977 330.682
93.885991 331.469
93.917395 317.487
93.948785 319.535
93.980206 317.945
94.011724 316.711
94.043176 319.763
94.074856 324.326
94.106457 326.653
94.137975 331.975
94.169366 331.465
94.20073 324.133
94.232049 321.12
94.263422 323.019
94.29487 327.879
94.326612 320.712
94.358323 324.029
94.400016 324.016
94.431516 318.575
94.462978 318.703
94.494679 317.231
94.526511 322.004
94.55819 322.504
94.589971 328.289
94.621438 323.952
94.652915 315.56
94.684358 325.536
94.716006 319.229
94.747837 326.82
94.779312 336.904
94.810806 343.933
94.842329 337.471
94.873893 321.696
94.905575 321.701
94.937343 319.299
94.969186 326.014
95.000974 323.54
95.032776 326.773
95.064402 325.202
95.09597 329.372
95.127362 320.949
95.158983 325.942
95.19065 321.931
95.222219 322.731
95.253752 323.258
95.285255 317.642
95.31682 330.844
95.348476 321.723
95.380147 319.438
95.411946 322.474
95.44381 322.571
95.475579 325.066
95.507274 322.686
95.538971 319.284
95.570574 317.195
95.602094 317.448
95.633411 319.84
95.664788 322.358
95.696307 315.215
95.727916 321.097
95.759435 319.897
95.79094 326.702
95.82243 327.181
95.853922 323.663
95.885554 332.228
95.917025 324.611
95.948642 328.701
95.980427 331.677
96.012049 330.494
96.043714 326.317
96.075316 323.526
96.10694 323.754
96.138522 323.69
96.170008 321.589
96.201439 328.087
96.232913 322.239
96.264519 319.444
96.295895 317.856
96.327309 322.554
96.358725 332.842
96.390061 343.273
96.421464 356.468
96.452903 374.995
96.484406 404.723
96.516011 424.103
96.547465 460.014
96.578993 478.277
96.610533 496.386
96.642024 513.346
96.673541 538.229
96.705018 578.271
96.736479 608.728
96.767911 633.077
96.799276 640.005
96.830724 654.414
96.862284 693.904
96.89409 710.22
96.925549 733.678
96.95711 738.978
96.988613 750.897
97.050775 842.822
97.082428 848.751
97.113942 856.821
97.145739 862.019
97.177209 911.176
97.208671 922.487
97.240228 949.172
97.424674 1115.363
97.456108 1048.029
97.487863 1131.534
97.743412 888.208
97.775019 367.965
97.806514 359.991
97.838051 352.523
97.869525 358.171
97.901205 379.809
97.933062 384.118
97.964715 387.657
97.996289 395.289
98.027969 358.158
98.059494 329.723
98.091021 339.035
98.12257 322.917
98.154176 321.676
98.185675 517.234
98.420981 516.611
98.452517 499.643
98.484046 494.313
98.515619 526.173
98.547379 430.858
98.579328 426.774
98.61108 418.739
98.642475 432.272
98.673936 429.806
98.705472 427.985
98.736954 484.689
99.022982 540.521
99.054533 573.24
99.086374 598.197
99.230066 702.685
99.261521 705.66
99.292953 730.091
99.324441 746.763
99.356027 702.373
99.38765 702.235
99.419237 692.026
99.450685 700.737
99.482072 676.741
99.513477 678.635
99.545169 707.0
99.576729 730.77
99.608473 625.726
99.63995 540.695
99.671433 537.618
99.702913 536.902
99.734376 498.476
99.765734 452.092
99.797276 420.58
99.828822 371.852
99.860171 324.576
99.891545 321.119
99.922963 314.491
99.95441 317.92
99.985929 322.643
100.017643 320.46
