1.9e-05 0.018608
0.032454 0.023615
0.06356 0.030541
0.277779 0.051569
0.308916 0.086784
0.329763 0.110566
0.362007 0.129258
0.393247 0.156962
0.42445 0.180912
0.455603 0.196433
0.48676 0.217545
0.519093 0.227558
0.550159 0.155794
0.734017 0.036048
0.897485 0.081026
0.928527 0.133681
0.960722 0.169479
0.991831 0.193846
1.022801 0.246334
1.054031 0.294983
1.085077 0.327861
1.117317 0.398957
1.209614 0.39829
1.240694 0.401878
1.27175 0.396704
1.302813 0.396454
1.335089 0.393283
1.36613 0.40096
1.397148 0.386106
1.428143 0.397789
1.459223 0.4179
1.491454 0.422489
1.522477 0.528383
1.553451 0.544905
1.584432 0.558257
1.615468 0.565683
1.647667 0.57553
1.678792 0.581705
1.709864 0.592052
1.740956 0.612413
1.772056 0.60507
1.804288 0.605821
1.835319 0.615918
1.866302 0.591969
1.89736 0.613331
1.92842 0.613248
1.960641 0.610911
1.99173 0.596892
2.022733 0.583791
2.053759 0.576448
2.084868 0.554835
2.117137 0.553083
2.148128 0.537061
2.169032 0.540399
2.20018 0.533473
2.23122 0.524127
2.263443 0.507688
2.294433 0.493001
2.325503 0.515699
2.356555 0.524461
2.387645 0.531888
2.419957 0.52613
2.451001 0.520372
2.482051 0.508689
2.513092 0.515365
2.544176 0.519204
2.576507 0.503599
2.607628 0.521123
2.638649 0.522041
2.669667 0.507187
2.700656 0.501096
2.732902 0.50894
2.763949 0.516617
2.79511 0.540816
2.816207 0.522959
2.847395 0.514364
2.879798 0.531971
2.911087 0.533139
2.942227 0.53122
2.973404 0.534641
3.00442 0.531637
3.03669 0.531637
3.06777 0.534558
3.098822 0.5288
3.129832 0.533223
3.160916 0.535476
3.193326 0.530135
3.224521 0.521874
3.255516 0.527131
3.286567 0.515031
3.317579 0.51161
3.349776 0.522375
3.380908 0.518286
3.412011 0.51862
3.432805 0.517034
3.463877 0.519704
3.496122 0.511026
3.527168 0.52179
3.558239 0.517368
3.589403 0.52638
3.620507 0.52129
3.652796 0.536811
3.683845 0.52396
3.714848 0.501763
3.745874 0.511026
3.776964 0.510942
3.809293 0.512862
3.840332 0.526714
3.871391 0.525379
3.902445 0.520288
3.933502 0.515115
3.965733 0.500011
3.99686 0.511693
4.027937 0.507521
4.059009 0.520622
4.090086 0.504767
4.122421 0.502014
4.153405 0.502347
4.184463 0.496506
4.215734 0.503683
4.246808 0.503182
4.279102 0.511026
4.310143 0.518453
4.341228 0.518786
4.372306 0.50193
4.393185 0.503599
4.425667 0.507354
4.456763 0.525712
4.487814 0.520789
4.518898 0.514447
4.550044 0.503849
4.582517 0.506687
4.613674 0.522124
4.644863 0.527966
4.675943 0.518035
4.70708 0.536477
4.739469 0.532221
4.770444 0.535559
4.801488 0.520455
4.832474 0.530302
4.863535 0.519704
4.895852 0.528466
4.926843 0.529468
4.957853 0.515365
4.988976 0.508606
5.02011 0.507187
5.052574 0.504434
5.083789 0.483155
5.115005 0.489413
5.14603 0.506103
5.177065 0.520706
5.209494 0.500595
5.240611 0.497925
5.271717 0.519955
5.29266 0.518035
5.323698 0.527215
5.355842 0.525462
5.387099 0.526213
5.418406 0.534641
5.449785 0.529634
5.48116 0.534558
5.513772 0.539898
5.545089 0.53898
5.566198 0.533473
5.597604 0.532722
5.628873 0.528132
5.661442 0.534474
5.692821 0.533139
5.724307 0.5288
5.755748 0.51403
5.787229 0.508856
5.820002 0.513696
5.851433 0.518369
5.882766 0.505352
5.914197 0.485408
5.945592 0.502181
5.978027 0.508105
6.009333 0.512278
6.04061 0.504767
6.071941 0.515365
6.103254 0.504851
6.135694 0.520205
6.167006 0.52179
6.198295 0.518119
6.229567 0.529301
6.260815 0.520539
6.293239 0.510692
6.324516 0.510609
6.355789 0.519537
6.387004 0.516116
6.418281 0.515615
6.450651 0.515198
6.481849 0.513613
6.513082 0.511693
6.544273 0.520706
6.575517 0.515115
6.608079 0.508189
6.639379 0.517952
6.670592 0.513279
6.701793 0.513863
6.733022 0.515782
6.765434 0.517201
6.796583 0.520789
6.8278 0.499844
6.859051 0.508689
6.890307 0.507521
6.922828 0.514531
6.953911 0.499844
6.985017 0.48691
7.016168 0.495421
7.047384 0.498425
7.079752 0.496089
7.110908 0.493085
7.142066 0.488245
7.173173 0.504016
7.204346 0.510108
7.226712 0.504267
7.257869 0.524544
7.289005 0.533723
7.320177 0.532305
7.351472 0.538563
7.383901 0.540065
7.416334 0.535142
7.447544 0.542819
7.478684 0.540983
7.509857 0.541818
7.541063 0.545322
7.5735 0.539898
7.604763 0.544655
7.636031 0.543236
7.667239 0.5409
7.698493 0.533473
7.730897 0.536894
7.761947 0.546491
7.793162 0.527799
7.824473 0.529801
7.855696 0.527465
7.888172 0.527465
7.919442 0.512778
7.950672 0.50944
7.981854 0.517785
8.013133 0.529384
8.0455 0.513279
8.076718 0.493335
8.118074 0.508773
8.149177 0.519704
8.180403 0.511276
8.213019 0.512778
8.244235 0.523543
8.275461 0.52663
8.306677 0.517785
8.337975 0.492668
8.37048 0.504183
8.401654 0.530219
8.432867 0.509357
8.464099 0.493085
8.495314 0.512778
8.527832 0.522875
8.558977 0.519788
8.590248 0.507187
8.621522 0.513529
8.652697 0.52663
8.68507 0.508439
8.716153 0.521457
8.747359 0.523126
8.778452 0.542652
8.809555 0.545322
8.842007 0.545573
8.873232 0.544655
8.904425 0.544154
8.935648 0.5288
8.966854 0.532889
8.999437 0.550746
9.030689 0.555002
9.061942 0.546324
9.093117 0.562095
9.124288 0.552666
9.156666 0.547242
9.187929 0.546908
9.219174 0.558423
9.250426 0.557339
9.281534 0.560677
9.313854 0.545239
9.344944 0.539147
9.376078 0.54382
9.407361 0.554335
9.438591 0.550413
9.471083 0.540816
9.502228 0.539481
9.533369 0.523793
9.564525 0.53122
9.595845 0.554001
9.6283 0.564014
9.659437 0.569021
9.69067 0.554251
9.721818 0.565683
9.753082 0.563347
9.785531 0.556087
9.816677 0.568187
9.847776 0.578868
9.878919 0.574445
9.910129 0.57069
9.942578 0.568604
9.973808 0.512945
10.02535 0.554502
10.066864 0.571858
10.098163 0.572443
10.130583 0.577366
10.161736 0.561594
10.192858 0.569438
10.22409 0.552999
10.265506 0.568687
10.297973 0.586128
10.330276 0.559341
10.361355 0.568187
10.392506 0.54332
10.423746 0.553584
10.454818 0.550162
10.487237 0.566852
10.518437 0.564515
10.549636 0.561761
10.580864 0.572443
10.612183 0.57311
10.644557 0.58521
10.675633 0.579786
10.706739 0.589549
10.737881 0.588047
10.769064 0.591802
10.801466 0.602149
10.833629 0.589966
10.86579 0.588214
10.898064 0.589299
10.930293 0.600481
10.962476 0.574445
10.993609 0.60265
11.0247 0.589382
11.055919 0.597727
11.087105 0.587797
11.119595 0.585377
11.15072 0.615501
11.181928 0.600731
11.213138 0.600731
11.244384 0.590717
11.276652 0.622093
11.307803 0.600898
11.339023 0.626432
11.370112 0.63678
11.401401 0.6397
11.433771 0.628435
11.464885 0.619506
11.496127 0.616168
11.527294 0.633442
11.558429 0.623178
11.590969 0.621092
11.622174 0.582456
11.65336 0.591468
11.684552 0.59539
11.715825 0.591385
11.748123 0.614666
11.779232 0.636196
11.81039 0.655305
11.84151 0.626015
11.872761 0.62468
11.905318 0.646042
11.936504 0.64429
11.967679 0.662565
11.998935 0.65397
12.030149 0.67141
12.062572 0.661814
12.094873 0.667738
12.127212 0.649464
12.158362 0.651717
12.189519 0.649964
12.220695 0.657474
12.251936 0.657558
12.284436 0.669407
12.315596 0.673079
12.346785 0.672745
12.377968 0.670659
12.409297 0.671327
12.441802 0.669407
12.472958 0.678503
12.504159 0.680255
12.535347 0.681591
12.566555 0.683343
12.599019 0.663566
12.631381 0.671494
12.663771 0.613915
12.695972 0.648212
12.718024 0.64671
12.750446 0.672829
12.78275 0.68618
12.815044 0.684261
12.847489 0.664484
12.879952 0.682592
12.912561 0.697612
12.944815 0.691103
12.977007 0.692439
13.009254 0.685012
13.031298 0.704371
13.062489 0.691771
13.093621 0.699031
13.124869 0.711965
13.156119 0.712299
13.188491 0.717222
13.219651 0.707459
13.250838 0.709295
13.281959 0.72056
13.313138 0.718307
13.345533 0.717723
13.376673 0.717306
13.408061 0.722897
13.439163 0.722813
13.470395 0.714135
13.502836 0.71547
13.534033 0.726318
13.565297 0.73291
13.596609 0.701117
13.627878 0.759863
13.660364 0.748848
13.691533 0.73024
13.722802 0.75736
13.753976 0.761365
13.785186 0.759363
13.817682 0.753438
13.848908 0.75277
13.869857 0.772631
13.901069 0.765454
13.932306 0.702202
13.964845 0.693941
13.997153 0.764286
14.029428 0.762534
14.0618 0.739836
14.094088 0.751352
14.126399 0.749015
14.158719 0.748097
14.191333 0.738835
14.223852 0.749182
14.256423 0.767958
14.288789 0.77939
14.319892 0.766706
14.351094 0.750517
14.382227 0.799667
14.413488 0.79925
14.445958 0.778722
14.477243 0.724315
14.508384 0.770461
14.53958 0.790071
14.570701 0.789153
14.603296 0.783979
14.634503 0.785732
14.665799 0.793743
14.697064 0.774049
14.728358 0.758111
14.760859 0.808846
14.793303 0.805091
14.825789 0.809347
14.858245 0.734663
14.890759 0.776302
14.912802 0.774884
14.943993 0.818192
14.975232 0.818777
15.006502 0.811767
15.037831 0.820696
15.070284 0.838387
15.102705 0.850152
15.133875 0.844144
15.165095 0.847399
15.196315 0.861084
15.227494 0.852656
15.260067 0.832962
15.291259 0.842893
15.322425 0.766038
15.353631 0.810015
15.384879 0.832045
15.417606 0.794911
15.448775 0.807094
15.479998 0.813269
15.511195 0.795495
15.54243 0.823366
15.574823 0.871348
15.607214 0.878858
15.639693 0.883615
15.671988 0.883865
15.70433 0.894796
15.736782 0.879108
15.76805 0.873434
15.799284 0.854241
15.830574 0.884282
15.861793 0.871932
15.894327 0.836801
15.925511 0.862753
15.956782 0.870847
15.988033 0.855326
16.019373 0.85107
16.051877 0.838136
16.083107 0.860667
16.114289 0.875186
16.145457 0.891208
16.176685 0.871431
16.209003 0.850319
16.240183 0.83872
16.271433 0.896632
16.302585 0.834798
16.333859 0.892961
16.366379 0.926423
16.397689 0.922334
16.429009 0.918912
16.460247 0.913906
16.491597 0.907313
16.524162 0.939524
16.555429 0.937521
16.586741 0.924253
16.618057 0.937187
16.649341 0.893712
16.681849 0.871598
16.714366 0.882112
16.746829 0.869929
16.77909 0.914657
16.811088 0.928843
16.843016 0.886535
16.87499 0.915157
16.90693 0.923252
16.938817 0.921499
16.970892 0.921499
17.002087 0.958633
17.033091 0.976157
17.064192 0.980079
17.095298 0.949954
17.127562 0.960719
17.158651 0.939357
17.189682 0.967395
17.220712 0.975573
17.251878 0.967979
17.284354 0.942778
17.315371 0.967228
17.34645 0.950872
17.377484 0.889039
17.408593 0.940775
17.44107 0.991261
17.473255 0.981664
17.50532 0.969231
17.53715 0.983583
17.569049 0.989592
17.601458 0.986921
17.632536 0.994682
17.663737 0.983166
17.694898 0.981831
17.725987 0.991594
17.758291 1.007032
17.790313 1.01329
17.82245 1.024055
17.854456 1.010954
17.886695 0.988674
17.919059 1.010954
17.951054 1.015126
17.983154 1.005196
18.015084 1.031482
18.047233 1.027059
18.079462 1.007866
18.111598 1.030731
18.143676 0.971734
18.17563 1.024639
18.207596 1.053845
18.23945 1.040577
18.271846 0.989091
18.303953 1.038491
18.336036 1.060771
18.367106 1.048588
18.398115 1.082134
18.429254 1.078379
18.460274 1.105082
18.492622 1.097822
18.524616 1.08906
18.556657 1.079964
18.588786 1.039659
18.620901 1.103579
18.653046 1.064527
18.685208 1.09657
18.717243 1.092648
18.748414 1.076626
18.779446 1.070785
18.810777 1.073706
18.841816 1.058268
18.87404 1.090729
18.905084 1.087474
18.936096 1.099574
18.967216 1.049089
18.998241 1.104748
19.030472 1.070618
19.061498 1.100659
19.092443 1.127362
19.123557 1.081967
19.144496 1.119184
19.176758 1.105916
19.207884 1.105248
19.238916 1.113426
19.270038 1.14789
19.301167 1.14113
19.333502 1.138293
19.364577 1.129865
19.395692 1.125442
19.426852 1.151394
19.457959 1.155984
19.490281 1.154398
19.52131 1.163244
19.552495 1.160156
19.583712 1.104664
19.615043 1.130449
19.64745 1.198375
19.678552 1.19946
19.709678 1.198625
19.740825 1.206302
19.771967 1.21181
19.804262 1.201629
19.835359 1.215481
19.866405 1.193034
19.897473 1.198041
19.928515 1.211142
19.961036 1.177847
19.992202 1.206386
20.023253 1.17259
20.044161 1.171422
20.075256 1.17042
20.107743 1.146638
20.138798 1.142215
20.169961 1.190948
20.201011 1.175093
20.232138 1.19512
20.264342 1.169669
20.295605 1.224827
20.32664 1.187026
20.347536 1.181268
20.378638 1.171338
20.411172 1.17284
20.443323 1.208555
20.474384 1.230335
20.505508 1.212728
20.536541 1.195287
20.567748 1.242935
20.600198 1.233673
20.631261 1.257956
20.662426 1.278066
20.693502 1.277399
20.724612 1.284492
20.757019 1.280152
20.788189 1.276397
20.819258 1.297008
20.850379 1.274812
20.88145 1.239013
20.913728 1.277315
20.945659 1.223576
20.977697 1.196956
21.00985 1.264297
21.041913 1.281905
21.073111 1.291751
21.104227 1.307523
21.135198 1.305937
21.15606 1.287996
21.188501 1.294171
21.220718 1.195788
21.252961 1.227998
21.285325 1.273643
21.31763 1.336395
21.349815 1.356422
21.382174 1.362848
21.414429 1.383125
21.446423 1.388883
21.477557 1.380121
21.508661 1.358091
21.539766 1.332557
21.570878 1.378452
21.603315 1.33748
21.635422 1.270806
21.667884 1.196289
21.700194 1.187777
21.732355 1.115179
21.764678 1.160407
21.797044 1.196706
21.828996 1.199793
21.861172 1.222157
21.89362 1.254534
21.925981 1.225912
21.957043 1.249861
21.9881 1.273143
22.019143 1.368856
22.0503 1.397478
22.082768 1.407408
22.114711 1.41617
22.146895 1.420426
22.178001 1.425433
22.209062 1.428937
22.240205 1.433861
22.271283 1.435363
22.30381 1.436698
22.334868 1.441371
22.365984 1.444625
22.397176 1.422512
22.428354 1.434361
22.460804 1.419425
22.49193 1.435029
22.523008 1.40841
22.554116 1.412749
22.585293 1.431357
22.617709 1.270473
22.648747 1.233756
22.679847 1.198709
22.711045 1.228082
22.742168 1.288914
22.774537 1.318871
22.805681 1.32029
22.836903 1.38179
22.868176 1.384627
22.89943 1.352751
22.931843 1.369607
22.964036 1.380205
22.996472 1.384043
23.028961 1.380038
23.061374 1.378202
23.093741 1.383876
23.124877 1.375281
23.156044 1.340067
23.187139 1.361012
23.218271 1.375031
23.250587 1.376199
23.281732 1.379704
23.312938 1.375281
23.344027 1.382625
23.37507 1.363849
23.407509 1.355504
23.438753 1.258456
23.469863 1.31787
23.500941 1.370859
23.521906 1.352667
23.55422 1.307022
23.585455 1.353752
23.616579 1.323378
23.647668 1.361429
23.678842 1.361179
23.711072 1.349079
23.742176 1.368272
23.773221 1.384377
23.804303 1.361846
23.825184 1.33264
23.857564 1.224493
23.88865 1.223909
23.919747 1.207637
23.950859 1.235342
23.981952 1.274561
24.014266 1.297008
24.045286 1.297175
24.076473 1.356756
24.107729 1.322793
24.138927 1.356256
24.171408 1.346492
24.202571 1.369941
24.233574 1.379203
24.264608 1.386547
24.295862 1.386964
24.328292 1.370692
24.359362 1.397812
24.390523 1.40407
24.4216 1.338231
24.452704 1.353752
24.484984 1.358509
24.51734 1.395559
24.549292 1.395559
24.58141 1.412081
24.61254 1.414
24.643662 1.414835
24.674724 1.416587
24.705914 1.344323
24.738187 1.322627
24.770175 1.418089
24.801309 1.319122
24.83242 1.304352
24.863531 1.350915
24.894685 1.394891
24.926951 1.419508
24.958029 1.421344
24.989139 1.400065
25.010001 1.380455
25.040996 1.381707
25.073231 1.361095
25.105432 1.394808
25.137892 1.459312
25.17001 1.463985
25.202121 1.450383
25.234383 1.439034
25.266285 1.455807
25.298257 1.458978
25.330717 1.466989
25.36266 1.476168
25.394927 1.481175
25.427301 1.484346
25.459162 1.483261
25.490244 1.483178
25.521399 1.495778
25.5526 1.493358
25.58391 1.499533
25.616442 1.475918
25.647686 1.486098
25.678827 1.381123
25.71008 1.374614
25.74134 1.439785
25.773756 1.407992
25.805055 1.431441
25.836266 1.456642
25.867618 1.456224
25.89881 1.428437
25.931308 1.405489
25.963871 1.504206
25.996337 1.502037
26.027518 1.530241
26.058717 1.523816
26.089952 1.507544
26.121148 1.513803
26.153591 1.443874
26.184711 1.421511
26.216039 1.468491
26.247481 1.515471
26.278795 1.533246
26.311331 1.585817
26.342469 1.568961
26.373616 1.441121
26.404684 1.456308
26.435802 1.538753
26.468214 1.5733
26.500612 1.603507
26.532812 1.598584
26.565148 1.591241
26.597621 1.543176
26.630045 1.51906
26.662454 1.562535
26.694511 1.431858
26.727013 1.548016
26.759278 1.596164
26.791266 1.520228
26.823232 1.459312
26.855494 1.490604
26.887663 1.51422
26.919518 1.562619
26.951755 1.539254
26.983796 1.57113
27.015897 1.627373
27.047798 1.665258
27.079737 1.67886
27.110779 1.676607
27.141951 1.672685
27.173057 1.678276
27.204228 1.670432
27.236454 1.672601
27.268412 1.619362
27.299471 1.670181
27.330639 1.628458
27.361775 1.65174
27.392896 1.603424
27.425144 1.611185
27.456238 1.678943
27.487273 1.689958
27.518368 1.696884
27.549404 1.69363
27.581766 1.704895
27.612966 1.678109
27.644103 1.55369
27.675316 1.577556
27.70654 1.587402
27.738925 1.565456
27.771236 1.560783
27.803554 1.518058
27.835626 1.43845
27.86771 1.375114
27.899685 1.359176
27.932063 1.302516
27.964075 1.303434
27.995184 1.255702
28.026224 1.236927
28.057244 1.226413
28.088374 1.234591
28.120737 1.230335
28.151891 1.26847
28.183214 1.208722
28.214494 1.243937
28.235464 1.206803
28.267915 1.179599
28.299129 1.209807
28.330351 1.13095
28.361508 1.152229
28.392614 1.214897
28.425096 1.268136
28.456156 1.234757
28.487223 1.276063
28.518312 1.295924
28.549372 1.31278
28.5817 1.343572
28.612892 1.369106
28.644061 1.379036
28.675234 1.350831
28.706427 1.375365
28.73875 1.399648
28.769887 1.433944
28.800922 1.510632
28.832013 1.461482
28.863098 1.503205
28.89533 1.464653
28.926337 1.489019
28.95737 1.466321
28.988439 1.515305
29.01949 1.556777
29.05175 1.522314
29.082873 1.511716
29.113925 1.542842
29.134876 1.536333
29.165946 1.54618
29.198347 1.569712
29.229407 1.624369
29.260462 1.557528
29.291529 1.528322
29.322767 1.544094
29.355188 1.583564
29.386327 1.606428
29.417412 1.614606
29.448515 1.621532
29.479643 1.633214
29.512037 1.629292
29.543121 1.62487
29.574199 1.608765
29.605338 1.676106
29.636369 1.75029
29.66878 1.736938
29.699839 1.717078
29.730882 1.721835
29.761909 1.669263
29.793038 1.685035
29.825278 1.65975
29.856395 1.639473
29.887541 1.621115
29.918719 1.58056
29.949769 1.624035
29.981921 1.605427
30.013061 1.61035
30.044222 1.594328
30.075425 1.614022
30.106621 1.574301
30.159372 1.579475
30.190391 1.65199
30.221426 1.677358
30.252444 1.614773
30.283479 1.612603
30.315934 1.616525
30.347126 1.590073
30.378185 1.617527
30.409488 1.668095
30.440719 1.626622
30.473212 1.597583
30.504359 1.629376
30.535508 1.616442
30.566557 1.627957
30.597663 1.539838
30.630083 1.36677
30.662278 1.370942
30.694331 1.373863
30.726679 1.372611
30.758692 1.388216
30.790958 1.396977
30.822948 1.399397
30.854155 1.400816
30.885203 1.370191
30.916243 1.37186
30.947484 1.386296
30.979896 1.385462
31.011007 1.394557
31.042085 1.394307
31.073222 1.384294
31.104368 1.392388
31.136693 1.393806
31.167918 1.383125
31.199015 1.386046
31.230157 1.392722
31.251085 1.394057
31.283381 1.338899
31.314465 1.337563
31.345668 1.355171
31.376838 1.345825
31.407977 1.352167
31.440449 1.370191
31.471528 1.338231
31.502724 1.288998
31.533759 1.300013
31.564837 1.311445
31.597293 1.332974
31.62835 1.306772
31.659361 1.27381
31.690391 1.22683
31.721569 1.238763
31.753862 1.253116
31.784873 1.242852
31.815999 1.29559
31.847014 1.324379
31.87806 1.324713
33.944663 1.544511
33.975816 1.543676
34.006884 1.522898
34.037972 1.492357
34.069074 1.480424
34.101411 1.488018
34.132598 1.405322
34.163694 1.415169
34.194745 1.444876
34.225888 1.449215
34.258084 1.439118
34.289161 1.373863
34.320415 1.370441
34.351665 1.378118
34.382885 1.369106
34.415249 1.366269
34.446368 1.355671
34.477499 1.364934
34.508734 1.360511
34.539882 1.367354
34.572309 1.347076
34.603422 1.344406
34.634554 1.367688
34.665596 1.39898
34.696649 1.427769
34.728949 1.475834
34.760109 1.499366
34.791199 1.505458
34.822294 1.539754
34.853349 1.562452
34.885738 1.557946
34.916986 1.575303
34.948056 1.63722
34.979112 1.633799
35.010203 1.646399
35.042433 1.664006
35.073479 1.669681
35.104528 1.664006
35.1357 1.695966
35.166784 1.711571
35.199145 1.757717
35.230201 1.786506
35.261192 1.783585
35.292235 1.759219
35.323308 1.143801
35.35583 0.568437
35.386905 0.574195
35.418073 0.577616
35.449165 0.589466
35.480247 0.586211
35.502434 0.590968
35.533463 0.59005
35.564555 0.590884
35.595701 0.580871
35.626886 0.594973
35.659128 0.596308
35.690224 0.604987
35.721312 0.594639
35.752371 0.599563
35.783443 0.620591
35.81578 0.960218
35.848067 1.418423
35.879162 1.504707
35.910171 1.54668
35.941223 1.549518
35.972318 1.549518
36.004899 1.527571
36.036053 1.513719
36.067142 1.400899
36.098307 1.379621
36.129594 1.42585
36.16197 1.427352
36.193108 1.454722
36.224188 1.473081
36.255349 1.501953
36.28653 1.469242
36.31888 1.466989
36.350048 1.485013
36.381218 1.45322
36.412288 1.442289
36.443344 1.455307
36.475819 1.478004
36.507057 1.492106
36.53817 1.52899
36.569224 1.52707
36.600529 1.465237
36.633093 1.491856
36.664045 1.468992
36.695229 1.483511
36.726294 1.461148
36.757464 1.444876
36.789826 1.451802
36.820868 1.454973
36.852 1.510214
36.88314 1.573884
36.914269 1.642811
36.946459 1.731681
36.977574 1.738524
37.008782 1.735937
37.039951 1.77474
37.071113 1.791846
37.103407 1.803112
37.134634 1.785254
37.16573 1.764392
37.196735 1.784002
37.22789 1.746368
37.260137 1.741528
37.291199 1.783084
37.322365 1.792848
37.353385 1.794099
37.384641 1.77282
37.416944 1.670265
37.447986 1.502454
37.479066 1.507377
37.510145 1.510548
37.541277 1.519227
37.57354 1.520812
37.604736 1.510632
37.635828 1.507377
37.666925 1.517808
37.698133 1.503121
37.730457 1.50913
37.761513 1.497864
37.792613 1.487684
37.823863 1.515805
37.855006 1.518058
37.88737 1.496195
37.918617 1.488268
37.949719 1.427435
37.980841 1.492941
38.012019 1.511299
38.044249 1.547682
38.075292 1.546096
38.106318 1.57864
38.13741 1.585566
38.168564 1.601839
38.200971 1.597833
38.232212 1.611602
38.263367 1.617944
38.294449 1.619446
38.32548 1.63964
38.357782 1.679027
38.389029 1.70356
38.420136 1.644229
38.451173 1.327383
38.482215 1.34207
38.514456 1.366186
38.546524 1.370108
38.577625 1.379454
38.608754 1.391053
38.639903 1.391303
38.670988 1.400566
38.703484 1.414
38.734529 1.411831
38.765639 1.430523
38.786509 1.429355
38.817583 1.436865
38.849969 1.436698
38.881092 1.441121
38.912168 1.443374
38.943126 1.454138
38.97418 1.459646
39.006441 1.475667
39.037546 1.482677
39.068602 1.48493
39.099622 1.502203
39.130684 1.516306
39.162985 1.518058
39.194036 1.523315
39.22511 1.522648
39.256289 1.533412
39.287445 1.543092
39.319686 1.533579
39.350834 1.54401
39.38207 1.565623
39.413291 0.055909
39.698764 0.148952
39.731096 0.38644
39.762253 0.527131
39.793416 0.586628
39.824503 0.615
39.855619 0.699532
39.887978 0.804674
39.920049 1.067781
39.951161 1.147723
39.982235 1.193451
40.013346 1.222991
40.044404 1.228749
40.076575 1.255369
40.107612 1.275563
40.138762 1.303684
40.169866 1.28858
40.20102 1.461815
40.233303 1.466572
40.264358 1.431524
40.295474 1.417422
40.326519 1.409327
40.357612 1.418006
40.390001 1.47016
40.421162 1.38905
40.452273 1.417088
40.483378 1.454555
40.514682 1.40841
40.547017 1.42827
40.578157 1.454973
40.609273 1.445293
40.640458 1.469075
40.6716 1.477086
40.703987 1.504039
40.735119 1.513803
40.766286 1.506042
40.797527 1.534497
40.828597 1.505959
40.860914 1.516139
40.891948 1.513218
40.922987 1.453387
40.954039 1.483345
40.985157 1.513969
41.01744 1.523482
41.048495 1.532077
41.07962 1.561367
41.110698 1.5491
41.14181 1.53625
41.174115 1.530992
41.205183 1.507711
41.236178 1.493692
41.267408 1.436114
41.298611 1.447296
41.331069 1.456892
41.362429 1.471745
41.393723 1.47742
41.424835 1.468992
41.456063 1.423931
41.488536 1.424181
41.519765 1.418757
41.550927 1.397645
41.582057 1.433026
41.613324 1.450967
41.645755 1.399481
41.676868 1.383459
41.708079 1.375114
41.739125 1.372444
41.770279 1.376032
41.802585 1.383709
41.833592 1.387965
41.864608 1.380789
41.895696 1.363432
41.926871 1.364767
41.959229 1.371192
41.990261 1.371192
42.02122 1.37161
42.052291 1.360011
42.08351 1.350748
42.115881 1.357841
42.147111 1.348829
42.178257 1.349163
42.209347 1.331388
42.240403 1.335227
42.272859 1.338899
42.303929 1.345324
42.335066 1.339983
42.366154 1.336646
42.397396 1.314699
42.429664 1.045334
42.460788 0.575864
42.492014 0.590884
42.523102 0.613498
42.554464 0.62226
42.586837 0.625097
42.618846 0.642621
42.650891 0.647211
42.682938 0.655806
42.71488 0.666654
42.7472 0.671827
42.779136 0.681424
42.811198 0.696361
42.8431 0.706458
42.875005 0.713467
42.906992 0.733494
42.939062 0.743007
42.971143 0.74768
43.00317 0.754523
43.035276 0.775051
43.066363 0.784814
43.097392 0.800502
43.128437 0.814855
43.159537 0.814604
43.191861 0.820779
43.222943 0.832211
43.254031 0.834214
43.285096 0.835382
43.316377 0.843727
43.348613 0.850653
43.379709 0.858998
43.411013 0.870263
43.442051 0.88495
43.47316 1.020801
43.505515 1.315116
43.536655 1.31787
43.567687 1.346242
43.598775 1.338982
43.629998 1.348161
43.662256 1.398146
43.693245 1.442706
43.724292 1.472663
43.755298 1.512634
43.786406 1.549434
43.818783 1.583564
43.849758 1.63505
43.880762 1.687788
43.911811 1.679944
43.943034 1.726257
43.975469 1.708233
44.00653 1.702558
44.037681 1.69413
44.068733 1.70381
44.099908 1.656496
44.132204 1.618111
44.163313 1.619446
44.19431 1.615524
44.225465 1.610684
44.256577 1.59049
44.28885 1.551103
44.319983 1.536834
44.350979 1.039075
44.382047 1.041162
44.413279 1.045751
44.445594 1.039743
44.476753 1.043748
44.507855 1.04767
44.53891 1.049005
44.570002 1.059103
44.602436 1.058268
44.633464 1.063776
44.664556 1.0692
44.685398 1.067948
44.71649 1.07696
44.748914 1.090979
44.779952 1.087141
44.810965 1.110589
44.841987 1.132035
44.873154 1.139628
44.905554 1.159822
44.936745 1.169586
44.96819 1.183187
44.999652 1.198709
45.030966 1.215732
45.063708 1.234257
45.09512 1.24861
45.126471 1.262629
45.15789 1.273643
45.189217 1.602172
45.222003 1.685786
45.253175 1.690709
45.284356 1.689457
45.315598 1.704394
45.346881 1.675271
45.379415 1.643228
45.410751 1.690542
45.442038 1.677858
45.473239 1.760721
45.504537 1.816213
45.536993 1.818048
45.568138 1.766228
45.599403 1.763808
45.630636 1.775741
45.661916 1.725924
45.694446 1.728093
45.725669 1.677775
45.756958 1.653659
45.788234 1.638722
45.819496 1.644897
45.851922 1.652574
45.88325 1.620614
45.91457 1.608681
45.945807 1.629042
45.977047 1.611685
46.009582 1.547515
46.040894 1.564204
46.072278 1.574218
46.103517 1.578807
46.134742 1.558697
46.167259 1.550602
46.198475 1.557528
46.229657 1.5123
46.260961 1.507294
46.292285 1.535081
46.324699 1.518142
46.35585 1.484262
46.387146 1.501703
46.41842 1.544845
46.449636 1.562619
46.482036 1.636219
46.513303 1.640558
46.544526 1.61544
46.575852 1.630544
46.607236 1.645147
46.629623 1.648819
46.660815 1.591491
46.692067 1.591658
46.7233 1.619446
46.754529 1.682782
46.787059 1.68612
46.818359 1.707565
46.84957 1.655745
46.880833 1.638138
46.912142 1.649987
46.944591 1.657247
46.975793 1.626956
47.007039 1.639389
47.038278 1.632297
47.069546 1.615524
47.102105 1.575136
47.133273 1.588404
47.164574 1.604092
47.19584 1.618278
47.227044 1.61978
47.259516 1.629877
47.29074 1.63505
47.321938 1.647317
47.353105 1.653409
47.384456 1.645064
47.417021 1.6837
47.44832 1.724755
47.479556 1.727509
47.510822 1.703727
47.542008 1.73527
47.574605 1.713991
47.60585 1.682448
47.637102 1.665258
47.668284 1.657831
47.699556 1.592826
47.732174 1.589071
47.763325 1.629042
47.794538 1.596248
47.825759 1.574802
47.856961 1.566624
47.889465 1.563286
47.920791 1.322627
47.95206 1.247191
47.983238 1.262128
48.014369 1.28082
48.046699 1.279318
48.077873 1.287746
48.109087 1.299262
48.140285 1.30552
48.171549 1.30285
48.204091 1.331388
48.235365 1.358759
48.266575 1.358091
48.297683 1.36677
48.3289 1.373779
48.361335 1.411914
48.39257 1.417338
48.423812 1.437699
48.455051 1.454138
48.486308 1.461732
48.518833 1.442539
48.549969 1.438784
48.581164 1.451468
48.612429 1.440703
48.643655 1.449298
48.676054 1.462733
48.707147 1.475834
48.738265 1.476502
48.76941 1.480007
48.800657 1.476919
48.833121 1.494526
48.864398 1.397979
48.895624 1.411581
48.926808 1.422262
48.958024 1.45297
48.99056 1.466655
49.021739 1.467323
49.052933 1.477336
49.084163 1.489019
49.11542 1.50187
49.147945 1.526486
49.179049 1.534748
49.210164 1.542508
49.241427 1.577639
49.272484 1.598834
49.3048 1.595997
49.335987 1.612937
49.36712 1.638638
49.398311 1.610851
49.429571 1.566958
49.461954 1.512551
49.493093 1.489853
49.524276 1.494359
49.555482 1.508796
49.586742 1.514554
49.619204 1.497113
49.650301 1.46048
49.681534 1.453554
49.71274 1.474332
49.743921 1.457142
49.776221 1.442122
49.807334 1.365101
49.838411 1.383209
49.869538 1.44571
49.900725 1.414918
49.933197 1.457893
49.96425 1.532828
49.995393 1.549017
50.01639 1.586067
50.047552 1.570546
50.080104 1.580142
50.111315 1.626372
50.142546 1.644313
50.17374 1.68153
50.204954 1.70356
50.237485 1.711404
50.268711 1.669514
50.299906 1.651239
50.331142 1.629459
50.362377 1.62754
50.394837 1.567542
50.446531 1.559281
50.477729 1.521229
50.508951 1.506209
50.540313 1.505291
50.572755 1.504623
50.604086 1.486515
50.635283 1.416671
50.666465 1.421427
50.697709 1.41083
50.730218 1.415085
50.761494 1.444792
50.792707 1.447796
50.823914 1.46991
50.855053 1.504957
50.887625 1.521313
50.918858 1.525819
50.950044 1.487767
50.981156 1.472914
51.0123 1.465988
51.044573 1.509213
51.075716 1.486515
51.106838 1.488602
51.138014 1.48251
51.16931 1.44279
51.201755 1.425683
51.232944 1.449632
51.264146 1.458895
51.295296 1.495528
51.326554 1.51956
51.358934 1.539337
51.390229 1.478755
51.421494 1.450967
51.452902 1.445543
51.484147 1.465153
51.516583 1.48034
51.547743 1.484429
51.578887 1.506626
51.610016 1.544928
51.641175 1.574301
51.6736 1.58832
51.70481 1.606762
51.735951 1.632881
51.767126 1.646566
51.798291 1.665592
51.830724 1.680111
51.861955 1.688706
51.893133 1.6963
51.924327 1.734936
51.955468 1.74545
51.988029 1.748871
52.019219 1.756632
52.050415 1.754713
52.081581 1.765978
52.112887 1.714742
52.145395 1.690709
52.17656 1.678276
52.207776 1.643979
52.238956 1.613605
52.270165 1.616692
52.30255 1.586985
52.333684 1.570212
52.36479 1.547181
52.395956 1.510298
52.427179 1.511549
52.45973 1.419007
52.490868 1.404905
52.522031 1.396894
52.553232 1.415836
52.584425 1.434361
52.616758 1.431775
52.647989 1.41592
52.679209 1.458477
52.710335 1.457393
52.741649 1.459813
52.774097 1.483929
52.805308 1.461064
52.836601 1.49511
52.867839 1.506459
52.899078 1.525819
52.931523 1.511132
52.962642 1.522564
52.993752 1.55102
53.024887 1.588737
53.055975 1.634716
53.088508 1.654911
53.119678 1.652991
53.150792 1.662671
53.181943 1.667845
53.213312 1.682198
53.245949 1.62729
53.277164 1.480925
53.308388 1.166999
53.339539 1.18277
53.370773 1.197874
53.403406 1.214814
53.434598 1.23409
53.465867 1.271891
53.497067 1.295924
53.528209 1.306521
53.560607 1.308608
53.591832 1.319622
53.623047 1.328969
53.654196 1.347744
53.685344 1.36168
53.717735 1.374948
53.748823 1.385796
53.779844 1.401817
53.81108 1.41592
53.842331 1.421427
53.874903 1.438117
53.906143 1.453554
53.937368 1.463901
53.968559 1.464569
53.999805 1.478588
54.032164 1.489102
54.063341 1.489353
54.094512 1.494443
54.125704 1.501452
54.15693 1.524984
54.189528 1.500701
54.22076 1.503372
54.252015 1.577222
54.283231 1.589405
54.314485 1.604175
54.34693 1.582896
54.378196 1.624953
54.409462 1.680195
54.440762 1.677858
54.472053 1.678776
54.504444 1.655828
54.535687 1.660251
54.566904 1.682281
54.598163 1.702642
54.629422 1.703226
54.661859 1.674437
54.69301 1.638054
54.734528 1.611101
54.765775 1.595163
54.797042 1.559448
54.829388 1.547515
54.860596 1.522481
54.891875 1.533412
54.92311 1.545929
54.954374 1.455307
55.00727 1.422595
55.038482 1.409327
55.069677 1.420009
55.100961 1.499199
55.132281 1.537835
55.164769 1.521229
55.195828 1.54885
55.226978 1.541924
55.25822 1.556611
55.289313 1.587569
55.321675 1.517808
55.352683 1.535499
55.383903 1.523149
55.415195 1.548349
55.446277 1.638722
55.478735 1.591408
55.509902 1.587486
55.54112 1.527988
55.572282 1.497364
55.603585 1.471912
55.625835 1.465153
55.656923 1.470577
55.687998 1.456475
55.719085 1.451218
55.750106 1.416671
55.782381 1.391053
55.813464 1.376783
55.844503 1.356256
55.875557 1.342904
55.906622 1.316785
55.938884 1.34983
55.969978 1.428186
56.001305 1.496195
56.032372 1.526236
56.063522 1.484596
56.095865 1.466155
56.126951 1.476252
56.158082 1.517224
56.189144 1.554858
56.220215 1.554775
56.252463 1.520895
56.283541 1.526069
56.314618 1.59775
56.345662 1.633131
56.376746 1.630961
56.409071 1.591157
56.440222 1.583731
56.471448 1.540005
56.502702 1.492857
56.533856 1.44596
56.56616 1.443874
56.597318 1.452469
56.62849 1.462817
56.659628 1.480507
56.690699 1.456975
56.722913 1.438951
56.754136 1.439952
56.785211 1.552855
56.816301 1.564037
56.847616 1.59316
56.879909 1.630961
56.910926 1.649069
56.941931 1.684534
56.973094 1.720499
57.004236 1.726508
57.036578 1.740443
57.067671 1.739525
57.098828 1.716578
57.129883 1.714825
57.160947 1.739692
57.19331 1.73844
57.224422 1.722252
57.255532 1.747286
57.286685 1.786839
57.317814 1.816463
57.350129 1.823055
57.381234 1.802694
57.412292 1.791179
57.443305 1.790261
57.474558 1.79001
57.506901 1.719415
57.548229 1.645648
57.579331 0.882196
57.610443 0.900721
57.641535 0.902473
57.673749 0.914907
57.704809 0.91232
57.735837 0.920498
57.777123 0.926089
57.808246 0.97841
57.840593 1.004695
57.871714 1.030564
57.902847 1.041662
57.933987 1.070785
57.965173 1.096737
57.997493 1.127195
58.028486 1.144802
58.059491 1.152896
58.090557 1.144385
58.121643 1.172673
58.153791 1.183605
58.184861 1.185691
58.21591 1.191031
58.246962 1.197206
58.278049 1.192951
58.310281 1.234006
58.341389 1.262211
58.372398 1.277148
58.403477 1.259374
58.434674 1.250278
58.467028 1.26146
58.49836 1.316618
58.529519 1.32004
58.560686 1.369524
58.591892 1.482009
58.624319 1.53408
58.655524 1.543009
58.686643 1.560699
58.717848 1.647734
58.748891 1.701807
58.781155 1.729011
58.81227 1.735436
58.84343 1.774406
58.874485 1.833987
58.905653 1.960241
58.937917 1.971507
58.969032 1.918852
59.00016 1.910591
59.031284 1.913011
59.06254 1.916849
59.09489 1.879632
59.126021 1.899909
59.157028 1.897823
59.188073 1.896739
59.219181 1.91226
59.251462 1.792013
59.282549 0.32953
59.384782 0.342965
59.415869 0.374925
59.446887 0.377011
59.479163 0.374841
59.511503 0.388777
59.543471 0.38594
59.57556 0.393116
59.607994 0.422489
59.640192 0.437426
59.672388 0.441181
59.704582 0.45036
59.736596 0.458872
59.768596 0.439429
59.800679 0.453114
59.832759 0.482404
59.863775 0.501179
59.905014 0.510942
59.936133 0.528216
59.967205 0.535225
59.999516 0.541067
60.030574 0.549328
60.082122 0.533306
60.113248 0.538563
60.144344 0.553333
60.176627 0.571775
60.207956 0.607156
60.238983 0.76971
60.270004 0.85783
60.30128 0.89029
60.333663 0.960469
60.364697 1.030063
60.395911 1.054596
60.427062 1.100325
60.458159 1.167833
60.490637 1.220905
60.521754 1.258206
60.552881 1.260209
60.573805 1.267886
60.605014 1.303184
60.637375 1.336812
60.668431 1.356756
60.699511 1.359593
60.730732 1.370024
60.761898 1.434946
60.794364 1.45781
60.825473 1.47233
60.856501 1.514554
60.887498 1.538252
60.918782 1.517224
60.950988 1.551938
60.982055 1.570045
61.01325 1.570713
61.044275 1.598083
61.075351 1.593244
61.107547 1.596665
61.138617 1.643896
61.169607 1.65416
61.200613 1.688289
61.231749 1.696634
61.263975 1.727759
61.295032 1.733517
61.326039 1.735603
61.357075 1.788091
61.388284 1.837742
61.420678 1.864778
61.451646 0.039803
61.787715 0.247919
61.818947 0.319266
61.85019 0.433421
61.882466 0.561761
61.914518 0.572693
61.946908 0.610244
61.978914 0.684595
62.011122 0.741755
62.043041 0.729489
62.075358 0.711715
62.107593 0.72323
62.139649 0.815439
62.171787 0.829541
62.203872 0.835633
62.236062 0.797164
62.268398 0.776886
62.300553 0.770211
62.331697 0.753688
62.362834 0.768458
62.393974 0.773632
62.425187 0.790739
62.457577 0.800418
62.488805 0.785815
62.509927 0.805509
62.541095 0.852239
62.572309 0.862753
62.604806 0.888621
62.636032 1.007282
62.667127 1.093733
62.698154 1.142132
62.729356 1.151478
62.761677 1.179349
62.792728 1.210808
62.813601 1.218235
62.844625 1.247608
62.875697 1.266133
62.908092 1.291584
62.939207 1.332974
62.970315 1.348912
63.001322 1.353335
63.032392 1.375281
63.064833 1.385879
63.09598 1.411163
63.127093 1.418757
63.158147 1.443874
63.18917 1.481425
63.221454 1.49753
63.252541 1.499116
63.283553 1.527822
63.314614 1.562702
63.345736 1.563787
63.378135 1.597332
63.40923 1.595246
63.440259 1.602423
63.471307 1.602423
63.502489 1.587986
63.534918 1.599669
63.566009 1.575803
63.597153 1.616024
63.628249 1.659584
63.659305 1.691627
63.691509 1.705062
63.722551 1.756465
63.753633 1.797854
63.784756 1.790428
63.815908 0.028288
64.112835 0.14069
64.14392 0.563597
64.175009 0.723648
64.206172 0.645041
64.237282 0.642621
64.269557 0.644958
64.300551 0.682926
64.331537 0.706958
64.362702 0.662064
64.393921 0.66148
64.426221 0.721311
64.457257 0.75252
64.488325 0.762617
64.519526 0.738835
64.550647 0.738251
64.583085 0.752687
64.614215 0.769209
64.645269 0.761282
64.67631 0.746929
64.707381 0.734496
64.739605 0.728905
64.770678 0.715219
64.801857 0.718224
64.832818 0.689852
64.863912 0.697112
64.896183 0.743842
64.927322 0.849485
64.958355 0.904059
64.989541 0.95421
65.020634 0.993263
65.052992 1.015877
65.084049 1.051175
65.115157 1.079463
65.146321 1.086223
65.177463 1.121687
65.209819 1.156818
65.240973 1.289582
65.272126 1.380956
65.29302 1.381206
65.32412 1.370525
65.356358 1.372194
65.387441 1.369023
65.418581 1.368021
65.449751 1.390802
65.480851 1.395893
65.513216 1.401901
65.544316 1.453053
65.575424 1.440036
65.606551 1.433026
65.637741 1.45297
65.669978 1.489269
65.701222 1.503956
65.732483 1.525819
65.763681 1.562285
65.794918 1.544427
65.827347 1.548349
65.858595 1.572799
65.889824 1.56871
65.921071 1.58323
65.952272 1.63263
65.984678 1.668763
66.015751 1.646149
66.057111 1.649737
66.088237 1.649737
66.119415 1.658749
66.151839 1.670014
66.183025 1.674771
66.214131 1.677191
66.245297 1.685285
68.62918 1.222908
68.661097 1.222324
68.692115 1.232755
68.723227 1.237261
68.754211 1.24185
68.78529 1.237428
68.817749 1.255035
68.848901 1.279401
68.879964 1.288747
68.911022 1.297426
68.942068 1.323211
68.974306 1.337814
69.005386 1.326131
69.036385 1.363766
69.067486 1.389634
69.098627 1.390719
69.130974 1.393556
69.162019 1.400315
69.193013 1.403486
69.224197 0.807094
69.255334 0.069093
69.45043 0.075185
69.481534 0.082194
69.512668 0.093376
69.544027 0.099301
69.57521 0.104808
69.780574 0.112068
69.812685 0.120913
69.844851 0.131261
69.87697 0.135684
69.908969 0.139021
69.941225 0.140941
69.9733 0.145113
70.005327 0.155878
70.036355 0.171899
70.067401 0.186753
70.098492 0.196349
70.129596 0.192093
70.161944 0.201857
70.193052 0.334537
70.224145 0.541651
70.255212 0.581288
70.286298 0.622844
70.318488 0.669741
70.349501 0.722229
70.380564 0.768208
70.411644 0.781309
70.442824 0.805008
70.475084 0.852656
70.506088 0.895214
70.537185 0.915241
70.558179 0.946617
70.589262 0.96873
70.621706 0.990176
70.652807 1.050758
70.683978 1.179099
70.71514 1.205885
70.746257 1.22199
70.77871 1.256954
70.809873 1.298594
70.840969 1.350581
70.872069 1.408076
70.903167 1.412749
70.935546 1.430606
70.966687 1.433277
70.997812 1.468324
71.02894 1.453387
71.060282 1.465237
71.092759 1.490271
71.123891 1.487851
71.15502 1.485848
71.186142 1.496028
71.21741 1.525151
71.24998 1.529908
71.281146 1.545429
71.312213 1.563954
71.343305 1.572716
71.374402 1.574051
71.406774 1.609683
71.437947 1.628041
71.469231 1.642811
71.500416 1.675939
71.531489 1.687037
71.563962 1.687955
71.595159 1.705646
71.626479 1.647484
71.657675 0.040888
71.943125 0.269865
71.975469 0.540232
72.006549 0.56318
72.037619 0.451445
72.201025 0.440096
72.232134 0.480568
72.264508 0.566685
72.295694 0.566184
72.357489 0.590634
72.388667 0.665068
72.419879 0.669658
72.452276 0.663483
72.483493 0.656557
72.514643 0.664567
72.545766 0.653052
72.577071 0.646209
72.609533 0.65422
72.640597 0.684511
72.671644 0.766289
72.702767 0.823283
72.733881 0.866258
72.766237 0.908648
72.797447 0.988674
72.828519 1.090812
72.859632 1.138961
72.880559 1.119935
72.912933 1.126611
72.944214 1.150059
72.975329 1.187527
73.006348 1.227164
73.037428 1.245021
73.069695 1.26897
73.100819 1.275229
73.132004 1.287496
73.163058 1.313114
73.194125 1.330888
73.226534 1.44788
73.257639 1.466739
73.288728 1.475584
73.31979 1.496112
73.350933 1.464986
73.383254 1.475751
73.414516 1.476919
73.445529 1.504373
73.476625 1.488769
73.507775 1.484346
73.540193 1.503038
73.571403 1.518893
73.602568 1.486682
73.643866 1.499032
73.674944 1.517307
73.707251 1.509046
73.738325 1.501286
73.769389 1.493108
73.800418 1.486182
73.821333 1.504623
73.85359 1.520812
73.884676 1.527571
73.915884 1.531577
73.946937 1.546514
73.97808 1.561951
74.010401 1.595997
74.041548 0.031709
74.337168 0.370836
74.368255 0.556838
74.399308 0.564599
74.431594 0.584626
74.463612 0.615584
74.495832 0.58788
74.527927 0.583374
74.559995 0.621592
74.592428 0.666737
74.624622 0.657474
74.656761 0.667488
74.68872 0.68885
74.720739 0.656306
74.752873 0.625848
74.784878 0.630855
74.816792 0.612246
74.848783 0.620508
74.880724 0.645458
74.912673 0.649547
74.943818 0.658309
74.97488 0.646293
75.00593 0.65664
75.037004 0.668323
75.069245 0.671744
75.1003 0.652968
75.131561 0.700616
75.162676 0.735914
75.193842 0.760698
75.226253 0.824117
75.257374 0.872433
75.288431 0.912904
75.319442 0.942945
75.350582 0.943613
75.382989 0.966727
75.414242 0.98108
75.44525 1.001942
75.476396 1.028645
75.507627 1.192033
75.539917 1.251614
75.571193 1.269137
75.602415 1.31011
75.633648 1.317787
75.664887 1.360011
75.697124 1.399147
75.728216 1.460063
75.759303 1.422262
75.790291 1.425683
75.82141 1.451051
75.853767 1.469993
75.884761 1.48276
75.915835 1.513218
75.946942 1.521146
75.977953 1.55394
76.010233 1.574385
76.041256 1.570713
76.072244 1.573216
76.103233 1.581561
76.134296 1.624369
76.166512 1.6227
76.197646 1.643311
76.228663 1.665341
76.259833 1.678025
76.290935 1.669847
76.323322 1.699471
76.354517 1.707148
76.385773 1.748371
76.417093 1.815879
76.448255 0.040555
76.765256 0.117409
76.796476 0.14503
76.827531 0.168645
76.858806 0.185
76.890013 0.198769
76.922468 0.226974
76.954484 0.250172
76.986466 0.279796
77.018463 0.320684
77.050505 0.34672
77.082697 0.369668
77.104432 0.391697
77.136429 0.410723
77.168377 0.433588
77.200281 0.459957
77.232347 0.485908
77.264331 0.500261
77.296373 0.504434
77.328556 0.51912
77.360448 0.539815
77.391543 0.554251
77.422686 0.591051
77.45389 0.633609
77.48513 0.65639
77.51775 0.705873
77.548882 0.760698
77.58012 0.792658
77.611273 0.85783
77.642328 0.929594
77.674561 0.96389
77.705648 0.994348
77.736815 1.023721
77.767887 1.097488
77.799052 1.211225
77.83136 1.263546
77.862373 1.319622
77.893485 1.332473
77.9246 1.351499
77.955789 1.372945
77.988138 1.3888
78.019315 1.404905
78.050468 1.412665
78.081487 1.431775
78.112655 1.452136
78.144906 1.484763
78.175997 1.513135
78.207022 1.557862
78.238136 1.56337
78.269299 1.592659
78.301768 1.598834
78.3328 1.635384
78.363882 1.675188
78.394956 1.692295
78.426006 1.716995
78.45815 1.731514
78.48915 1.738941
78.520184 1.726841
78.551172 1.74545
78.582355 1.766645
78.614784 1.777327
78.646038 1.789093
78.677183 1.805865
78.708294 1.827812
78.739354 1.847004
78.77167 1.829648
78.802726 0.037801
79.098303 0.230395
79.129374 0.452697
79.160382 0.652968
79.192625 0.778138
79.224799 0.855159
79.256808 0.908732
79.28892 0.928676
79.320871 0.939524
79.352872 1.003026
79.384917 1.069617
79.41706 1.055598
79.449028 0.961637
79.481382 0.911486
79.523934 0.908815
79.556146 0.854408
79.58843 0.759029
79.681863 0.782811
79.71384 0.82153
79.744948 0.85783
79.776086 0.883281
79.80713 0.914239
79.838256 0.941359
79.870722 0.99368
79.901761 1.049256
79.932835 1.064026
79.963999 1.111841
79.995163 1.157236
80.027628 1.172173
80.058717 1.186525
80.089702 1.199793
80.120738 1.230084
80.151886 1.232004
80.18427 1.215147
80.215339 1.219153
80.246397 1.195538
80.277504 1.216483
80.308609 1.439201
80.340918 1.44279
80.372004 1.431107
80.40313 1.441204
80.434295 1.458978
80.465481 1.438868
80.497923 1.432192
80.529047 1.402068
80.56014 1.378285
80.59134 1.333558
80.622634 1.324212
80.65505 1.335394
80.686107 1.355671
80.717147 1.355254
80.748174 1.360011
80.779277 1.361262
80.801409 1.350164
80.83252 1.355004
80.863646 1.352834
80.894752 1.368021
80.925914 1.372945
80.958328 1.379704
80.989396 1.377034
81.020509 1.373445
81.051629 1.376283
81.082642 1.392054
81.104681 1.403903
81.135733 1.412248
81.16677 1.424682
81.197795 1.451134
81.228884 0.418567
81.505348 0.427746
81.536513 0.443267
81.56768 0.447857
81.619308 0.456035
81.650505 0.464379
81.713476 0.474143
81.744594 0.492835
81.775692 0.517868
81.806909 0.529968
81.838088 0.564682
81.870363 0.618004
81.901538 0.675916
81.932562 0.728237
81.963604 0.785481
81.994636 0.908148
82.026941 0.998187
82.058085 1.053512
82.089266 1.124942
82.120346 1.18736
82.151427 1.220989
82.183763 1.266717
82.215761 1.344573
82.24789 1.411414
82.280355 1.402068
82.312589 1.386964
82.344574 1.390635
82.376498 1.433944
82.408752 1.468908
82.440718 1.471328
82.472907 1.568794
82.50494 1.624536
82.53688 1.609766
82.568788 1.626706
82.600882 0.410223
82.724852 0.423574
82.756988 0.451195
82.78908 0.470054
82.820204 0.495421
82.851228 0.53606
82.882303 0.559008
82.913524 0.562763
82.945896 0.575947
82.978006 0.224637
83.713425 0.226724
83.745833 0.212872
83.778212 1.502704
86.291498 1.494109
86.322818 1.522064
86.353981 1.545929
86.385168 1.520895
86.417551 1.535916
86.448775 1.544678
86.480062 1.575052
86.511322 1.598083
86.542583 1.598417
86.575073 1.602005
86.606336 1.562118
86.63766 1.558697
86.668822 1.569712
86.699967 1.567375
86.732404 1.564705
86.76349 1.594495
86.794603 1.595997
86.82572 1.610934
86.856925 1.617527
86.889274 1.643311
86.920431 1.650404
86.951684 1.66167
86.982979 1.670598
87.014164 1.637971
87.046637 1.622617
87.077904 1.622951
87.109119 1.422095
87.140338 0.046646
87.374783 0.102055
87.407173 0.12325
87.438301 0.148284
87.469525 0.18692
87.500728 0.211369
87.531894 0.22931
87.564303 0.242912
87.595534 0.244748
87.626754 0.25351
87.658055 0.270533
87.68933 0.699448
87.721745 0.836551
87.752918 0.867927
87.784136 0.829541
87.815381 0.827956
87.846613 0.83121
87.87906 0.802087
87.910307 0.787401
87.941432 0.79149
87.972616 0.772631
88.003851 0.771546
88.036403 0.758528
88.067617 0.767791
88.098799 0.650548
88.292851 0.664067
88.324241 0.694358
88.35671 0.711965
88.387985 0.748181
88.41919 0.77213
88.450421 0.788152
88.481704 0.814354
88.514152 0.839388
88.545412 0.849735
88.576662 0.878274
88.607928 0.909149
88.639262 0.927257
88.671724 0.964558
88.70303 0.999104
88.734256 1.019132
88.765524 1.040828
88.796806 1.075959
88.829345 1.0818
88.860505 1.093149
88.891608 1.121687
88.922691 1.141548
88.953912 1.139295
88.986332 1.240015
89.017545 1.301848
89.048759 1.244771
89.080017 1.234757
89.111196 1.247775
89.14364 1.230084
89.174826 1.22174
89.20594 1.229667
89.237063 1.25153
89.26832 1.260626
89.300783 1.267802
89.332052 1.267385
89.363226 1.251363
89.394448 1.256537
89.425637 1.256453
89.458122 1.261794
89.489284 1.25662
89.520478 1.263213
89.551679 1.274311
89.582882 1.263463
89.6153 1.149725
89.809335 1.158237
89.840609 1.181769
89.871895 1.186192
89.903096 1.198542
89.935611 1.207804
89.966767 1.214897
89.997961 1.21206
90.029238 1.217818
90.060526 1.225745
90.092934 1.232671
90.124133 1.242434
90.155203 1.252365
90.186325 1.247608
90.21749 1.24911
90.24997 0.1477
90.535509 0.143027
90.566827 0.156712
90.598075 0.163555
90.629318 0.171899
90.661875 0.186252
90.694168 0.198686
90.726434 0.20678
90.758742 0.225138
90.791066 0.251507
90.823356 0.286805
90.855464 0.326192
90.887693 0.367915
90.91992 0.421071
90.95248 0.444018
90.984965 0.468218
91.017169 0.496423
91.049597 0.512945
91.082061 0.544321
91.114359 0.589799
91.146623 0.639867
91.178983 0.67141
91.201041 0.694608
91.233212 0.722312
91.265329 0.764787
91.297592 0.795161
91.329746 0.825202
91.36202 0.017106
91.638731 0.046813
91.762884 0.23657
91.785018 0.4799
91.817211 0.531888
91.849505 0.565183
91.881849 0.601232
91.913982 0.630521
91.946262 0.659728
91.97844 0.690436
92.010866 0.719225
92.043308 0.751936
92.07588 0.777888
92.108184 0.787317
92.140331 0.795245
92.172803 0.849568
92.205015 1.012623
92.237212 1.024389
92.269472 0.931179
92.332482 0.929844
92.364903 0.967478
92.397476 1.04233
92.429849 1.083552
92.462126 1.110672
92.494343 1.157987
92.526564 1.231336
92.559036 1.264715
92.591499 1.308608
92.62411 1.344573
92.656626 1.345074
92.689026 1.362514
92.721415 1.376032
92.742398 1.364517
92.773668 1.346743
92.804997 1.338064
92.836282 1.326799
92.868882 1.324045
92.900171 1.300513
92.93148 1.132702
93.125524 1.145052
93.156688 1.23167
93.189201 1.245439
93.220495 1.274061
93.251799 1.280736
93.283127 1.31036
93.314361 1.309192
93.346927 1.317453
93.378124 1.31303
93.409377 1.336729
93.440618 1.358675
93.471905 1.37937
93.504366 1.409912
93.535525 1.421177
93.566769 1.422762
93.597906 1.437199
93.628977 1.448047
93.661341 1.451718
93.692598 1.518058
93.723743 1.544344
93.754935 1.501119
93.786027 1.471161
93.818436 1.450467
93.849576 1.44838
93.880615 1.435363
93.911725 1.454889
93.942872 1.459228
93.97529 1.456558
94.006534 1.460397
94.037744 1.473081
94.068946 0.090956
94.395231 0.350141
94.427691 0.466716
94.458694 0.497674
94.489692 0.37893
94.602226 0.397956
94.633353 0.441598
94.665688 0.411307
94.727514 0.418734
94.758718 0.433588
94.789834 0.410389
94.820931 0.414395
94.853262 0.394451
94.914915 0.394368
94.945939 0.372421
95.007688 0.376927
95.028621 0.409138
95.06082 0.45762
95.091941 0.489246
95.123009 0.531136
95.154087 0.55375
95.185336 0.572526
95.217714 0.607907
95.248956 0.641286
95.280073 0.680255
95.311256 0.720977
95.3425 0.764369
95.374829 0.780141
95.406117 0.792825
95.437237 0.867092
95.468295 0.951623
95.499342 0.958633
95.531613 0.964641
95.562688 0.961303
95.593866 0.975489
95.625075 0.996601
95.656145 1.00286
95.688607 1.026225
95.719691 1.031649
95.75072 1.042246
95.78174 1.068365
95.812835 1.073706
95.845143 1.070117
95.876234 1.134622
95.907439 1.177179
95.928376 1.196706
95.959501 1.21423
95.991864 1.228833
96.022922 1.225495
96.054013 1.245105
96.085043 1.286995
96.116184 1.275146
96.14853 1.274478
96.179608 1.284742
96.210705 1.286494
96.231629 1.299262
96.262785 1.32997
96.295212 1.350748
96.326309 1.34983
96.357378 1.365852
96.388516 1.389718
96.419757 1.396727
96.452152 1.415836
96.483291 1.432275
96.514394 1.436364
96.545513 1.443541
96.576595 1.449382
96.608919 1.465153
96.640138 1.466071
96.671225 1.47258
96.702417 1.457226
96.733534 1.471245
96.765837 1.458561
96.796888 1.466321
96.827937 1.47767
96.858958 1.361095
96.89004 0.03513
97.166335 0.079023
97.197437 0.153875
97.228526 0.343966
97.259642 0.370335
97.290784 0.422906
97.323249 0.488245
97.354485 0.508689
97.385593 0.539064
97.416856 0.606989
97.448107 0.650548
97.480548 0.635111
97.511714 0.637447
97.542857 0.649547
97.574131 0.63728
97.605391 0.64671
97.637789 0.664567
97.668893 0.657141
97.700494 0.683093
97.731696 0.722646
97.7629 0.730657
97.795504 0.749015
97.826777 0.801587
97.857813 0.854408
97.888845 0.886368
97.920196 0.858664
97.952756 0.852072
97.973667 0.852572
98.004704 0.864088
98.035768 0.823032
98.08727 0.85324
98.119693 0.896716
98.150816 0.923669
98.181819 0.943946
98.212888 0.990259
98.243968 1.025307
98.276349 1.089727
98.307498 1.204633
98.338495 1.216399
98.369557 1.230585
98.400665 1.272141
98.43299 1.258873
98.464092 1.268887
98.495138 1.268887
98.526222 1.275563
98.55746 1.280069
98.589947 1.291
98.621181 1.314282
98.65224 1.31011
98.683268 1.327133
98.714555 1.378786
98.746925 1.429605
98.778229 1.43336
98.809309 1.450216
98.840474 1.446962
98.871552 1.449632
98.903831 1.477921
98.934894 1.503539
98.966032 1.499867
98.997094 1.507294
99.02816 1.522397
99.060455 1.526403
99.091533 1.522147
99.122573 1.560282
99.153663 1.574885
99.184902 1.563954
99.2175 1.575303
99.248527 1.574969
99.279659 1.589488
99.310723 1.587402
99.341879 1.574468
99.37421 1.580977
99.405443 1.600587
99.436652 0.028455
99.752705 0.146031
99.783962 0.517284
99.816402 1.00578
99.847481 1.27139
99.878564 1.277482
99.909663 1.255869
99.940802 1.255536
99.973134 1.238679
100.004253 1.19946
