1.9e-05 314.981
0.032454 331.194
0.06356 322.711
0.277779 321.582
0.308916 319.472
0.329763 317.64
0.362007 318.83
0.393247 315.081
0.42445 320.146
0.455603 317.643
0.48676 322.044
0.519093 323.615
0.550159 321.267
0.734017 318.495
0.897485 316.665
0.928527 317.554
0.960722 319.583
0.991831 320.447
1.022801 320.9
1.054031 322.294
1.085077 319.646
1.117317 315.152
1.209614 315.897
1.240694 313.379
1.27175 312.384
1.302813 313.888
1.335089 313.325
1.36613 312.118
1.397148 314.663
1.428143 314.065
1.459223 313.991
1.491454 324.07
1.522477 317.303
1.553451 319.989
1.584432 318.544
1.615468 321.593
1.647667 317.865
1.678792 315.67
1.709864 319.501
1.740956 311.049
1.772056 312.53
1.804288 315.992
1.835319 313.617
1.866302 319.167
1.89736 317.372
1.92842 316.603
1.960641 317.643
1.99173 316.401
2.022733 315.306
2.053759 315.065
2.084868 318.858
2.117137 323.002
2.148128 318.475
2.169032 314.42
2.20018 318.427
2.23122 312.997
2.263443 317.089
2.294433 322.956
2.325503 320.532
2.356555 318.906
2.387645 315.989
2.419957 316.206
2.451001 322.296
2.482051 319.518
2.513092 322.503
2.544176 319.573
2.576507 322.864
2.607628 317.552
2.638649 317.828
2.669667 324.332
2.700656 319.015
2.732902 318.845
2.763949 319.173
2.79511 316.283
2.816207 319.613
2.847395 322.909
2.879798 316.065
2.911087 315.947
2.942227 318.582
2.973404 317.425
3.00442 318.266
3.03669 320.064
3.06777 320.57
3.098822 316.908
3.129832 314.644
3.160916 314.406
3.193326 314.123
3.224521 316.852
3.255516 319.235
3.286567 317.966
3.317579 321.914
3.349776 319.868
3.380908 318.826
3.412011 315.72
3.432805 315.487
3.463877 315.787
3.496122 316.594
3.527168 316.861
3.558239 318.113
3.589403 318.306
3.620507 317.203
3.652796 315.67
3.683845 312.354
3.714848 321.104
3.745874 317.409
3.776964 319.725
3.809293 319.077
3.840332 314.205
3.871391 316.469
3.902445 314.779
3.933502 314.903
3.965733 322.324
3.99686 319.892
4.027937 320.104
4.059009 317.748
4.090086 320.074
4.122421 326.33
4.153405 324.6
4.184463 325.074
4.215734 321.273
4.246808 323.858
4.279102 326.806
4.310143 321.925
4.341228 318.156
4.372306 325.602
4.393185 322.232
4.425667 327.057
4.456763 325.518
4.487814 321.373
4.518898 322.111
4.550044 327.514
4.582517 330.546
4.613674 326.469
4.644863 323.97
4.675943 322.674
4.70708 319.405
4.739469 318.495
4.770444 317.837
4.801488 318.247
4.832474 319.619
4.863535 320.269
4.895852 317.792
4.926843 322.062
4.957853 321.9
4.988976 324.302
5.02011 316.104
5.052574 317.153
5.083789 329.175
5.115005 323.573
5.14603 326.689
5.177065 322.228
5.209494 331.295
5.240611 326.982
5.271717 324.842
5.29266 324.852
5.323698 320.612
5.355842 318.285
5.387099 322.194
5.418406 317.682
5.449785 313.896
5.48116 319.095
5.513772 316.138
5.545089 321.843
5.566198 313.406
5.597604 312.402
5.628873 318.0
5.661442 316.098
5.692821 316.002
5.724307 318.269
5.755748 318.053
5.787229 318.579
5.820002 316.858
5.851433 315.688
5.882766 321.477
5.914197 327.726
5.945592 322.075
5.978027 319.155
6.009333 314.572
6.04061 320.17
6.071941 321.659
6.103254 327.16
6.135694 318.74
6.167006 316.339
6.198295 320.132
6.229567 317.29
6.260815 318.533
6.293239 321.373
6.324516 320.071
6.355789 316.716
6.387004 316.532
6.418281 318.65
6.450651 317.415
6.481849 317.61
6.513082 319.015
6.544273 312.514
6.575517 313.671
6.608079 322.232
6.639379 314.019
6.670592 315.287
6.701793 313.807
6.733022 313.913
6.765434 318.41
6.796583 315.656
6.8278 321.945
6.859051 321.627
6.890307 316.907
6.922828 317.51
6.953911 319.937
6.985017 322.418
7.016168 321.423
7.047384 317.789
7.079752 320.177
7.110908 318.891
7.142066 320.912
7.173173 323.808
7.204346 317.969
7.226712 323.774
7.257869 317.792
7.289005 318.343
7.320177 319.089
7.351472 317.704
7.383901 316.871
7.416334 320.747
7.447544 321.258
7.478684 322.204
7.509857 321.063
7.541063 316.96
7.5735 315.933
7.604763 314.614
7.636031 315.839
7.667239 315.892
7.698493 317.09
7.730897 316.571
7.761947 315.889
7.793162 319.339
7.824473 320.314
7.855696 319.968
7.888172 319.823
7.919442 318.767
7.950672 321.27
7.981854 319.194
8.013133 317.013
8.0455 318.2
8.076718 324.336
8.118074 321.112
8.149177 318.431
8.180403 317.027
8.213019 315.575
8.244235 316.065
8.275461 316.402
8.306677 316.582
8.337975 320.094
8.37048 322.726
8.401654 320.164
8.432867 320.012
8.464099 324.739
8.495314 319.957
8.527832 319.524
8.558977 318.25
8.590248 322.796
8.621522 324.05
8.652697 319.799
8.68507 333.969
8.716153 319.354
8.747359 319.753
8.778452 321.712
8.809555 319.357
8.842007 318.991
8.873232 318.454
8.904425 318.406
8.935648 329.618
8.966854 321.764
8.999437 319.33
9.030689 316.741
9.061942 321.069
9.093117 319.303
9.124288 316.206
9.156666 318.665
9.187929 319.848
9.219174 318.276
9.250426 316.852
9.281534 316.018
9.313854 317.658
9.344944 318.727
9.376078 315.181
9.407361 316.099
9.438591 316.357
9.471083 316.092
9.502228 321.787
9.533369 333.416
9.564525 323.487
9.595845 319.098
9.6283 317.847
9.659437 316.48
9.69067 318.613
9.721818 316.54
9.753082 314.937
9.785531 317.505
9.816677 317.538
9.847776 316.22
9.878919 316.657
9.910129 313.938
9.942578 313.361
9.973808 332.84
10.02535 328.688
10.066864 324.021
10.098163 317.936
10.130583 317.479
10.161736 318.04
10.192858 319.606
10.22409 320.732
10.265506 317.823
10.297973 319.844
10.330276 320.565
10.361355 312.448
10.392506 323.124
10.423746 317.14
10.454818 323.047
10.487237 317.594
10.518437 316.346
10.549636 314.52
10.580864 315.072
10.612183 319.477
10.644557 315.794
10.675633 315.854
10.706739 314.777
10.737881 317.963
10.769064 320.865
10.801466 319.756
10.833629 321.917
10.86579 323.83
10.898064 323.255
10.930293 319.575
10.962476 327.142
10.993609 318.521
11.0247 319.627
11.055919 324.249
11.087105 320.487
11.119595 321.529
11.15072 315.288
11.181928 324.206
11.213138 319.301
11.244384 322.336
11.276652 318.562
11.307803 322.49
11.339023 317.808
11.370112 316.422
11.401401 316.258
11.433771 320.856
11.464885 318.371
11.496127 320.429
11.527294 317.133
11.558429 319.054
11.590969 319.892
11.622174 324.563
11.65336 327.449
11.684552 319.587
11.715825 325.963
11.748123 316.584
11.779232 317.676
11.81039 311.649
11.84151 321.446
11.872761 323.625
11.905318 320.396
11.936504 324.296
11.967679 327.383
11.998935 324.572
12.030149 322.045
12.062572 320.059
12.094873 316.481
12.127212 315.445
12.158362 316.298
12.189519 321.032
12.220695 321.027
12.251936 324.107
12.284436 323.426
12.315596 317.457
12.346785 313.651
12.377968 312.875
12.409297 312.344
12.441802 311.983
12.472958 312.34
12.504159 311.303
12.535347 313.229
12.566555 315.279
12.599019 322.316
12.631381 316.443
12.663771 328.36
12.695972 312.884
12.718024 324.283
12.750446 319.105
12.78275 313.071
12.815044 314.901
12.847489 322.096
12.879952 314.25
12.912561 312.926
12.944815 315.927
12.977007 313.54
13.009254 314.409
13.031298 314.546
13.062489 314.312
13.093621 312.45
13.124869 311.098
13.156119 315.686
13.188491 319.051
13.219651 321.305
13.250838 315.21
13.281959 317.13
13.313138 314.14
13.345533 315.575
13.376673 317.524
13.408061 314.911
13.439163 314.738
13.470395 314.804
13.502836 314.672
13.534033 314.584
13.565297 314.495
13.596609 318.419
13.627878 314.554
13.660364 313.514
13.691533 316.964
13.722802 316.767
13.753976 316.313
13.785186 316.585
13.817682 321.624
13.848908 318.881
13.869857 317.443
13.901069 315.606
13.932306 317.823
13.964845 330.658
13.997153 319.473
14.029428 314.756
14.0618 314.121
14.094088 316.408
14.126399 317.77
14.158719 315.775
14.191333 314.371
14.223852 315.539
14.256423 314.982
14.288789 311.355
14.319892 310.619
14.351094 320.612
14.382227 318.97
14.413488 312.197
14.445958 317.745
14.477243 341.353
14.508384 315.636
14.53958 317.881
14.570701 315.08
14.603296 315.663
14.634503 315.495
14.665799 317.501
14.697064 316.739
14.728358 319.36
14.760859 314.314
14.793303 317.884
14.825789 313.034
14.858245 325.041
14.890759 317.77
14.912802 320.192
14.943993 316.652
14.975232 314.706
15.006502 321.681
15.037831 317.463
15.070284 313.992
15.102705 314.647
15.133875 316.1
15.165095 315.386
15.196315 314.542
15.227494 314.092
15.260067 315.296
15.291259 316.939
15.322425 340.446
15.353631 316.105
15.384879 315.591
15.417606 323.724
15.448775 310.319
15.479998 315.391
15.511195 320.847
15.54243 323.983
15.574823 318.302
15.607214 315.364
15.639693 315.794
15.671988 312.295
15.70433 310.764
15.736782 317.344
15.76805 317.839
15.799284 321.909
15.830574 320.148
15.861793 319.619
15.894327 318.786
15.925511 313.909
15.956782 314.675
15.988033 314.583
16.019373 316.769
16.051877 317.453
16.083107 320.594
16.114289 316.023
16.145457 316.012
16.176685 322.805
16.209003 338.095
16.240183 326.876
16.271433 316.445
16.302585 329.35
16.333859 312.305
16.366379 313.647
16.397689 311.929
16.429009 316.393
16.460247 319.096
16.491597 322.696
16.524162 321.646
16.555429 323.141
16.586741 313.153
16.618057 319.295
16.649341 323.725
16.681849 326.189
16.714366 328.892
16.746829 326.627
16.77909 316.984
16.811088 316.43
16.843016 328.467
16.87499 325.513
16.90693 325.167
16.938817 316.799
16.970892 332.916
17.002087 318.324
17.033091 313.128
17.064192 313.295
17.095298 317.997
17.127562 320.925
17.158651 318.742
17.189682 314.101
17.220712 312.985
17.251878 313.081
17.284354 310.608
17.315371 314.601
17.34645 315.734
17.377484 323.27
17.408593 317.043
17.44107 310.895
17.473255 319.303
17.50532 325.825
17.53715 313.302
17.569049 316.956
17.601458 323.225
17.632536 313.97
17.663737 325.753
17.694898 326.053
17.725987 321.718
17.758291 319.73
17.790313 311.833
17.82245 320.22
17.854456 316.516
17.886695 325.569
17.919059 310.141
17.951054 313.935
17.983154 318.665
18.015084 316.638
18.047233 312.015
18.079462 322.282
18.111598 309.215
18.143676 328.096
18.17563 315.52
18.207596 313.845
18.23945 312.351
18.271846 325.455
18.303953 311.145
18.336036 316.086
18.367106 318.996
18.398115 313.292
18.429254 312.758
18.460274 313.108
18.492622 312.252
18.524616 310.855
18.556657 311.957
18.588786 322.372
18.620901 319.717
18.653046 321.519
18.685208 314.65
18.717243 312.116
18.748414 306.67
18.779446 312.583
18.810777 314.505
18.841816 309.459
18.87404 316.469
18.905084 323.657
18.936096 309.819
18.967216 315.332
18.998241 315.101
19.030472 315.463
19.061498 310.205
19.092443 313.013
19.123557 325.566
19.144496 314.671
19.176758 316.846
19.207884 319.363
19.238916 320.397
19.270038 315.563
19.301167 313.812
19.333502 312.41
19.364577 312.654
19.395692 312.81
19.426852 312.253
19.457959 313.159
19.490281 317.064
19.52131 313.118
19.552495 310.238
19.583712 320.885
19.615043 316.235
19.64745 313.375
19.678552 313.459
19.709678 313.239
19.740825 310.922
19.771967 309.39
19.804262 309.817
19.835359 308.384
19.866405 310.083
19.897473 310.731
19.928515 308.282
19.961036 311.096
19.992202 310.35
20.023253 311.466
20.044161 313.184
20.075256 311.412
20.107743 314.283
20.138798 324.212
20.169961 307.918
20.201011 312.9
20.232138 313.472
20.264342 311.152
20.295605 313.373
20.32664 315.05
20.347536 326.295
20.378638 330.435
20.411172 321.227
20.443323 314.118
20.474384 311.528
20.505508 312.479
20.536541 302.059
20.567748 308.984
20.600198 313.608
20.631261 315.184
20.662426 311.983
20.693502 312.321
20.724612 312.613
20.757019 315.079
20.788189 313.166
20.819258 312.518
20.850379 310.622
20.88145 321.163
20.913728 311.39
20.945659 333.398
20.977697 336.644
21.00985 310.075
21.041913 319.389
21.073111 307.214
21.104227 310.615
21.135198 314.273
21.15606 311.341
21.188501 311.946
21.220718 337.325
21.252961 341.08
21.285325 320.008
21.31763 320.786
21.349815 317.258
21.382174 310.839
21.414429 309.803
21.446423 308.741
21.477557 308.482
21.508661 314.249
21.539766 330.162
21.570878 325.774
21.603315 334.867
21.635422 339.551
21.667884 362.912
21.700194 367.861
21.732355 368.958
21.764678 348.293
21.797044 340.908
21.828996 346.82
21.861172 350.74
21.89362 361.824
21.925981 368.503
21.957043 356.161
21.9881 363.075
22.019143 345.534
22.0503 340.09
22.082768 338.126
22.114711 308.73
22.146895 320.175
22.178001 316.283
22.209062 309.011
22.240205 316.228
22.271283 312.258
22.30381 309.532
22.334868 319.083
22.365984 312.902
22.397176 322.4
22.428354 317.381
22.460804 312.325
22.49193 316.359
22.523008 317.57
22.554116 315.694
22.585293 317.196
22.617709 334.407
22.648747 361.972
22.679847 367.837
22.711045 370.32
22.742168 342.627
22.774537 331.456
22.805681 329.263
22.836903 310.786
22.868176 317.625
22.89943 322.658
22.931843 317.338
22.964036 325.081
22.996472 322.19
23.028961 331.401
23.061374 312.111
23.093741 311.655
23.124877 312.661
23.156044 319.918
23.187139 314.023
23.218271 310.452
23.250587 311.734
23.281732 309.466
23.312938 316.333
23.344027 313.072
23.37507 315.609
23.407509 318.064
23.438753 338.362
23.469863 320.248
23.500941 312.405
23.521906 317.907
23.55422 316.006
23.585455 313.676
23.616579 324.84
23.647668 308.674
23.678842 317.247
23.711072 315.392
23.742176 317.177
23.773221 312.661
23.804303 314.387
23.825184 317.258
23.857564 334.386
23.88865 354.621
23.919747 351.634
23.950859 345.114
23.981952 329.853
24.014266 332.695
24.045286 324.513
24.076473 315.39
24.107729 321.049
24.138927 313.817
24.171408 317.908
24.202571 318.441
24.233574 329.185
24.264608 330.212
24.295862 323.127
24.328292 334.432
24.359362 318.333
24.390523 305.694
24.4216 310.826
24.452704 320.738
24.484984 325.385
24.51734 315.117
24.549292 310.437
24.58141 314.854
24.61254 311.224
24.643662 322.175
24.674724 310.736
24.705914 328.453
24.738187 323.864
24.770175 321.6
24.801309 339.399
24.83242 347.057
24.863531 321.222
24.894685 314.829
24.926951 312.096
24.958029 313.77
24.989139 318.587
25.010001 324.865
25.040996 327.206
25.073231 339.77
25.105432 328.808
25.137892 318.542
25.17001 312.384
25.202121 316.704
25.234383 315.785
25.266285 315.013
25.298257 312.012
25.330717 317.377
25.36266 314.419
25.394927 309.715
25.427301 306.641
25.459162 306.557
25.490244 304.459
25.521399 305.496
25.5526 307.971
25.58391 306.585
25.616442 315.144
25.647686 314.136
25.678827 335.093
25.71008 318.37
25.74134 317.102
25.773756 323.603
25.805055 309.608
25.836266 311.598
25.867618 316.924
25.89881 321.043
25.931308 315.782
25.963871 316.061
25.996337 318.151
26.027518 314.057
26.058717 313.734
26.089952 321.841
26.121148 316.042
26.153591 335.715
26.184711 334.113
26.216039 333.043
26.247481 324.937
26.278795 318.726
26.311331 316.159
26.342469 309.616
26.373616 326.196
26.404684 341.256
26.435802 324.755
26.468214 321.055
26.500612 326.45
26.532812 320.887
26.565148 320.256
26.597621 310.053
26.630045 318.543
26.662454 315.917
26.694511 337.823
26.727013 325.384
26.759278 329.555
26.791266 340.276
26.823232 351.629
26.855494 339.176
26.887663 336.744
26.919518 333.497
26.951755 328.397
26.983796 332.3
27.015897 331.807
27.047798 312.78
27.079737 312.794
27.110779 323.547
27.141951 313.84
27.173057 312.225
27.204228 328.848
27.236454 317.095
27.268412 326.663
27.299471 321.243
27.330639 325.137
27.361775 327.516
27.392896 328.666
27.425144 323.372
27.456238 310.638
27.487273 312.989
27.518368 319.988
27.549404 308.267
27.581766 317.39
27.612966 328.529
27.644103 355.064
27.675316 351.842
27.70654 356.601
27.738925 364.365
27.771236 367.883
27.803554 379.792
27.835626 391.061
27.86771 401.809
27.899685 412.489
27.932063 427.969
27.964075 433.258
27.995184 438.503
28.026224 449.312
28.057244 461.874
28.088374 473.267
28.120737 483.371
28.151891 497.081
28.183214 510.22
28.214494 504.217
28.235464 521.133
28.267915 540.106
28.299129 538.889
28.330351 561.051
28.361508 565.775
28.392614 556.842
28.425096 563.879
28.456156 577.24
28.487223 576.837
28.518312 589.175
28.549372 589.756
28.5817 579.436
28.612892 590.796
28.644061 600.069
28.675234 615.731
28.706427 610.468
28.73875 618.892
28.769887 618.992
28.800922 611.973
28.832013 626.476
28.863098 622.213
28.89533 651.029
28.926337 658.932
28.95737 672.441
28.988439 667.302
29.01949 672.693
29.05175 682.162
29.082873 680.307
29.113925 670.328
29.134876 684.387
29.165946 688.773
29.198347 671.749
29.229407 676.629
29.260462 692.242
29.291529 700.761
29.322767 695.006
29.355188 701.541
29.386327 701.032
29.417412 699.868
29.448515 706.827
29.479643 697.483
29.512037 692.894
29.543121 708.417
29.574199 716.288
29.605338 693.742
29.636369 701.836
29.66878 717.191
29.699839 724.098
29.730882 713.271
29.761909 736.874
29.793038 747.607
29.825278 752.645
29.856395 764.867
29.887541 767.894
29.918719 790.713
29.949769 797.601
29.981921 796.953
30.013061 795.299
30.044222 805.175
30.075425 800.166
30.106621 832.394
30.159372 810.641
30.190391 798.436
30.221426 801.159
30.252444 821.892
30.283479 829.566
30.315934 820.458
30.347126 834.475
30.378185 828.456
30.409488 829.822
30.440719 827.46
30.473212 845.113
30.504359 848.147
30.535508 858.668
30.566557 857.609
30.597663 690.157
30.630083 622.163
30.662278 625.176
30.694331 620.54
30.726679 622.88
30.758692 627.923
30.790958 635.239
30.822948 654.816
30.854155 678.313
30.885203 685.367
30.916243 685.084
30.947484 693.159
30.979896 705.74
31.011007 722.078
31.042085 729.788
31.073222 759.214
31.104368 765.327
31.136693 753.926
31.167918 757.59
31.199015 778.349
31.230157 801.844
31.251085 807.319
31.283381 813.412
31.314465 858.56
31.345668 867.569
31.376838 878.858
31.407977 879.104
31.440449 881.515
31.471528 888.173
31.502724 931.812
31.533759 927.254
31.564837 918.352
31.597293 919.515
31.62835 938.499
31.659361 959.363
31.690391 969.49
31.721569 988.147
31.753862 991.432
31.784873 997.608
31.815999 997.045
31.847014 1006.933
31.87806 1010.89
33.944663 905.264
33.975816 918.157
34.006884 921.751
34.037972 951.039
34.069074 964.827
34.101411 961.933
34.132598 976.192
34.163694 1011.153
34.194745 1021.084
34.225888 1044.096
34.258084 1044.035
34.289161 1050.469
34.320415 1106.655
34.351665 1111.459
34.382885 1120.606
34.415249 1138.212
34.446368 1143.846
34.477499 1149.672
34.508734 1167.922
34.539882 1163.03
34.572309 1182.675
34.603422 1186.073
34.634554 1176.586
34.665596 1174.79
34.696649 1173.272
34.728949 1157.504
34.760109 1158.983
34.791199 1153.973
34.822294 1150.808
34.853349 1149.097
34.885738 1148.121
34.916986 1145.729
34.948056 1143.902
34.979112 1151.593
35.010203 1156.098
35.042433 1158.547
35.073479 1161.42
35.104528 1160.33
35.1357 1161.257
35.166784 1152.16
35.199145 1160.908
35.230201 1160.319
35.261192 1155.362
35.292235 1173.584
35.323308 349.868
35.35583 329.248
35.386905 344.097
35.418073 353.044
35.449165 356.315
35.480247 364.177
35.502434 374.992
35.533463 385.809
35.564555 396.011
35.595701 423.379
35.626886 423.686
35.659128 430.925
35.690224 445.64
35.721312 459.423
35.752371 472.096
35.783443 473.569
35.81578 493.881
35.848067 509.86
35.879162 500.881
35.910171 505.02
35.941223 512.878
35.972318 516.952
36.004899 536.9
36.036053 544.23
36.067142 559.867
36.098307 605.196
36.129594 608.989
36.16197 615.704
36.193108 621.099
36.224188 634.402
36.255349 644.501
36.28653 648.056
36.31888 657.793
36.350048 658.683
36.381218 693.443
36.412288 711.411
36.443344 712.651
36.475819 716.428
36.507057 720.375
36.53817 724.513
36.569224 725.704
36.600529 763.86
36.633093 771.306
36.664045 769.319
36.695229 781.029
36.726294 793.951
36.757464 808.125
36.789826 814.426
36.820868 818.16
36.852 811.08
36.88314 808.12
36.914269 804.64
36.946459 806.372
36.977574 821.979
37.008782 819.835
37.039951 827.448
37.071113 813.456
37.103407 827.994
37.134634 851.101
37.16573 863.392
37.196735 864.908
37.22789 886.579
37.260137 895.193
37.291199 904.745
37.322365 920.294
37.353385 933.724
37.384641 947.734
37.416944 735.476
37.447986 689.558
37.479066 693.965
37.510145 716.262
37.541277 731.76
37.57354 748.336
37.604736 748.551
37.635828 760.52
37.666925 779.832
37.698133 783.284
37.730457 791.99
37.761513 808.752
37.792613 810.938
37.823863 806.406
37.855006 808.192
37.88737 833.189
37.918617 847.833
37.949719 862.109
37.980841 861.416
38.012019 868.06
38.044249 865.338
38.075292 861.267
38.106318 867.981
38.13741 863.87
38.168564 875.112
38.200971 882.416
38.232212 896.775
38.263367 912.723
38.294449 926.669
38.32548 924.163
38.357782 931.813
38.389029 939.315
38.420136 902.39
38.451173 620.206
38.482215 638.5
38.514456 646.309
38.546524 662.576
38.577625 671.684
38.608754 699.364
38.639903 711.913
38.670988 726.817
38.703484 743.68
38.734529 748.876
38.765639 750.592
38.786509 749.068
38.817583 743.606
38.849969 746.634
38.881092 758.401
38.912168 763.284
38.943126 768.438
38.97418 772.21
39.006441 794.703
39.037546 799.977
39.068602 816.293
39.099622 838.249
39.130684 856.812
39.162985 862.894
39.194036 884.421
39.22511 885.176
39.256289 899.28
39.287445 915.114
39.319686 942.934
39.350834 929.687
39.38207 947.355
39.413291 795.511
39.698764 554.663
39.731096 400.638
39.762253 335.854
39.793416 323.934
39.824503 336.095
39.855619 355.579
39.887978 371.724
39.920049 379.914
39.951161 392.369
39.982235 404.465
40.013346 419.563
40.044404 433.788
40.076575 438.411
40.107612 450.287
40.138762 457.646
40.169866 491.663
40.20102 519.604
40.233303 531.331
40.264358 537.915
40.295474 545.982
40.326519 563.131
40.357612 571.584
40.390001 579.748
40.421162 584.686
40.452273 628.246
40.483378 640.88
40.514682 655.843
40.547017 663.403
40.578157 667.124
40.609273 681.964
40.640458 692.698
40.6716 695.298
40.703987 705.01
40.735119 711.691
40.766286 732.927
40.797527 742.209
40.828597 757.73
40.860914 767.854
40.891948 785.347
40.922987 806.227
40.954039 814.359
40.985157 828.392
41.01744 844.376
41.048495 859.175
41.07962 872.227
41.110698 889.713
41.14181 911.292
41.174115 924.893
41.205183 941.063
41.236178 945.019
41.267408 982.316
41.298611 999.049
41.331069 1019.292
41.362429 1022.479
41.393723 1032.214
41.424835 1035.568
41.456063 1073.016
41.488536 1092.209
41.519765 1104.385
41.550927 1135.118
41.582057 1150.039
41.613324 1156.385
41.645755 1195.677
41.676868 1213.588
41.708079 1231.187
41.739125 1251.869
41.770279 1268.668
41.802585 1274.304
41.833592 1287.906
41.864608 1294.687
41.895696 1318.786
41.926871 1325.344
41.959229 1349.629
41.990261 1362.624
42.02122 1374.142
42.052291 1386.915
42.08351 1399.561
42.115881 1409.18
42.147111 1430.766
42.178257 1442.987
42.209347 1456.356
42.240403 1481.96
42.272859 1495.164
42.303929 1505.697
42.335066 1524.449
42.366154 1541.054
42.397396 1571.217
42.429664 1072.957
42.460788 556.832
42.492014 563.011
42.523102 570.175
42.554464 592.18
42.586837 602.745
42.618846 619.865
42.650891 632.588
42.682938 657.303
42.71488 678.3
42.7472 699.886
42.779136 712.342
42.811198 733.289
42.8431 748.844
42.875005 756.079
42.906992 768.489
42.939062 778.055
42.971143 787.27
43.00317 837.883
43.035276 837.641
43.066363 850.21
43.097392 865.429
43.128437 885.647
43.159537 903.751
43.191861 929.77
43.222943 950.91
43.254031 958.981
43.285096 980.392
43.316377 1006.925
43.348613 1036.885
43.379709 1054.186
43.411013 1064.604
43.442051 1079.143
43.47316 1052.242
43.505515 1062.409
43.536655 1079.784
43.567687 1075.631
43.598775 1089.398
43.629998 1100.411
43.662256 1097.716
43.693245 1099.969
43.724292 1103.03
43.755298 1103.371
43.786406 1108.217
43.818783 1108.433
43.849758 1114.532
43.880762 1114.609
43.911811 1128.587
43.943034 1131.815
43.975469 1147.741
44.00653 1165.133
44.037681 1183.882
44.068733 1203.164
44.099908 1207.943
44.132204 1253.266
44.163313 1264.157
44.19431 1286.294
44.225465 1300.737
44.256577 1317.619
44.28885 1331.337
44.319983 1369.293
44.350979 675.452
44.382047 704.856
44.413279 724.252
44.445594 743.021
44.476753 754.405
44.507855 772.621
44.53891 769.011
44.570002 764.992
44.602436 774.904
44.633464 780.04
44.664556 812.127
44.685398 821.336
44.71649 825.49
44.748914 831.144
44.779952 830.464
44.810965 842.991
44.841987 856.904
44.873154 866.968
44.905554 887.081
44.936745 894.645
44.96819 907.752
44.999652 933.519
45.030966 933.036
45.063708 962.203
45.09512 974.025
45.126471 999.894
45.15789 1009.366
45.189217 704.943
45.222003 727.154
45.253175 738.19
45.284356 768.831
45.315598 785.214
45.346881 788.224
45.379415 800.603
45.410751 796.255
45.442038 814.386
45.473239 809.171
45.504537 813.019
45.536993 825.058
45.568138 828.682
45.599403 860.188
45.630636 868.387
45.661916 886.598
45.694446 892.595
45.725669 913.05
45.756958 948.008
45.788234 966.056
45.819496 983.005
45.851922 990.807
45.88325 1019.397
45.91457 1031.507
45.945807 1041.538
45.977047 895.784
46.009582 704.97
46.040894 724.594
46.072278 747.592
46.103517 769.37
46.134742 791.406
46.167259 806.042
46.198475 815.128
46.229657 825.859
46.260961 837.949
46.292285 841.547
46.324699 855.551
46.35585 868.59
46.387146 868.777
46.41842 874.026
46.449636 881.224
46.482036 878.972
46.513303 885.167
46.544526 893.009
46.575852 923.802
46.607236 934.622
46.629623 943.285
46.660815 966.571
46.692067 987.643
46.7233 996.397
46.754529 1007.024
46.787059 1018.821
46.818359 1021.355
46.84957 1057.554
46.880833 1081.605
46.912142 1094.261
46.944591 1101.794
46.975793 1129.867
47.007039 1135.056
47.038278 1167.503
47.069546 1079.465
47.102105 774.039
47.133273 779.301
47.164574 817.358
47.19584 821.708
47.227044 825.736
47.259516 840.106
47.29074 846.208
47.321938 853.49
47.353105 853.259
47.384456 877.992
47.417021 884.653
47.44832 890.256
47.479556 915.794
47.510822 933.128
47.542008 936.018
47.574605 957.09
47.60585 977.439
47.637102 998.451
47.668284 1005.876
47.699556 1035.448
47.732174 1078.024
47.763325 1083.402
47.794538 1103.894
47.825759 1134.802
47.856961 1143.452
47.889465 1171.933
47.920791 711.052
47.95206 703.896
47.983238 725.107
48.014369 743.26
48.046699 760.371
48.077873 773.682
48.109087 778.441
48.140285 819.461
48.171549 832.284
48.204091 839.568
48.235365 856.626
48.266575 860.573
48.297683 871.641
48.3289 884.938
48.361335 885.301
48.39257 913.398
48.423812 913.495
48.455051 924.248
48.486308 931.781
48.518833 962.368
48.549969 991.055
48.581164 1000.325
48.612429 1024.305
48.643655 1038.465
48.676054 1051.38
48.707147 1071.041
48.738265 1087.53
48.76941 1098.918
48.800657 1110.932
48.833121 981.687
48.864398 696.383
48.895624 698.064
48.926808 715.86
48.958024 730.929
48.99056 741.431
49.021739 753.848
49.052933 755.17
49.084163 784.913
49.11542 791.458
49.147945 814.571
49.179049 823.726
49.210164 843.208
49.241427 855.562
49.272484 863.34
49.3048 890.93
49.335987 903.296
49.36712 913.776
49.398311 937.153
49.429571 946.006
49.461954 992.657
49.493093 1018.95
49.524276 1038.544
49.555482 1052.352
49.586742 1063.913
49.619204 1092.529
49.650301 1097.02
49.681534 1143.985
49.71274 1158.418
49.743921 1184.11
49.776221 873.755
49.807334 774.776
49.838411 783.685
49.869538 788.269
49.900725 812.931
49.933197 808.384
49.96425 808.453
49.995393 812.422
50.01639 814.602
50.047552 852.451
50.080104 847.02
50.111315 847.784
50.142546 869.304
50.17374 875.929
50.204954 875.826
50.237485 883.451
50.268711 925.916
50.299906 949.438
50.331142 969.267
50.362377 982.189
50.394837 990.002
50.446531 1052.511
50.477729 1064.819
50.508951 1107.84
50.540313 1124.422
50.572755 1145.83
50.604086 925.606
50.635283 716.076
50.666465 724.641
50.697709 769.036
50.730218 776.352
50.761494 790.172
50.792707 797.215
50.823914 804.898
50.855053 810.945
50.887625 844.182
50.918858 857.614
50.950044 869.664
50.981156 883.534
51.0123 895.002
51.044573 904.307
51.075716 925.728
51.106838 933.046
51.138014 952.304
51.16931 978.438
51.201755 991.228
51.232944 1006.789
51.264146 1023.206
51.295296 1036.659
51.326554 1055.196
51.358934 1066.374
51.390229 635.193
51.421494 647.313
51.452902 667.201
51.484147 676.086
51.516583 691.876
51.547743 719.45
51.578887 735.907
51.610016 739.095
51.641175 756.562
51.6736 762.676
51.70481 783.001
51.735951 802.7
51.767126 810.01
51.798291 815.811
51.830724 837.752
51.861955 841.473
51.893133 851.818
51.924327 860.793
51.955468 867.769
51.988029 873.97
52.019219 908.818
52.050415 944.548
52.081581 950.336
52.112887 987.097
52.145395 1005.24
52.17656 1025.398
52.207776 1049.763
52.238956 1088.154
52.270165 1098.267
52.30255 1128.838
52.333684 1145.829
52.36479 1171.69
52.395956 1204.557
52.427179 1219.357
52.45973 788.671
52.490868 792.458
52.522031 827.641
52.553232 828.575
52.584425 842.125
52.616758 870.297
52.647989 881.144
52.679209 888.466
52.710335 899.533
52.741649 921.075
52.774097 927.644
52.805308 952.091
52.836601 953.28
52.867839 963.686
52.899078 976.057
52.931523 983.541
52.962642 999.887
52.993752 1010.576
53.024887 1023.884
53.055975 1038.639
53.088508 1052.23
53.119678 1076.28
53.150792 1083.999
53.181943 1101.988
53.213312 1108.849
53.245949 1157.698
53.277164 672.569
53.308388 616.507
53.339539 606.858
53.370773 609.564
53.403406 661.827
53.434598 673.089
53.465867 683.953
53.497067 692.757
53.528209 702.06
53.560607 717.201
53.591832 723.002
53.623047 749.604
53.654196 754.085
53.685344 770.183
53.717735 788.663
53.748823 802.718
53.779844 809.605
53.81108 825.049
53.842331 857.915
53.874903 874.473
53.906143 895.501
53.937368 913.689
53.968559 935.065
53.999805 949.587
54.032164 977.207
54.063341 979.784
54.094512 1009.918
54.125704 1034.05
54.15693 723.572
54.189528 720.411
54.22076 725.052
54.252015 719.27
54.283231 742.773
54.314485 750.93
54.34693 771.04
54.378196 774.923
54.409462 784.622
54.440762 804.872
54.472053 818.165
54.504444 822.669
54.535687 859.173
54.566904 865.582
54.598163 883.664
54.629422 889.185
54.661859 917.204
54.69301 921.751
54.734528 968.324
54.765775 985.288
54.797042 1014.944
54.829388 1038.948
54.860596 1058.7
54.891875 1084.151
54.92311 1088.23
54.954374 1097.643
55.00727 1189.911
55.038482 1218.105
55.069677 800.35
55.100961 754.252
55.132281 760.005
55.164769 780.352
55.195828 795.38
55.226978 803.933
55.25822 823.775
55.289313 827.072
55.321675 876.852
55.352683 878.697
55.383903 881.101
55.415195 905.271
55.446277 914.534
55.478735 948.298
55.509902 950.754
55.54112 998.186
55.572282 1008.971
55.603585 1039.803
55.625835 1059.05
55.656923 1069.837
55.687998 1100.905
55.719085 1112.105
55.750106 1143.31
55.782381 1167.507
55.813464 1187.238
55.844503 1189.589
55.875557 1227.637
55.906622 1236.933
55.938884 936.373
55.969978 847.462
56.001305 852.946
56.032372 861.237
56.063522 884.463
56.095865 887.106
56.126951 912.419
56.158082 919.819
56.189144 942.076
56.220215 957.309
56.252463 982.926
56.283541 998.949
56.314618 1002.489
56.345662 1022.666
56.376746 1033.524
56.409071 1071.965
56.440222 1084.185
56.471448 1108.513
56.502702 1115.2
56.533856 1177.223
56.56616 1196.357
56.597318 1212.243
56.62849 1238.803
56.659628 1240.324
56.690699 1259.823
56.722913 1274.573
56.754136 1215.031
56.785211 775.638
56.816301 793.618
56.847616 820.859
56.879909 834.722
56.910926 839.403
56.941931 848.284
56.973094 873.807
57.004236 889.692
57.036578 890.688
57.067671 899.44
57.098828 939.641
57.129883 946.208
57.160947 971.846
57.19331 986.873
57.224422 1002.463
57.255532 1016.487
57.286685 1024.93
57.317814 1039.814
57.350129 1053.474
57.381234 1069.023
57.412292 1089.663
57.443305 1107.305
57.474558 1124.373
57.506901 1130.754
57.548229 1181.787
57.579331 497.799
57.610443 498.949
57.641535 524.384
57.673749 563.529
57.704809 575.353
57.735837 582.762
57.777123 654.203
57.808246 671.217
57.840593 674.134
57.871714 696.518
57.902847 700.05
57.933987 737.595
57.965173 752.723
57.997493 774.121
58.028486 778.748
58.059491 822.056
58.090557 848.213
58.121643 872.269
58.153791 894.058
58.184861 905.523
58.21591 930.36
58.246962 947.368
58.278049 978.626
58.310281 994.172
58.341389 998.119
58.372398 1039.918
58.403477 1057.439
58.434674 1076.994
58.467028 1095.767
58.49836 1094.052
58.529519 1118.966
58.560686 1018.279
58.591892 1015.061
58.624319 1030.929
58.655524 1049.132
58.686643 1059.42
58.717848 1061.601
58.748891 1083.923
58.781155 1088.188
58.81227 1108.41
58.84343 1119.122
58.874485 1123.478
58.905653 1138.225
58.937917 1142.495
58.969032 1146.796
59.00016 1187.632
59.031284 1208.73
59.06254 1212.364
59.09489 1241.208
59.126021 1243.238
59.157028 1262.224
59.188073 1289.928
59.219181 1303.726
59.251462 1323.082
59.282549 1083.29
59.384782 354.2
59.415869 339.263
59.446887 354.511
59.479163 390.355
59.511503 414.564
59.543471 432.348
59.57556 464.321
59.607994 487.014
59.640192 491.733
59.672388 520.036
59.704582 566.708
59.736596 590.32
59.768596 609.257
59.800679 657.464
59.832759 680.282
59.863775 686.216
59.905014 741.297
59.936133 752.566
59.967205 781.349
59.999516 791.941
60.030574 801.744
60.082122 875.48
60.113248 881.751
60.144344 943.927
60.176627 956.933
60.207956 970.029
60.238983 994.695
60.270004 1018.666
60.30128 1031.471
60.333663 1035.926
60.364697 1058.197
60.395911 1075.923
60.427062 1078.119
60.458159 1099.568
60.490637 1120.4
60.521754 1128.45
60.552881 1130.946
60.573805 1162.305
60.605014 1177.866
60.637375 1184.549
60.668431 1211.023
60.699511 1234.14
60.730732 1249.066
60.761898 1254.48
60.794364 1274.786
60.825473 1289.527
60.856501 1308.695
60.887498 1318.893
60.918782 1351.246
60.950988 1361.362
60.982055 1369.541
61.01325 1396.438
61.044275 1410.377
61.075351 1416.471
61.107547 1449.875
61.138617 1469.362
61.169607 1483.542
61.200613 1498.3
61.231749 1524.879
61.263975 1532.858
61.295032 1545.789
61.326039 1558.244
61.357075 1578.001
61.388284 1590.679
61.420678 1605.54
61.451646 1308.911
61.787715 443.192
61.818947 368.836
61.85019 387.277
61.882466 408.381
61.914518 417.893
61.946908 463.329
61.978914 480.724
62.011122 489.413
62.043041 492.799
62.075358 548.721
62.107593 585.417
62.139649 601.415
62.171787 629.336
62.203872 636.416
62.236062 694.529
62.268398 699.189
62.300553 727.403
62.331697 780.025
62.362834 801.027
62.393974 829.597
62.425187 849.582
62.457577 868.749
62.488805 872.933
62.509927 920.819
62.541095 938.789
62.572309 942.548
62.604806 977.676
62.636032 989.988
62.667127 1004.274
62.698154 1015.11
62.729356 1041.572
62.761677 1055.28
62.792728 1064.888
62.813601 1090.683
62.844625 1105.729
62.875697 1111.661
62.908092 1146.539
62.939207 1167.266
62.970315 1174.134
63.001322 1204.551
63.032392 1215.238
63.064833 1241.793
63.09598 1258.693
63.127093 1275.011
63.158147 1298.011
63.18917 1310.517
63.221454 1323.971
63.252541 1348.186
63.283553 1353.514
63.314614 1373.295
63.345736 1400.245
63.378135 1405.046
63.40923 1433.753
63.440259 1447.514
63.471307 1475.998
63.502489 1499.511
63.534918 1512.915
63.566009 1517.217
63.597153 1557.21
63.628249 1572.632
63.659305 1572.035
63.691509 1595.376
63.722551 1608.669
63.753633 1614.719
63.784756 1641.594
63.815908 1473.197
64.112835 766.105
64.14392 417.277
64.175009 376.516
64.206172 372.783
64.237282 388.308
64.269557 426.378
64.300551 447.885
64.331537 452.801
64.362702 491.851
64.393921 519.823
64.426221 550.823
64.457257 565.793
64.488325 598.441
64.519526 603.189
64.550647 657.527
64.583085 691.492
64.614215 713.478
64.645269 728.077
64.67631 751.193
64.707381 778.568
64.739605 815.728
64.770678 841.873
64.801857 865.431
64.832818 872.061
64.863912 923.82
64.896183 956.409
64.927322 969.426
64.958355 978.494
64.989541 1006.226
65.020634 1013.545
65.052992 1041.299
65.084049 1062.144
65.115157 1069.221
65.146321 1100.814
65.177463 1110.119
65.209819 1127.714
65.240973 1141.742
65.272126 1153.937
65.29302 1172.213
65.32412 1182.273
65.356358 1199.049
65.387441 1211.142
65.418581 1246.926
65.449751 1263.0
65.480851 1277.071
65.513216 1306.217
65.544316 1312.986
65.575424 1338.406
65.606551 1371.369
65.637741 1402.867
65.669978 1410.72
65.701222 1413.071
65.732483 1451.658
65.763681 1465.59
65.794918 1494.51
65.827347 1513.616
65.858595 1528.923
65.889824 1557.564
65.921071 1575.991
65.952272 1586.612
65.984678 1604.228
66.015751 1609.118
66.057111 1653.589
66.088237 1678.438
66.119415 1703.705
66.151839 1715.885
66.183025 1739.372
66.214131 1745.309
66.245297 1781.581
68.62918 1790.568
68.661097 1820.214
68.692115 1841.115
68.723227 1868.597
68.754211 1885.065
68.78529 1911.393
68.817749 1933.074
68.848901 1945.498
68.879964 1967.725
68.911022 1993.975
68.942068 2010.434
68.974306 2022.571
69.005386 2057.666
69.036385 2072.896
69.067486 2086.405
69.098627 2118.064
69.130974 2144.933
69.162019 2163.569
69.193013 2187.466
69.224197 2188.57
69.255334 1563.495
69.45043 801.203
69.481534 406.72
69.512668 373.082
69.544027 381.029
69.57521 409.181
69.780574 620.64
69.812685 654.32
69.844851 684.562
69.87697 712.661
69.908969 720.116
69.941225 728.251
69.9733 797.588
70.005327 832.266
70.036355 855.986
70.067401 878.325
70.098492 895.328
70.129596 933.482
70.161944 952.571
70.193052 976.252
70.224145 1003.493
70.255212 1017.569
70.286298 1043.867
70.318488 1052.881
70.349501 1082.323
70.380564 1085.136
70.411644 1108.524
70.442824 1144.99
70.475084 1161.113
70.506088 1173.239
70.537185 1208.726
70.558179 1222.411
70.589262 1239.759
70.621706 1267.614
70.652807 1278.851
70.683978 1298.112
70.71514 1308.676
70.746257 1333.723
70.77871 1340.606
70.809873 1364.788
70.840969 1390.81
70.872069 1401.306
70.903167 1431.084
70.935546 1439.307
70.966687 1470.992
70.997812 1478.478
71.02894 1508.606
71.060282 1534.177
71.092759 1551.812
71.123891 1574.293
71.15502 1603.661
71.186142 1625.99
71.21741 1627.373
71.24998 1656.66
71.281146 1678.252
71.312213 1692.202
71.343305 1696.299
71.374402 1732.224
71.406774 1750.386
71.437947 1770.208
71.469231 1789.567
71.500416 1801.586
71.531489 1808.828
71.563962 1838.188
71.595159 1858.894
71.626479 1862.641
71.657675 1667.875
71.943125 727.877
71.975469 435.551
72.006549 397.383
72.037619 413.747
72.201025 499.501
72.232134 570.211
72.264508 607.173
72.295694 614.657
72.357489 685.392
72.388667 695.61
72.419879 705.656
72.452276 739.792
72.483493 782.594
72.514643 800.583
72.545766 826.025
72.577071 884.64
72.609533 889.03
72.640597 931.067
72.671644 946.106
72.702767 964.595
72.733881 980.597
72.766237 1001.487
72.797447 1017.609
72.828519 1037.776
72.859632 1047.823
72.880559 1052.92
72.912933 1108.927
72.944214 1128.824
72.975329 1145.39
73.006348 1161.614
73.037428 1183.314
73.069695 1200.609
73.100819 1214.058
73.132004 1243.196
73.163058 1264.724
73.194125 1290.284
73.226534 1311.175
73.257639 1319.03
73.288728 1344.198
73.31979 1356.952
73.350933 1380.328
73.383254 1398.165
73.414516 1424.663
73.445529 1432.638
73.476625 1469.167
73.507775 1500.791
73.540193 1525.694
73.571403 1537.268
73.602568 1543.371
73.643866 1601.666
73.674944 1613.987
73.707251 1646.041
73.738325 1671.173
73.769389 1694.853
73.800418 1721.043
73.821333 1737.886
73.85359 1756.965
73.884676 1776.975
73.915884 1799.493
73.946937 1815.472
73.97808 1832.415
74.010401 1853.948
74.041548 1660.297
74.337168 431.738
74.368255 335.994
74.399308 353.54
74.431594 380.736
74.463612 407.945
74.495832 419.079
74.527927 460.284
74.559995 500.247
74.592428 514.96
74.624622 547.587
74.656761 578.573
74.68872 592.411
74.720739 614.091
74.752873 630.435
74.784878 692.437
74.816792 703.47
74.848783 758.02
74.880724 789.213
74.912673 813.619
74.943818 832.919
74.97488 859.028
75.00593 898.791
75.037004 926.784
75.069245 934.768
75.1003 990.872
75.131561 1009.497
75.162676 1011.701
75.193842 1044.292
75.226253 1068.442
75.257374 1085.294
75.288431 1103.241
75.319442 1109.578
75.350582 1150.365
75.382989 1158.62
75.414242 1192.293
75.44525 1225.053
75.476396 1235.906
75.507627 1260.153
75.539917 1280.671
75.571193 1302.292
75.602415 1308.264
75.633648 1344.114
75.664887 1346.872
75.697124 1382.164
75.728216 1397.896
75.759303 1421.246
75.790291 1440.449
75.82141 1460.226
75.853767 1473.458
75.884761 1503.77
75.915835 1522.571
75.946942 1539.989
75.977953 1572.48
76.010233 1577.241
76.041256 1620.55
76.072244 1622.949
76.103233 1662.979
76.134296 1664.21
76.166512 1703.686
76.197646 1717.641
76.228663 1737.875
76.259833 1742.944
76.290935 1783.447
76.323322 1785.763
76.354517 1834.204
76.385773 1852.739
76.417093 1869.432
76.448255 1675.753
76.765256 472.474
76.796476 364.499
76.827531 380.2
76.858806 392.347
76.890013 433.457
76.922468 475.231
76.954484 493.99
76.986466 525.263
77.018463 549.688
77.050505 576.662
77.082697 605.535
77.104432 628.929
77.136429 652.069
77.168377 682.958
77.200281 704.448
77.232347 732.263
77.264331 740.458
77.296373 748.353
77.328556 822.06
77.360448 842.071
77.391543 869.214
77.422686 904.136
77.45389 922.247
77.48513 936.569
77.51775 988.134
77.548882 1002.978
77.58012 1028.185
77.611273 1043.967
77.642328 1062.646
77.674561 1088.384
77.705648 1107.431
77.736815 1128.768
77.767887 1147.814
77.799052 1160.351
77.83136 1189.278
77.862373 1200.392
77.893485 1241.328
77.9246 1262.87
77.955789 1284.195
77.988138 1304.858
78.019315 1317.198
78.050468 1339.749
78.081487 1355.903
78.112655 1386.521
78.144906 1415.004
78.175997 1430.039
78.207022 1455.142
78.238136 1475.601
78.269299 1487.423
78.301768 1515.867
78.3328 1533.026
78.363882 1553.886
78.394956 1578.876
78.426006 1591.66
78.45815 1620.17
78.48915 1633.839
78.520184 1661.378
78.551172 1693.333
78.582355 1717.335
78.614784 1735.424
78.646038 1757.545
78.677183 1778.417
78.708294 1796.663
78.739354 1815.724
78.77167 1840.073
78.802726 1646.917
79.098303 770.901
79.129374 664.566
79.160382 422.242
79.192625 373.19
79.224799 402.107
79.256808 419.432
79.28892 447.632
79.320871 474.201
79.352872 495.164
79.384917 511.304
79.41706 517.496
79.449028 535.101
79.481382 558.005
79.523934 617.517
79.556146 627.325
79.58843 648.393
79.681863 805.855
79.71384 830.712
79.744948 851.671
79.776086 875.653
79.80713 892.701
79.838256 920.371
79.870722 952.913
79.901761 973.2
79.932835 995.762
79.963999 1012.974
79.995163 1028.593
80.027628 1055.051
80.058717 1068.376
80.089702 1104.025
80.120738 1105.515
80.151886 1129.457
80.18427 1170.943
80.215339 1179.088
80.246397 1221.665
80.277504 1249.544
80.308609 1260.372
80.340918 1284.511
80.372004 1306.74
80.40313 1330.749
80.434295 1346.218
80.465481 1364.301
80.497923 1388.162
80.529047 1431.128
80.56014 1469.639
80.59134 1475.275
80.622634 1505.748
80.65505 1527.762
80.686107 1545.452
80.717147 1571.93
80.748174 1594.639
80.779277 1613.948
80.801409 1638.918
80.83252 1662.061
80.863646 1690.462
80.894752 1708.786
80.925914 1733.077
80.958328 1741.191
80.989396 1779.495
81.020509 1782.137
81.051629 1816.439
81.082642 1849.409
81.104681 1862.749
81.135733 1892.005
81.16677 1900.292
81.197795 1934.48
81.228884 1550.037
81.505348 413.675
81.536513 365.988
81.56768 375.339
81.619308 416.406
81.650505 434.443
81.713476 515.509
81.744594 540.424
81.775692 555.988
81.806909 561.412
81.838088 618.947
81.870363 633.743
81.901538 669.541
81.932562 678.196
81.963604 705.764
81.994636 729.761
82.026941 746.396
82.058085 769.126
82.089266 790.022
82.120346 798.444
82.151427 832.832
82.183763 844.499
82.215761 878.241
82.24789 899.01
82.280355 910.532
82.312589 933.932
82.344574 969.684
82.376498 989.848
82.408752 1010.929
82.440718 1041.296
82.472907 1062.053
82.50494 1083.512
82.53688 1109.146
82.568788 1135.526
82.600882 940.759
82.724852 380.095
82.756988 361.186
82.78908 377.955
82.820204 400.888
82.851228 431.56
82.882303 433.768
82.913524 445.512
82.945896 499.044
82.978006 614.196
83.713425 741.378
83.745833 929.798
83.778212 997.457
86.291498 1056.764
86.322818 1076.67
86.353981 1082.972
86.385168 1125.07
86.417551 1136.915
86.448775 1166.354
86.480062 1195.47
86.511322 1205.299
86.542583 1228.069
86.575073 1247.693
86.606336 1252.56
86.63766 1308.46
86.668822 1326.027
86.699967 1337.478
86.732404 1382.392
86.76349 1394.37
86.794603 1424.366
86.82572 1432.711
86.856925 1462.621
86.889274 1478.641
86.920431 1504.65
86.951684 1528.795
86.982979 1538.729
87.014164 1548.349
87.046637 1616.063
87.077904 1632.525
87.109119 1653.105
87.140338 1484.602
87.374783 518.794
87.407173 369.152
87.438301 360.294
87.469525 384.231
87.500728 399.289
87.531894 431.899
87.564303 434.651
87.595534 451.192
87.626754 519.664
87.658055 542.666
87.68933 579.743
87.721745 601.131
87.752918 612.688
87.784136 647.629
87.815381 681.116
87.846613 706.447
87.87906 721.253
87.910307 767.929
87.941432 802.745
87.972616 807.489
88.003851 850.997
88.036403 877.883
88.067617 918.342
88.098799 943.434
88.292851 1140.381
88.324241 1153.178
88.35671 1186.117
88.387985 1200.146
88.41919 1225.113
88.450421 1241.287
88.481704 1280.809
88.514152 1303.979
88.545412 1324.171
88.576662 1351.679
88.607928 1360.073
88.639262 1393.578
88.671724 1413.992
88.70303 1438.903
88.734256 1449.749
88.765524 1481.394
88.796806 1500.035
88.829345 1522.39
88.860505 1549.366
88.891608 1567.394
88.922691 1579.366
88.953912 1613.81
88.986332 1624.709
89.017545 1638.498
89.048759 1670.391
89.080017 1705.242
89.111196 1713.605
89.14364 1724.927
89.174826 1767.468
89.20594 1805.869
89.237063 1822.706
89.26832 1846.449
89.300783 1882.597
89.332052 1888.431
89.363226 1931.713
89.394448 1957.967
89.425637 1978.95
89.458122 1989.661
89.489284 2015.421
89.520478 2050.586
89.551679 2064.92
89.582882 2091.117
89.6153 2118.708
89.809335 2330.126
89.840609 2350.463
89.871895 2376.103
89.903096 2396.562
89.935611 2420.112
89.966767 2440.99
89.997961 2467.708
90.029238 2488.614
90.060526 2504.255
90.092934 2539.953
90.124133 2562.208
90.155203 2573.874
90.186325 2576.702
90.21749 2623.729
90.24997 1218.356
90.535509 374.901
90.566827 360.448
90.598075 374.003
90.629318 407.636
90.661875 438.416
90.694168 459.419
90.726434 484.638
90.758742 529.784
90.791066 551.025
90.823356 569.394
90.855464 592.4
90.887693 626.941
90.91992 646.861
90.95248 649.29
90.984965 692.883
91.017169 697.745
91.049597 746.127
91.082061 763.825
91.114359 788.33
91.146623 807.694
91.178983 819.88
91.201041 852.539
91.233212 865.835
91.265329 887.864
91.297592 895.574
91.329746 925.233
91.36202 846.419
91.638731 703.618
91.762884 454.09
91.785018 422.655
91.817211 435.276
91.849505 464.747
91.881849 490.1
91.913982 513.775
91.946262 551.589
91.97844 575.026
92.010866 606.354
92.043308 631.264
92.07588 639.585
92.108184 653.031
92.140331 707.408
92.172803 753.772
92.205015 782.117
92.237212 790.948
92.269472 802.192
92.332482 903.713
92.364903 927.538
92.397476 942.862
92.429849 974.28
92.462126 985.898
92.494343 1015.069
92.526564 1029.429
92.559036 1048.722
92.591499 1073.156
92.62411 1087.518
92.656626 1118.846
92.689026 1141.232
92.721415 1159.788
92.742398 1182.218
92.773668 1219.244
92.804997 1244.835
92.836282 1268.202
92.868882 1280.456
92.900171 1305.175
92.93148 1333.304
93.125524 1540.005
93.156688 1566.398
93.189201 1601.7
93.220495 1617.04
93.251799 1641.232
93.283127 1652.156
93.314361 1684.044
93.346927 1699.085
93.378124 1736.289
93.409377 1755.534
93.440618 1772.171
93.471905 1795.792
93.504366 1817.121
93.535525 1832.088
93.566769 1862.351
93.597906 1883.178
93.628977 1898.236
93.661341 1926.901
93.692598 1946.531
93.723743 1964.58
93.754935 1993.413
93.786027 2016.444
93.818436 2039.063
93.849576 2053.858
93.880615 2081.257
93.911725 2102.131
93.942872 2123.638
93.97529 2150.887
94.006534 2176.625
94.037744 2199.238
94.068946 1754.063
94.395231 479.915
94.427691 340.996
94.458694 348.862
94.489692 366.151
94.602226 503.721
94.633353 522.87
94.665688 532.099
94.727514 609.648
94.758718 621.596
94.789834 641.843
94.820931 705.779
94.853262 714.862
94.914915 777.709
94.945939 788.925
95.007688 882.46
95.028621 911.185
95.06082 938.048
95.091941 958.378
95.123009 981.389
95.154087 983.946
95.185336 1021.201
95.217714 1046.56
95.248956 1066.284
95.280073 1096.396
95.311256 1124.603
95.3425 1144.298
95.374829 1152.541
95.406117 1194.828
95.437237 1216.575
95.468295 1221.657
95.499342 1261.471
95.531613 1270.842
95.562688 1314.335
95.593866 1338.437
95.625075 1350.883
95.656145 1392.582
95.688607 1412.806
95.719691 1430.733
95.75072 1462.504
95.78174 1473.983
95.812835 1505.477
95.845143 1541.041
95.876234 1561.69
95.907439 1582.569
95.928376 1603.102
95.959501 1624.387
95.991864 1632.195
96.022922 1670.463
96.054013 1689.889
96.085043 1698.269
96.116184 1734.194
96.14853 1757.833
96.179608 1775.364
96.210705 1801.84
96.231629 1822.627
96.262785 1839.637
96.295212 1847.279
96.326309 1884.477
96.357378 1907.044
96.388516 1925.168
96.419757 1949.923
96.452152 1966.115
96.483291 1984.49
96.514394 2017.53
96.545513 2031.768
96.576595 2061.335
96.608919 2081.972
96.640138 2105.492
96.671225 2116.344
96.702417 2157.563
96.733534 2163.418
96.765837 2211.391
96.796888 2231.672
96.827937 2261.014
96.858958 2267.078
96.89004 2020.489
97.166335 406.052
97.197437 342.855
97.228526 353.842
97.259642 378.24
97.290784 416.568
97.323249 431.326
97.354485 463.614
97.385593 491.885
97.416856 527.153
97.448107 547.099
97.480548 572.905
97.511714 603.499
97.542857 634.308
97.574131 646.521
97.605391 682.809
97.637789 697.172
97.668893 715.303
97.700494 784.245
97.731696 803.223
97.7629 828.764
97.795504 857.835
97.826777 875.881
97.857813 902.468
97.888845 903.514
97.920196 935.243
97.952756 968.128
97.973667 1008.448
98.004704 1020.307
98.035768 1028.496
98.08727 1109.791
98.119693 1134.484
98.150816 1147.255
98.181819 1176.382
98.212888 1196.211
98.243968 1210.585
98.276349 1238.11
98.307498 1252.807
98.338495 1255.423
98.369557 1298.413
98.400665 1326.041
98.43299 1330.365
98.464092 1372.278
98.495138 1399.882
98.526222 1416.695
98.55746 1451.837
98.589947 1480.372
98.621181 1491.197
98.65224 1522.642
98.683268 1542.627
98.714555 1570.45
98.746925 1594.888
98.778229 1614.079
98.809309 1632.336
98.840474 1635.871
98.871552 1685.67
98.903831 1698.718
98.934894 1710.952
98.966032 1742.0
98.997094 1771.826
99.02816 1788.236
99.060455 1818.82
99.091533 1849.001
99.122573 1856.036
99.153663 1888.389
99.184902 1915.307
99.2175 1936.623
99.248527 1961.057
99.279659 1972.632
99.310723 1996.397
99.341879 2036.463
99.37421 2060.334
99.405443 2083.42
99.436652 1861.746
99.752705 676.466
99.783962 472.557
99.816402 366.981
99.847481 367.219
99.878564 386.083
99.909663 414.626
99.940802 446.331
99.973134 467.336
100.004253 500.312
