1.2e-05 0.004422
2.476087 0.005424
2.527851 0.003755
2.559126 0.004839
2.590429 0.005674
2.642235 0.006091
2.960673 0.006842
3.022541 0.007677
3.053914 0.008261
3.187237 0.012433
4.401455 0.011682
4.60697 0.01285
4.638122 0.012516
4.761211 0.013601
4.792343 0.012516
4.823393 0.01235
4.865871 0.01285
4.927562 0.013434
5.151733 0.013184
5.244064 0.012099
5.295699 0.012934
5.32809 0.013351
5.359067 0.013935
5.451527 0.014436
5.554149 0.01477
5.585253 0.022447
5.790479 0.023615
5.821638 0.026285
5.944408 0.02762
5.995987 0.027203
6.078025 0.028121
6.150848 0.026702
6.254269 0.025868
6.28525 0.026202
6.316216 0.026535
6.469278 0.026786
6.541126 0.027036
6.573509 0.027704
6.93081 0.028371
6.962096 0.028872
7.186816 0.028288
7.329913 0.030791
7.362296 0.031375
7.454483 0.032627
7.485558 0.032544
7.628571 0.03221
7.730977 0.034046
7.834609 0.034379
7.865594 0.035047
7.906854 0.038385
7.937901 0.041973
7.968988 0.040888
8.041685 0.042724
8.072737 0.045561
8.103921 0.045228
8.155216 0.049984
8.186284 0.059497
8.21819 0.070595
8.249219 0.074684
8.280207 0.076937
8.311317 0.074601
8.342267 0.071346
8.374267 0.074517
8.405564 0.075018
8.436479 0.068676
8.467648 0.070345
8.519131 0.072264
8.551161 0.073766
8.582108 0.076603
8.613099 0.077688
8.664421 0.073933
8.695412 0.075936
8.727359 0.074434
8.76889 0.076687
8.799988 0.077939
8.841125 0.087201
8.872202 0.098133
8.904191 0.103974
8.935234 0.156545
8.966268 0.1603
8.997492 0.160634
9.028573 0.169479
9.060327 0.183582
9.091268 0.153541
9.274798 0.150537
9.305768 0.150537
9.33675 0.137269
9.368603 0.133514
9.419914 0.127172
9.491663 0.124752
9.532802 0.125169
9.563781 0.130426
9.595669 0.135934
9.626668 0.136935
9.708608 0.132763
9.759915 0.13076
9.790938 0.128757
9.843427 0.129842
9.87438 0.132095
9.905324 0.132763
9.9363 0.13343
9.967249 0.132179
9.99919 0.131762
10.030157 0.131261
10.061149 0.16272
10.092245 0.155961
10.123267 0.140774
10.155348 0.132012
10.186351 0.129759
10.217254 0.133848
10.24822 0.134265
10.279257 0.137352
10.311185 0.14019
10.342267 0.136268
10.373421 0.137352
10.404422 0.153791
10.435445 0.192761
10.467204 0.216794
10.498473 0.299823
10.529464 0.333368
10.560469 0.355398
10.581233 0.335371
10.613123 0.363242
10.644416 0.369
10.675455 0.383937
10.706439 0.400209
10.737492 0.349223
10.800134 0.335371
10.851676 0.338125
10.882836 0.351476
10.91382 0.371503
10.944981 0.266861
11.170816 0.267446
11.202016 0.249254
11.263544 0.250589
11.294541 0.231564
11.356077 0.244665
11.388137 0.253093
11.419203 0.226974
11.521717 0.215291
11.60371 0.217461
11.634713 0.214707
11.666747 0.203859
11.738566 0.207614
11.76958 0.213372
11.80063 0.215792
11.831828 0.218129
11.863952 0.222635
11.89498 0.221216
11.925937 0.221467
11.956878 0.220632
11.988082 0.215291
12.020171 0.210118
12.051222 0.210952
12.08217 0.195097
12.22515 0.184166
12.337556 0.186336
12.369772 0.190258
12.400917 0.192344
12.431944 0.189089
12.462932 0.189173
12.493905 0.18984
12.525813 0.187337
12.556979 0.183999
12.60826 0.184416
12.639254 0.182414
12.670319 0.184082
12.702339 0.186753
12.733461 0.166726
12.988434 0.166726
13.019641 0.163972
13.050698 0.161719
13.092966 0.16005
13.124075 0.159049
13.155103 0.160717
13.186193 0.163555
13.217222 0.154542
13.412367 0.159633
13.433273 0.158131
13.505045 0.153708
13.587093 0.155711
13.618239 0.159549
13.650137 0.158631
13.681338 0.158715
13.712384 0.155377
13.743384 0.153875
13.774415 0.155293
13.806262 0.155377
13.837325 0.154209
13.868428 0.165057
13.899435 0.172901
13.930488 0.170898
13.962352 0.170814
13.993585 0.173819
14.034848 0.173318
14.065818 0.171566
14.107024 0.171399
14.138977 0.159132
14.332742 0.15496
14.363814 0.153625
14.394789 0.154459
14.425815 0.157129
14.458159 0.159716
14.489325 0.163304
14.520386 0.172901
14.551418 0.17265
14.582434 0.174736
14.614484 0.182163
14.645537 0.179493
14.686694 0.178742
14.707565 0.178074
14.738578 0.176906
14.770656 0.175321
14.80172 0.174403
14.832686 0.16539
14.975843 0.162303
15.006874 0.161802
15.028644 0.16272
15.05992 0.160968
15.090918 0.16222
15.122035 0.161886
15.15306 0.161552
15.185105 0.163137
15.216144 0.165557
15.247245 0.170564
15.308998 0.168812
15.340025 0.164389
15.392428 0.166976
15.423434 0.16539
15.454462 0.164139
15.485438 0.160467
15.536847 0.158965
15.568644 0.158047
15.599643 0.153207
15.691709 0.152957
15.7227 0.15254
15.753707 0.147116
15.836567 0.136935
16.590295 0.132679
16.621381 0.126504
16.835631 0.113737
17.131495 0.109064
17.163657 0.108647
17.194719 0.102305
17.225714 0.097048
17.460428 0.090789
17.491665 0.087618
17.52381 0.086534
17.5548 0.085616
17.585795 0.08862
17.616792 0.090622
17.647764 0.089454
17.679675 0.087952
17.710758 0.087285
17.741987 0.083863
17.772982 0.082862
17.804109 0.086283
17.836133 0.090205
17.867086 0.094795
17.898258 0.098383
17.929301 0.102972
17.960253 0.103056
17.992079 0.105643
18.023171 0.107061
18.054198 0.106894
18.08518 0.106728
18.116249 0.107061
18.148048 0.105559
18.179037 0.103306
18.210053 0.106477
18.24104 0.107812
18.272131 0.11332
18.304042 0.131762
18.335088 0.129759
18.366288 0.121998
18.39741 0.120246
18.42845 0.112318
18.531469 0.112402
18.562449 0.107896
18.593453 0.09855
18.624478 0.127089
25.219844 0.145363
25.251982 0.077271
25.293212 0.078189
25.32437 0.082361
25.355426 0.080525
25.386462 0.078606
25.418447 0.078856
25.449492 0.079941
25.480569 0.081694
25.511518 0.08428
25.542597 0.075852
25.574541 0.079774
25.605557 0.079774
25.636767 0.078523
25.667809 0.080609
25.698929 0.081777
25.741012 0.081276
25.772252 0.068843
25.936006 0.064754
25.987474 0.062751
26.028871 0.063753
26.060819 0.062251
26.101979 0.056827
26.17365 0.056409
26.214799 0.050485
26.27622 0.042891
26.36902 0.040888
26.410151 0.041306
26.53266 0.032877
26.563699 0.03246
26.635432 0.034129
26.677737 0.034463
26.749581 0.033128
26.851855 0.033879
26.883 0.033879
26.934589 0.032293
27.017699 0.036382
27.140796 0.034379
27.213053 0.033962
27.336285 0.035214
27.367579 0.036299
27.410163 0.033462
27.573909 0.034713
27.625434 0.034964
27.697504 0.037717
27.769557 0.034463
27.904064 0.032544
28.05782 0.032544
28.089062 0.033211
28.12022 0.034964
28.284186 0.034046
28.316509 0.033295
28.378442 0.034713
28.430005 0.036215
28.461314 0.036466
28.584374 0.034463
28.657761 0.034463
28.689109 0.035214
28.751012 0.037384
28.812965 0.035881
28.854526 0.035214
28.897159 0.036633
28.959115 0.038218
29.020931 0.038802
29.062415 0.044643
29.185216 0.043225
29.237848 0.03997
29.289328 0.043141
29.340844 0.040721
29.402555 0.042057
29.433779 0.03947
29.476364 0.036048
29.599007 0.032961
29.721738 0.032711
29.773216 0.033378
29.845031 0.034213
29.938255 0.034713
29.969226 0.035965
30.000183 0.030875
30.143162 0.029957
30.174207 0.027537
30.318357 0.024032
30.471454 0.021779
30.543192 0.015604
30.838546 0.014519
30.930714 0.012767
31.074958 0.01285
31.136674 0.013852
31.17793 0.012767
31.402264 0.013184
31.535126 0.013101
31.608133 0.015103
31.761646 0.014519
31.833402 0.014102
31.874658 0.013434
32.221183 0.014352
32.253399 0.014019
32.376241 0.014519
32.498953 0.014436
32.530042 0.016605
32.561129 0.018107
32.613641 0.01477
32.654995 0.015687
32.686067 0.017356
32.798527 0.017273
32.880382 0.018107
32.973667 0.020945
33.004648 0.018775
33.157722 0.022614
33.198878 0.020861
33.33161 0.022614
33.486073 0.0252
33.578321 0.01794
33.863869 0.021362
33.945885 0.020694
34.007576 0.01769
34.202275 0.01986
34.253624 0.020194
34.376271 0.021529
34.42785 0.023531
34.611528 0.023865
34.704575 0.023281
34.79663 0.023698
34.888639 0.022447
49.729847 0.047063
49.760877 0.091958
49.792912 0.082778
49.823896 0.07385
49.885391 0.064921
49.926825 0.058495
49.978256 0.050318
50.050958 0.052487
50.082167 0.052404
50.123536 0.053238
50.185189 0.053322
50.246958 0.052487
50.299396 0.054991
50.350808 0.058495
50.381751 0.055158
50.433105 0.053656
50.494813 0.056827
50.537022 0.057578
50.578167 0.061166
50.619525 0.061166
50.670906 0.058495
50.71219 0.055158
50.764564 0.053656
50.815969 0.056827
50.846987 0.057578
50.90852 0.05933
50.949742 0.061166
50.991913 0.05933
51.033093 0.064587
51.08443 0.05908
51.166317 0.062668
51.197378 0.064504
51.229459 0.063586
51.260668 0.065588
51.291725 0.064587
51.353457 0.049233
51.598362 0.063335
51.630455 0.069928
51.671595 0.019943
52.608138 0.022196
52.639197 0.026702
52.670229 0.023615
52.936404 0.025033
52.968372 0.025033
53.01963 0.022447
53.070988 0.025701
53.152873 0.027453
53.224567 0.027704
53.31787 0.029706
53.369201 0.040388
53.451142 0.04214
53.482113 0.038468
53.564002 0.039136
53.616562 0.040471
53.678153 0.041222
53.749871 0.042557
53.791085 0.044143
53.852574 0.045895
53.904936 0.04698
53.946089 0.047981
54.017753 0.048899
54.058884 0.049817
54.120629 0.050652
54.153 0.051653
54.214447 0.046646
54.30642 0.048232
54.337435 0.047898
54.368436 0.049901
54.400566 0.049233
54.441732 0.05232
54.472723 0.050151
54.503705 0.052237
54.534676 0.052487
54.56675 0.053071
54.597745 0.052571
54.628907 0.055825
54.6601 0.055074
54.691138 0.057327
54.723196 0.055825
54.754494 0.051403
54.805851 0.046312
54.857261 0.041723
54.898476 0.034546
54.991427 0.036799
55.032581 0.033545
55.124634 0.036466
55.155598 0.035965
55.206935 0.032961
55.259385 0.035464
55.320885 0.03196
55.382524 0.034463
55.413768 0.033545
55.465295 0.0373
55.497405 0.036799
55.528435 0.0373
55.630754 0.03196
55.702602 0.026786
55.825468 0.017273
55.939076 0.018608
55.970076 0.020527
56.052132 0.022947
56.144519 0.020694
56.307688 0.022363
56.349923 0.024616
56.380955 0.023949
56.493419 0.026786
56.605818 0.025784
56.728425 0.025784
56.760577 0.027954
56.832292 0.027954
56.954979 0.029456
57.026948 0.027954
57.139585 0.02979
57.212456 0.031042
57.314787 0.030207
57.396646 0.027954
57.458114 0.02979
57.539909 0.031042
57.622901 0.030207
57.72505 0.034129
57.80689 0.035881
57.848174 0.031292
58.011427 0.038719
58.043505 0.030708
58.115347 0.03755
58.146345 0.03947
58.228157 0.040471
58.310161 0.03997
58.372741 0.035381
58.51575 0.039637
58.546722 0.044143
58.587841 0.047397
58.669723 0.045394
58.742431 0.042474
58.854871 0.044143
58.885867 0.042474
58.916835 0.045311
58.957995 0.03947
59.061217 0.039637
59.102384 0.041139
59.18417 0.037384
59.225393 0.034964
59.256391 0.042307
59.298636 0.040471
59.339816 0.041472
59.370808 0.043058
59.412014 0.04456
59.524518 0.018525
59.922931 0.019776
59.954023 0.02278
60.015783 0.018441
60.189204 0.017106
60.260938 0.019359
60.425272 0.019609
60.517413 0.02011
60.568876 0.024116
60.66107 0.025701
60.692223 0.02278
60.734583 0.019609
60.826697 0.022697
60.990032 0.031042
61.031182 0.025367
61.184438 0.026452
61.216759 0.02762
61.278284 0.029957
61.380676 0.025117
61.482967 0.022614
61.544534 0.025367
61.586693 0.021696
61.729849 0.024199
61.760856 0.017523
61.954747 0.018608
61.985817 0.023114
62.017977 0.024449
62.099867 0.016272
62.558153 0.012433
62.589107 0.013267
62.620233 0.011432
63.180896 0.01018
63.446752 0.013434
63.488062 0.014102
63.63136 0.01018
63.754208 0.011849
63.948302 0.019943
63.980729 0.019025
64.155045 0.017607
64.308852 0.022113
64.411487 0.020861
64.513948 0.021696
64.658764 0.02011
64.781954 0.023531
64.884606 0.020861
64.99759 0.022363
65.131062 0.023531
65.224522 0.023531
65.357982 0.025868
65.419881 0.025868
65.532902 0.026118
65.666249 0.02712
65.739467 0.029122
65.831774 0.027537
65.924081 0.026869
66.047075 0.026118
66.170004 0.02712
66.202366 0.029122
66.274584 0.027954
66.397873 0.030708
66.439376 0.032293
66.542121 0.033211
66.615402 0.033211
66.697528 0.033879
66.769535 0.035297
66.851908 0.033545
66.923918 0.034129
67.027566 0.03463
67.099599 0.03488
67.161609 0.035881
67.223315 0.035715
67.31564 0.036549
67.378457 0.035047
67.460505 0.03755
67.512067 0.028121
67.788191 0.028789
67.839944 0.031042
67.872276 0.032877
67.913654 0.030374
68.015988 0.02737
68.168974 0.028371
68.200102 0.029706
68.242766 0.030541
68.304544 0.031292
68.478226 0.025284
68.68223 0.021946
68.906571 0.021862
69.070843 0.02036
69.162892 0.023198
69.194115 0.020778
69.306744 0.02036
69.399087 0.016021
69.787705 0.015938
69.962427 0.012516
70.471648 0.013267
70.492564 0.013017
70.615239 0.013184
70.687117 0.011599
70.912398 0.012183
71.014688 0.015437
71.188147 0.013434
71.941808 0.012183
72.003456 0.009596
72.178066 0.008678
72.493968 0.00776
72.626976 0.007009
72.698888 0.008344
72.740235 0.00751
73.311669 0.008678
73.596933 0.012099
73.739939 0.01235
73.770975 0.009095
73.964801 0.009095
74.383576 0.010263
74.414538 0.007009
75.076169 0.006008
75.249866 0.006258
75.61656 0.006592
75.954368 0.004839
76.239557 0.004339
76.687797 0.005173
76.881808 0.006091
77.096259 0.006592
77.291089 0.006508
77.393379 0.007843
77.424298 0.007176
77.556775 0.007343
77.770781 0.007927
77.935089 0.011682
78.098589 0.009679
78.292152 0.009346
78.587233 0.009012
78.852199 0.007176
79.261021 0.007426
79.424573 0.008344
79.597965 0.017523
86.730633 0.035715
86.76165 0.035965
86.814109 0.036382
86.896077 0.036966
86.988462 0.037884
87.03978 0.038552
87.080975 0.039386
87.143545 0.040054
87.205137 0.040805
87.276892 0.041222
87.369082 0.042057
87.410348 0.042724
87.473025 0.04214
87.544736 0.043976
87.596204 0.045311
87.637408 0.045645
87.688933 0.046312
87.761683 0.047063
87.833641 0.047314
87.86466 0.047981
87.926381 0.048732
87.977849 0.049316
88.040397 0.049901
88.07141 0.048649
88.153409 0.051152
88.184527 0.050401
88.256336 0.052487
88.288492 0.052654
88.350097 0.052654
88.401844 0.053739
88.43288 0.054323
88.484214 0.052487
88.557076 0.055491
88.58813 0.055325
88.639547 0.058162
88.670546 0.055909
88.732284 0.057661
88.764439 0.057828
88.815938 0.054156
88.887735 0.058913
88.918711 0.058245
88.949705 0.059914
88.992011 0.059247
89.033243 0.060999
89.074404 0.060832
89.11575 0.058996
89.177372 0.062501
89.209594 0.062584
89.240672 0.06392
89.271777 0.068593
89.302792 0.071513
89.333841 0.070261
89.365845 0.069928
89.427405 0.067424
89.488993 0.071763
89.520052 0.069928
89.551104 0.07168
89.59316 0.067424
89.634335 0.063586
89.69577 0.06659
89.727018 0.065088
89.758197 0.067424
89.790124 0.068509
89.831293 0.067675
89.862257 0.069093
89.903408 0.068259
89.964936 0.070762
89.997114 0.070846
90.028118 0.068509
90.079519 0.07143
90.11067 0.070178
90.141772 0.072264
90.173707 0.077688
90.204699 0.079941
90.256136 0.079357
90.28718 0.07627
90.30798 0.081026
90.360355 0.077939
90.391281 0.079941
90.432435 0.08161
90.463406 0.073432
90.524921 0.076937
90.556914 0.076937
90.587889 0.076937
90.618855 0.073266
90.670163 0.074183
90.701243 0.076937
90.73313 0.07869
90.764174 0.07894
90.795138 0.082111
90.826198 0.080943
90.85745 0.077772
90.88923 0.081777
90.92029 0.082027
90.95133 0.080358
90.992604 0.082612
91.02372 0.084531
91.065758 0.088453
91.096947 0.089788
91.118015 0.082445
91.20019 0.090539
91.231321 0.083947
91.304026 0.083947
91.345216 0.085365
91.376454 0.080943
91.407644 0.08645
91.438621 0.088453
91.470349 0.088453
91.50131 0.082445
91.532557 0.089621
91.573844 0.092041
91.604912 0.086116
91.636905 0.083947
91.667992 0.089955
91.698947 0.090789
91.729954 0.082612
91.760951 0.086033
91.792898 0.093293
91.82398 0.091373
91.855213 0.090289
91.88637 0.089955
91.917402 0.094628
91.949648 0.086116
91.980786 0.090456
92.01191 0.091373
92.042938 0.09154
92.084089 0.093877
92.116094 0.094544
92.147072 0.08428
92.208654 0.083696
92.239638 0.08645
92.270674 0.068175
92.323033 0.066924
92.354074 0.057828
92.415712 0.049817
92.457023 0.050067
92.528767 0.053489
92.570957 0.054156
92.632657 0.051236
92.673829 0.04723
92.72524 0.053489
92.756273 0.048983
92.890143 0.055074
92.961977 0.055158
92.993146 0.050902
93.064999 0.055909
93.106248 0.045561
93.189272 0.055158
93.220293 0.050818
93.271543 0.054407
93.323021 0.049567
93.384583 0.057578
93.416705 0.054407
93.457925 0.063169
93.499174 0.05933
93.54034 0.058913
93.591664 0.058078
93.633842 0.062167
93.685265 0.05666
93.736615 0.061333
93.767575 0.062167
93.818906 0.064003
93.850764 0.060498
93.912362 0.060164
93.943439 0.062167
93.994752 0.064921
94.035963 0.061333
94.06799 0.062167
94.149944 0.064003
94.181148 0.060498
94.222428 0.06392
94.253488 0.07193
94.285368 0.064587
94.326859 0.068008
94.357882 0.067174
94.409487 0.068008
94.440523 0.070011
94.502784 0.066256
94.544029 0.070929
94.575053 0.069928
94.616369 0.070929
94.647602 0.064587
94.679878 0.068008
94.710887 0.067174
94.752142 0.068008
94.793485 0.070011
94.824572 0.066256
94.866987 0.070929
94.908261 0.069928
94.939342 0.070929
94.970409 0.073015
95.001578 0.078856
95.033719 0.079023
95.085251 0.079941
95.136935 0.083529
95.168239 0.086116
95.199531 0.078773
95.262624 0.078856
95.293982 0.076687
95.325155 0.08111
95.356331 0.078856
95.387671 0.074601
95.430301 0.075602
95.461619 0.079941
95.492808 0.07894
95.523786 0.078856
95.554763 0.078773
95.58711 0.078856
95.628585 0.076687
95.659834 0.076687
95.701337 0.08111
95.732631 0.076937
95.775287 0.084948
95.806479 0.090539
95.837831 0.086784
95.869103 0.086784
95.900293 0.087952
95.943015 0.0867
95.974185 0.087952
96.005329 0.08428
96.036569 0.089287
96.067902 0.077939
96.100395 0.0867
96.131704 0.079941
96.173335 0.080025
96.214837 0.082027
96.246189 0.087952
96.278721 0.087952
96.310057 0.087952
96.34129 0.0867
96.403278 0.091958
96.434623 0.091874
96.467052 0.087285
96.498402 0.085532
96.529754 0.090706
96.561046 0.089538
96.592384 0.097382
96.624945 0.095963
96.65631 0.089538
96.708004 0.090622
96.739225 0.100302
96.770543 0.094628
96.803059 0.089371
96.834376 0.0988
96.865583 0.093293
96.896793 0.095963
96.928118 0.088369
96.960284 0.090789
96.991369 0.094628
97.022432 0.09638
97.05351 0.0988
97.084558 0.090372
97.147294 0.0988
97.17844 0.098383
97.209651 0.094461
97.251127 0.098133
97.282452 0.098299
97.314953 0.105726
97.356461 0.10097
97.408212 0.102555
97.439498 0.093293
97.470684 0.105392
97.502971 0.108563
97.53416 0.096547
97.565414 0.102138
97.596594 0.101053
97.627793 0.102555
97.659985 0.099134
97.701324 0.102472
97.732367 0.10097
97.753308 0.102472
97.784425 0.107061
97.81665 0.089704
97.868132 0.096547
97.89927 0.105559
97.930413 0.109815
97.961512 0.107312
97.993593 0.113153
98.024623 0.111901
98.065886 0.11357
98.096901 0.110399
98.128016 0.115239
98.160271 0.097966
98.211763 0.109648
98.242898 0.107145
98.284254 0.106811
98.315385 0.105893
98.347607 0.107312
98.378751 0.102388
98.409956 0.107395
98.441122 0.110399
98.472304 0.108814
98.5046 0.110316
98.535749 0.116074
98.566782 0.114238
98.597783 0.086116
100.530054 0.106644
