1.2e-05 776.903
2.476087 999.758
2.527851 1197.848
2.559126 1366.792
2.590429 1517.285
2.642235 1681.048
2.960673 1826.41
3.022541 1950.004
3.053914 2068.979
3.187237 2105.911
4.401455 2108.293
4.60697 2114.141
4.638122 2128.618
4.761211 2141.946
4.792343 2152.667
4.823393 2155.98
4.865871 2154.242
4.927562 2167.444
5.151733 2178.761
5.244064 2145.282
5.295699 2111.159
5.32809 2075.06
5.359067 1997.422
5.451527 1959.299
5.554149 1915.962
5.585253 1849.585
5.790479 1795.908
5.821638 1739.549
5.944408 1696.481
5.995987 1665.031
6.078025 1643.005
6.150848 1595.266
6.254269 1563.106
6.28525 1526.772
6.316216 1506.146
6.469278 1487.404
6.541126 1465.622
6.573509 1480.841
6.93081 1490.439
6.962096 1519.875
7.186816 1555.504
7.329913 1602.134
7.362296 1617.322
7.454483 1626.115
7.485558 1646.831
7.628571 1672.412
7.730977 1702.261
7.834609 1721.078
7.865594 1743.178
7.906854 1770.734
7.937901 1760.959
7.968988 1759.166
8.041685 1738.057
8.072737 1726.584
8.103921 1721.764
8.155216 1707.343
8.186284 1555.244
8.21819 1532.907
8.249219 1434.93
8.280207 1387.86
8.311317 1358.128
8.342267 1317.117
8.374267 1256.812
8.405564 1122.758
8.436479 820.902
8.467648 792.677
8.519131 723.264
8.551161 641.885
8.582108 587.828
8.613099 559.325
8.664421 547.313
8.695412 540.577
8.727359 534.839
8.76889 527.214
8.799988 526.79
8.841125 523.669
8.872202 517.658
8.904191 513.118
8.935234 510.735
8.966268 512.451
8.997492 517.843
9.028573 521.896
9.060327 522.649
9.091268 546.192
9.274798 586.695
9.305768 617.692
9.33675 637.146
9.368603 678.357
9.419914 702.733
9.491663 728.222
9.532802 774.751
9.563781 824.293
9.595669 870.598
9.626668 885.723
9.708608 896.251
9.759915 907.32
9.790938 918.907
9.843427 948.748
9.87438 957.0
9.905324 960.036
9.9363 960.664
9.967249 961.796
9.99919 962.808
10.030157 966.26
10.061149 880.756
10.092245 863.789
10.123267 628.125
10.155348 450.316
10.186351 408.915
10.217254 375.619
10.24822 369.885
10.279257 364.97
10.311185 353.769
10.342267 344.609
10.373421 339.134
10.404422 334.533
10.435445 332.383
10.467204 330.503
10.498473 328.796
10.529464 334.383
10.560469 336.669
10.581233 344.664
10.613123 357.525
10.644416 364.396
10.675455 384.808
10.706439 390.521
10.737492 402.197
10.800134 451.809
10.851676 461.243
10.882836 517.221
10.91382 519.978
10.944981 604.212
11.170816 662.903
11.202016 687.182
11.263544 708.679
11.294541 786.029
11.356077 895.586
11.388137 903.079
11.419203 924.274
11.521717 952.435
11.60371 1051.099
11.634713 1067.139
11.666747 1114.239
11.738566 1168.412
11.76958 1255.087
11.80063 1261.802
11.831828 1296.686
11.863952 1332.659
11.89498 1352.87
11.925937 1368.684
11.956878 1379.489
11.988082 1395.5
12.020171 1422.994
12.051222 1473.911
12.08217 1529.991
12.22515 1606.179
12.337556 1726.066
12.369772 1764.557
12.400917 1785.68
12.431944 1795.015
12.462932 1815.122
12.493905 1854.289
12.525813 1907.904
12.556979 1929.082
12.60826 1942.021
12.639254 1968.183
12.670319 2008.865
12.702339 2033.595
12.733461 2150.087
12.988434 2172.725
13.019641 2251.715
13.050698 2284.087
13.092966 2345.891
13.124075 2375.216
13.155103 2427.932
13.186193 2459.951
13.217222 2508.08
13.412367 2600.492
13.433273 2612.082
13.505045 2628.081
13.587093 2738.013
13.618239 2744.253
13.650137 2751.528
13.681338 2755.68
13.712384 2792.385
13.743384 2821.359
13.774415 2843.807
13.806262 2853.141
13.837325 2868.993
13.868428 2712.262
13.899435 2705.104
13.930488 2703.832
13.962352 2704.749
13.993585 2690.19
14.034848 2691.638
14.065818 2697.594
14.107024 2704.04
14.138977 2735.425
14.332742 2832.689
14.363814 2901.071
14.394789 2985.424
14.425815 3009.123
14.458159 3018.379
14.489325 3015.351
14.520386 2949.226
14.551418 2948.441
14.582434 2930.833
14.614484 2915.347
14.645537 2918.059
14.686694 2922.285
14.707565 2933.935
14.738578 2942.401
14.770656 2952.732
14.80172 2964.889
14.832686 3063.328
14.975843 3083.532
15.006874 3121.274
15.028644 3189.365
15.05992 3249.496
15.090918 3268.964
15.122035 3280.478
15.15306 3245.106
15.185105 3225.189
15.216144 3117.972
15.247245 3078.552
15.308998 2980.939
15.340025 2980.802
15.392428 2973.82
15.423434 2965.881
15.454462 2960.867
15.485438 2965.735
15.536847 2980.337
15.568644 2982.123
15.599643 2993.077
15.691709 3002.099
15.7227 3009.972
15.753707 3082.463
15.836567 3014.653
16.590295 2972.725
16.621381 3035.173
16.835631 2835.882
17.131495 2697.118
17.163657 2650.869
17.194719 2565.215
17.225714 2587.333
17.460428 2462.406
17.491665 2417.494
17.52381 2408.756
17.5548 2394.617
17.585795 2385.254
17.616792 2318.933
17.647764 2293.418
17.679675 2220.487
17.710758 2186.421
17.741987 2109.428
17.772982 2054.53
17.804109 1796.416
17.836133 1683.165
17.867086 1619.239
17.898258 1539.675
17.929301 1369.101
17.960253 1104.142
17.992079 1091.964
18.023171 942.889
18.054198 832.0
18.08518 766.943
18.116249 690.325
18.148048 676.324
18.179037 618.178
18.210053 608.135
18.24104 590.6
18.272131 565.052
18.304042 537.507
18.335088 528.638
18.366288 524.313
18.39741 525.984
18.42845 548.557
18.531469 563.662
18.562449 571.902
18.593453 573.372
18.624478 571.11
25.219844 509.092
25.251982 511.081
25.293212 513.836
25.32437 513.333
25.355426 513.3
25.386462 514.157
25.418447 512.071
25.449492 512.054
25.480569 510.429
25.511518 505.15
25.542597 499.491
25.574541 501.927
25.605557 500.301
25.636767 494.596
25.667809 488.369
25.698929 491.128
25.741012 486.191
25.772252 501.667
25.936006 522.702
25.987474 559.594
26.028871 574.644
26.060819 594.574
26.101979 600.263
26.17365 601.478
26.214799 604.409
26.27622 614.467
26.36902 621.385
26.410151 618.073
26.53266 607.077
26.563699 601.183
26.635432 597.278
26.677737 603.849
26.749581 612.757
26.851855 618.664
26.883 623.839
26.934589 627.748
27.017699 626.176
27.140796 629.151
27.213053 638.008
27.336285 642.648
27.367579 644.222
27.410163 659.5
27.573909 662.681
27.625434 664.833
27.697504 660.47
27.769557 664.172
27.904064 672.401
28.05782 679.592
28.089062 684.006
28.12022 687.274
28.284186 693.881
28.316509 701.519
28.378442 704.463
28.430005 703.268
28.461314 700.97
28.584374 687.709
28.657761 678.622
28.689109 672.546
28.751012 675.347
28.812965 658.416
28.854526 640.515
28.897159 627.325
28.959115 617.658
29.020931 600.436
29.062415 591.625
29.185216 586.427
29.237848 579.998
29.289328 567.135
29.340844 563.853
29.402555 562.868
29.433779 559.706
29.476364 571.442
29.599007 592.537
29.721738 607.022
29.773216 620.22
29.845031 639.57
29.938255 643.743
29.969226 649.298
30.000183 658.753
30.143162 663.894
30.174207 669.643
30.318357 680.326
30.471454 691.501
30.543192 716.944
30.838546 747.359
30.930714 790.2
31.074958 827.069
31.136674 853.683
31.17793 883.883
31.402264 905.874
31.535126 925.756
31.608133 925.656
31.761646 922.433
31.833402 907.098
31.874658 929.947
32.221183 947.448
32.253399 949.636
32.376241 952.206
32.498953 948.833
32.530042 930.239
32.561129 888.291
32.613641 831.621
32.654995 779.541
32.686067 735.848
32.798527 691.347
32.880382 659.889
32.973667 633.03
33.004648 621.698
33.157722 616.848
33.198878 620.055
33.33161 618.714
33.486073 615.754
33.578321 635.349
33.863869 650.814
33.945885 660.399
34.007576 681.206
34.202275 705.017
34.253624 729.393
34.376271 738.974
34.42785 740.349
34.611528 742.832
34.704575 747.487
34.79663 739.671
34.888639 740.979
49.729847 367.24
49.760877 363.198
49.792912 360.303
49.823896 358.401
49.885391 354.226
49.926825 349.969
49.978256 344.984
50.050958 340.641
50.082167 338.073
50.123536 333.941
50.185189 331.572
50.246958 330.126
50.299396 326.351
50.350808 327.424
50.381751 330.862
50.433105 335.124
50.494813 336.34
50.537022 336.816
50.578167 334.7
50.619525 332.873
50.670906 332.506
50.71219 331.558
50.764564 330.111
50.815969 328.236
50.846987 327.816
50.90852 328.09
50.949742 327.072
50.991913 326.814
51.033093 325.974
51.08443 329.6
51.166317 330.265
51.197378 329.625
51.229459 327.185
51.260668 324.411
51.291725 323.224
51.353457 366.42
51.598362 361.742
51.630455 356.52
51.671595 669.601
52.608138 762.654
52.639197 720.166
52.670229 670.785
52.936404 631.936
52.968372 604.814
53.01963 585.167
53.070988 570.331
53.152873 556.53
53.224567 546.778
53.31787 534.922
53.369201 524.961
53.451142 512.251
53.482113 502.452
53.564002 492.354
53.616562 484.693
53.678153 478.706
53.749871 471.71
53.791085 466.436
53.852574 460.358
53.904936 454.321
53.946089 450.997
54.017753 446.376
54.058884 443.294
54.120629 437.93
54.153 434.382
54.214447 436.25
54.30642 432.332
54.337435 428.963
54.368436 421.428
54.400566 417.909
54.441732 416.66
54.472723 415.515
54.503705 416.381
54.534676 414.965
54.56675 412.072
54.597745 409.117
54.628907 409.02
54.6601 407.994
54.691138 405.812
54.723196 397.999
54.754494 391.371
54.805851 385.576
54.857261 379.876
54.898476 371.135
54.991427 365.38
55.032581 366.575
55.124634 363.264
55.155598 361.611
55.206935 361.211
55.259385 355.071
55.320885 354.464
55.382524 355.774
55.413768 353.819
55.465295 353.969
55.497405 357.208
55.528435 359.438
55.630754 362.629
55.702602 362.914
55.825468 368.193
55.939076 364.685
55.970076 361.612
56.052132 355.79
56.144519 356.928
56.307688 359.186
56.349923 353.669
56.380955 353.228
56.493419 345.946
56.605818 350.193
56.728425 353.892
56.760577 352.754
56.832292 352.415
56.954979 345.858
57.026948 352.647
57.139585 355.439
57.212456 356.021
57.314787 357.781
57.396646 353.042
57.458114 350.167
57.539909 345.75
57.622901 343.15
57.72505 351.506
57.80689 356.314
57.848174 371.171
58.011427 362.265
58.043505 355.718
58.115347 353.741
58.146345 357.05
58.228157 350.625
58.310161 350.55
58.372741 356.105
58.51575 363.568
58.546722 363.097
58.587841 361.991
58.669723 362.994
58.742431 360.132
58.854871 359.51
58.885867 362.098
58.916835 363.117
58.957995 366.48
59.061217 366.12
59.102384 361.595
59.18417 357.668
59.225393 348.823
59.256391 353.801
59.298636 357.048
59.339816 362.998
59.370808 361.994
59.412014 359.872
59.524518 399.894
59.922931 435.423
59.954023 425.353
60.015783 416.526
60.189204 404.448
60.260938 415.137
60.425272 434.484
60.517413 449.544
60.568876 452.771
60.66107 450.555
60.692223 432.969
60.734583 416.969
60.826697 417.371
60.990032 412.046
61.031182 422.425
61.184438 428.991
61.216759 432.248
61.278284 427.577
61.380676 429.759
61.482967 421.015
61.544534 417.759
61.586693 429.941
61.729849 441.226
61.760856 496.036
61.954747 509.027
61.985817 533.377
62.017977 512.946
62.099867 523.81
62.558153 530.182
62.589107 529.519
62.620233 548.184
63.180896 582.794
63.446752 548.682
63.488062 536.963
63.63136 507.957
63.754208 507.581
63.948302 505.395
63.980729 506.586
64.155045 512.68
64.308852 505.461
64.411487 509.152
64.513948 508.005
64.658764 503.83
64.781954 500.232
64.884606 497.083
64.99759 494.334
65.131062 488.164
65.224522 486.52
65.357982 489.072
65.419881 492.394
65.532902 497.705
65.666249 499.863
65.739467 497.378
65.831774 497.69
65.924081 500.469
66.047075 501.038
66.170004 495.302
66.202366 488.413
66.274584 486.719
66.397873 485.074
66.439376 485.677
66.542121 480.604
66.615402 480.718
66.697528 479.144
66.769535 475.496
66.851908 473.403
66.923918 474.026
67.027566 474.505
67.099599 472.695
67.161609 470.489
67.223315 470.436
67.31564 467.239
67.378457 463.201
67.460505 461.177
67.512067 485.86
67.788191 505.155
67.839944 515.418
67.872276 522.767
67.913654 533.823
68.015988 554.458
68.168974 567.912
68.200102 552.539
68.242766 540.969
68.304544 551.441
68.478226 579.383
68.68223 618.241
68.906571 652.826
69.070843 691.229
69.162892 725.458
69.194115 769.165
69.306744 810.508
69.399087 872.335
69.787705 965.558
69.962427 1039.861
70.471648 1106.717
70.492564 1210.618
70.615239 1285.508
70.687117 1392.002
70.912398 1498.393
71.014688 1475.33
71.188147 1475.267
71.941808 1444.744
72.003456 1422.903
72.178066 1430.042
72.493968 1431.276
72.626976 1303.904
72.698888 1148.676
72.740235 1106.96
73.311669 1090.477
73.596933 1084.177
73.739939 1075.539
73.770975 1069.748
73.964801 1068.243
74.383576 1068.78
74.414538 1163.968
75.076169 1225.283
75.249866 1309.289
75.61656 1255.639
75.954368 1222.426
76.239557 1185.522
76.687797 1182.346
76.881808 1176.429
77.096259 1161.296
77.291089 1104.253
77.393379 1058.71
77.424298 1009.486
77.556775 968.293
77.770781 927.23
77.935089 897.734
78.098589 893.654
78.292152 907.011
78.587233 914.775
78.852199 937.901
79.261021 961.902
79.424573 967.277
79.597965 495.361
86.730633 490.927
86.76165 485.233
86.814109 480.935
86.896077 481.061
86.988462 478.275
87.03978 472.958
87.080975 467.968
87.143545 462.776
87.205137 459.34
87.276892 458.804
87.369082 455.721
87.410348 453.594
87.473025 453.492
87.544736 451.593
87.596204 448.154
87.637408 444.7
87.688933 442.505
87.761683 442.721
87.833641 439.428
87.86466 437.295
87.926381 434.933
87.977849 434.269
88.040397 431.332
88.07141 432.102
88.153409 430.566
88.184527 429.254
88.256336 426.205
88.288492 425.729
88.350097 425.443
88.401844 422.849
88.43288 421.345
88.484214 422.689
88.557076 420.331
88.58813 420.955
88.639547 419.209
88.670546 418.56
88.732284 416.975
88.764439 415.242
88.815938 418.087
88.887735 416.817
88.918711 413.48
88.949705 411.6
88.992011 408.888
89.033243 407.024
89.074404 404.231
89.11575 404.327
89.177372 402.558
89.209594 398.009
89.240672 393.261
89.271777 391.608
89.302792 391.223
89.333841 389.821
89.365845 391.095
89.427405 393.865
89.488993 392.841
89.520052 391.249
89.551104 391.08
89.59316 391.33
89.634335 393.445
89.69577 392.236
89.727018 393.16
89.758197 391.572
89.790124 392.16
89.831293 390.635
89.862257 390.314
89.903408 391.996
89.964936 390.437
89.997114 391.013
90.028118 390.263
90.079519 388.619
90.11067 381.315
90.141772 376.738
90.173707 375.284
90.204699 376.514
90.256136 376.337
90.28718 373.036
90.30798 373.918
90.360355 372.175
90.391281 370.627
90.432435 370.559
90.463406 373.704
90.524921 373.905
90.556914 374.112
90.587889 373.74
90.618855 377.85
90.670163 380.266
90.701243 379.981
90.73313 379.245
90.764174 379.294
90.795138 378.757
90.826198 377.886
90.85745 375.025
90.88923 374.253
90.92029 373.83
90.95133 374.279
90.992604 370.032
91.02372 369.413
91.065758 370.713
91.096947 370.59
91.118015 376.771
91.20019 380.962
91.231321 383.334
91.304026 385.447
91.345216 383.524
91.376454 387.454
91.407644 385.835
91.438621 384.497
91.470349 382.062
91.50131 374.304
91.532557 373.748
91.573844 374.08
91.604912 374.127
91.636905 370.491
91.667992 371.075
91.698947 371.475
91.729954 365.975
91.760951 361.06
91.792898 361.681
91.82398 363.123
91.855213 364.44
91.88637 363.716
91.917402 362.644
91.949648 366.072
91.980786 371.795
92.01191 367.929
92.042938 367.276
92.084089 366.212
92.116094 364.005
92.147072 367.16
92.208654 366.884
92.239638 362.91
92.270674 360.04
92.323033 355.653
92.354074 352.437
92.415712 349.045
92.457023 345.388
92.528767 344.723
92.570957 349.761
92.632657 350.437
92.673829 354.749
92.72524 352.906
92.756273 355.744
92.890143 352.527
92.961977 347.818
92.993146 346.858
93.064999 347.276
93.106248 342.016
93.189272 339.905
93.220293 345.59
93.271543 347.38
93.323021 353.308
93.384583 351.616
93.416705 352.638
93.457925 347.307
93.499174 345.136
93.54034 349.487
93.591664 351.386
93.633842 352.472
93.685265 351.542
93.736615 353.236
93.767575 354.091
93.818906 353.553
93.850764 355.597
93.912362 348.666
93.943439 343.822
93.994752 338.966
94.035963 334.724
94.06799 333.513
94.149944 330.591
94.181148 328.038
94.222428 325.768
94.253488 327.558
94.285368 335.321
94.326859 339.667
94.357882 344.082
94.409487 347.353
94.440523 348.917
94.502784 352.816
94.544029 353.084
94.575053 353.971
94.616369 354.082
94.647602 352.963
94.679878 351.955
94.710887 349.852
94.752142 349.837
94.793485 345.494
94.824572 342.932
94.866987 341.295
94.908261 337.379
94.939342 333.327
94.970409 331.038
95.001578 334.036
95.033719 338.62
95.085251 340.039
95.136935 339.432
95.168239 337.622
95.199531 339.807
95.262624 341.683
95.293982 344.609
95.325155 344.658
95.356331 344.082
95.387671 344.816
95.430301 347.971
95.461619 346.99
95.492808 347.952
95.523786 348.812
95.554763 345.823
95.58711 346.977
95.628585 346.09
95.659834 348.465
95.701337 348.024
95.732631 353.865
95.775287 351.63
95.806479 348.927
95.837831 346.558
95.869103 343.87
95.900293 344.654
95.943015 341.577
95.974185 342.618
96.005329 338.53
96.036569 337.472
96.067902 335.935
96.100395 334.59
96.131704 340.903
96.173335 351.017
96.214837 354.03
96.246189 351.035
96.278721 350.911
96.310057 348.304
96.34129 353.528
96.403278 351.183
96.434623 349.151
96.467052 352.492
96.498402 344.527
96.529754 344.57
96.561046 343.347
96.592384 343.534
96.624945 343.089
96.65631 347.093
96.708004 343.199
96.739225 340.908
96.770543 342.642
96.803059 342.311
96.834376 342.021
96.865583 343.689
96.896793 344.483
96.928118 348.939
96.960284 351.571
96.991369 352.002
97.022432 346.209
97.05351 344.826
97.084558 349.815
97.147294 347.356
97.17844 350.179
97.209651 354.613
97.251127 347.32
97.282452 345.807
97.314953 344.75
97.356461 346.7
97.408212 347.717
97.439498 343.644
97.470684 341.932
97.502971 341.076
97.53416 336.556
97.565414 337.59
97.596594 339.998
97.627793 341.16
97.659985 345.262
97.701324 345.629
97.732367 344.877
97.753308 346.141
97.784425 345.369
97.81665 350.962
97.868132 365.175
97.89927 360.923
97.930413 360.657
97.961512 361.208
97.993593 352.229
98.024623 351.978
98.065886 351.122
98.096901 349.724
98.128016 348.495
98.160271 347.414
98.211763 345.225
98.242898 349.99
98.284254 353.752
98.315385 354.869
98.347607 354.251
98.378751 357.34
98.409956 356.944
98.441122 355.905
98.472304 356.414
98.5046 353.728
98.535749 348.553
98.566782 349.402
98.597783 362.598
100.530054 348.605
