
1.4e-05 0.3321361494612673
0.412316 2.0900866031254535 1
0.569933 6.32766306266417 1
0.727863 15.186345172586297 1
0.895922 39.69815655789558 1
1.063819 134.25138924076325 1
1.22153 451.2339554003594
1.37922 4.172519069538834
1.55685 3.8663932431962738
1.724441 2.7078875758906986
1.902224 2.423175632843225
2.059289 2.0700646341823337
2.216678 1.8082404098678262
2.374134 1.929828318957736 1
2.531223 2.696960893433191
2.688422 1.7165745480166614
2.845737 2.1380425657992195
3.03373 1.1842448987489962
3.201384 1.4687760836460717 1
3.400081 3.3596839662743947
3.588217 1.6276000355343478 1
3.755757 2.971197249351103 1
3.943756 6.458157713048266
4.121628 1.5979140408954513
4.30967 1.6320415441779954
4.477325 1.6046036246998507
4.665316 1.8028681994081492 1
4.822543 3.833249623304872
4.980105 1.4422853531833428 1
5.13761 3.6076996206217276
5.438071 0.9876304833162374
5.677145 1.0466788436655063 1
5.844781 2.343069900194853
6.103976 0.6915342956407413
6.454641 0.5334149172612995 1
6.754415 1.2579423453881706 1
7.206855 3.308251395956975 1
7.629049 9.477060608849824
7.796404 0.7724943109877972
8.330471 0.49036881301727847 1
8.742767 1.2393836610914362 1
9.318012 2.744293215540748
9.760364 0.8907852515060636 1
9.948061 2.489878350527999
10.389968 0.511544145362299
11.035993 0.3379329766263025 1
11.559704 0.6625255246495187 1
12.042548 1.7076206157382954 1
12.424479 4.270450583818082
12.78547 0.9244603812698725 1
13.126321 2.133064196046857 1
13.437031 4.923129631865833
13.736977 1.0074573893291692 1
14.026902 2.5893262924793454
14.235393 1.1474930652906614 1
14.423765 2.4842719483881575
14.682776 0.7352333746385791 1
15.084475 1.975517380830974 1
15.455981 4.184373557543098
15.857635 0.8074854832440961 1
16.259324 1.9246244078876416
16.569346 0.8928197823551159 1
16.899718 2.2475013527430137 1
17.189347 4.94936354440623 1
17.459229 12.221546885893947
17.738905 1.1296498824398864
18.038625 1.1045710707576708
18.237041 1.1399221843355178 1
18.394589 2.9914082554447474 1
18.806423 6.432279976885293 1
19.381276 13.228016203245485
19.813427 0.9778483805489364 1
20.123322 1.792789129477144
20.372117 1.194913350208948
20.570421 0.7030844902490969
20.941639 0.5665143341598388
21.251764 0.7247692631452364 1
21.480385 1.8221226608386831
22.085191 0.2508253193627099
22.680251 0.4078487443708376
23.296011 0.5643586859603831 1
23.676961 1.3793058112016832
24.109143 0.7028432584509143 1
24.470061 1.5662094548670535 1
24.790012 3.7766342527143584 1
25.130373 9.127412227984154 1
25.430585 19.50384291492247 1
25.710162 43.39479686805393 1
25.979314 113.06293302653512 1
26.248816 283.0229108220382
26.498901 1.260223239545291 1
26.727775 3.207858335566596 1
26.98725 7.610059817314688 1
27.216172 17.962358250935132
27.435029 1.3465193294716118 1
27.68413 3.2485228423202095 1
27.862209 6.866124743307636 1
28.060245 16.055070435575505 1
28.288785 36.56407782256659
28.466316 1.4733522254484939
28.664439 1.5412794853466762 1
28.821833 3.2206176702948217 1
29.071291 8.026484076506977 1
29.228762 14.92363636363636 1
29.386655 29.048160284856614
29.605201 0.8698335439021406
29.956378 0.941333860350568 1
30.205413 2.565790621528727 1
30.708606 7.757729482093972 1
31.079661 22.207809672813802
31.674776 0.4895406633679456
32.107007 0.7076133251114965
32.518793 0.637866219372824 1
32.879686 1.4884862944485786 1
33.20025 3.672903529913998
33.490476 1.0776832892291617
33.760234 1.1317641689923297 1
34.039849 2.911261610574024
34.278605 1.2902520050435553 1
34.517743 3.1351663565832975
34.776781 1.250599068147724
35.015219 1.309380401194155 1
35.223286 2.9328055678461666
35.492293 1.3894666239126408 1
35.690319 3.23459585813945 1
35.959683 7.706191256813667
36.147829 1.1899664195082376
36.315079 1.0279071090586687 1
36.604645 2.097578890517707
37.046996 0.9539869910864851 1
37.34652 2.2038670006553205 1
37.656342 5.286052320675106
37.915354 1.1816109991405053
38.082658 1.0022286091941657
38.280958 0.8081346406574572 1
38.68302 2.3176938625111996 1
39.125541 4.94969157570669 1
39.558031 12.567664220710316 1
39.867748 25.703761603599247 1
40.188377 55.98730415565985 1
40.509602 129.1316937626404
40.790959 1.2757573880180908 1
41.019925 3.3510585570952562
41.26909 1.4938133578857373 1
41.467307 3.6660986357809056
41.696288 1.4407510297921258 1
41.935177 3.62175980400058 1
42.123436 8.525839764911034 1
42.311666 18.956732016473694
42.499943 1.5883284435878868 1
42.677851 3.6942528093548965 1
42.866001 7.790107086495832
43.023378 1.146198110594824
43.26269 1.041290655272754 1
43.562747 2.480184035546592 1
43.863075 5.758450128759753 1
44.163054 10.886439564605958 1
44.463116 28.231451377871895
44.763033 1.2306367558549425
44.991988 1.3397314485921925 1
45.210599 3.256241497223959
45.439552 1.5662856167889438
45.648197 1.5477804450304107 1
45.826065 3.5820131237157975 1
45.993582 8.562873683604762 1
46.171333 19.037013255158637 1
46.349235 40.62461101475684
46.527075 1.6690107244541883
46.684432 1.7274068364674777
46.923232 1.6264817232961113
47.080761 1.4047563391198434
47.319599 1.7483193166924034 1
47.47746 3.7748467016557985
47.624881 1.9065949895487897 1
47.78241 3.949105701078583 1
47.939882 7.959978121292588
48.097579 1.7383023154416322
48.286088 1.8763958554534472 1
48.454209 3.947048670608835 1
48.612061 7.610669113427697 1
48.769922 15.423427723306647 1
48.927626 32.09970375065386 1
49.08521 67.61373202667382 1
49.242711 133.2433596170635 1
49.390168 255.74383501270873
49.568248 1.8859370749841327 1
49.725742 3.548127912582356 1
49.883505 5.836518910126068
50.081674 1.2974453541244948 1
50.341252 3.150877561679652
50.590922 1.2248014756947172
50.830012 1.260976434360694 1
51.038636 3.0334843000890643 1
51.268024 6.722771757471222 1
51.496933 16.61122712657118 1
51.68501 39.84339849230595 1
51.873231 96.38857781216657 1
52.062204 229.2229674456402
52.240846 1.565607066661204
52.42972 1.5175176408960653 1
54.922877 3.571819825806905 1
55.203421 8.315874768323898
55.494195 1.2008574924785398 1
55.734163 2.5870760186974753
55.963734 1.3390945777297336 1
56.19373 3.5004282473858086 1
56.423476 8.342185223129347
56.62195 1.572608891746394
56.830174 1.591215797846499
57.008223 1.5520701702222552 1
57.17593 3.3185426118775463 1
57.374217 7.905810779903942
57.562342 1.6796039361897195
57.750494 1.6750304958077917
57.897897 1.5606980856461907
58.106311 1.8612711588021256 1
58.284425 3.923184726312582 1
58.442102 8.678908151342725
58.630136 1.8721148592208312
58.787778 1.738614269187205
58.945393 1.8065955938899527 1
59.103262 3.7561986595222523 1
59.261185 7.9736269324392595
59.419117 1.897758037093561
59.576568 1.7804374435885704 1
59.733837 3.369724521851472 1
59.890926 6.815890724541069
60.089 0.9581302506758654 1
60.388895 2.5368274439647984 1
60.62776 7.0995119818886065
60.927578 1.3032010587804626 1
61.115485 3.6078620727785404 1
61.334079 7.493290921728752
61.583231 1.5921235430442064 1
61.771069 3.846706285886596 1
61.979254 8.984156258596974
62.187588 1.5380900191332454
62.365368 1.4295168762409
62.563442 1.4870351145403575
62.741313 1.5585626174903289 1
62.93972 3.5948246074303483 1
63.097049 7.402941622441244
63.2647 1.657884821263031 1
63.42198 3.855484582509995 1
63.600004 8.40530962591795 1
63.75738 18.09020389570091
63.924947 1.7441849645002898
64.072057 1.7509388793296925
64.259971 1.8476175198514302 1
64.437702 3.6919805050952585
64.646365 1.599127769247016 1
64.814353 2.8230243666485277
65.043613 1.200240851006891 1
65.282357 2.967974407098834
65.541479 1.1198963058976021
65.810787 1.1809052241653712 1
66.06973 2.838270711911719
66.297987 1.343814255007419
66.495718 1.2801541032542834 1
66.734125 3.2171497733460104 1
66.931874 6.598636852664942
67.170011 1.369717618152658 1
67.377548 3.7195049769704327
67.68727 0.7649912284156912
67.884932 0.8150075311515816
68.347254 0.43078632546468576
68.972772 0.29903031210928727
69.669482 0.40954731062833527 1
70.162341 0.9518780887783218 1
70.614567 2.497460680178039 1
70.985721 6.0498902826379535 1
71.316267 15.483810145624776 1
71.626018 34.28059052359807 1
71.925586 80.38293855074491
72.235196 1.1078306381265517 1
72.514688 2.827590120779122
72.783519 1.0496384188724284 1
73.05237 2.503152651936629 1
73.321477 5.560924521779212 1
73.559891 13.526609245862279 1
73.808454 32.54643491790693 1
74.036721 77.00941481376007
74.254469 1.2713114472916882 1
74.483548 3.178202498881479
74.723076 1.3762424410926533 1
74.911191 3.144249603581756
75.068182 1.4733102624567425
75.306769 1.5556050684483589 1
75.463794 3.383927250576512 1
75.621061 7.643070059695941 1
75.788293 15.024011729715873 1
75.955596 31.595641147607367
76.132978 1.6455259892458294 1
76.289989 3.417294717788383 1
76.45753 7.627629788816048
76.614479 1.7076628129901819 1
76.802451 3.551382272102612 1
76.980048 7.808955519591396 1
77.137215 16.686656916478036 1
77.294621 33.97208487654195 1
77.472017 64.72788806333881
77.649436 1.7528182568050592 1
77.826938 3.411272201545616
77.983872 1.7623423360469586 1
78.1412 3.360229194711953
78.298734 1.731738180144944 1
78.476401 3.4583962889330686
78.633571 1.7974155504215834
78.790474 1.756831320085227
78.947591 1.669892082379089
79.094245 1.7887000540794522
79.251255 1.823713673356215
79.408371 1.6535787790723349
79.585961 1.7583908552821261
79.742829 1.7543508584006733
79.899939 1.9787663246987988
80.057079 1.8840746506429866
80.214274 1.913501422268408 1
80.371239 3.7670643538253925
80.528043 2.0183256849262854 1
80.695116 3.850404059387332
80.862084 1.860534869166722 1
81.039266 3.8312810253241634
81.18608 2.002475119575034
81.445003 1.7220056459201505
81.724408 1.8580988576498032
81.881355 1.430022161752742 1
82.058574 3.5356441390198032
82.35808 1.213219094247246
82.677903 1.1282817811422647
82.875746 1.2795828672591316 1
83.032933 3.027800985383779
83.302108 0.7479570697767122 1
83.612048 1.8713556047655175
84.013528 0.7381060138934029
84.364238 0.9384153485647334
84.6841 1.08932651777876
84.922113 1.0055968325349496 1
85.200845 2.237074485209076
85.449175 1.1527146539396864 1
85.687843 2.5788417128280985 1
85.925908 6.098031849734586
86.164084 1.4720284908740169 1
86.340858 3.632404508750661
86.548322 1.5181371208314518
86.735329 1.4911661847304438 1
86.932561 3.451924540562005 1
87.099328 7.960367777430746 1
87.25616 15.092280663413677
87.474275 1.611516974645466 1
87.671968 3.759425688504729
87.859336 1.5065049507639658
88.046395 1.653943649235598 1
88.213373 3.417560737523926
88.380476 1.8006636833536473 1
88.547896 3.6216328070794734
88.756173 1.7926595981315339
88.913212 1.728250660144966
89.070276 1.8540556697409414
89.226848 1.7467769761844631 1
89.383923 3.4906714826343825 1
89.550813 7.279803163444639 1
89.717568 15.67664763219184
89.874215 1.8681715826638126
90.030782 1.763307028856051 1
90.18719 3.5961289307351363 1
90.34394 7.746828764497994 1
90.500685 16.42748738993982 1
90.657282 32.527047872441585
90.813696 1.6999055026531946
90.970377 1.7929593547289913 1
91.127246 3.3123635520971813 1
91.284423 8.665973437585635
91.461777 0.8782862121803924
91.750873 1.078082802142344
92.019731 1.1870339369958913 1
92.257714 2.6632592920027998 1
92.485588 5.893025208284253
92.703618 1.3136028728871278 1
92.921283 3.0327332597333805
93.139164 1.5827832258556875 1
93.34747 3.621235627025443
93.524474 1.487193610575599 1
93.701879 2.957540263543192 1
93.89949 7.13448079506451 1
94.116942 16.375304485418543 1
94.283614 35.542127943741825
94.440106 1.7097865542434723 1
94.596803 3.545334641009165
94.7739 1.7087786384773471
94.93053 1.8319630010277492
95.086998 1.8394446959408481
95.25361 1.8251395422526626
95.440514 1.790078164320929 1
95.607088 3.589854283777252 1
95.773939 7.107842138993874 1
95.930334 14.575894623154952 1
96.096863 28.83718403419492 1
96.253297 56.73223928363133
96.440343 1.855598778955801 1
98.746258 3.170829595944847 1
98.902648 5.718194449835049
99.059043 2.097684165278599 1
99.215579 3.8174547126052527
99.382472 1.9887207065065204
99.549112 2.0502659235243694
99.705606 1.9776901197429564
99.861933 2.189108212362677 1
100.018443 3.7684542586750784