0.0001421905564404489 313.39867968749996 8046632.8671875
3.1449139363379754e-05 293.15303738317755 5752147.588785047
0.004361920394818242 302.3970000000001 3137796.44
9.860674805903175e-05 305.09259405940577 5367215.712871287
0.02737857465001023 318.0184720496893 7288779.946169772
0.0 307.018 84064.0
0.0 305.922 119134.0
0.08496465504201853 326.18720308483296 6608199.6838046275
0.007951279179028447 313.5657156398103 5768695.966824644
libra:
0.1632655873440724 317.60371602434054 7379048.229208925
cubic:
nan 285.63044143534205 6660349.336492891
bbr:
inf 307.69218461538475 8176056.229643527
reno:
0.001468196928344829 295.6596314381268 7394658.162876254
cdg:
0.0 365.14961488250646 31203.643603133158
vegas:
0.00020571032905597478 342.23942976309735 7133434.439773106
pcc:
0.007634396354665978 306.92402457185415 5993548.49069248
0.0022548471980414816 307.5627154973018
0.00019011844755299453 278.6444871282184 8345769.816045988
2.4425520207610865e-05 275.5517247584138 8497242.078973675
0.00020919155087930215 269.70478373875426 2982540.505498167
0.002598765897847439 314.30131684157953 6854929.815592204
3.7514469969915524e-05 271.24280659670114 2637019.6241879063
0.008736393270964626 302.708052099947 5781903.712387028
0.00045690141277547944 276.47837238979156 665185.057424594
nan 278.28475020990754 8662434.677581863
nan 286.8973228971961 8561246.520560747
9.46793237700702e-05 269.34690881561204 5783583.558209959
0.000773075017802272 287.72607743449356 8319965.420414548
0.0001431075054859931 274.74196567810736 1705023.4915028324
0.00384502623592765 300.7357300739523 5207422.796220213
4.888891008751453e-05 268.0583298900364 2222975.917694102
0.0013983935849620872 273.5480299625466 8107942.742405327
0.0008157332535536937 282.4340208333331 158301.5038841808
0.0012896481132690463 285.60575958762894
0.0023517961072153713 309.0157876190482
0.00012600129883239979 274.1389485887092 3982249.5856854836
0.0003036926643197878 271.8016752312435 6818589.908872901
0.0005000388612310738 285.28687486437553 5887104.1081374325
7.312669157897686e-05 288.3238832315004 155578.71826205024
0.0 323.6423605108064 31960.72003929273
0.00023495920728628845 279.70461557434834 2211923.798449612
0.0010627381507489644 313.8228429135581 7482896.05792014
0.0002226358825863725 273.3668085676034 2736026.673694779
5.679438716338534e-05 281.03448417194323 993842.3235588138
0.0012092721470832188 295.75253391593844 5365577.790678319
0.020202982650386926 317.16988461538455 5980722.708333333
0.0009827467366160544 291.6038296296294 5795799.071957672
nan 297.4850619396903 7073968.916870415
0.0 295.8082269503543 125597.88475177305
0.00038575191675510557 319.167262658228
0.0005847796822751799 304.75422053388024
0.00025288888036742745 304.91975175837894
0.015359379787068722 320.13937510072617 7246573.332393231
0.08556440842879398 516.6587471264369 2478822.0234882557
0.010315501497795348 764.2056508841988 497502.3228750713
0.10886582928573796 675.3791875302074 1741953.6317061381
0.006315436253981204 339.5206828059471 142233.4742661075
0.0010349003693317879 418.9097432432436 57850.58108108108
nan 366.2766420154407 127599.75050792361
0.01960440304894671 823.0650304568529 74446.6497461929
0.14447265906985915 2154.845825602969 328338.12987012987
0.004705444775412822 409.37515187376755 63670.99309664694
0.0063698283606602926 368.5887591002045 103103.34069529653
