1.4e-05 303.49
0.266647 306.843
0.297888 313.457
0.329156 322.038
0.380987 326.785
0.412316 330.704
0.444793 335.14
0.47612 338.766
0.507411 342.986
0.538649 336.353
0.569933 334.258
0.602556 336.204
0.633859 338.511
0.66513 339.161
0.696479 340.118
0.727863 339.83
0.76045 344.428
0.801955 346.935
0.833218 344.3
0.864512 334.174
0.895922 336.701
0.938688 336.39
0.970043 333.989
1.001272 328.925
1.032532 329.347
1.063819 329.552
1.09631 327.081
1.127652 326.162
1.158926 322.023
1.190233 315.757
1.22153 327.482
1.254068 326.303
1.285333 323.654
1.316599 320.43
1.347891 318.467
1.37922 317.391
1.411725 318.402
1.442962 322.356
1.494529 322.212
1.525682 319.142
1.55685 316.481
1.589267 320.43
1.620579 321.232
1.651855 318.634
1.683068 318.786
1.724441 316.409
1.756939 313.67
1.808539 316.963
1.839767 317.37
1.871013 322.512
1.902224 324.962
1.934597 326.638
1.965765 329.383
1.996912 330.608
2.028079 335.443
2.059289 338.83
2.091739 333.973
2.122956 330.349
2.154175 327.915
2.185425 324.435
2.216678 325.178
2.249254 328.02
2.280461 327.017
2.31167 328.019
2.342906 326.393
2.374134 326.827
2.406542 322.732
2.437676 321.033
2.468812 320.544
2.499971 319.16
2.531223 318.054
2.563627 321.296
2.594784 328.837
2.625952 331.214
2.657149 336.004
2.688422 337.789
2.720783 337.182
2.752001 339.394
2.783261 336.832
2.814517 334.201
2.845737 324.016
2.878128 319.78
2.909368 315.01
2.940584 313.329
3.002406 310.817
3.03373 310.071
3.066101 309.453
3.097322 306.996
3.128608 310.548
3.170121 312.325
3.201384 313.894
3.244171 312.176
3.306053 310.639
3.33744 313.052
3.368807 313.291
3.400081 312.878
3.432693 312.455
3.484283 313.364
3.515591 314.178
3.546814 317.399
3.588217 315.188
3.620762 315.164
3.651962 313.219
3.683153 314.057
3.724516 317.264
3.755757 326.323
3.818763 329.273
3.849943 333.128
3.881227 331.502
3.912388 330.055
3.943756 328.787
3.976208 328.945
4.007468 325.315
4.038728 325.916
4.080205 323.297
4.121628 322.921
4.154169 321.294
4.185418 320.497
4.21668 329.782
4.27843 332.939
4.30967 335.065
4.342083 336.951
4.373406 336.069
4.404657 334.687
4.446091 334.081
4.477325 336.083
4.509815 335.948
4.541058 330.846
4.572285 329.495
4.603527 332.033
4.665316 329.475
4.697701 328.312
4.728883 327.271
4.760076 326.343
4.791282 328.048
4.822543 328.515
4.855014 328.708
4.886308 327.879
4.917546 328.469
4.948779 323.67
4.980105 322.821
5.012575 326.738
5.043869 330.89
5.075083 335.226
5.106284 337.083
5.13761 335.549
5.170197 333.614
5.221882 331.909
5.314287 331.654
5.376157 334.559
5.438071 331.46
5.47062 330.027
5.501883 327.528
5.533177 323.425
5.615296 320.491
5.677145 319.181
5.709686 316.767
5.740936 318.802
5.772178 320.183
5.813574 322.658
5.844781 327.939
5.877187 324.444
5.918593 322.657
5.949754 321.083
5.980997 323.477
6.103976 325.537
6.156696 327.951
6.228599 329.477
6.259821 328.3
6.301236 331.009
6.454641 333.399
6.507514 334.24
6.569219 334.946
6.600423 331.82
6.63162 328.468
6.754415 333.642
6.878418 334.417
6.909652 335.105
6.951074 351.339
7.083954 348.673
7.206855 347.611
7.300567 341.023
7.372518 342.77
7.434253 348.675
7.597785 339.57
7.629049 344.617
7.671671 350.288
7.702838 351.534
7.734015 353.859
7.765131 353.385
7.796404 346.721
7.900077 343.36
7.99233 338.547
8.04397 336.222
8.21782 336.686
8.330471 337.705
8.383355 336.738
8.424746 333.394
8.527232 336.722
8.691058 334.616
8.742767 334.037
8.85673 331.042
9.010293 331.554
9.082329 330.115
9.174781 346.979
9.318012 345.466
9.411632 344.772
9.514093 338.548
9.61659 339.359
9.668146 340.687
9.760364 343.113
9.792729 339.002
9.823821 337.89
9.855044 333.152
9.916788 330.262
9.948061 328.978
9.980452 329.085
10.011613 334.194
10.144409 339.897
10.30784 339.894
10.389968 334.282
10.44268 337.502
10.667299 335.308
10.718947 336.534
10.780724 338.175
11.035993 351.549
11.160032 356.337
11.191252 355.546
11.385334 351.107
11.477662 355.358
11.559704 349.662
11.693856 352.194
11.755581 353.774
11.847822 357.671
11.940109 356.093
12.042548 354.079
12.095178 354.199
12.197707 352.413
12.290295 345.244
12.331929 350.215
12.424479 353.963
12.47741 354.115
12.54929 357.357
12.661899 357.699
12.693089 357.976
12.78547 356.965
12.828184 353.557
12.889973 348.125
12.972072 353.351
13.054225 351.688
13.126321 352.732
13.189632 356.162
13.261696 354.746
13.323488 350.401
13.375111 354.105
13.437031 356.093
13.500063 358.42
13.561728 358.619
13.623604 358.172
13.675184 358.402
13.736977 359.241
13.799934 358.093
13.841342 357.712
13.913397 356.11
13.965065 355.363
14.026902 352.23
14.069615 348.176
14.121257 345.932
14.172865 345.164
14.204141 338.166
14.235393 335.27
14.288285 333.976
14.319613 329.57
14.350908 329.592
14.392426 330.846
14.423765 340.697
14.476584 352.403
14.507804 351.443
14.538968 351.269
14.580378 349.857
14.682776 348.624
14.7458 350.04
14.848278 348.749
14.889686 348.915
15.032872 347.846
15.084475 341.238
15.13729 337.369
15.199119 347.714
15.301651 353.01
15.42466 355.106
15.455981 354.43
15.549548 351.981
15.64185 345.475
15.72395 342.309
15.775568 338.286
15.857635 344.774
15.930766 349.817
16.022993 349.84
16.074645 354.827
16.166923 360.452
16.259324 361.629
16.301895 361.416
16.384069 361.867
16.435657 359.176
16.507635 353.045
16.569346 348.917
16.622105 344.044
16.694045 341.023
16.755855 338.357
16.827731 338.568
16.899718 343.746
16.942321 349.538
17.014217 353.975
17.07592 357.864
17.147818 358.152
17.189347 355.896
17.24228 355.154
17.293877 352.017
17.345594 349.887
17.417709 344.908
17.459229 343.023
17.512067 341.364
17.573888 339.945
17.625477 338.665
17.677109 336.369
17.738905 335.573
17.781488 334.874
17.843189 333.04
17.894835 337.703
17.946465 351.546
18.038625 351.34
18.081302 352.388
18.112522 351.993
18.143896 350.534
18.185319 349.216
18.237041 349.287
18.269548 348.33
18.300805 341.655
18.332028 337.063
18.363305 339.135
18.394589 335.415
18.447484 337.188
18.63113 338.763
18.743826 336.408
18.775073 336.841
18.806423 332.256
18.930376 332.591
19.083741 342.256
19.196472 363.228
19.288859 355.939
19.381276 348.977
19.495046 347.888
19.536415 345.647
19.628754 341.196
19.690536 338.522
19.813427 339.93
19.845904 347.4
19.938125 348.996
19.979355 352.88
20.071718 347.562
20.123322 354.132
20.247509 346.208
20.278633 342.933
20.299578 342.562
20.330681 337.236
20.372117 333.815
20.40453 329.336
20.435817 335.653
20.507928 343.022
20.539216 340.141
20.570421 341.353
20.653777 341.189
20.715557 341.664
20.787514 342.101
20.869715 344.34
20.941639 344.422
21.004661 343.855
21.056246 343.38
21.128117 337.945
21.169572 334.44
21.251764 332.63
21.284154 332.949
21.335762 331.342
21.377179 327.438
21.428793 326.517
21.480385 329.445
21.614628 331.392
21.716952 334.327
21.910964 335.693
21.962435 339.341
22.085191 334.416
22.219433 343.211
22.362548 342.844
22.424403 338.77
22.526865 335.813
22.680251 341.303
22.804375 336.101
22.835613 349.247
22.999286 348.15
23.162919 341.508
23.296011 343.186
23.35893 344.67
23.512286 347.203
23.543488 364.318
23.645873 365.071
23.676961 365.088
23.719535 361.937
23.852596 354.192
23.944819 352.382
24.006547 356.45
24.109143 351.885
24.172073 361.01
24.284893 362.138
24.316027 366.853
24.408281 367.253
24.470061 366.351
24.533021 360.56
24.594759 359.253
24.666676 356.852
24.748706 352.239
24.790012 349.438
24.863114 347.633
24.934892 346.024
24.996621 342.756
25.068552 341.156
25.130373 339.778
25.19342 344.828
25.245028 349.846
25.317015 351.747
25.368685 352.79
25.430585 356.181
25.503784 355.394
25.545156 354.704
25.596701 352.256
25.65852 350.737
25.710162 353.79
25.803689 348.312
25.834707 347.278
25.886261 345.11
25.927676 343.212
25.979314 342.187
26.042383 337.519
26.104069 336.617
26.145503 334.544
26.207271 337.709
26.248816 341.745
26.291586 345.912
26.363866 348.299
26.405483 348.528
26.457317 349.919
26.498901 349.938
26.55181 350.592
26.603439 349.278
26.634672 345.595
26.676151 342.379
26.727775 339.563
26.780685 346.679
26.852596 345.82
26.893992 344.469
26.935528 345.151
26.98725 346.388
27.0402 347.459
27.081657 347.783
27.123097 344.281
27.174707 341.247
27.216172 344.87
27.269059 348.016
27.300371 349.551
27.341905 349.589
27.383448 350.263
27.435029 351.484
27.487928 346.167
27.529419 340.373
27.560633 346.543
27.652891 348.214
27.68413 349.658
27.716617 349.733
27.747932 351.644
27.799585 350.166
27.830899 348.885
27.862209 354.023
27.915017 356.863
27.946179 353.505
27.987584 350.001
28.02901 347.484
28.060245 342.168
28.102776 341.902
28.164591 339.175
28.19574 336.783
28.237168 337.183
28.288785 335.044
28.321116 333.181
28.352354 336.569
28.383547 339.49
28.42491 342.066
28.466316 343.706
28.519088 344.47
28.55033 348.128
28.581583 351.874
28.612834 355.388
28.664439 358.144
28.696894 359.601
28.728158 358.368
28.759361 359.82
28.79057 358.593
28.821833 358.217
28.884916 360.927
28.956917 352.099
28.98825 353.062
29.039982 351.429
29.071291 344.962
29.103775 343.129
29.135019 343.557
29.166189 339.354
29.197397 337.319
29.228762 339.526
29.261367 333.865
29.292634 338.822
29.323928 346.849
29.355296 345.988
29.386655 347.122
29.419165 349.994
29.450316 348.923
29.481575 347.814
29.53318 346.862
29.605201 343.514
29.637713 341.188
29.719866 338.529
29.751227 334.968
29.843665 333.089
29.956378 328.895
30.03968 326.522
30.070921 325.7
30.102164 347.77
30.174147 349.452
30.205413 343.894
30.268459 344.658
30.421629 345.362
30.524082 345.93
30.616278 345.804
30.708606 340.081
30.740949 341.28
30.873843 339.892
30.945745 338.651
31.038156 341.334
31.079661 336.2
31.173188 341.668
31.326464 341.469
31.378087 352.501
31.511163 352.185
31.674776 356.906
31.768274 352.287
31.830057 348.243
31.993544 347.203
32.024831 346.307
32.107007 348.665
32.200577 345.099
32.313189 345.721
32.364782 344.373
32.436717 341.316
32.518793 338.629
32.632664 340.035
32.663912 347.536
32.766328 349.735
32.807724 350.4
32.879686 345.371
32.942692 348.441
33.034892 342.385
33.066206 339.57
33.128091 338.366
33.20025 337.317
33.273603 343.875
33.33554 343.399
33.377011 346.701
33.438799 349.634
33.490476 350.307
33.563813 347.767
33.605223 345.561
33.666993 345.48
33.718775 343.546
33.760234 341.838
33.823276 339.126
33.874851 337.974
33.936607 343.225
33.988165 347.2
34.039849 348.174
34.072185 349.683
34.123802 350.958
34.185596 348.941
34.216838 348.44
34.278605 347.374
34.321298 345.818
34.373054 343.858
34.404251 343.353
34.466113 342.325
34.517743 344.531
34.570609 352.218
34.622107 350.692
34.663545 350.599
34.725275 353.008
34.776781 352.631
34.819444 351.656
34.860754 348.947
34.902027 346.621
34.953539 347.046
35.015219 343.674
35.047668 341.967
35.099193 339.846
35.140555 337.362
35.181889 335.178
35.223286 334.492
35.286216 335.166
35.358136 334.509
35.389293 332.704
35.420308 339.862
35.492293 339.929
35.52468 342.447
35.586417 342.143
35.627764 335.625
35.658987 331.199
35.690319 328.548
35.732966 326.539
35.815073 325.702
35.846253 325.026
35.908083 324.513
35.959683 322.697
35.992163 322.336
36.023431 317.257
36.054605 312.24
36.116464 310.696
36.147829 310.597
36.180313 309.26
36.211455 310.587
36.242602 308.636
36.273663 314.43
36.315079 316.371
36.378154 316.824
36.439855 323.455
36.521941 323.028
36.57346 318.884
36.604645 324.025
36.738929 321.646
36.760018 325.197
36.872568 323.921
36.92415 322.169
37.046996 323.778
37.079296 320.811
37.171519 321.965
37.202676 327.347
37.284759 323.945
37.34652 326.558
37.429821 323.868
37.481395 323.388
37.522748 322.968
37.604848 321.33
37.656342 319.95
37.739624 316.831
37.770779 320.361
37.822381 325.354
37.884194 333.423
37.915354 333.917
37.947828 333.432
37.989133 334.274
38.020303 330.579
38.05151 324.649
38.082658 325.315
38.115089 328.401
38.146385 329.829
38.177723 327.946
38.208985 328.814
38.280958 330.242
38.33391 330.186
38.405934 327.014
38.508515 330.514
38.63136 332.29
38.68302 327.023
38.715556 323.68
38.80784 320.729
38.930759 324.556
39.023024 323.94
39.125541 321.57
39.239555 318.87
39.321693 321.494
39.363207 323.845
39.465702 323.345
39.558031 320.42
39.631264 317.863
39.662327 318.107
39.785106 320.816
39.816216 318.836
39.867748 322.734
39.981607 333.436
40.074084 329.273
40.105354 327.497
40.136669 326.561
40.188377 324.486
40.282012 325.182
40.313229 323.314
40.385509 327.282
40.478173 326.388
40.509602 324.986
40.603619 323.117
40.635112 320.193
40.68706 322.665
40.728783 321.082
40.790959 322.82
40.843973 319.321
40.895698 320.641
40.947176 318.095
40.988641 320.848
41.019925 323.223
41.062679 324.061
41.114323 324.175
41.16593 322.425
41.207329 322.112
41.26909 319.317
41.301569 319.404
41.343021 321.377
41.404833 321.19
41.436061 318.562
41.467307 317.471
41.520237 315.305
41.561769 316.387
41.603233 315.59
41.654841 312.99
41.696288 313.17
41.769515 311.538
41.810909 310.095
41.862463 308.848
41.903883 310.248
41.935177 310.205
41.967669 311.425
42.019282 310.021
42.060694 311.272
42.09198 311.087
42.123436 309.67
42.166249 308.453
42.207696 312.416
42.249134 317.745
42.280354 320.527
42.311666 321.725
42.344167 321.497
42.385669 322.591
42.416958 324.768
42.468608 326.679
42.499943 325.852
42.532527 323.85
42.563706 323.989
42.605111 326.005
42.646576 323.986
42.677851 322.227
42.710404 318.07
42.761991 313.865
42.80343 312.112
42.834721 317.856
42.866001 319.368
42.89852 322.797
42.929724 321.974
42.960947 321.718
42.992149 327.857
43.023378 324.97
43.066114 323.794
43.097437 323.309
43.12878 325.371
43.200855 325.926
43.26269 325.788
43.32572 325.65
43.408006 322.433
43.428993 320.868
43.511116 317.635
43.562747 317.33
43.646112 315.172
43.707864 315.781
43.749436 313.814
43.811362 312.722
43.863075 312.986
43.956652 310.234
43.998072 312.699
44.0395 316.094
44.080923 320.378
44.163054 322.834
44.297289 325.775
44.328552 325.074
44.35986 324.473
44.401313 321.386
44.463116 324.917
44.515935 320.175
44.608342 325.179
44.670089 328.297
44.701278 332.246
44.763033 334.461
44.815835 335.159
44.857355 330.787
44.909026 330.741
44.940343 330.624
44.991988 330.514
45.034703 327.943
45.076102 326.957
45.137818 324.825
45.169061 322.978
45.210599 326.364
45.253296 324.376
45.304914 321.338
45.336189 319.915
45.387847 317.408
45.439552 316.494
45.472121 314.412
45.513618 312.609
45.555125 316.003
45.596566 318.958
45.648197 321.596
45.68071 323.892
45.722163 324.668
45.763636 320.346
45.794787 317.814
45.826065 316.831
45.868674 317.197
45.899891 318.82
45.93111 315.226
45.962347 314.588
45.993582 312.786
46.026039 312.454
46.077643 314.635
46.10887 315.282
46.140129 314.615
46.171333 316.556
46.20383 315.699
46.235069 318.722
46.276436 320.103
46.317885 320.096
46.349235 324.866
46.381776 323.011
46.412984 322.643
46.454444 322.301
46.49587 320.748
46.527075 320.669
46.559559 318.084
46.590755 315.839
46.621933 315.077
46.653179 313.214
46.684432 316.567
46.727125 319.475
46.758367 330.78
46.860778 334.727
46.891971 335.372
46.923232 334.661
46.955759 332.839
46.986984 332.506
47.018257 329.701
47.049475 329.744
47.080761 325.124
47.17422 328.229
47.215659 332.217
47.246918 335.992
47.278137 340.301
47.319599 342.569
47.352215 345.587
47.383582 346.734
47.414846 346.694
47.446149 340.874
47.47746 339.534
47.510007 335.857
47.541303 332.654
47.562455 331.062
47.593673 327.166
47.624881 326.278
47.657399 323.001
47.688697 322.613
47.71995 319.792
47.751211 322.313
47.78241 324.5
47.814823 328.914
47.846052 331.416
47.877296 334.924
47.908605 336.767
47.939882 339.691
47.972367 341.165
48.003669 344.811
48.034926 345.502
48.066279 346.989
48.097579 348.616
48.140498 342.42
48.171823 336.975
48.20312 333.61
48.234407 330.264
48.286088 327.756
48.328812 326.82
48.360194 324.69
48.39151 324.104
48.422826 321.101
48.454209 320.974
48.486728 324.603
48.518019 330.399
48.549369 334.096
48.580691 332.412
48.612061 334.592
48.644689 335.267
48.676012 334.581
48.707266 335.28
48.738615 334.035
48.769922 333.51
48.80251 331.807
48.833795 329.056
48.865051 330.397
48.896297 327.889
48.927626 326.903
48.960096 324.797
48.991361 324.178
49.022622 324.881
49.053929 324.281
49.08521 324.363
49.11767 325.063
49.14894 325.674
49.180132 324.971
49.211419 328.107
49.242711 330.839
49.275245 333.228
49.30651 336.587
49.327619 339.11
49.35888 341.507
49.390168 341.289
49.422784 341.153
49.454021 337.835
49.48534 338.104
49.537019 332.42
49.568248 330.87
49.600757 327.184
49.632049 325.538
49.663295 323.13
49.694525 323.174
49.725742 323.596
49.758205 321.058
49.789472 323.449
49.820804 331.888
49.852103 332.708
49.883505 334.424
49.915991 339.25
49.947277 339.302
49.99898 336.892
50.030134 334.798
50.081674 332.962
50.144746 331.321
50.196488 328.676
50.258271 327.681
50.29974 325.495
50.341252 323.567
50.394253 320.626
50.445952 318.061
50.497645 315.783
50.559634 313.719
50.590922 318.223
50.643828 322.166
50.695495 324.398
50.736889 326.364
50.788539 328.057
50.830012 328.317
50.8829 328.503
50.924332 324.867
50.955661 321.783
50.997195 319.038
51.038636 316.626
51.09175 314.541
51.13337 313.955
51.195237 317.184
51.226522 320.056
51.268024 320.028
51.320877 322.533
51.372583 320.946
51.403867 320.842
51.455487 318.248
51.496933 314.732
51.52941 314.149
51.570867 314.895
51.602219 318.037
51.653742 317.032
51.68501 314.918
51.717542 313.048
51.759041 311.423
51.790255 311.226
51.821533 309.808
51.873231 309.817
51.90596 309.843
51.967963 308.604
51.999377 310.041
52.030791 310.027
52.062204 308.76
52.094744 307.684
52.126129 311.72
52.167784 315.295
52.21964 318.383
52.240846 317.321
52.273395 320.175
52.325208 321.416
52.356623 321.244
52.388027 322.323
52.42972 324.53
52.462336 323.98
52.493726 322.219
52.525087 321.928
52.556411 320.432
54.922877 312.986
55.016725 310.119
55.068421 311.399
55.099826 314.994
55.151636 315.653
55.203421 319.951
55.276872 316.214
55.308229 314.189
55.370194 314.889
55.41182 325.516
55.494195 326.067
55.537107 325.289
55.599088 325.886
55.630464 325.134
55.682308 324.481
55.734163 323.894
55.81777 328.377
55.849153 332.306
55.890748 330.754
55.922117 330.654
55.963734 329.327
56.006736 328.143
56.058591 324.612
56.120634 322.795
56.162289 319.954
56.19373 318.741
56.226337 317.637
56.278242 318.231
56.319886 317.246
56.361534 316.347
56.423476 314.302
56.466139 313.767
56.507671 313.266
56.538943 311.616
56.570214 310.162
56.62195 312.627
56.65442 316.001
56.705949 315.241
56.737175 313.366
56.768409 314.198
56.830174 314.929
56.862692 316.837
56.904131 314.702
56.935373 317.838
56.966732 321.851
57.008223 322.872
57.040824 323.771
57.072041 326.983
57.113439 326.11
57.144656 325.348
57.17593 324.663
57.228869 323.344
57.260162 320.411
57.301547 317.873
57.332776 316.874
57.374217 314.808
57.416922 313.008
57.448237 312.604
57.48965 311.036
57.520895 309.613
57.562342 310.859
57.594937 320.53
57.656724 324.213
57.687996 323.696
57.719226 324.457
57.750494 323.815
57.772701 320.878
57.803982 318.228
57.835231 314.702
57.866542 312.874
57.897897 312.168
57.960937 310.639
57.992226 310.573
58.023446 309.267
58.054695 313.124
58.106311 312.754
58.13903 314.917
58.180511 319.313
58.211771 323.159
58.243014 322.782
58.284425 324.951
58.316915 329.619
58.348275 328.421
58.379605 323.609
58.410804 320.668
58.442102 315.813
58.484838 317.573
58.536459 319.117
58.567728 317.95
58.598923 318.2
58.630136 318.442
58.66277 321.117
58.694035 325.962
58.725286 329.037
58.756531 331.635
58.787778 330.194
58.820342 332.648
58.851582 332.331
58.882852 332.042
58.914137 331.822
58.945393 331.585
58.977941 331.317
59.009291 331.154
59.040581 329.763
59.071908 329.753
59.103262 333.314
59.135854 331.296
59.167165 329.886
59.198478 328.646
59.229809 327.531
59.261185 326.595
59.293729 325.775
59.325093 325.073
59.356519 324.432
59.387847 323.873
59.419117 321.727
59.451766 322.773
59.483028 322.419
59.51423 323.359
59.545413 322.953
59.576568 323.516
59.609034 323.071
59.640256 326.857
59.671451 326.501
59.702599 323.869
59.733837 328.193
59.766221 325.908
59.79743 323.928
59.828569 322.193
59.859764 319.191
59.890926 318.022
59.923454 315.78
59.954589 313.775
60.006154 313.297
60.057748 309.529
60.089 309.603
60.162282 309.648
60.21384 314.672
60.306073 319.111
60.357665 319.221
60.388895 318.059
60.421338 315.791
60.462825 313.847
60.514365 319.153
60.576149 319.264
60.62776 319.357
60.680563 320.696
60.721994 319.372
60.773602 316.901
60.814996 321.013
60.927578 319.613
60.960017 319.689
60.991216 317.236
61.0224 322.565
61.084182 323.494
61.115485 325.563
61.158203 321.115
61.209772 320.966
61.251154 318.277
61.292616 317.208
61.334079 315.071
61.38693 320.673
61.44874 323.085
61.490146 322.7
61.531605 323.644
61.583231 323.191
61.61568 324.032
61.667213 322.239
61.698396 319.468
61.739824 319.543
61.771069 318.364
61.803576 317.329
61.844921 316.403
61.896498 318.111
61.948055 317.124
61.979254 316.245
62.011766 316.714
62.063306 318.381
62.094523 321.069
62.146111 323.422
62.187588 322.998
62.219998 323.873
62.271693 323.386
62.302911 326.686
62.33411 329.612
62.365368 330.909
62.407971 333.29
62.449308 331.654
62.480549 332.699
62.521978 334.84
62.563442 334.249
62.606117 334.983
62.637287 330.224
62.668525 325.213
62.699789 322.073
62.741313 321.835
62.783993 319.083
62.825497 316.715
62.866988 314.627
62.908432 311.512
62.93972 312.556
62.961988 316.001
62.993245 322.787
63.034664 328.682
63.065823 331.342
63.097049 332.388
63.129562 332.103
63.160922 333.083
63.202333 332.692
63.233489 333.613
63.2647 334.402
63.297157 333.831
63.328404 333.309
63.359622 331.635
63.390769 330.182
63.42198 326.415
63.454497 323.119
63.506172 318.965
63.53744 316.607
63.568691 313.293
63.600004 312.926
63.632428 311.323
63.663573 309.922
63.694859 309.933
63.726102 308.699
63.75738 312.601
63.800169 312.277
63.831388 314.496
63.862562 313.92
63.89373 318.45
63.924947 322.397
63.957309 325.817
63.98853 326.354
64.019825 329.284
64.051074 331.901
64.072057 334.175
64.104485 333.652
64.135722 339.488
64.197527 334.634
64.228761 331.528
64.259971 324.158
64.292433 321.146
64.333827 318.503
64.375226 314.927
64.406494 313.074
64.437702 311.466
64.490539 320.324
64.552302 330.825
64.583612 338.915
64.614983 345.064
64.646365 350.366
64.678834 352.607
64.710175 350.845
64.741491 354.105
64.772764 349.81
64.814353 347.319
64.84698 331.09
64.878344 329.701
64.919914 328.497
64.981759 328.648
65.043613 328.834
65.106636 328.36
65.137926 328.523
65.189428 324.987
65.22064 321.858
65.282357 319.151
65.345378 321.752
65.447809 320.892
65.479084 318.295
65.510214 317.226
65.541479 316.315
65.594312 314.247
65.645832 323.498
65.738178 323.053
65.769371 322.668
65.810787 322.329
65.853377 322.069
65.915072 320.57
65.956397 318.014
66.038533 315.779
66.06973 313.817
66.112288 317.096
66.153607 321.228
66.205077 322.317
66.246421 324.548
66.297987 321.473
66.33036 320.039
66.371719 320.024
66.433372 317.537
66.464529 314.068
66.495718 313.556
66.558592 311.84
66.589708 310.371
66.630984 309.057
66.672382 307.928
66.734125 308.179
66.766488 308.452
66.797552 307.378
66.849132 306.439
66.890472 305.624
66.931874 309.519
67.035606 313.202
67.066655 317.81
67.09767 323.074
67.138947 339.787
67.170011 341.063
67.202266 337.978
67.23338 332.64
67.264394 329.808
67.346415 327.509
67.377548 332.833
67.4303 333.739
67.471626 330.767
67.513024 331.93
67.584853 332.929
67.68727 330.043
67.750245 326.302
67.781394 323.02
67.812443 321.407
67.843637 327.01
67.884932 328.635
67.927513 325.06
67.979011 321.934
68.0406 324.19
68.163335 328.678
68.347254 327.587
68.379639 330.369
68.512705 330.341
68.67639 326.564
68.809334 323.208
68.972772 347.122
69.178184 343.724
69.2908 339.496
69.484831 340.802
69.526291 344.475
69.669482 363.914
69.793468 367.164
69.916211 363.743
70.008474 358.286
70.110868 359.754
70.162341 358.556
70.26596 359.995
70.378556 354.986
70.430043 354.392
70.512126 353.828
70.614567 347.115
70.677619 352.48
70.769881 357.182
70.821452 360.028
70.893414 361.286
70.985721 361.098
71.038553 359.696
71.110494 359.725
71.182448 355.997
71.223946 352.738
71.316267 349.902
71.368993 347.412
71.440829 342.743
71.492343 342.394
71.564259 338.347
71.626018 339.793
71.719519 346.055
71.750664 349.046
71.812275 355.413
71.894329 355.978
71.925586 356.479
71.988446 353.202
72.039942 351.577
72.091354 348.901
72.142951 357.322
72.235196 357.672
72.288052 357.959
72.339574 356.939
72.391146 359.804
72.473268 361.095
72.514688 355.939
72.557194 353.944
72.629017 350.966
72.670321 348.342
72.721749 343.548
72.783519 341.832
72.846456 340.367
72.88775 336.587
72.928985 334.493
72.990711 333.939
73.05237 339.714
73.105029 343.496
73.156625 345.548
73.20815 352.338
73.280056 349.563
73.321477 347.12
73.38443 349.981
73.425753 351.218
73.466957 351.092
73.508315 352.222
73.559891 348.199
73.602428 345.911
73.653951 345.161
73.725874 342.013
73.75691 341.765
73.808454 341.527
73.840878 340.078
73.892347 338.816
73.933666 338.954
73.995373 335.96
74.036721 337.754
74.079119 340.544
74.099999 342.967
74.161692 345.094
74.202981 346.945
74.254469 349.812
74.30714 348.6
74.338268 340.993
74.369546 340.235
74.44185 337.72
74.483548 333.029
74.516065 337.651
74.588293 335.465
74.62996 337.281
74.681695 338.9
74.723076 345.288
74.765727 347.748
74.807209 349.294
74.8487 350.597
74.879961 344.272
74.911191 343.072
74.943568 341.444
74.974731 336.282
75.005874 332.981
75.03702 328.869
75.068182 326.53
75.120976 322.581
75.152049 329.743
75.223909 336.006
75.265321 341.653
75.306769 345.589
75.339195 345.546
75.370398 345.883
75.401492 347.644
75.432655 345.441
75.463794 344.745
75.496251 339.13
75.527534 336.722
75.558653 332.112
75.589879 329.348
75.621061 328.163
75.653422 330.908
75.694901 332.035
75.726016 331.79
75.757161 332.787
75.788293 335.558
75.830894 334.869
75.862069 336.16
75.893274 339.164
75.924448 338.004
75.955596 338.269
75.998108 339.731
76.049723 338.515
76.070664 342.455
76.101837 345.605
76.132978 348.144
76.165418 347.153
76.196551 344.148
76.227721 341.109
76.258844 340.364
76.289989 340.312
76.332724 335.265
76.363956 335.844
76.395129 332.586
76.426295 330.992
76.45753 330.849
76.490028 330.73
76.521102 332.519
76.55223 337.193
76.583415 341.299
76.614479 344.26
76.646827 349.032
76.708582 347.919
76.739861 350.61
76.771178 350.568
76.802451 349.28
76.834873 349.351
76.866022 350.352
76.917605 346.558
76.9488 341.975
76.980048 336.755
77.012447 334.687
77.043689 331.607
77.074823 330.21
77.105999 328.912
77.137215 327.794
77.169672 328.074
77.20085 325.182
77.232141 325.16
77.263316 327.624
77.294621 331.677
77.327075 330.213
77.358252 336.433
77.409826 343.091
77.440902 344.786
77.472017 346.417
77.504297 348.002
77.535486 349.511
77.566631 349.61
77.59781 352.682
77.649436 349.152
77.681953 349.0
77.71308 347.874
77.744233 345.861
77.785571 345.109
77.826938 344.458
77.859295 343.929
77.890372 343.444
77.921443 344.302
77.952688 342.494
77.983872 343.452
78.016296 345.838
78.047574 347.42
78.078692 347.707
78.109846 346.761
78.1412 347.652
78.173723 348.226
78.205018 348.423
78.23622 348.611
78.267502 348.776
78.298734 347.72
78.331139 346.769
78.362427 340.198
78.39365 340.813
78.445221 339.483
78.476401 339.525
78.508873 338.904
78.540122 337.786
78.571303 338.068
78.602416 338.295
78.633571 338.486
78.665901 339.932
78.696978 339.959
78.728171 343.19
78.759259 348.798
78.790474 353.409
78.822892 353.658
78.854024 353.834
78.885242 354.67
78.916396 355.711
78.947591 354.993
78.979922 354.392
79.011072 356.333
79.04216 352.339
79.063097 343.873
79.094245 338.391
79.126621 337.971
79.157714 336.953
79.188814 336.104
79.220005 334.113
79.251255 333.605
79.283699 333.183
79.314834 333.404
79.346086 331.502
79.377166 334.599
79.408371 339.627
79.461204 342.109
79.492387 349.18
79.523628 350.122
79.55484 352.556
79.585961 353.778
79.618334 353.983
79.649442 353.974
79.680555 350.746
79.711736 346.9
79.742829 339.818
79.775153 337.325
79.806268 329.697
79.837431 328.487
79.868694 326.205
79.899939 324.202
79.93243 323.674
79.963609 321.971
79.994713 322.994
80.025865 327.675
80.057079 330.178
80.089553 332.742
80.12067 337.388
80.151872 339.402
80.183067 340.748
80.214274 340.653
80.246698 341.806
80.277834 342.819
80.308902 342.482
80.340009 337.945
80.371239 335.691
80.403565 334.978
80.434583 331.84
80.46569 330.364
80.496819 329.098
80.528043 327.955
80.560501 328.178
80.591515 327.915
80.622563 330.673
80.663995 331.676
80.695116 335.223
80.727471 340.155
80.768759 345.139
80.799882 345.615
80.830886 347.047
80.862084 346.739
80.894406 350.144
80.945942 345.084
80.977048 342.552
81.008064 340.98
81.039266 333.397
81.061366 329.198
81.092525 328.049
81.123612 328.314
81.154837 328.537
81.18608 328.873
81.218688 326.547
81.260073 326.986
81.291143 327.368
81.322291 345.195
81.445003 357.072
81.477466 357.763
81.508757 358.029
81.539914 375.349
81.693095 383.514
81.724408 365.212
81.756853 350.31
81.787995 348.375
81.819129 353.475
81.850249 353.658
81.881355 356.47
81.913762 357.648
81.944861 350.456
81.996327 345.399
82.027451 345.241
82.058574 344.584
82.101164 345.904
82.152694 340.134
82.183786 336.381
82.245551 330.639
82.35808 326.8
82.390338 325.938
82.472368 327.077
82.523885 327.425
82.575463 325.687
82.677903 331.832
82.74091 337.868
82.772047 338.128
82.813364 339.591
82.844558 342.122
82.875746 340.611
82.908358 341.179
82.939556 335.398
82.970689 330.765
83.001824 332.131
83.032933 328.197
83.065351 327.204
83.096512 328.815
83.198949 331.449
83.260681 331.28
83.302108 331.142
83.344837 330.936
83.426831 332.07
83.549583 331.811
83.580834 327.836
83.612048 325.589
83.654618 326.163
83.756973 322.901
83.849262 326.325
83.931379 330.527
84.013528 329.221
84.076489 325.542
84.148418 322.342
84.23053 323.291
84.261706 326.001
84.364238 327.744
84.416897 329.281
84.488811 325.619
84.530076 324.892
84.58166 324.284
84.6841 321.226
84.716386 324.177
84.757591 324.877
84.819289 326.739
84.870692 328.389
84.922113 327.328
85.005363 326.416
85.036416 326.255
85.087788 335.493
85.15962 334.82
85.200845 335.476
85.263795 334.193
85.325423 333.675
85.366626 333.2
85.418092 327.162
85.449175 329.379
85.501849 332.575
85.563637 333.503
85.605061 333.049
85.656635 331.415
85.687843 331.265
85.75076 332.355
85.781787 335.836
85.863868 333.847
85.894881 332.108
85.925908 330.615
85.978499 330.466
86.009612 329.145
86.061012 329.865
86.122747 326.111
86.164084 323.472
86.196283 320.534
86.227331 318.583
86.278689 316.292
86.309698 316.765
86.340858 315.919
86.373169 313.345
86.414412 311.681
86.46577 312.711
86.507047 313.648
86.548322 314.438
86.600961 313.878
86.631952 317.101
86.663038 321.216
86.694075 326.053
86.735329 330.265
86.777844 330.229
86.808905 331.466
86.839945 332.521
86.881141 332.802
86.932561 332.417
86.964999 334.642
87.006248 334.037
87.037293 332.282
87.068289 331.993
87.099328 332.984
87.131684 330.73
87.162791 326.883
87.193907 322.308
87.22506 319.573
87.25616 326.674
87.339561 329.63
87.37069 332.799
87.412099 332.468
87.443166 332.234
87.474275 335.088
87.51687 340.063
87.558228 339.819
87.589375 335.462
87.640817 333.523
87.671968 331.806
87.704305 329.74
87.735431 329.76
87.766526 330.335
87.797627 331.536
87.859336 331.363
87.901703 334.96
87.932818 339.082
87.963893 339.207
87.995003 341.825
88.046395 342.817
88.078669 342.455
88.109753 342.777
88.14094 341.192
88.182263 337.289
88.213373 340.111
88.266041 340.719
88.297138 341.872
88.328267 342.899
88.359534 341.261
88.380476 337.209
88.412923 333.813
88.454319 329.62
88.485484 326.552
88.51666 326.968
88.547896 328.612
88.600759 330.023
88.652381 331.267
88.683537 332.355
88.714714 333.923
88.756173 337.175
88.78847 336.373
88.819789 334.319
88.850985 336.902
88.88216 339.782
88.913212 338.562
88.945693 335.003
88.976887 332.479
89.007924 329.669
89.03912 326.583
89.070276 324.521
89.102535 322.709
89.133584 324.87
89.164582 327.379
89.195683 327.707
89.226848 328.651
89.259269 328.795
89.280199 330.206
89.311252 330.553
89.342422 329.237
89.383923 330.567
89.426566 330.5
89.457608 331.068
89.488629 329.687
89.519695 334.008
89.550813 332.865
89.583061 329.679
89.614284 327.228
89.655503 327.577
89.68652 326.681
89.717568 324.604
89.749926 324.022
89.780973 323.51
89.812047 323.069
89.843089 321.44
89.874215 323.739
89.906404 327.059
89.937572 329.966
89.968579 334.51
89.99971 336.445
90.030782 338.092
90.063051 339.629
90.094049 342.167
90.125141 342.515
90.156178 342.199
90.18719 343.161
90.219506 342.768
90.250595 338.305
90.281581 334.773
90.31271 332.926
90.34394 331.339
90.376263 327.372
90.407277 325.835
90.438402 325.118
90.469544 325.726
90.500685 325.004
90.532994 325.627
90.564032 328.037
90.595109 332.035
90.626226 334.281
90.657282 338.129
90.689524 339.571
90.720532 341.587
90.751651 342.043
90.782641 343.044
90.813696 343.925
90.845979 344.715
90.877003 344.12
90.907992 342.374
90.939139 336.753
90.970377 329.288
91.002646 327.137
91.033796 327.835
91.064974 327.005
91.096109 327.338
91.127246 327.964
91.159736 326.096
91.190836 325.866
91.221935 328.729
91.253143 328.255
91.284423 328.434
91.316766 329.218
91.348055 330.56
91.379203 331.101
91.410332 329.697
91.461777 332.83
91.565325 329.984
91.596366 328.759
91.637798 327.66
91.679043 329.208
91.750873 329.919
91.80356 326.813
91.86528 323.454
91.896303 323.012
91.957988 325.127
92.019731 321.979
92.052026 319.858
92.103409 317.385
92.165005 317.728
92.216493 323.02
92.257714 325.764
92.310364 326.311
92.341406 328.049
92.392921 328.929
92.444331 327.8
92.485588 326.837
92.538227 325.993
92.579547 325.235
92.620872 324.567
92.662344 322.725
92.703618 323.02
92.766568 321.403
92.797648 317.556
92.83885 316.596
92.880048 313.91
92.921283 313.406
92.973938 314.233
93.025345 314.318
93.076811 312.536
93.107823 311.578
93.139164 314.484
93.171664 315.203
93.202929 317.67
93.254611 319.233
93.306101 319.321
93.34747 317.523
93.389981 317.835
93.421069 315.61
93.452106 318.063
93.48316 322.081
93.524474 326.79
93.567034 329.672
93.608235 330.359
93.639505 329.062
93.670607 327.936
93.701879 331.938
93.775084 329.441
93.80618 325.738
93.83732 322.527
93.868389 319.729
93.89949 317.861
93.941895 315.621
93.972936 313.667
94.003957 311.575
94.085888 312.614
94.116942 318.521
94.149174 322.464
94.180227 327.154
94.221505 329.993
94.252555 328.749
94.283614 330.192
94.315787 330.161
94.346851 324.525
94.377913 322.686
94.408937 324.866
94.440106 324.251
94.472555 324.963
94.503629 323.106
94.534662 321.503
94.565779 323.182
94.596803 325.259
94.649645 325.847
94.680792 328.224
94.711812 329.704
94.742873 334.572
94.7739 335.257
94.806151 337.12
94.837184 336.534
94.868319 334.436
94.899413 330.759
94.93053 326.928
94.962894 323.584
94.983738 321.869
95.024956 320.407
95.055946 317.849
95.086998 318.096
95.119263 317.057
95.150256 323.226
95.181246 328.735
95.222537 329.402
95.25361 328.216
95.285874 334.689
95.347472 331.076
95.378468 329.687
95.409444 329.753
95.440514 329.818
95.462482 329.849
95.513945 333.635
95.544996 333.702
95.57604 333.085
95.607088 328.927
95.649585 326.845
95.680641 329.139
95.711794 332.667
95.742854 332.306
95.773939 333.914
95.806204 330.905
95.83727 328.27
95.868254 325.986
95.899274 327.762
95.930334 330.547
95.962506 329.178
95.993483 331.795
96.024485 336.701
96.065781 338.938
96.096863 342.507
96.129228 343.962
96.160262 345.589
96.191296 347.393
96.222285 342.969
96.253297 339.49
96.285394 333.491
96.32672 330.545
96.378198 329.247
96.409308 328.087
96.440343 329.554
96.462536 329.589
96.493563 330.264
96.524587 330.234
96.555635 332.677
98.746258 335.573
98.7784 338.647
98.809434 338.8
98.840516 337.079
98.871628 334.928
98.902648 334.945
98.934867 331.299
98.965944 327.968
98.996941 331.336
99.0382 332.41
99.059043 334.998
99.091307 335.607
99.122374 336.179
99.153402 334.456
99.184428 335.047
99.215579 335.027
99.247954 333.559
99.279034 331.453
99.310089 327.904
99.341234 330.622
99.382472 332.113
99.424915 330.632
99.455991 331.766
99.487 331.571
99.518004 333.857
99.549112 337.127
99.581304 339.379
99.612339 342.969
99.64332 342.043
99.674566 342.68
99.705606 341.732
99.737889 341.593
99.768949 338.668
99.799921 334.261
99.830936 332.473
99.861933 327.421
99.89419 325.496
99.925248 324.83
99.956346 324.198
99.987367 325.328
100.018443 325.242
