1.4e-05 0.030624
0.266647 0.025367
0.297888 0.031042
0.329156 0.033295
0.380987 0.039052
0.412316 0.042641
0.444793 0.04481
0.47612 0.047564
0.507411 0.049066
0.538649 0.083947
0.569933 0.087535
0.602556 0.087952
0.633859 0.092208
0.66513 0.090539
0.696479 0.092959
0.727863 0.097715
0.76045 0.095629
0.801955 0.102972
0.833218 0.110483
0.864512 0.139939
0.895922 0.135767
0.938688 0.139355
0.970043 0.144279
1.001272 0.15546
1.032532 0.163722
1.063819 0.168728
1.09631 0.175237
1.127652 0.1845
1.158926 0.198101
1.190233 0.213205
1.22153 0.205945
1.254068 0.226807
1.285333 0.223803
1.316599 0.211703
1.347891 0.198185
1.37922 0.189256
1.411725 0.177824
1.442962 0.159966
1.494529 0.154042
1.525682 0.131177
1.55685 0.137937
1.589267 0.144445
1.620579 0.146698
1.651855 0.151538
1.683068 0.144362
1.724441 0.153791
1.756939 0.133931
1.808539 0.13585
1.839767 0.139856
1.871013 0.124335
1.902224 0.123667
1.934597 0.128591
1.965765 0.12784
1.996912 0.123834
2.028079 0.117242
2.059289 0.129759
2.091739 0.148952
2.122956 0.133764
2.154175 0.144279
2.185425 0.132763
2.216678 0.148284
2.249254 0.140273
2.280461 0.136351
2.31167 0.139939
2.342906 0.134432
2.374134 0.135767
2.406542 0.149202
2.437676 0.142192
2.468812 0.139939
2.499971 0.144362
2.531223 0.127089
2.563627 0.139689
2.594784 0.141942
2.625952 0.141859
2.657149 0.128674
2.688422 0.137603
2.720783 0.139856
2.752001 0.134348
2.783261 0.148034
2.814517 0.140607
2.845737 0.129926
2.878128 0.111901
2.909368 0.110065
2.940584 0.094628
3.002406 0.090456
3.03373 0.080192
3.066101 0.074934
3.097322 0.075435
3.128608 0.081193
3.170121 0.079357
3.201384 0.075519
3.244171 0.07677
3.306053 0.079357
3.33744 0.078022
3.368807 0.083947
3.400081 0.07677
3.432693 0.072181
3.484283 0.078773
3.515591 0.078773
3.546814 0.0741
3.588217 0.079274
3.620762 0.079941
3.651962 0.083863
3.683153 0.07435
3.724516 0.078272
3.755757 0.080525
3.818763 0.075936
3.849943 0.0741
3.881227 0.078189
3.912388 0.083112
3.943756 0.083112
3.976208 0.080525
4.007468 0.083112
4.038728 0.078272
4.080205 0.07627
4.121628 0.084781
4.154169 0.079941
4.185418 0.084447
4.21668 0.078856
4.27843 0.078856
4.30967 0.079941
4.342083 0.079941
4.373406 0.084781
4.404657 0.086116
4.446091 0.084865
4.477325 0.079941
4.509815 0.083529
4.541058 0.070929
4.572285 0.078856
4.603527 0.078856
4.665316 0.083947
4.697701 0.093293
4.728883 0.090456
4.760076 0.084865
4.791282 0.08645
4.822543 0.082445
4.855014 0.087702
4.886308 0.088286
4.917546 0.086867
4.948779 0.080025
4.980105 0.081443
5.012575 0.079691
5.043869 0.08161
5.075083 0.083196
5.106284 0.087952
5.13761 0.087618
5.170197 0.075185
5.221882 0.070011
5.314287 0.054156
5.376157 0.051236
5.438071 0.045895
5.47062 0.048065
5.501883 0.04965
5.533177 0.045812
5.615296 0.041973
5.677145 0.045144
5.709686 0.039386
5.740936 0.040805
5.772178 0.038135
5.813574 0.041139
5.844781 0.038468
5.877187 0.046646
5.918593 0.04965
5.949754 0.04965
5.980997 0.041139
6.103976 0.03705
6.156696 0.032377
6.228599 0.024616
6.259821 0.027036
6.301236 0.023949
6.454641 0.023949
6.507514 0.024282
6.569219 0.024616
6.600423 0.027036
6.63162 0.027954
6.754415 0.026452
6.878418 0.028789
6.909652 0.028789
6.951074 0.034964
7.083954 0.0373
7.206855 0.032877
7.300567 0.030624
7.372518 0.035464
7.434253 0.025117
7.597785 0.026702
7.629049 0.029456
7.671671 0.032293
7.702838 0.031042
7.734015 0.033962
7.765131 0.031542
7.796404 0.028705
7.900077 0.025784
7.99233 0.023281
8.04397 0.02253
8.21782 0.020527
8.330471 0.020277
8.383355 0.021195
8.424746 0.02253
8.527232 0.020277
8.691058 0.025451
8.742767 0.025451
8.85673 0.027036
9.010293 0.025033
9.082329 0.025451
9.174781 0.031042
9.318012 0.029206
9.411632 0.028789
9.514093 0.026619
9.61659 0.028371
9.668146 0.023949
9.760364 0.027203
9.792729 0.0247
9.823821 0.028789
9.855044 0.027954
9.916788 0.031542
9.948061 0.028371
9.980452 0.032377
10.011613 0.029623
10.144409 0.022113
10.30784 0.016438
10.389968 0.018608
10.44268 0.014686
10.667299 0.020527
10.718947 0.020277
10.780724 0.020277
11.035993 0.018858
11.160032 0.021529
11.191252 0.023949
11.385334 0.021946
11.477662 0.025117
11.559704 0.023949
11.693856 0.030207
11.755581 0.030624
11.847822 0.029039
11.940109 0.032377
12.042548 0.030207
12.095178 0.030624
12.197707 0.029039
12.290295 0.032377
12.331929 0.036299
12.424479 0.036799
12.47741 0.039386
12.54929 0.036799
12.661899 0.038802
12.693089 0.036299
12.78547 0.036799
12.828184 0.039386
12.889973 0.036799
12.972072 0.042724
13.054225 0.042724
13.126321 0.042724
13.189632 0.040471
13.261696 0.044643
13.323488 0.038886
13.375111 0.044143
13.437031 0.045394
13.500063 0.04481
13.561728 0.044143
13.623604 0.047314
13.675184 0.046646
13.736977 0.044143
13.799934 0.045394
13.841342 0.04481
13.913397 0.046646
13.965065 0.047314
14.026902 0.046646
14.069615 0.04214
14.121257 0.03997
14.172865 0.043976
14.204141 0.041306
14.235393 0.040555
14.288285 0.044643
14.319613 0.041973
14.350908 0.042307
14.392426 0.045311
14.423765 0.040972
14.476584 0.046563
14.507804 0.052738
14.538968 0.047314
14.580378 0.041139
14.682776 0.03705
14.7458 0.028371
14.848278 0.032627
14.889686 0.027954
15.032872 0.028789
15.084475 0.030124
15.13729 0.027036
15.199119 0.026619
15.301651 0.028705
15.42466 0.035548
15.455981 0.03196
15.549548 0.026619
15.64185 0.032293
15.72395 0.034964
15.775568 0.03196
15.857635 0.035798
15.930766 0.036299
16.022993 0.03997
16.074645 0.035881
16.166923 0.038468
16.259324 0.039386
16.301895 0.03997
16.384069 0.04214
16.435657 0.03947
16.507635 0.034964
16.569346 0.037801
16.622105 0.038886
16.694045 0.038301
16.755855 0.041055
16.827731 0.041139
16.899718 0.044143
16.942321 0.043058
17.014217 0.043559
17.07592 0.043559
17.147818 0.046563
17.189347 0.049316
17.24228 0.044143
17.293877 0.043058
17.345594 0.043559
17.417709 0.043559
17.459229 0.046563
17.512067 0.049316
17.573888 0.047981
17.625477 0.050818
17.677109 0.050067
17.738905 0.050902
17.781488 0.050902
17.843189 0.050902
17.894835 0.052905
17.946465 0.046479
18.038625 0.047981
18.081302 0.050568
18.112522 0.049901
18.143896 0.049316
18.185319 0.045228
18.237041 0.047981
18.269548 0.043392
18.300805 0.040471
18.332028 0.043809
18.363305 0.047898
18.394589 0.048482
18.447484 0.041973
18.63113 0.027537
18.743826 0.027954
18.775073 0.032627
18.806423 0.032627
18.930376 0.030624
19.083741 0.023865
19.196472 0.031042
19.288859 0.031042
19.381276 0.023865
19.495046 0.030708
19.536415 0.031042
19.628754 0.036048
19.690536 0.034964
19.813427 0.03997
19.845904 0.034964
19.938125 0.038802
19.979355 0.036799
20.071718 0.043725
20.123322 0.031459
20.247509 0.029706
20.278633 0.031042
20.299578 0.034964
20.330681 0.029456
20.372117 0.033128
20.40453 0.037717
20.435817 0.036799
20.507928 0.038969
20.539216 0.038468
20.570421 0.03997
20.653777 0.03705
20.715557 0.03246
20.787514 0.026202
20.869715 0.023281
20.941639 0.023949
21.004661 0.0247
21.056246 0.024282
21.128117 0.023281
21.169572 0.019443
21.251764 0.023281
21.284154 0.024282
21.335762 0.0247
21.377179 0.0247
21.428793 0.026202
21.480385 0.023949
21.614628 0.020277
21.716952 0.011765
21.910964 0.011932
21.962435 0.011432
22.085191 0.015771
22.219433 0.013768
22.362548 0.01527
22.424403 0.018024
22.526865 0.017273
22.680251 0.018358
22.804375 0.02253
22.835613 0.021862
22.999286 0.023531
23.162919 0.020611
23.296011 0.027537
23.35893 0.027537
23.512286 0.026786
23.543488 0.023031
23.645873 0.030207
23.676961 0.030624
23.719535 0.030624
23.852596 0.025951
23.944819 0.033962
24.006547 0.032711
24.109143 0.033879
24.172073 0.032877
24.284893 0.037801
24.316027 0.034964
24.408281 0.036299
24.470061 0.038802
24.533021 0.032877
24.594759 0.037801
24.666676 0.034964
24.748706 0.037801
24.790012 0.038802
24.863114 0.041723
24.934892 0.03997
24.996621 0.041139
25.068552 0.04239
25.130373 0.04239
25.19342 0.044143
25.245028 0.043559
25.317015 0.045979
25.368685 0.046646
25.430585 0.044143
25.503784 0.047981
25.545156 0.044143
25.596701 0.043559
25.65852 0.045979
25.710162 0.044727
25.803689 0.044143
25.834707 0.047981
25.886261 0.047981
25.927676 0.050067
25.979314 0.049316
26.042383 0.044727
26.104069 0.050818
26.145503 0.0494
26.207271 0.054407
26.248816 0.052905
26.291586 0.052237
26.363866 0.053656
26.405483 0.055909
26.457317 0.05449
26.498901 0.055909
26.55181 0.054407
26.603439 0.052905
26.634672 0.052237
26.676151 0.053656
26.727775 0.055909
26.780685 0.058329
26.852596 0.059914
26.893992 0.05908
26.935528 0.059998
26.98725 0.05908
27.0402 0.05908
27.081657 0.059914
27.123097 0.055909
27.174707 0.057661
27.216172 0.060498
27.269059 0.060498
27.300371 0.062167
27.341905 0.063085
27.383448 0.063085
27.435029 0.062167
27.487928 0.067758
27.529419 0.060498
27.560633 0.060999
27.652891 0.064253
27.68413 0.066006
27.716617 0.067925
27.747932 0.065171
27.799585 0.066089
27.830899 0.065839
27.862209 0.064587
27.915017 0.062584
27.946179 0.064587
27.987584 0.068008
28.02901 0.07193
28.060245 0.06901
28.102776 0.0741
28.164591 0.0741
28.19574 0.064587
28.237168 0.06684
28.288785 0.076353
28.321116 0.074267
28.352354 0.073766
28.383547 0.069928
28.42491 0.069928
28.466316 0.070929
28.519088 0.072014
28.55033 0.071763
28.581583 0.073683
28.612834 0.073683
28.664439 0.073599
28.696894 0.075685
28.728158 0.077688
28.759361 0.075602
28.79057 0.077688
28.821833 0.078272
28.884916 0.070345
28.956917 0.07385
28.98825 0.068092
29.039982 0.071847
29.071291 0.072014
29.103775 0.071847
29.135019 0.073933
29.166189 0.06901
29.197397 0.072348
29.228762 0.074851
29.261367 0.072014
29.292634 0.072848
29.323928 0.06901
29.355296 0.0741
29.386655 0.074851
29.419165 0.073349
29.450316 0.068926
29.481575 0.06175
29.53318 0.057578
29.605201 0.045645
29.637713 0.037801
29.719866 0.046646
29.751227 0.045144
29.843665 0.034964
29.956378 0.033211
30.03968 0.027036
30.070921 0.030624
30.102164 0.028288
30.174147 0.033462
30.205413 0.039303
30.268459 0.03196
30.421629 0.023281
30.524082 0.019943
30.616278 0.020277
30.708606 0.019943
30.740949 0.019943
30.873843 0.019943
30.945745 0.018024
31.038156 0.019359
31.079661 0.023949
31.173188 0.022029
31.326464 0.028789
31.378087 0.028789
31.511163 0.0247
31.674776 0.028705
31.768274 0.028789
31.830057 0.026202
31.993544 0.032877
32.024831 0.028705
32.107007 0.030624
32.200577 0.034964
32.313189 0.03196
32.364782 0.032877
32.436717 0.030624
32.518793 0.034964
32.632664 0.03997
32.663912 0.034964
32.766328 0.038301
32.807724 0.039386
32.879686 0.043725
32.942692 0.037801
33.034892 0.034964
33.066206 0.038301
33.128091 0.039386
33.20025 0.04239
33.273603 0.043058
33.33554 0.045394
33.377011 0.045394
33.438799 0.045311
33.490476 0.047314
33.563813 0.050902
33.605223 0.043058
33.666993 0.048649
33.718775 0.045394
33.760234 0.045311
33.823276 0.047314
33.874851 0.050902
33.936607 0.051569
33.988165 0.052237
34.039849 0.055158
34.072185 0.054407
34.123802 0.054407
34.185596 0.058495
34.216838 0.056743
34.278605 0.051569
34.321298 0.052237
34.373054 0.055158
34.404251 0.054407
34.466113 0.054407
34.517743 0.054407
34.570609 0.060832
34.622107 0.06175
34.663545 0.059998
34.725275 0.056743
34.776781 0.059998
34.819444 0.060832
34.860754 0.058329
34.902027 0.056743
34.953539 0.055992
35.015219 0.055992
35.047668 0.052988
35.099193 0.055992
35.140555 0.056827
35.181889 0.05933
35.223286 0.05933
35.286216 0.055992
35.358136 0.05933
35.389293 0.05933
35.420308 0.05908
35.492293 0.061666
35.52468 0.058245
35.586417 0.06175
35.627764 0.06175
35.658987 0.063586
35.690319 0.065588
35.732966 0.05908
35.815073 0.065755
35.846253 0.058245
35.908083 0.062
35.959683 0.063169
35.992163 0.065588
36.023431 0.065422
36.054605 0.063335
36.116464 0.061249
36.147829 0.065588
36.180313 0.065505
36.211455 0.069928
36.242602 0.06684
36.273663 0.061166
36.315079 0.055074
36.378154 0.048065
36.439855 0.037801
36.521941 0.034964
36.57346 0.034964
36.604645 0.031042
36.738929 0.034964
36.760018 0.0373
36.872568 0.035548
36.92415 0.034964
37.046996 0.03755
37.079296 0.0373
37.171519 0.04239
37.202676 0.038301
37.284759 0.045144
37.34652 0.040555
37.429821 0.045812
37.481395 0.04239
37.522748 0.038301
37.604848 0.045144
37.656342 0.040555
37.739624 0.045812
37.770779 0.04456
37.822381 0.038802
37.884194 0.03947
37.915354 0.043725
37.947828 0.04239
37.989133 0.045228
38.020303 0.045061
38.05151 0.043559
38.082658 0.046646
38.115089 0.047981
38.146385 0.048649
38.177723 0.046563
38.208985 0.045228
38.280958 0.041139
38.33391 0.033879
38.405934 0.027954
38.508515 0.023615
38.63136 0.024366
38.68302 0.027954
38.715556 0.027954
38.80784 0.027537
38.930759 0.028955
39.023024 0.030624
39.125541 0.032126
39.239555 0.032377
39.321693 0.032877
39.363207 0.032877
39.465702 0.034964
39.558031 0.0373
39.631264 0.032877
39.662327 0.032877
39.785106 0.041139
39.816216 0.043725
39.867748 0.040555
39.981607 0.034129
40.074084 0.043725
40.105354 0.041139
40.136669 0.043725
40.188377 0.040555
40.282012 0.046646
40.313229 0.051236
40.385509 0.043308
40.478173 0.048065
40.509602 0.048816
40.603619 0.046646
40.635112 0.046646
40.68706 0.0494
40.728783 0.047314
40.790959 0.050151
40.843973 0.053238
40.895698 0.050902
40.947176 0.055909
40.988641 0.057578
41.019925 0.057578
41.062679 0.05933
41.114323 0.058495
41.16593 0.063169
41.207329 0.059413
41.26909 0.065255
41.301569 0.057578
41.343021 0.057661
41.404833 0.05933
41.436061 0.060248
41.467307 0.063169
41.520237 0.061249
41.561769 0.067758
41.603233 0.069928
41.654841 0.066757
41.696288 0.071179
41.769515 0.072264
41.810909 0.074601
41.862463 0.065588
41.903883 0.07435
41.935177 0.072181
41.967669 0.069928
42.019282 0.067842
42.060694 0.069928
42.09198 0.072264
42.123436 0.074601
42.166249 0.074601
42.207696 0.074017
42.249134 0.070929
42.280354 0.0741
42.311666 0.07627
42.344167 0.07869
42.385669 0.07627
42.416958 0.0741
42.468608 0.0741
42.499943 0.07869
42.532527 0.074017
42.563706 0.070929
42.605111 0.074017
42.646576 0.07627
42.677851 0.07869
42.710404 0.068175
42.761991 0.067842
42.80343 0.069928
42.834721 0.076186
42.866001 0.076353
42.89852 0.076687
42.929724 0.077271
42.960947 0.078189
42.992149 0.076687
43.023378 0.077021
43.066114 0.080859
43.097437 0.080525
43.12878 0.06392
43.200855 0.061249
43.26269 0.050902
43.32572 0.044476
43.408006 0.046646
43.428993 0.045144
43.511116 0.046646
43.562747 0.044393
43.646112 0.046646
43.707864 0.043725
43.749436 0.045144
43.811362 0.045812
43.863075 0.044393
43.956652 0.046646
43.998072 0.050902
44.0395 0.0494
44.080923 0.050401
44.163054 0.045228
44.297289 0.054323
44.328552 0.050902
44.35986 0.0494
44.401313 0.051236
44.463116 0.051987
44.515935 0.053906
44.608342 0.054407
44.670089 0.055909
44.701278 0.054407
44.763033 0.055992
44.815835 0.055992
44.857355 0.063169
44.909026 0.059247
44.940343 0.054407
44.991988 0.055909
45.034703 0.054407
45.076102 0.055992
45.137818 0.057578
45.169061 0.063169
45.210599 0.063502
45.253296 0.063669
45.304914 0.063669
45.336189 0.067675
45.387847 0.065588
45.439552 0.067675
45.472121 0.067675
45.513618 0.061249
45.555125 0.065922
45.596566 0.065922
45.648197 0.065839
45.68071 0.065839
45.722163 0.067842
45.763636 0.072181
45.794787 0.074601
45.826065 0.072264
45.868674 0.078773
45.899891 0.0741
45.93111 0.074183
45.962347 0.0741
45.993582 0.0741
46.026039 0.07627
46.077643 0.076353
46.10887 0.078773
46.140129 0.081276
46.171333 0.07627
46.20383 0.07627
46.235069 0.0741
46.276436 0.076353
46.317885 0.07869
46.349235 0.085699
46.381776 0.080609
46.412984 0.083029
46.454444 0.083112
46.49587 0.080525
46.527075 0.083029
46.559559 0.078189
46.590755 0.080609
46.621933 0.083029
46.653179 0.08136
46.684432 0.082278
46.727125 0.082361
46.758367 0.079941
46.860778 0.089037
46.891971 0.08645
46.923232 0.08912
46.955759 0.091791
46.986984 0.089037
47.018257 0.08645
47.049475 0.08645
47.080761 0.07193
47.17422 0.083947
47.215659 0.077688
47.246918 0.07894
47.278137 0.076937
47.319599 0.077688
47.352215 0.076937
47.383582 0.077772
47.414846 0.083529
47.446149 0.099301
47.47746 0.093209
47.510007 0.087952
47.541303 0.085449
47.562455 0.084948
47.593673 0.083112
47.624881 0.085866
47.657399 0.083947
47.688697 0.086784
47.71995 0.088536
47.751211 0.094711
47.78241 0.090622
47.814823 0.093376
47.846052 0.095963
47.877296 0.090706
47.908605 0.093376
47.939882 0.093209
47.972367 0.093209
48.003669 0.093293
48.034926 0.09588
48.066279 0.093376
48.097579 0.093293
48.140498 0.091373
48.171823 0.094795
48.20312 0.096046
48.234407 0.094377
48.286088 0.093376
48.328812 0.094878
48.360194 0.09588
48.39151 0.09396
48.422826 0.093293
48.454209 0.100553
48.486728 0.099968
48.518019 0.102889
48.549369 0.097215
48.580691 0.105977
48.612061 0.099968
48.644689 0.102889
48.676012 0.10606
48.707266 0.102806
48.738615 0.105977
48.769922 0.10606
48.80251 0.099968
48.833795 0.095963
48.865051 0.102972
48.896297 0.103139
48.927626 0.099968
48.960096 0.102889
48.991361 0.10606
49.022622 0.102806
49.053929 0.105977
49.08521 0.10606
49.11767 0.10606
49.14894 0.10606
49.180132 0.098884
49.211419 0.103974
49.242711 0.103974
49.275245 0.103974
49.30651 0.101053
49.327619 0.101137
49.35888 0.104057
49.390168 0.107061
49.422784 0.106978
49.454021 0.10581
49.48534 0.106978
49.537019 0.103974
49.568248 0.099968
49.600757 0.095212
49.632049 0.096046
49.663295 0.095212
49.694525 0.100135
49.725742 0.100803
49.758205 0.097715
49.789472 0.094628
49.820804 0.097298
49.852103 0.100803
49.883505 0.100803
49.915991 0.097966
49.947277 0.100636
49.99898 0.08887
50.030134 0.085699
50.081674 0.068259
50.144746 0.06175
50.196488 0.056827
50.258271 0.058662
50.29974 0.058662
50.341252 0.058662
50.394253 0.058662
50.445952 0.060582
50.497645 0.058662
50.559634 0.055825
50.590922 0.055992
50.643828 0.055992
50.695495 0.057578
50.736889 0.057578
50.788539 0.057661
50.830012 0.05933
50.8829 0.059413
50.924332 0.055992
50.955661 0.055992
50.997195 0.057578
51.038636 0.057578
51.09175 0.057661
51.13337 0.05933
51.195237 0.059413
51.226522 0.063586
51.268024 0.065588
51.320877 0.06175
51.372583 0.067758
51.403867 0.065588
51.455487 0.067758
51.496933 0.069928
51.52941 0.065839
51.570867 0.069928
51.602219 0.065839
51.653742 0.065839
51.68501 0.072264
51.717542 0.069928
51.759041 0.074601
51.790255 0.072264
51.821533 0.072181
51.873231 0.069928
51.90596 0.065839
51.967963 0.072181
51.999377 0.069928
52.030791 0.072264
52.062204 0.074601
52.094744 0.072264
52.126129 0.0741
52.167784 0.074017
52.21964 0.0741
52.240846 0.081276
52.273395 0.074017
52.325208 0.07627
52.356623 0.07869
52.388027 0.076353
52.42972 0.0741
52.462336 0.0741
52.493726 0.074017
52.525087 0.0741
52.556411 0.081276
54.922877 0.04965
55.016725 0.046646
55.068421 0.052404
55.099826 0.049316
55.151636 0.052404
55.203421 0.047981
55.276872 0.054156
55.308229 0.055992
55.370194 0.052404
55.41182 0.053489
55.494195 0.055158
55.537107 0.051987
55.599088 0.055074
55.630464 0.056827
55.682308 0.056827
55.734163 0.049316
55.81777 0.054407
55.849153 0.054407
55.890748 0.061249
55.922117 0.05933
55.963734 0.061166
56.006736 0.061249
56.058591 0.061249
56.120634 0.054407
56.162289 0.054407
56.19373 0.061249
56.226337 0.05933
56.278242 0.067758
56.319886 0.070011
56.361534 0.072181
56.423476 0.072181
56.466139 0.072181
56.507671 0.072181
56.538943 0.072264
56.570214 0.065588
56.62195 0.072097
56.65442 0.065922
56.705949 0.072181
56.737175 0.074601
56.768409 0.069928
56.830174 0.069928
56.862692 0.067758
56.904131 0.074601
56.935373 0.0741
56.966732 0.07193
57.008223 0.074183
57.040824 0.07627
57.072041 0.072097
57.113439 0.07869
57.144656 0.07869
57.17593 0.07627
57.228869 0.074017
57.260162 0.07193
57.301547 0.076353
57.332776 0.07627
57.374217 0.072097
57.416922 0.07869
57.448237 0.07869
57.48965 0.078773
57.520895 0.074017
57.562342 0.078773
57.594937 0.075936
57.656724 0.081193
57.687996 0.083029
57.719226 0.080609
57.750494 0.083279
57.772701 0.085783
57.803982 0.08862
57.835231 0.088703
57.866542 0.083196
57.897897 0.077939
57.960937 0.085699
57.992226 0.087451
58.023446 0.084865
58.054695 0.083112
58.106311 0.085699
58.13903 0.080525
58.180511 0.083947
58.211771 0.083947
58.243014 0.087451
58.284425 0.086367
58.316915 0.085532
58.348275 0.091791
58.379605 0.087535
58.410804 0.090205
58.442102 0.089037
58.484838 0.087952
58.536459 0.087952
58.567728 0.09613
58.598923 0.090539
58.630136 0.088953
58.66277 0.090539
58.694035 0.085532
58.725286 0.087785
58.756531 0.088036
58.787778 0.096213
58.820342 0.088036
58.851582 0.093293
58.882852 0.093293
58.914137 0.093209
58.945393 0.093293
58.977941 0.09346
59.009291 0.090622
59.040581 0.085532
59.071908 0.087785
59.103262 0.092041
59.135854 0.094795
59.167165 0.097465
59.198478 0.097548
59.229809 0.097465
59.261185 0.097548
59.293729 0.097715
59.325093 0.097548
59.356519 0.100553
59.387847 0.097632
59.419117 0.09905
59.451766 0.097465
59.483028 0.100553
59.51423 0.097548
59.545413 0.096213
59.576568 0.092542
59.609034 0.091791
59.640256 0.088536
59.671451 0.088202
59.702599 0.089621
59.733837 0.0867
59.766221 0.084781
59.79743 0.089371
59.828569 0.084781
59.859764 0.090372
59.890926 0.090372
59.923454 0.079941
59.954589 0.081193
60.006154 0.074267
60.057748 0.066089
60.089 0.055909
60.162282 0.054156
60.21384 0.052487
60.306073 0.047898
60.357665 0.054156
60.388895 0.054073
60.421338 0.051319
60.462825 0.051236
60.514365 0.046563
60.576149 0.052487
60.62776 0.04965
60.680563 0.050818
60.721994 0.054156
60.773602 0.055909
60.814996 0.051069
60.927578 0.056827
60.960017 0.052404
60.991216 0.050818
61.0224 0.054407
61.084182 0.05933
61.115485 0.057578
61.158203 0.055992
61.209772 0.061249
61.251154 0.061166
61.292616 0.063252
61.334079 0.054407
61.38693 0.06175
61.44874 0.06175
61.490146 0.065588
61.531605 0.063586
61.583231 0.065588
61.61568 0.063586
61.667213 0.067758
61.698396 0.057661
61.739824 0.065922
61.771069 0.065839
61.803576 0.069928
61.844921 0.067758
61.896498 0.067842
61.948055 0.067842
61.979254 0.072181
62.011766 0.069928
62.063306 0.067842
62.094523 0.065839
62.146111 0.065839
62.187588 0.069928
62.219998 0.067842
62.271693 0.069928
62.302911 0.072014
62.33411 0.07193
62.365368 0.0741
62.407971 0.07193
62.449308 0.0741
62.480549 0.0741
62.521978 0.072014
62.563442 0.07627
62.606117 0.068008
62.637287 0.07193
62.668525 0.0741
62.699789 0.07193
62.741313 0.07869
62.783993 0.0741
62.825497 0.072014
62.866988 0.07627
62.908432 0.076687
62.93972 0.083112
62.961988 0.082278
62.993245 0.075602
63.034664 0.075602
63.065823 0.079941
63.097049 0.082361
63.129562 0.084781
63.160922 0.082361
63.202333 0.084781
63.233489 0.082278
63.2647 0.082361
63.297157 0.082278
63.328404 0.075602
63.359622 0.075602
63.390769 0.079941
63.42198 0.082612
63.454497 0.082361
63.506172 0.084781
63.53744 0.082278
63.568691 0.082361
63.600004 0.084865
63.632428 0.084865
63.663573 0.087451
63.694859 0.087451
63.726102 0.08862
63.75738 0.08645
63.800169 0.090289
63.831388 0.084781
63.862562 0.090289
63.89373 0.087952
63.924947 0.087952
63.957309 0.088036
63.98853 0.093293
64.019825 0.088036
64.051074 0.087869
64.072057 0.087952
64.104485 0.090539
64.135722 0.085783
64.197527 0.089204
64.228761 0.087952
64.259971 0.090622
64.292433 0.088036
64.333827 0.087869
64.375226 0.087952
64.406494 0.093293
64.437702 0.081026
64.490539 0.08428
64.552302 0.078606
64.583612 0.078606
64.614983 0.078606
64.646365 0.07652
64.678834 0.079691
64.710175 0.083196
64.741491 0.079774
64.772764 0.087535
64.814353 0.08912
64.84698 0.086367
64.878344 0.077772
64.919914 0.070011
64.981759 0.062167
65.043613 0.059998
65.106636 0.060582
65.137926 0.048065
65.189428 0.051236
65.22064 0.051319
65.282357 0.051236
65.345378 0.045228
65.447809 0.048899
65.479084 0.051236
65.510214 0.04965
65.541479 0.04965
65.594312 0.051236
65.645832 0.043058
65.738178 0.053322
65.769371 0.052487
65.810787 0.052487
65.853377 0.052404
65.915072 0.054156
65.956397 0.046813
66.038533 0.054156
66.06973 0.052487
66.112288 0.057578
66.153607 0.055909
66.205077 0.05933
66.246421 0.057578
66.297987 0.065255
66.33036 0.063169
66.371719 0.061249
66.433372 0.057578
66.464529 0.055909
66.495718 0.05933
66.558592 0.057578
66.589708 0.065255
66.630984 0.063169
66.672382 0.065588
66.734125 0.070011
66.766488 0.072264
66.797552 0.072181
66.849132 0.074684
66.890472 0.074601
66.931874 0.061333
67.035606 0.066673
67.066655 0.06392
67.09767 0.058329
67.138947 0.058662
67.170011 0.059998
67.202266 0.065839
67.23338 0.068843
67.264394 0.062167
67.346415 0.067758
67.377548 0.060498
67.4303 0.052988
67.471626 0.052404
67.513024 0.045228
67.584853 0.041139
67.68727 0.026452
67.750245 0.027036
67.781394 0.023281
67.812443 0.027036
67.843637 0.026452
67.884932 0.028789
67.927513 0.028789
67.979011 0.031626
68.0406 0.0247
68.163335 0.015521
68.347254 0.018608
68.379639 0.015938
68.512705 0.018024
68.67639 0.019943
68.809334 0.018024
68.972772 0.016605
69.178184 0.021862
69.2908 0.016772
69.484831 0.023281
69.526291 0.022614
69.669482 0.031542
69.793468 0.025117
69.916211 0.026452
70.008474 0.026202
70.110868 0.030207
70.162341 0.028705
70.26596 0.030207
70.378556 0.034964
70.430043 0.030207
70.512126 0.03196
70.614567 0.030207
70.677619 0.035881
70.769881 0.035881
70.821452 0.036799
70.893414 0.037801
70.985721 0.038886
71.038553 0.035881
71.110494 0.035881
71.182448 0.036799
71.223946 0.037801
71.316267 0.038886
71.368993 0.03997
71.440829 0.038886
71.492343 0.041139
71.564259 0.04239
71.626018 0.03997
71.719519 0.043058
71.750664 0.045394
71.812275 0.041973
71.894329 0.046646
71.925586 0.046646
71.988446 0.047981
72.039942 0.043058
72.091354 0.045394
72.142951 0.045478
72.235196 0.050485
72.288052 0.050485
72.339574 0.051987
72.391146 0.047898
72.473268 0.049149
72.514688 0.049316
72.557194 0.046646
72.629017 0.046646
72.670321 0.047981
72.721749 0.044226
72.783519 0.045311
72.846456 0.050818
72.88775 0.0494
72.928985 0.050818
72.990711 0.050818
73.05237 0.051486
73.105029 0.052905
73.156625 0.054407
73.20815 0.051987
73.280056 0.055074
73.321477 0.055074
73.38443 0.056743
73.425753 0.055241
73.466957 0.056743
73.508315 0.058245
73.559891 0.055992
73.602428 0.05933
73.653951 0.057578
73.725874 0.052905
73.75691 0.054407
73.808454 0.055909
73.840878 0.054407
73.892347 0.05933
73.933666 0.057578
73.995373 0.057661
74.036721 0.06392
74.079119 0.062167
74.099999 0.062167
74.161692 0.062167
74.202981 0.062167
74.254469 0.060498
74.30714 0.065839
74.338268 0.061917
74.369546 0.062167
74.44185 0.062167
74.483548 0.062167
74.516065 0.064337
74.588293 0.064337
74.62996 0.067925
74.681695 0.06392
74.723076 0.064587
74.765727 0.065171
74.807209 0.066006
74.8487 0.066089
74.879961 0.066506
74.911191 0.075268
74.943568 0.07627
74.974731 0.07193
75.005874 0.07193
75.03702 0.064587
75.068182 0.06901
75.120976 0.069928
75.152049 0.07385
75.223909 0.070011
75.265321 0.06901
75.306769 0.072014
75.339195 0.073933
75.370398 0.075936
75.401492 0.07385
75.432655 0.080525
75.463794 0.078189
75.496251 0.069928
75.527534 0.077688
75.558653 0.073683
75.589879 0.073432
75.621061 0.079274
75.653422 0.079941
75.694901 0.080358
75.726016 0.077772
75.757161 0.082361
75.788293 0.078856
75.830894 0.084781
75.862069 0.08111
75.893274 0.077688
75.924448 0.084865
75.955596 0.082278
75.998108 0.079941
76.049723 0.082361
76.070664 0.083196
76.101837 0.083196
76.132978 0.082778
76.165418 0.0867
76.196551 0.089204
76.227721 0.085449
76.258844 0.091874
76.289989 0.090539
76.332724 0.087952
76.363956 0.090539
76.395129 0.083196
76.426295 0.083696
76.45753 0.08912
76.490028 0.090456
76.521102 0.089204
76.55223 0.083196
76.583415 0.083196
76.614479 0.084364
76.646827 0.084364
76.708582 0.090539
76.739861 0.083196
76.771178 0.087869
76.802451 0.090456
76.834873 0.088036
76.866022 0.080776
76.917605 0.083196
76.9488 0.084364
76.980048 0.083196
77.012447 0.085532
77.043689 0.090539
77.074823 0.083363
77.105999 0.087869
77.137215 0.090456
77.169672 0.088036
77.20085 0.082111
77.232141 0.090456
77.263316 0.093293
77.294621 0.091958
77.327075 0.100553
77.358252 0.085532
77.409826 0.0862
77.440902 0.093376
77.472017 0.090789
77.504297 0.090789
77.535486 0.093293
77.566631 0.095963
77.59781 0.088369
77.649436 0.095462
77.681953 0.089371
77.71308 0.097215
77.744233 0.09396
77.785571 0.097799
77.826938 0.097465
77.859295 0.097131
77.890372 0.099968
77.921443 0.099885
77.952688 0.09346
77.983872 0.09588
78.016296 0.09613
78.047574 0.097131
78.078692 0.100052
78.109846 0.099968
78.1412 0.097131
78.173723 0.099885
78.205018 0.100052
78.23622 0.099968
78.267502 0.099885
78.298734 0.102806
78.331139 0.099885
78.362427 0.104141
78.39365 0.104057
78.445221 0.106978
78.476401 0.102806
78.508873 0.10389
78.540122 0.103974
78.571303 0.103974
78.602416 0.103974
78.633571 0.106894
78.665901 0.103974
78.696978 0.102889
78.728171 0.098299
78.759259 0.088703
78.790474 0.097715
78.822892 0.101053
78.854024 0.102472
78.885242 0.098383
78.916396 0.098383
78.947591 0.103974
78.979922 0.10389
79.011072 0.098383
79.04216 0.104892
79.063097 0.096631
79.094245 0.097048
79.126621 0.100302
79.157714 0.102388
79.188814 0.102472
79.220005 0.100886
79.251255 0.100219
79.283699 0.103974
79.314834 0.10389
79.346086 0.102221
79.377166 0.101053
79.408371 0.097048
79.461204 0.098299
79.492387 0.095295
79.523628 0.098299
79.55484 0.095796
79.585961 0.095796
79.618334 0.101053
79.649442 0.100636
79.680555 0.107395
79.711736 0.102138
79.742829 0.097048
79.775153 0.10122
79.806268 0.097632
79.837431 0.101971
79.868694 0.098466
79.899939 0.100386
79.93243 0.102388
79.963609 0.0988
79.994713 0.106561
80.025865 0.106227
80.057079 0.103974
80.089553 0.101053
80.12067 0.098383
80.151872 0.104057
80.183067 0.10389
80.214274 0.107061
80.246698 0.103974
80.277834 0.103974
80.308902 0.106978
80.340009 0.109815
80.371239 0.111985
80.403565 0.112736
80.434583 0.108814
80.46569 0.115323
80.496819 0.111484
80.528043 0.111901
80.560501 0.115239
80.591515 0.111985
80.622563 0.111985
80.663995 0.114488
80.695116 0.107395
80.727471 0.100469
80.768759 0.106644
80.799882 0.111985
80.830886 0.108814
80.862084 0.111985
80.894406 0.108397
80.945942 0.111985
80.977048 0.116908
81.008064 0.117075
81.039266 0.106644
81.061366 0.10606
81.092525 0.110566
81.123612 0.112318
81.154837 0.11065
81.18608 0.112903
81.218688 0.103139
81.260073 0.113654
81.291143 0.111985
81.322291 0.089037
81.445003 0.095546
81.477466 0.106143
81.508757 0.108897
81.539914 0.089955
81.693095 0.090372
81.724408 0.077939
81.756853 0.082445
81.787995 0.082445
81.819129 0.086951
81.850249 0.083196
81.881355 0.086033
81.913762 0.088286
81.944861 0.070011
81.996327 0.073349
82.027451 0.082278
82.058574 0.097548
82.101164 0.0867
82.152694 0.073766
82.183786 0.062668
82.245551 0.054323
82.35808 0.05958
82.390338 0.061249
82.472368 0.058495
82.523885 0.059413
82.575463 0.056827
82.677903 0.055992
82.74091 0.051486
82.772047 0.0494
82.813364 0.051987
82.844558 0.049901
82.875746 0.050902
82.908358 0.052654
82.939556 0.052487
82.970689 0.05424
83.001824 0.058495
83.032933 0.054073
83.065351 0.055241
83.096512 0.056743
83.198949 0.051987
83.260681 0.047397
83.302108 0.034964
83.344837 0.036048
83.426831 0.032877
83.549583 0.03196
83.580834 0.0373
83.612048 0.036132
83.654618 0.033879
83.756973 0.03705
83.849262 0.038135
83.931379 0.034964
84.013528 0.038135
84.076489 0.041973
84.148418 0.033879
84.23053 0.04239
84.261706 0.038886
84.364238 0.041139
84.416897 0.041139
84.488811 0.046646
84.530076 0.04239
84.58166 0.040555
84.6841 0.041139
84.716386 0.048649
84.757591 0.0494
84.819289 0.0494
84.870692 0.0494
84.922113 0.052487
85.005363 0.052487
85.036416 0.048649
85.087788 0.052654
85.15962 0.053489
85.200845 0.053489
85.263795 0.055909
85.325423 0.055074
85.366626 0.055158
85.418092 0.048649
85.449175 0.056743
85.501849 0.055158
85.563637 0.057578
85.605061 0.059413
85.656635 0.05933
85.687843 0.05933
85.75076 0.057578
85.781787 0.054407
85.863868 0.055158
85.894881 0.057578
85.925908 0.059413
85.978499 0.065672
86.009612 0.067758
86.061012 0.065839
86.122747 0.062167
86.164084 0.070011
86.196283 0.070011
86.227331 0.069928
86.278689 0.063586
86.309698 0.072097
86.340858 0.070011
86.373169 0.06684
86.414412 0.074601
86.46577 0.070011
86.507047 0.069928
86.548322 0.069928
86.600961 0.072264
86.631952 0.074183
86.663038 0.07193
86.694075 0.070011
86.735329 0.070011
86.777844 0.076353
86.808905 0.074017
86.839945 0.0741
86.881141 0.075268
86.932561 0.076353
86.964999 0.07193
87.006248 0.07193
87.037293 0.070011
87.068289 0.070011
87.099328 0.0741
87.131684 0.074017
87.162791 0.0741
87.193907 0.075268
87.22506 0.076353
87.25616 0.075936
87.339561 0.075852
87.37069 0.074851
87.412099 0.080525
87.443166 0.078189
87.474275 0.074851
87.51687 0.070929
87.558228 0.079691
87.589375 0.076353
87.640817 0.084865
87.671968 0.079858
87.704305 0.078856
87.735431 0.084781
87.766526 0.083696
87.797627 0.070929
87.859336 0.07627
87.901703 0.077688
87.932818 0.086033
87.963893 0.082278
87.995003 0.077688
88.046395 0.080025
88.078669 0.082361
88.109753 0.08111
88.14094 0.080525
88.182263 0.080525
88.213373 0.081694
88.266041 0.08161
88.297138 0.079941
88.328267 0.079941
88.359534 0.077688
88.380476 0.080275
88.412923 0.08111
88.454319 0.084781
88.485484 0.090289
88.51666 0.093293
88.547896 0.085198
88.600759 0.083947
88.652381 0.083947
88.683537 0.08645
88.714714 0.08111
88.756173 0.085532
88.78847 0.089704
88.819789 0.091874
88.850985 0.090622
88.88216 0.089454
88.913212 0.093293
88.945693 0.090539
88.976887 0.090539
89.007924 0.090539
89.03912 0.089287
89.070276 0.085532
89.102535 0.091958
89.133584 0.094628
89.164582 0.089287
89.195683 0.0867
89.226848 0.085532
89.259269 0.093293
89.280199 0.090539
89.311252 0.092709
89.342422 0.096213
89.383923 0.090539
89.426566 0.093293
89.457608 0.090539
89.488629 0.089287
89.519695 0.096714
89.550813 0.100219
89.583061 0.100219
89.614284 0.097298
89.655503 0.101804
89.68652 0.104808
89.717568 0.0988
89.749926 0.101804
89.780973 0.100219
89.812047 0.104975
89.843089 0.095295
89.874215 0.0988
89.906404 0.09588
89.937572 0.09588
89.968579 0.096046
89.99971 0.095963
90.030782 0.096046
90.063051 0.09588
90.094049 0.093293
90.125141 0.097382
90.156178 0.0988
90.18719 0.095963
90.219506 0.0988
90.250595 0.093877
90.281581 0.093293
90.31271 0.0988
90.34394 0.095963
90.376263 0.095963
90.407277 0.093293
90.438402 0.097382
90.469544 0.0988
90.500685 0.095963
90.532994 0.0988
90.564032 0.093293
90.595109 0.093293
90.626226 0.095963
90.657282 0.091958
90.689524 0.096046
90.720532 0.09588
90.751651 0.097298
90.782641 0.095963
90.813696 0.095963
90.845979 0.09588
90.877003 0.0988
90.907992 0.093293
90.939139 0.088703
90.970377 0.086283
91.002646 0.090038
91.033796 0.089955
91.064974 0.090289
91.096109 0.093209
91.127246 0.089955
91.159736 0.089955
91.190836 0.089871
91.221935 0.091874
91.253143 0.097465
91.284423 0.094628
91.316766 0.087785
91.348055 0.080525
91.379203 0.072181
91.410332 0.065588
91.461777 0.051653
91.565325 0.0494
91.596366 0.050151
91.637798 0.052487
91.679043 0.0494
91.750873 0.050151
91.80356 0.054991
91.86528 0.055992
91.896303 0.052404
91.957988 0.0494
92.019731 0.0494
92.052026 0.050151
92.103409 0.054991
92.165005 0.052404
92.216493 0.054407
92.257714 0.056743
92.310364 0.057578
92.341406 0.057578
92.392921 0.058412
92.444331 0.061249
92.485588 0.061166
92.538227 0.054407
92.579547 0.056743
92.620872 0.05933
92.662344 0.057578
92.703618 0.058412
92.766568 0.061249
92.797648 0.067758
92.83885 0.069928
92.880048 0.070011
92.921283 0.070011
92.973938 0.069928
93.025345 0.068843
93.076811 0.072181
93.107823 0.068843
93.139164 0.071012
93.171664 0.069928
93.202929 0.06684
93.254611 0.067842
93.306101 0.069928
93.34747 0.071096
93.389981 0.069928
93.421069 0.073432
93.452106 0.075101
93.48316 0.07193
93.524474 0.070011
93.567034 0.072014
93.608235 0.075101
93.639505 0.07869
93.670607 0.07869
93.701879 0.069928
93.775084 0.073015
93.80618 0.07193
93.83732 0.070011
93.868389 0.072014
93.89949 0.075101
93.941895 0.07869
93.972936 0.07869
94.003957 0.073933
94.085888 0.083112
94.116942 0.077772
94.149174 0.079941
94.180227 0.077772
94.221505 0.080025
94.252555 0.087451
94.283614 0.082278
94.315787 0.084781
94.346851 0.090289
94.377913 0.090372
94.408937 0.082278
94.440106 0.077772
94.472555 0.079941
94.503629 0.077772
94.534662 0.080025
94.565779 0.083529
94.596803 0.082278
94.649645 0.084781
94.680792 0.08111
94.711812 0.082278
94.742873 0.083196
94.7739 0.090539
94.806151 0.087952
94.837184 0.094044
94.868319 0.096297
94.899413 0.091874
94.93053 0.090622
94.962894 0.093293
94.983738 0.089287
95.024956 0.090539
95.055946 0.083529
95.086998 0.090539
95.119263 0.087952
95.150256 0.090539
95.181246 0.092542
95.222537 0.091958
95.25361 0.100636
95.285874 0.084698
95.347472 0.100636
95.378468 0.100553
95.409444 0.097465
95.440514 0.097465
95.462482 0.090539
95.513945 0.091958
95.544996 0.094211
95.57604 0.097548
95.607088 0.084698
95.649585 0.09905
95.680641 0.099968
95.711794 0.097131
95.742854 0.105977
95.773939 0.101387
95.806204 0.105977
95.83727 0.104975
95.868254 0.100553
95.899274 0.102806
95.930334 0.095963
95.962506 0.103306
95.993483 0.095963
96.024485 0.093293
96.065781 0.098383
96.096863 0.101053
96.129228 0.102555
96.160262 0.101053
96.191296 0.101053
96.222285 0.105476
96.253297 0.110232
96.285394 0.107061
96.32672 0.098049
96.378198 0.102639
96.409308 0.101637
96.440343 0.10364
96.462536 0.102722
96.493563 0.101888
96.524587 0.101053
96.555635 0.102806
98.746258 0.123584
98.7784 0.127589
98.809434 0.127673
98.840516 0.122332
98.871628 0.123584
98.902648 0.121998
98.934867 0.121915
98.965944 0.119912
98.996941 0.131428
99.0382 0.131762
99.059043 0.125253
99.091307 0.127673
99.122374 0.127506
99.153402 0.124835
99.184428 0.127673
99.215579 0.129008
99.247954 0.133597
99.279034 0.137853
99.310089 0.130343
99.341234 0.129842
99.382472 0.130259
99.424915 0.131762
99.455991 0.131678
99.487 0.127923
99.518004 0.128006
99.549112 0.133514
99.581304 0.126087
99.612339 0.125336
99.64332 0.126087
99.674566 0.124335
99.705606 0.127923
99.737889 0.127172
99.768949 0.13293
99.799921 0.133681
99.830936 0.128006
99.861933 0.133514
99.89419 0.126254
99.925248 0.126171
99.956346 0.127756
99.987367 0.130426
100.018443 0.133681
