1.8e-05 0.013351
0.052457 0.015938
0.155792 0.018024
0.24882 0.019693
0.340873 0.026202
0.504235 0.026452
0.606557 0.02495
0.688464 0.019025
0.76114 0.021111
0.792097 0.021612
0.843698 0.023198
0.925768 0.029706
0.987299 0.030958
1.039587 0.030875
1.091259 0.036299
1.152779 0.039887
1.204408 0.041556
1.235411 0.047147
1.277508 0.04965
1.308723 0.055241
1.360178 0.059497
1.391247 0.063586
1.422308 0.065004
1.464457 0.070011
1.495679 0.071346
1.537043 0.078356
1.568236 0.082111
1.599302 0.087034
1.631254 0.095796
1.662307 0.102388
1.693267 0.098633
1.724298 0.103807
1.755384 0.112235
1.787239 0.11574
1.818304 0.129675
1.839209 0.144279
1.890538 0.161802
1.921566 0.168061
1.953423 0.179743
1.984422 0.192177
2.015448 0.205779
2.046597 0.217127
2.077618 0.224721
2.109447 0.244247
2.140684 0.259351
2.171644 0.270533
2.202643 0.288724
2.23378 0.312423
2.265615 0.337624
2.296672 0.3569
2.327684 0.370919
2.358696 0.369751
2.389669 0.374257
2.421592 0.377011
2.452599 0.389862
2.483743 0.389862
2.514789 0.373923
2.545809 0.388777
2.577714 0.400292
2.608808 0.008845
2.934886 0.015103
2.986369 0.018608
3.068428 0.017023
3.192593 0.031042
3.244063 0.026452
3.305735 0.021696
3.408046 0.021195
3.500145 0.024032
3.715313 0.027287
3.746503 0.031042
3.777628 0.029289
3.930768 0.027036
4.022947 0.030708
4.075516 0.033128
4.14741 0.026035
4.249803 0.032544
4.311458 0.038886
4.383307 0.036799
4.45616 0.036799
4.527951 0.03997
4.59983 0.0373
4.671663 0.038301
4.753632 0.036799
4.816302 0.036799
4.877881 0.03997
4.949624 0.038802
5.011339 0.038301
5.08312 0.044143
5.125385 0.043058
5.197066 0.045394
5.248427 0.045311
5.32005 0.045979
5.371508 0.046646
5.444282 0.044143
5.49562 0.043058
5.557198 0.045394
5.608683 0.045311
5.670515 0.045979
5.723215 0.046646
5.784969 0.045979
5.836354 0.048398
5.897859 0.052237
5.938965 0.050234
6.001624 0.051569
6.052972 0.051569
6.104231 0.052988
6.145387 0.055158
6.196622 0.048398
6.259106 0.050902
6.320604 0.050234
6.351681 0.051569
6.40308 0.051569
6.464581 0.052905
6.516965 0.055158
6.547981 0.054407
6.599586 0.050902
6.650952 0.058162
6.702345 0.055241
6.755109 0.059664
6.786187 0.060498
6.827471 0.060498
6.878885 0.060498
6.920173 0.060498
6.972744 0.063085
7.00389 0.058913
7.044987 0.055241
7.106585 0.059664
7.147727 0.062167
7.18986 0.063085
7.231223 0.060498
7.272428 0.060498
7.313627 0.063085
7.35492 0.067925
7.397258 0.070929
7.428304 0.070011
7.459259 0.068092
7.500506 0.070011
7.531559 0.068175
7.614746 0.072932
7.655877 0.070929
7.707246 0.067925
7.738316 0.062167
7.810284 0.068008
7.842468 0.069928
7.873596 0.06901
7.904657 0.065422
7.935636 0.070929
7.966687 0.072014
8.008795 0.06901
8.070647 0.072014
8.101758 0.062167
8.132765 0.068008
8.174193 0.071763
8.205924 0.072681
8.24708 0.069928
8.288437 0.072681
8.319435 0.074601
8.350424 0.075602
8.382363 0.076687
8.41355 0.080025
8.444511 0.083529
8.475622 0.078773
8.527034 0.07193
8.558923 0.072681
8.590167 0.071096
8.621235 0.073516
8.652188 0.070929
8.723832 0.069928
8.755801 0.069928
8.786842 0.069928
8.817782 0.069928
8.848767 0.072848
8.879812 0.072431
8.912187 0.073099
8.943393 0.07652
8.974428 0.074601
9.005406 0.074768
9.036422 0.078856
9.068459 0.068092
9.130115 0.067007
9.212031 0.063085
9.243034 0.052988
9.274079 0.041139
9.347152 0.048899
9.378532 0.050151
9.409499 0.058412
9.440532 0.058913
9.471582 0.057411
9.524013 0.064837
9.575283 0.06684
9.606209 0.069928
9.657449 0.065839
9.708911 0.065839
9.751194 0.06392
9.782233 0.058913
9.813193 0.057411
9.844146 0.065839
9.885508 0.06684
9.917422 0.072181
9.968767 0.065839
10.010053 0.065839
10.06164 0.06392
10.09274 0.06684
10.13505 0.066256
10.176189 0.067174
10.207195 0.06901
10.248368 0.067174
10.289649 0.068092
10.341981 0.068092
10.383117 0.0741
10.414189 0.07193
10.445306 0.070929
10.48661 0.066256
10.518489 0.067174
10.580225 0.06901
10.61128 0.067174
10.642332 0.068092
10.673395 0.068092
10.71555 0.073015
10.746606 0.070929
10.798167 0.0741
10.829192 0.067174
10.911344 0.074601
10.943468 0.077772
10.964338 0.078856
10.995343 0.078856
11.026632 0.081193
11.05778 0.076687
11.100169 0.073683
11.131433 0.077772
11.162638 0.073683
11.203815 0.084781
11.234783 0.082278
11.266719 0.077772
11.308039 0.078856
11.339049 0.075685
11.390491 0.08111
11.421483 0.076687
11.453472 0.073683
11.494632 0.077772
11.52569 0.073683
11.556652 0.082361
11.587619 0.085115
11.61942 0.087952
11.650395 0.086784
11.691441 0.083196
11.722416 0.087869
11.753407 0.084364
11.795404 0.084364
11.826393 0.083196
11.867514 0.087952
11.898493 0.090539
11.929518 0.088036
11.961385 0.085532
11.992386 0.077855
12.033486 0.087952
12.064496 0.082027
12.095535 0.083196
12.127447 0.084364
12.158472 0.087952
12.189457 0.083196
12.22048 0.090622
12.251496 0.089204
12.27309 0.088036
12.304054 0.085532
12.335018 0.077855
12.365968 0.095379
12.396997 0.089538
12.428855 0.090789
12.459899 0.089371
12.521333 0.095379
12.552555 0.097298
12.583831 0.094544
12.615879 0.096547
12.646892 0.094628
12.698215 0.089204
12.729503 0.088119
12.760578 0.087451
12.792553 0.082862
12.823517 0.087368
12.884951 0.090706
12.915942 0.092041
12.946953 0.092542
12.97901 0.09129
13.0101 0.092625
13.051313 0.093293
13.082319 0.093626
13.113359 0.093293
13.155466 0.088369
13.196751 0.082194
13.227764 0.070929
13.289717 0.064003
13.361372 0.059998
13.413577 0.051736
13.465117 0.062167
13.506335 0.060498
13.578123 0.055992
13.629487 0.057411
13.681782 0.058913
13.743643 0.060498
13.795141 0.06175
13.826138 0.064086
13.857268 0.060498
13.899309 0.055992
13.961097 0.057411
14.002304 0.058913
14.064163 0.069928
14.105377 0.065839
14.137354 0.067842
14.168616 0.063002
14.250541 0.068092
14.281862 0.070011
14.323191 0.069344
14.375517 0.07435
14.426875 0.072014
14.45793 0.070011
14.489046 0.074017
14.52006 0.060248
14.562156 0.067341
14.593203 0.071847
14.624173 0.07385
14.665392 0.068008
14.737046 0.076019
14.779303 0.076019
14.810342 0.071012
14.871942 0.081777
14.902982 0.078189
14.934038 0.07385
14.95596 0.075936
14.987041 0.071847
15.048679 0.072014
15.100062 0.079941
15.131121 0.077772
15.163162 0.068175
15.234993 0.072348
15.266078 0.071847
15.297085 0.077772
15.328128 0.073432
15.360152 0.077354
15.391182 0.083947
15.422242 0.083947
15.453366 0.083947
15.484429 0.08161
15.516568 0.075685
15.567964 0.076687
15.599138 0.075602
15.640266 0.075936
15.671386 0.075352
15.71356 0.081026
15.744837 0.082111
15.775793 0.085532
15.807083 0.083196
15.838248 0.073266
15.92105 0.081026
15.952204 0.0867
15.983198 0.087952
16.014333 0.07894
16.045391 0.081026
16.077355 0.081026
16.108401 0.085532
16.139431 0.083196
16.170452 0.073266
16.23203 0.081026
16.263979 0.085532
16.305217 0.085532
16.336185 0.088036
16.367201 0.090539
16.398223 0.090539
16.43015 0.090789
16.461147 0.088369
16.492372 0.083196
16.523541 0.079941
16.554562 0.079941
16.586709 0.082528
16.638131 0.087368
16.66907 0.088369
16.710253 0.088369
16.741293 0.090789
16.773401 0.088369
16.804406 0.088369
16.835658 0.090706
16.866858 0.086116
16.90809 0.08887
17.011221 0.094544
17.043245 0.092041
17.064098 0.092041
17.095228 0.090873
17.146635 0.092041
17.177698 0.092124
17.219866 0.094544
17.250967 0.094628
17.282072 0.094544
17.323295 0.098383
17.354329 0.058829
17.599979 0.087451
17.631087 0.092291
17.662182 0.099468
17.703401 0.10389
17.734636 0.099468
17.980527 0.074851
18.011806 0.060999
18.053082 0.061583
18.084172 0.066423
18.11542 0.072848
18.147275 0.077772
18.178384 0.077104
18.209456 0.078022
18.240566 0.082111
18.271745 0.085949
18.303559 0.125253
18.33485 0.122833
18.366008 0.124418
18.397067 0.120913
18.428073 0.116074
18.470232 0.1235
18.501244 0.117826
18.532212 0.118744
18.563399 0.120079
18.594589 0.120496
18.626833 0.119745
18.657845 0.126755
18.688884 0.1235
18.720037 0.125169
18.751096 0.126588
18.782934 0.126254
18.814966 0.122499
18.847084 0.130176
18.878962 0.132429
18.910136 0.132763
18.941404 0.122165
18.972393 0.129508
19.00362 0.123333
19.035724 0.130176
19.067614 0.129759
19.099384 0.123083
19.131243 0.129008
19.152047 0.121915
19.183061 0.117826
19.214142 0.121414
19.245148 0.132429
19.277293 0.12834
19.308565 0.131762
19.349718 0.114738
19.380798 0.107812
19.422168 0.100886
19.464741 0.097215
19.516338 0.085365
19.54753 0.07869
19.578754 0.067257
19.60978 0.07193
19.67239 0.078189
19.703392 0.080525
19.734506 0.083196
19.765553 0.080525
19.79671 0.077772
19.828601 0.087451
19.869871 0.078189
19.900874 0.076019
19.962582 0.075936
20.013997 0.0741
20.045992 0.076687
20.077092 0.077688
20.108122 0.077772
20.149398 0.082278
20.180422 0.079941
20.222479 0.075602
20.273778 0.080025
20.304776 0.082361
20.335784 0.082361
20.366749 0.08161
20.398707 0.075602
20.429882 0.08161
20.461034 0.081694
20.492245 0.083947
20.523275 0.087952
20.55515 0.083196
20.58627 0.090622
20.617309 0.096213
20.648297 0.096213
20.679292 0.089037
20.711254 0.092041
20.742284 0.083947
20.7733 0.089037
20.80431 0.087952
20.835413 0.08645
20.867344 0.089454
20.91886 0.089371
20.949848 0.087201
20.980925 0.087118
21.011961 0.085532
21.043853 0.085949
21.074923 0.080692
21.106018 0.083279
21.137021 0.085949
21.168192 0.080859
21.200057 0.082528
21.231084 0.082862
21.26214 0.085449
21.293195 0.091457
21.32424 0.083947
21.376351 0.071847
21.448035 0.069928
21.509643 0.057411
21.540683 0.061249
21.571724 0.050818
21.613882 0.049149
21.685583 0.060498
21.716695 0.066423
21.757944 0.064837
21.788999 0.063836
21.841197 0.071597
21.872145 0.08161
21.903398 0.077772
21.934609 0.082278
21.965586 0.087451
21.99736 0.082278
22.028419 0.075602
22.089832 0.073933
22.12107 0.08136
22.152116 0.078189
22.184083 0.08111
22.215139 0.079441
22.256326 0.085532
22.287521 0.083196
22.318557 0.087952
22.350391 0.083196
22.401847 0.083196
22.433082 0.082361
22.464146 0.081026
22.484977 0.081026
22.516946 0.081026
22.558306 0.085532
22.589316 0.083279
22.620368 0.076937
22.671764 0.083196
22.703677 0.083196
22.734808 0.090539
22.765739 0.081026
22.806905 0.081026
22.837894 0.088453
22.869726 0.088369
22.910935 0.093209
22.942112 0.090789
22.98351 0.083947
23.014807 0.090789
23.046585 0.090789
23.077702 0.090539
23.108786 0.090789
23.139874 0.086116
23.170952 0.086116
23.20311 0.090789
23.234276 0.090789
23.265336 0.093293
23.296443 0.090789
23.327544 0.090789
23.359661 0.092041
23.390707 0.093376
23.421716 0.089454
23.452996 0.085031
23.484016 0.083529
23.51616 0.081777
23.547322 0.086033
23.578351 0.088787
23.60938 0.09129
23.640625 0.092625
23.662587 0.092625
23.714197 0.092625
23.735038 0.092709
23.766163 0.090789
23.797224 0.09346
23.829121 0.094544
23.8603 0.087952
23.891259 0.082361
23.922262 0.072014
23.963565 0.06392
24.03634 0.056743
24.118589 0.049149
24.170109 0.052905
24.201272 0.060498
24.232264 0.059998
24.274391 0.057995
24.30551 0.059497
24.33648 0.060999
24.367506 0.060415
24.398508 0.062501
24.430434 0.07168
24.461483 0.084781
24.502676 0.079941
24.543884 0.077772
24.574911 0.068259
24.647621 0.074017
24.678669 0.076937
24.709771 0.0741
24.750922 0.075101
24.781869 0.077271
24.834211 0.083947
24.854994 0.083947
24.886044 0.077354
24.927196 0.077354
24.968415 0.075018
25.000278 0.07894
25.031369 0.085449
25.062408 0.083196
25.093475 0.085532
25.124466 0.078439
25.176736 0.082528
25.217954 0.077271
25.248898 0.078439
25.279999 0.083112
25.31104 0.086951
25.34291 0.07677
25.414646 0.080442
25.445652 0.084698
25.47665 0.084698
25.507755 0.075018
25.539823 0.081861
25.571101 0.087285
25.602082 0.089287
25.643276 0.090205
25.674386 0.088369
25.716418 0.083947
25.747431 0.087535
25.778384 0.090456
25.809482 0.086116
25.850965 0.086033
25.882793 0.090789
25.914054 0.090789
25.945073 0.079941
25.996551 0.0862
26.027673 0.080025
26.090206 0.067174
26.263883 0.089454
26.294928 0.089371
26.346334 0.089538
26.407828 0.068593
26.582543 0.074267
26.633959 0.078773
26.66503 0.064504
26.696367 0.063335
26.737588 0.065839
26.779725 0.063753
26.810914 0.065839
26.842021 0.067675
26.873075 0.068509
26.904246 0.068676
26.936056 0.086116
26.967196 0.092792
26.998279 0.091707
27.029316 0.098466
27.060456 0.091457
27.092288 0.098299
27.123378 0.098383
27.154612 0.09855
27.185678 0.098633
27.216876 0.100886
27.248927 0.103139
27.279954 0.102138
27.311111 0.102138
27.342247 0.093293
27.37326 0.095546
27.405303 0.098383
27.436337 0.092041
27.467369 0.092458
27.498455 0.094544
27.529579 0.093877
27.561691 0.095045
27.592821 0.098884
27.623839 0.095713
27.654846 0.099718
27.685848 0.0988
27.718115 0.099134
27.749155 0.103056
27.780092 0.10147
27.811073 0.103974
27.842126 0.09638
27.874068 0.090038
27.905117 0.081276
27.95646 0.078523
27.987598 0.074017
28.018685 0.06392
28.060786 0.058245
28.152789 0.062167
28.183858 0.07385
28.215067 0.063335
28.266515 0.060415
28.319034 0.069928
28.350033 0.06659
28.391265 0.06659
28.432459 0.068259
28.473655 0.078189
28.505511 0.077772
28.536514 0.079441
28.567548 0.07143
28.598543 0.069177
28.649926 0.079023
28.681937 0.072598
28.712983 0.071847
28.754261 0.071096
28.785283 0.077772
28.846821 0.075602
28.899434 0.071847
28.930483 0.073516
28.971669 0.080525
29.012915 0.079441
29.043942 0.080525
29.076083 0.08161
29.107187 0.081694
29.138253 0.081694
29.169517 0.079441
29.221076 0.077772
29.252873 0.085532
29.294134 0.079941
29.325147 0.079023
29.356122 0.085532
29.387189 0.085532
29.419115 0.082111
29.450206 0.082027
29.481216 0.08428
29.512235 0.08428
29.543503 0.08428
29.585541 0.082111
29.626831 0.085449
29.657878 0.07894
29.688863 0.085532
29.719869 0.083947
29.751733 0.085449
29.79307 0.089538
29.844429 0.091958
29.875414 0.091958
29.90666 0.091958
29.93852 0.089538
29.969622 0.093293
30.000593 0.086116
30.031659 0.093293
30.062686 0.088119
30.094891 0.08378
30.126194 0.090706
30.157228 0.087201
30.178333 0.092041
30.20951 0.090789
30.241354 0.090789
30.272609 0.091958
30.303694 0.088369
30.344924 0.086033
30.376152 0.092041
30.407877 0.088453
30.469404 0.094544
30.5004 0.092291
30.551754 0.099718
30.582749 0.096964
30.614506 0.099301
30.64562 0.095713
30.676641 0.093209
30.707721 0.099635
30.738801 0.099718
30.770763 0.095796
30.801717 0.098383
30.832671 0.100386
30.863813 0.092291
30.895097 0.098299
30.926875 0.093293
30.95787 0.098299
30.988829 0.098383
31.019774 0.101053
31.050837 0.101053
31.082979 0.101053
31.114008 0.098383
31.145208 0.098299
31.176215 0.098299
31.207317 0.104475
31.239372 0.100219
31.270449 0.095129
31.301569 0.100135
31.332592 0.101554
31.363664 0.101888
31.395638 0.102889
31.426673 0.102972
31.457701 0.100219
31.488702 0.100219
31.51982 0.100219
31.551916 0.091373
31.582912 0.101721
31.613932 0.108397
31.64494 0.097215
31.686191 0.089454
31.728382 0.083947
31.800021 0.078189
31.830946 0.062584
31.943238 0.054407
31.974298 0.053822
32.006209 0.068175
32.037189 0.068008
32.068137 0.071763
32.099096 0.069928
32.130079 0.077688
32.161895 0.076687
32.192908 0.082361
32.244221 0.084781
32.275214 0.087451
32.306252 0.066423
32.409578 0.06951
32.451014 0.073182
32.482126 0.077021
32.564057 0.081694
32.615451 0.082945
32.64745 0.07168
32.729336 0.077688
32.81122 0.081276
32.842268 0.073516
32.893692 0.08428
32.925649 0.081694
32.966944 0.079441
32.997951 0.080525
33.02892 0.091791
33.059929 0.085532
33.091773 0.08161
33.133143 0.082528
33.21508 0.083947
33.246158 0.08428
33.287406 0.085866
33.339636 0.089371
33.37068 0.085783
33.401648 0.083196
33.432583 0.081026
33.473696 0.083196
33.495318 0.080442
33.526315 0.088036
33.587795 0.086534
33.618773 0.090789
33.659919 0.089621
33.69173 0.090789
33.732853 0.089538
33.763795 0.090706
33.794785 0.088369
33.825728 0.090789
33.867717 0.090706
33.898732 0.083947
33.929667 0.088787
33.960651 0.086116
33.991629 0.088369
34.023415 0.090789
34.054432 0.088369
34.085373 0.088369
34.106261 0.090789
34.137269 0.090706
34.169032 0.093293
34.199998 0.086116
34.261477 0.086116
34.292483 0.083947
34.3235 0.094544
34.355406 0.095796
34.386416 0.095713
34.417323 0.095713
34.448253 0.095713
34.479158 0.097048
34.511049 0.098383
34.541991 0.093293
34.572884 0.093376
34.603833 0.090956
34.634818 0.09129
34.676883 0.095713
34.707877 0.092124
34.75917 0.095546
34.79017 0.094461
34.821123 0.098299
34.852824 0.094461
34.883791 0.090956
34.93522 0.092041
34.966264 0.090789
35.007426 0.096297
35.039475 0.092041
35.070468 0.094294
35.101414 0.092625
35.13239 0.097298
35.163391 0.096297
35.195169 0.099468
35.226196 0.094461
35.257185 0.094544
35.288279 0.097215
35.319248 0.100719
35.351276 0.101554
35.382353 0.096964
35.413505 0.084614
35.485294 0.082778
35.516394 0.074684
35.579132 0.074017
35.610198 0.063252
35.641262 0.053656
35.692775 0.053071
35.734052 0.060164
35.766252 0.057995
35.827959 0.063335
35.858929 0.059497
35.889994 0.060415
35.921019 0.062
35.953064 0.071847
35.984034 0.073933
36.015007 0.073015
36.046004 0.07385
36.077047 0.063836
36.139592 0.057911
36.18075 0.065255
36.211791 0.070595
36.242767 0.07435
36.27392 0.07193
36.336563 0.066006
36.408469 0.055241
36.480271 0.053656
36.521423 0.044643
36.552501 0.041556
36.625224 0.045561
36.656281 0.05207
36.687275 0.058579
36.748769 0.059247
36.779884 0.06659
36.83252 0.080525
36.863558 0.079441
36.894671 0.075352
36.925697 0.080525
36.987299 0.08161
37.019277 0.07168
37.070599 0.07143
37.101601 0.07652
37.13262 0.072181
37.173833 0.080525
37.205789 0.079441
37.247103 0.076019
37.288324 0.086116
37.319349 0.077939
37.381084 0.084364
37.412998 0.058078
37.597042 0.060832
37.628047 0.075268
37.659082 0.081026
37.690179 0.080025
37.763082 0.077521
37.80432 0.060749
37.916736 0.059747
37.94801 0.0615
37.979073 0.065839
38.011016 0.065672
38.04209 0.059497
38.093577 0.063252
38.124592 0.059413
38.155575 0.060582
38.187407 0.062
38.22872 0.063169
38.280115 0.06417
38.311318 0.076937
38.342316 0.081026
38.374242 0.07894
38.405292 0.07894
38.436277 0.080525
38.467348 0.087785
38.49834 0.084865
38.530319 0.0862
38.561373 0.085365
38.602591 0.082445
38.633594 0.088036
38.664599 0.087118
38.696427 0.088369
38.727458 0.086617
38.779022 0.087451
38.810186 0.087201
38.841207 0.08645
38.873078 0.090789
38.904088 0.08136
38.975816 0.090956
39.006982 0.090956
39.038015 0.088286
39.069918 0.089704
39.100978 0.087869
39.132075 0.090205
39.163179 0.081861
39.204376 0.085365
39.2362 0.07627
39.308024 0.081443
39.339086 0.090289
39.370118 0.091373
39.401172 0.097298
39.433289 0.092124
39.464511 0.094544
39.495547 0.08403
39.526696 0.083279
39.557706 0.063669
39.630772 0.070011
39.661751 0.062167
39.713097 0.058329
39.75442 0.049149
39.785466 0.060498
39.817464 0.068092
39.848667 0.068259
39.900092 0.061416
39.941322 0.063586
39.972321 0.070011
40.035111 0.071763
40.066112 0.071763
40.097168 0.080525
40.128403 0.066256
40.200187 0.071763
42.329669 0.097048
42.360798 0.090956
42.412139 0.093293
42.443157 0.098383
42.474147 0.099802
42.50601 0.10122
42.537033 0.095713
42.568099 0.098133
42.599077 0.095379
42.630076 0.099134
42.661894 0.099134
42.69309 0.094294
42.724076 0.096297
42.765239 0.098383
42.796501 0.099802
42.828416 0.099134
42.859527 0.108814
42.89054 0.100553
42.92153 0.097966
42.96294 0.096964
42.994814 0.099217
43.025918 0.101888
43.056922 0.103139
43.08798 0.103139
43.118999 0.103139
43.151006 0.097966
43.181983 0.107896
43.213015 0.108897
43.243967 0.106394
43.27497 0.102806
43.306722 0.105559
43.337976 0.102722
43.368954 0.107145
43.400012 0.075352
43.593725 0.091874
43.625797 0.102388
43.65677 0.110566
43.687687 0.110483
43.71863 0.113487
43.749598 0.107645
43.781532 0.01744
45.910102 0.017106
45.94115 0.013852
45.972204 0.013267
46.003176 0.013935
46.044381 0.018692
46.239257 0.01986
46.270441 0.021111
46.301722 0.020027
46.454941 0.016021
46.577723 0.017189
46.640269 0.009346
46.81374 0.011014
46.844818 0.018525
46.977528 0.021529
47.10019 0.018692
47.213718 0.019526
47.316313 0.020277
47.408357 0.020527
47.510851 0.021612
47.613089 0.025367
47.686146 0.02712
47.798575 0.028538
47.860239 0.030291
47.921841 0.031626
48.014006 0.034797
48.097001 0.036132
48.158656 0.035715
48.220274 0.0373
48.292124 0.038719
48.353767 0.040137
48.426733 0.041556
48.467831 0.042223
48.519452 0.040888
48.571075 0.042223
48.622582 0.046563
48.685281 0.047898
48.726616 0.049316
48.77798 0.049984
48.829414 0.046646
48.972626 0.0494
49.004574 0.043392
49.096927 0.044977
49.128015 0.04673
49.189712 0.057744
49.220962 0.061082
49.252923 0.066924
49.294203 0.060832
49.335583 0.066006
49.366554 0.05716
49.397558 0.058996
49.439722 0.057411
49.511507 0.062668
49.542522 0.069344
49.593918 0.068259
49.635342 0.073266
49.667423 0.069928
49.728934 0.076937
49.760033 0.069928
49.801225 0.075018
49.832228 0.075101
49.864141 0.083196
49.895174 0.076937
49.936421 0.07894
49.967445 0.075101
49.998486 0.07894
50.030527 0.073266
50.071704 0.072765
50.112878 0.076854
50.143963 0.076353
50.174972 0.076937
50.207146 0.079691
50.238207 0.07894
50.269315 0.079941
50.300261 0.081026
50.331376 0.080025
50.373771 0.08161
50.404722 0.080943
50.44586 0.085699
50.4769 0.088036
50.507906 0.084531
50.539985 0.085365
50.581429 0.088369
50.612638 0.087285
50.653792 0.088119
50.684828 0.089037
50.716987 0.089704
50.758396 0.080358
50.830131 0.079941
50.871429 0.084781
50.902681 0.086116
50.934823 0.088787
50.96586 0.090956
50.98672 0.086617
51.028107 0.086116
51.059386 0.086116
51.091259 0.086617
51.122348 0.089704
51.153479 0.080358
51.184547 0.086617
51.215747 0.091207
51.247815 0.096547
51.278815 0.095713
51.310045 0.095796
51.361364 0.092291
51.392313 0.094711
51.424137 0.094878
51.455154 0.096631
51.486208 0.103974
51.517228 0.090706
51.558593 0.084614
51.621226 0.092124
51.653183 0.095713
51.68436 0.088787
51.7154 0.08887
51.787184 0.097966
51.818228 0.097966
51.850348 0.098299
51.881515 0.094461
51.922778 0.095796
51.953895 0.09855
51.97477 0.100469
52.027276 0.105476
52.059239 0.095462
52.090587 0.096547
52.121631 0.103557
52.152652 0.103139
52.183663 0.102138
52.225775 0.098884
52.25768 0.101637
52.289462 0.10823
52.320587 0.104057
52.351627 0.106811
52.382609 0.104057
52.413735 0.106394
52.44553 0.106811
52.477565 0.109648
52.508575 0.109732
52.539633 0.108397
52.570607 0.106894
52.601753 0.106811
52.633629 0.10823
52.66543 0.105893
52.697276 0.107312
52.729054 0.109648
52.760897 0.110149
52.792749 0.106894
52.824563 0.109732
52.856394 0.104057
52.888297 0.106811
52.92008 0.111234
52.952006 0.108397
52.994119 0.114655
53.02593 0.114154
53.057748 0.106811
53.089755 0.10848
53.121543 0.113153
53.15366 0.102388
53.185461 0.107812
53.217381 0.108981
53.249124 0.114655
53.280892 0.12108
53.312643 0.12108
53.344404 0.118911
53.376236 0.119411
53.408033 0.12108
53.439811 0.119161
53.47187 0.121331
53.503703 0.11357
53.53545 0.112068
53.567242 0.117909
53.599014 0.112736
53.630926 0.111985
53.652518 0.116991
53.684401 0.114822
53.716344 0.114488
53.747383 0.117826
53.778549 0.121247
53.809615 0.12108
53.840735 0.124335
53.8726 0.116658
53.914081 0.12058
53.94512 0.124752
53.976374 0.121915
54.007391 0.122165
54.039239 0.120663
54.070411 0.128006
54.101472 0.126755
54.132465 0.128674
54.163542 0.122082
54.19552 0.12784
54.226732 0.125253
54.247546 0.128424
54.27848 0.130593
54.309434 0.132429
54.341382 0.131845
54.372356 0.132179
54.403302 0.132095
54.434281 0.128257
54.465259 0.132179
54.497169 0.128591
54.528164 0.128757
54.559142 0.130259
54.590193 0.128006
54.621316 0.130259
54.653309 0.122666
54.684543 0.12784
54.715559 0.130259
54.746568 0.127172
54.777548 0.128591
54.809408 0.129091
54.840403 0.129508
54.871367 0.131678
54.902365 0.13343
54.933341 0.139939
54.965316 0.137937
54.996303 0.13802
55.027293 0.138854
55.058269 0.137102
55.089278 0.14069
55.121317 0.139605
55.152297 0.132262
55.183284 0.132596
55.214293 0.134682
55.245279 0.130927
55.277495 0.132596
55.308594 0.139605
55.339709 0.147616
55.370774 0.143027
55.401901 0.13802
55.444242 0.143945
55.465212 0.139939
55.496368 0.136184
55.547819 0.145196
55.57892 0.1477
55.611332 0.139188
55.642534 0.147783
55.67372 0.139939
55.704877 0.139939
55.736086 0.136184
55.768165 0.101971
55.951863 0.124752
55.982965 0.145781
56.014 0.143444
56.045248 0.147783
56.077395 0.147032
56.108483 0.099301
56.261514 0.104975
56.292506 0.109231
56.32349 0.095045
56.355647 0.091123
56.38665 0.089204
56.417704 0.087952
56.448738 0.089037
56.480078 0.101053
56.511933 0.103974
56.543061 0.105726
56.574085 0.102806
56.605073 0.134599
56.636314 0.136351
56.678523 0.146281
56.709529 0.147366
56.750659 0.152039
56.781693 0.147533
56.812704 0.153458
56.8445 0.102806
57.018169 0.134599
57.049329 0.152122
57.080483 0.156629
57.111545 0.15546
57.143509 0.15521
57.174516 0.15546
57.205664 0.104725
57.328351 0.108563
57.359648 0.11115
57.391648 0.10147
57.422655 0.086951
57.453765 0.093376
57.48479 0.09396
57.515783 0.100219
57.547599 0.105726
57.578574 0.109732
57.6096 0.111901
57.64061 0.113153
57.671614 0.107645
57.703426 0.148534
57.734535 0.158131
57.765549 0.158381
57.796774 0.159382
57.827999 0.157713
57.859929 0.151371
57.891057 0.151371
57.9119 0.155627
57.942836 0.163304
57.973826 0.163304
58.005552 0.158047
58.036478 0.1598
58.067447 0.162887
58.098766 0.161719
58.129795 0.16756
58.161694 0.167393
58.192956 0.164973
58.223941 0.165557
58.25496 0.159382
58.286087 0.16222
58.317904 0.161468
58.348917 0.172984
58.379882 0.167477
58.410887 0.171065
58.44209 0.168228
58.474119 0.163972
58.505398 0.173652
58.536451 0.171148
58.567499 0.171065
58.598479 0.170981
58.630424 0.173068
58.661559 0.163722
58.692567 0.158464
58.723598 0.162804
58.754693 0.171065
58.786843 0.163471
58.817935 0.160133
58.869543 0.16489
58.90051 0.163805
58.931515 0.167977
58.963289 0.16272
58.99426 0.171649
59.025419 0.164556
59.056584 0.156378
59.087526 0.136268
59.139624 0.139939
59.170595 0.121831
59.20166 0.127172
59.23269 0.118076
59.263832 0.095796
59.295705 0.093543
59.326809 0.089371
59.358073 0.093293
59.389133 0.088453
59.420159 0.088787
59.452024 0.085866
59.483123 0.097548
59.514349 0.095295
59.545582 0.098133
59.576575 0.108313
59.608339 0.099802
59.639317 0.082278
59.711041 0.065422
59.793015 0.065839
59.823976 0.061166
59.856013 0.050067
59.938044 0.062584
59.969051 0.059163
60.00009 0.065422
60.03108 0.068593
60.063081 0.083196
60.094206 0.080943
60.125164 0.084614
60.156153 0.089871
60.207764 0.095713
60.239948 0.107312
60.281201 0.107896
60.312269 0.106561
60.343282 0.097882
60.374366 0.101888
60.406177 0.098466
60.437135 0.097465
60.468084 0.100553
60.499014 0.103056
60.52996 0.099802
60.561663 0.105142
60.592648 0.115239
60.623649 0.111901
60.65464 0.111901
60.68564 0.108814
60.71758 0.115323
60.748574 0.108897
60.779542 0.112068
60.810544 0.111901
60.841553 0.105643
60.873466 0.115239
60.904482 0.111734
60.935437 0.108897
60.966494 0.105893
60.997684 0.111985
61.029571 0.108814
61.0707 0.103139
61.101901 0.110399
61.132895 0.10389
61.174223 0.115239
61.206204 0.11599
61.23829 0.119912
61.270154 0.105977
61.373235 0.116658
61.414593 0.111567
61.445726 0.11357
61.47673 0.113737
61.518155 0.111901
61.550078 0.114989
61.581174 0.116074
61.612178 0.110483
61.643414 0.102388
61.684589 0.105893
61.736775 0.10823
61.768655 0.107645
61.820867 0.110149
61.852919 0.11357
61.89497 0.113737
61.926857 0.113403
61.958748 0.114154
61.990795 0.115239
62.022609 0.127923
62.054396 0.120997
62.086434 0.120997
62.118291 0.11599
62.150092 0.115656
62.202386 0.114238
62.233623 0.120997
62.264714 0.119829
62.295791 0.116407
62.326817 0.117826
62.35868 0.119829
62.390532 0.124418
62.422204 0.128006
62.454156 0.123083
62.485941 0.124418
62.517749 0.117826
62.549673 0.121665
62.580657 0.12108
62.611863 0.121247
62.642811 0.124752
62.673846 0.122666
62.705817 0.123918
62.737564 0.12108
62.769411 0.124335
62.800549 0.119996
62.831582 0.12108
62.862672 0.121998
62.893675 0.126421
62.9257 0.130176
62.956769 0.132179
62.987869 0.135934
63.01885 0.135934
63.050118 0.126755
63.102461 0.130677
63.133542 0.13293
63.164571 0.130009
63.195551 0.130009
63.226547 0.132763
63.258346 0.13585
63.289341 0.126838
63.320507 0.087285
63.524241 0.114405
63.555233 0.13585
63.587189 0.128674
63.618258 0.130677
63.649254 0.133514
63.680222 0.083947
64.077316 0.072097
64.10951 0.095295
64.151681 0.102055
64.182802 0.101554
64.213891 0.091624
64.397342 0.091207
64.428316 0.086617
64.460488 0.062668
64.491494 0.064837
64.522482 0.061166
64.553529 0.064587
64.584803 0.069677
64.616779 0.073099
64.64781 0.077688
64.678865 0.080776
64.709935 0.083363
64.740952 0.10389
64.773043 0.124335
64.804032 0.124084
64.834977 0.128173
64.865908 0.132846
64.896871 0.132596
64.928884 0.133514
64.960029 0.136685
64.980916 0.137436
65.011989 0.136435
65.043185 0.13777
65.075504 0.139939
65.106662 0.141525
65.137839 0.141441
65.169028 0.139856
65.20022 0.138521
65.232499 0.137019
65.263615 0.139188
65.294682 0.136184
65.325822 0.143444
65.357024 0.146281
65.38934 0.146532
65.420522 0.143778
65.451705 0.1477
65.482826 0.145363
65.513903 0.149536
65.545963 0.151538
65.576966 0.151622
65.607963 0.150704
65.638937 0.154626
65.669954 0.149452
65.712191 0.151455
65.743179 0.151371
65.774241 0.152373
65.805246 0.151288
65.836225 0.153458
65.868237 0.159966
65.899254 0.157213
65.930239 0.147366
65.981653 0.156795
66.012775 0.154209
66.044835 0.159883
66.075842 0.15763
66.106837 0.151205
66.137901 0.149536
66.168917 0.155627
66.200717 0.156795
66.231829 0.159049
66.262933 0.159966
66.293966 0.15738
66.324967 0.163221
66.356874 0.161302
66.387833 0.16222
66.41884 0.163304
66.449832 0.163388
66.480893 0.161051
66.502598 0.156712
66.54383 0.15521
66.574828 0.159966
66.605967 0.155544
66.647382 0.165557
66.679261 0.167226
66.710348 0.163221
66.741307 0.164973
66.772371 0.166058
66.803358 0.16756
66.835326 0.159382
66.866423 0.159215
66.897377 0.166141
66.928555 0.160634
66.959683 0.161218
66.991638 0.159633
67.02274 0.155127
67.053818 0.166893
67.08507 0.16222
67.116122 0.169146
67.147952 0.163722
67.179112 0.161468
67.210321 0.159382
67.241272 0.162887
67.272243 0.163221
67.30431 0.168979
67.335579 0.164806
67.366579 0.164306
67.397868 0.162553
67.428985 0.169897
67.460787 0.162553
67.491835 0.15788
67.522881 0.170147
67.554001 0.177323
67.585045 0.166308
67.616873 0.17023
67.648034 0.174236
67.67897 0.173819
67.720216 0.178575
67.75137 0.170397
67.783526 0.172817
67.814532 0.176489
67.845641 0.171732
67.876643 0.174736
67.907697 0.182414
67.939651 0.173985
67.970661 0.179159
68.00165 0.170147
68.033014 0.169813
68.064079 0.181329
68.096185 0.178742
68.127398 0.174987
68.158572 0.176656
68.189678 0.166392
68.220797 0.173401
68.252723 0.183999
68.283716 0.174069
68.314783 0.183999
68.345899 0.178158
68.366703 0.182163
68.398748 0.183832
68.429812 0.180244
68.460824 0.181663
68.492046 0.186669
68.523036 0.183999
68.55496 0.187587
68.585969 0.174486
68.616988 0.181162
68.648069 0.191092
68.679142 0.188004
68.711096 0.186586
68.74221 0.184166
68.773333 0.186753
68.804306 0.18934
68.835332 0.189256
68.867516 0.186502
68.898658 0.187587
68.929677 0.187504
68.960974 0.188004
68.992057 0.183999
69.023976 0.191593
69.055044 0.19201
69.086124 0.185835
69.117361 0.197517
69.14857 0.191259
69.18035 0.192511
69.211416 0.191175
69.242716 0.191426
69.273909 0.19176
69.304944 0.182414
69.336855 0.193262
69.357736 0.19443
69.388762 0.19685
69.419858 0.198185
69.450858 0.191175
69.482671 0.192177
69.513653 0.194847
69.54466 0.189256
69.575644 0.182247
69.606639 0.162053
69.638473 0.160217
69.670232 0.146114
69.70208 0.134849
69.733838 0.126755
69.765787 0.115406
69.79712 0.11115
69.828107 0.10339
69.859108 0.098466
69.890179 0.110316
69.921988 0.102055
69.953254 0.099217
69.984485 0.107228
70.015461 0.104057
70.046636 0.112485
70.078447 0.113654
70.110218 0.10339
70.161771 0.091958
70.202995 0.074851
70.244192 0.066256
70.285744 0.056493
70.358509 0.062584
70.390416 0.069928
70.42151 0.071847
70.452479 0.075435
70.483514 0.076603
70.514578 0.091207
70.54639 0.099384
70.578337 0.103974
70.620454 0.103223
70.652287 0.118744
70.683426 0.118744
70.714527 0.12108
70.745591 0.116074
70.776899 0.112235
70.808715 0.111484
70.83993 0.110065
70.87095 0.11307
70.901951 0.106811
70.933042 0.110483
70.96489 0.110399
70.995994 0.11065
71.02696 0.099968
71.058006 0.095963
71.089159 0.091958
71.110842 0.084781
71.172429 0.072014
71.203388 0.067842
71.254835 0.064003
71.285823 0.069928
71.317844 0.070011
71.349753 0.067842
71.411295 0.074267
71.442419 0.083947
71.473472 0.089454
71.504452 0.097215
71.536397 0.105726
71.568275 0.111234
71.599271 0.114154
71.630273 0.121581
71.671503 0.121498
71.702633 0.11841
71.734833 0.142109
71.766826 0.133931
71.797893 0.132262
71.828896 0.125503
71.859998 0.129926
71.891029 0.131094
71.923184 0.121998
71.995759 0.119745
72.026793 0.111567
72.057956 0.127339
72.088965 0.123751
72.120046 0.129342
72.151965 0.118494
72.183303 0.118827
72.214338 0.115406
72.245392 0.117909
72.276382 0.120413
72.308259 0.118494
72.339351 0.127923
72.370383 0.086534
72.564286 0.0867
72.595539 0.087451
72.627627 0.070011
72.69009 0.048482
72.966056 0.044059
72.997056 0.057578
73.02803 0.058913
73.069231 0.064587
73.100286 0.065088
73.13227 0.066924
73.163246 0.072097
73.194241 0.081443
73.225289 0.10581
73.276686 0.10848
73.328926 0.111985
73.36003 0.104391
73.421714 0.101721
73.473058 0.102806
73.504309 0.099802
73.536258 0.102889
73.567272 0.103056
73.598473 0.103306
73.629466 0.114154
73.660641 0.11841
73.69244 0.114238
73.724313 0.114822
73.756086 0.11115
73.788073 0.11574
73.819854 0.123083
73.851634 0.128006
73.883414 0.118494
73.914522 0.124835
73.945516 0.122749
73.976654 0.123667
74.007655 0.123584
74.039805 0.121831
74.071157 0.116074
74.102219 0.126838
74.13332 0.121998
74.174836 0.125169
74.206736 0.118911
74.237779 0.114822
74.268766 0.115907
74.299804 0.118243
74.330851 0.124251
74.362727 0.124752
74.393747 0.13051
74.424989 0.131928
74.455959 0.127422
74.486953 0.120162
74.518784 0.119912
74.550582 0.116491
74.582413 0.122332
74.614167 0.115573
74.645956 0.120747
74.677801 0.121998
74.70961 0.126671
74.740689 0.130426
74.771656 0.119328
74.802606 0.130009
74.833624 0.118243
74.895989 0.118076
74.937959 0.090372
75.030929 0.085115
75.092428 0.071847
75.143829 0.079441
75.174891 0.086951
75.205977 0.090956
75.237858 0.088453
75.268822 0.085282
75.310013 0.092041
75.341065 0.095546
75.372294 0.102138
75.404154 0.102388
75.436257 0.115489
75.468025 0.112736
75.499755 0.115907
75.531547 0.109732
75.563357 0.103807
75.595126 0.111234
75.62702 0.112736
75.658735 0.117576
75.690489 0.108063
75.722301 0.11816
75.754256 0.112986
75.785963 0.117325
75.817868 0.112402
75.870098 0.115239
75.902113 0.110065
75.933248 0.108647
75.964273 0.111567
75.995255 0.114572
76.026352 0.106644
76.068664 0.114238
76.099655 0.113987
76.130652 0.115323
76.161647 0.115406
76.19275 0.103139
76.265734 0.10097
76.317993 0.081026
76.389742 0.075602
76.441147 0.069427
76.492538 0.065839
76.523696 0.0741
76.555864 0.079357
76.58695 0.079524
76.648689 0.089788
76.679769 0.075352
76.843308 0.099968
76.875382 0.112819
76.906442 0.099968
76.957883 0.087785
77.06029 0.100052
77.091309 0.081944
77.164126 0.087869
77.195984 0.094377
77.228026 0.089704
77.259959 0.094544
77.291753 0.095546
77.323605 0.096464
77.35573 0.096881
77.387431 0.090789
77.429375 0.096464
77.471744 0.09129
77.503676 0.091958
77.535561 0.111317
77.567689 0.117242
77.599505 0.114154
77.631424 0.115823
77.663307 0.104224
77.695226 0.112986
77.727021 0.112569
77.758759 0.12108
77.789754 0.119745
77.820834 0.114738
77.862134 0.112068
77.89313 0.114822
77.92498 0.103807
77.956772 0.10097
77.988619 0.102221
78.020497 0.104892
78.05237 0.107645
78.083549 0.11332
78.114612 0.121915
78.145876 0.11599
78.177094 0.109398
78.208886 0.111484
78.239887 0.113654
78.271034 0.119078
78.302138 0.116157
78.333127 0.108897
78.365129 0.104975
78.39617 0.09588
78.427406 0.091958
78.478837 0.089037
78.509964 0.075936
78.552031 0.066256
78.634054 0.066006
78.665084 0.078189
78.69616 0.075602
78.727374 0.073683
78.769457 0.07894
78.800691 0.080358
78.83164 0.095796
78.862708 0.093376
78.89375 0.095629
78.92558 0.103139
78.956644 0.106811
78.987653 0.110399
79.0189 0.111234
79.049948 0.105977
79.092071 0.104975
79.123887 0.107729
79.154873 0.109648
79.22668 0.112819
79.257645 0.114321
79.288659 0.110483
79.320631 0.119912
79.352489 0.105226
79.41482 0.111567
79.446619 0.108814
79.477603 0.109064
79.508582 0.110483
79.539604 0.113487
79.570557 0.113487
79.602556 0.104975
79.644515 0.112318
79.676288 0.119996
79.708043 0.100302
79.739743 0.110483
79.771452 0.113821
79.803222 0.116658
79.834985 0.115406
79.866725 0.116574
79.89849 0.104141
79.940368 0.106644
79.972332 0.113904
80.004204 0.113737
80.036046 0.113487
80.067807 0.114822
80.099608 0.122749
80.131374 0.120997
80.163183 0.117909
80.19491 0.117826
80.226698 0.117826
80.258646 0.109565
80.289592 0.112569
80.320603 0.124335
80.351586 0.120997
80.382587 0.122916
80.414586 0.124752
80.446623 0.122582
80.478779 0.124418
80.50058 0.121665
80.532303 0.123417
80.564277 0.124418
80.596041 0.121915
80.628015 0.118494
80.65998 0.113737
80.691725 0.118494
80.723595 0.119245
80.754756 0.110816
80.785779 0.117409
80.816913 0.120162
80.848026 0.128173
80.879798 0.129926
80.911013 0.129425
80.942013 0.133931
80.973025 0.122332
81.024422 0.117158
81.056404 0.101137
81.087449 0.094461
81.169341 0.079941
81.220972 0.069928
81.272416 0.07869
81.304575 0.079941
81.335588 0.088369
81.366608 0.089371
81.397617 0.084698
81.428591 0.087368
81.460673 0.092041
81.491655 0.101721
81.522645 0.099468
81.553616 0.104975
81.584638 0.114572
81.616502 0.11115
81.647467 0.107896
81.678451 0.095796
81.709448 0.103056
84.857336 0.138604
84.889215 0.139272
84.930429 0.150036
84.951244 0.15738
84.982341 0.163722
85.013376 0.166893
85.045449 0.170981
85.076445 0.177407
85.107437 0.181329
85.138482 0.181913
85.169521 0.189006
85.201596 0.193178
85.232634 0.194513
85.263672 0.200438
85.294665 0.1971
85.325665 0.203442
85.357671 0.200521
85.388693 0.206196
85.41962 0.207531
85.450598 0.206029
85.481624 0.208532
85.51359 0.200355
85.54457 0.207281
85.575555 0.212121
85.606582 0.21162
85.637599 0.206613
85.669542 0.208365
85.700545 0.189173
85.731503 0.199353
85.762486 0.208199
85.793585 0.212955
85.825639 0.210285
85.856702 0.207448
85.887678 0.210034
85.918663 0.212454
85.949664 0.213205
85.981689 0.212454
86.012688 0.209867
86.043679 0.19952
86.07467 0.195014
86.105663 0.184333
86.137636 0.175404
86.169356 0.169563
86.200325 0.156462
86.231307 0.149452
86.26228 0.133347
86.293258 0.125336
86.325217 0.117325
86.356205 0.115323
86.387173 0.121247
86.418199 0.113737
86.479876 0.122582
86.511895 0.122416
86.54288 0.11866
86.584329 0.122582
86.615502 0.113737
86.666889 0.112819
86.699107 0.113737
86.730179 0.11115
86.761217 0.103557
86.792211 0.104975
86.823287 0.106394
86.855236 0.11115
86.886295 0.110149
86.91734 0.111234
86.948503 0.107896
86.979519 0.114572
87.011389 0.118076
87.04248 0.114488
87.073455 0.104892
87.10453 0.10339
87.135578 0.11115
87.167381 0.073349
87.352355 0.090539
87.383369 0.111234
87.414621 0.109481
87.445665 0.116574
87.466539 0.075602
87.692087 0.055909
87.723184 0.058579
87.764496 0.057661
87.795608 0.062417
87.82675 0.073432
87.899569 0.078439
87.930596 0.080776
87.961722 0.11115
88.033933 0.11115
88.065256 0.108814
88.097713 0.107061
88.129086 0.115239
88.160403 0.107312
88.191653 0.090956
88.23322 0.097966
88.265582 0.105643
88.296855 0.102055
88.328108 0.103139
88.359472 0.115239
88.390827 0.120496
88.423303 0.105893
88.454574 0.100469
88.495823 0.103139
88.526879 0.107312
88.558054 0.111901
88.590319 0.111901
88.621666 0.105977
88.652869 0.1109
88.694369 0.113654
88.725647 0.116991
88.758017 0.105893
88.790409 0.100302
88.842131 0.107979
88.873358 0.113904
88.904634 0.107145
88.935879 0.109314
88.968167 0.109148
88.99929 0.10389
89.030474 0.103974
89.061699 0.103139
89.093002 0.104641
89.125483 0.102221
89.156834 0.099718
89.188096 0.112318
89.219436 0.101804
89.250725 0.092625
89.283118 0.087034
89.314457 0.093376
89.34566 0.081193
89.376963 0.068676
89.428732 0.061082
89.461163 0.059998
89.533252 0.06175
89.5543 0.067675
89.58556 0.067675
89.616941 0.063586
89.690228 0.058329
89.732834 0.063586
89.764182 0.072181
89.795448 0.078189
89.826747 0.083196
89.858062 0.083279
89.890396 0.090789
89.921517 0.090706
89.952745 0.095796
89.984159 0.093293
90.025687 0.112318
90.057988 0.123
90.090381 0.122916
90.122576 0.106811
90.165035 0.103974
90.197086 0.108647
90.228191 0.11065
90.279629 0.106811
90.320857 0.106811
90.351893 0.106811
90.38408 0.107896
90.406058 0.112819
90.438385 0.11307
90.470523 0.111985
90.523135 0.119411
90.555423 0.112736
90.587462 0.112652
90.619515 0.110483
90.651584 0.110483
90.683727 0.110483
90.715929 0.116658
90.747834 0.115573
90.779689 0.110483
90.83199 0.113487
90.863795 0.117743
90.895626 0.116574
90.927375 0.116574
90.959604 0.11357
90.991621 0.116574
91.023606 0.120079
91.055489 0.127923
91.087602 0.129842
91.11953 0.122833
91.151424 0.124502
91.203935 0.124502
91.236154 0.127923
91.27856 0.124418
91.310574 0.123
91.342797 0.127589
91.375108 0.124335
91.407171 0.124502
91.439361 0.122249
91.471352 0.120997
91.503191 0.117909
91.535221 0.124335
91.56718 0.124752
91.599313 0.128006
91.631398 0.127923
91.662498 0.133681
91.693596 0.131678
91.724584 0.121164
91.755673 0.125253
91.787802 0.133264
91.818903 0.130927
91.85006 0.128257
91.881131 0.135934
91.912224 0.130927
91.944368 0.125169
91.975408 0.12834
92.006604 0.125253
92.037611 0.128591
92.068613 0.133597
92.100609 0.139939
92.132339 0.134015
92.163439 0.136017
92.194593 0.135934
92.225702 0.136017
92.256782 0.131845
92.28905 0.132262
92.320137 0.132846
92.35126 0.133347
92.382434 0.132262
92.413574 0.128674
92.44584 0.1356
92.476998 0.132095
92.508184 0.130593
92.539393 0.132596
92.570649 0.133597
92.602929 0.135934
92.634112 0.140023
92.665221 0.146031
92.696371 0.143945
92.72756 0.139939
92.769788 0.141942
92.800947 0.132846
92.842114 0.134515
92.873209 0.137269
92.904259 0.129342
92.936053 0.129675
92.956895 0.13343
92.987959 0.133013
93.019013 0.134098
93.050055 0.13802
93.082169 0.125586
93.114124 0.135433
93.145968 0.139105
93.177045 0.144028
93.208044 0.138103
93.239212 0.142109
93.260251 0.130593
93.292579 0.124001
93.33399 0.112569
93.365048 0.099968
93.467379 0.089204
93.498632 0.071847
93.530492 0.084197
93.561496 0.093293
93.592533 0.093293
93.623814 0.087451
93.654885 0.090372
93.686846 0.101137
93.718764 0.094461
93.750633 0.096881
93.781703 0.100719
93.81278 0.106644
93.853988 0.105226
93.884986 0.100719
93.91682 0.094711
93.947815 0.095546
93.978827 0.102972
94.009948 0.102388
94.040911 0.108063
94.07289 0.103056
94.114382 0.104391
94.145478 0.100553
94.176564 0.083947
94.238094 0.080609
94.270016 0.069928
94.301106 0.055992
94.382932 0.051569
94.454602 0.060498
94.485658 0.064587
94.517483 0.071763
94.548533 0.078439
94.579641 0.081026
94.630986 0.08862
94.662071 0.095796
94.694002 0.095546
94.714914 0.108814
94.745885 0.122416
94.776965 0.115239
94.80809 0.108897
94.839868 0.101053
94.870947 0.109148
94.901924 0.107562
94.932952 0.111901
94.963992 0.112485
94.995893 0.116574
95.026932 0.116658
95.058223 0.116574
95.089293 0.116658
95.120592 0.119912
95.152421 0.119912
95.184243 0.123417
95.216125 0.119996
95.24797 0.118243
95.279808 0.110483
95.311553 0.113487
95.343361 0.113487
95.375278 0.110483
95.407051 0.114989
95.439061 0.116658
95.470921 0.116658
95.502761 0.119745
95.534711 0.119912
95.566746 0.116658
95.598583 0.117993
95.630376 0.119245
95.662271 0.120329
95.694119 0.117993
95.726072 0.115656
95.757869 0.121581
95.789715 0.127506
95.841791 0.123834
95.883714 0.120496
95.915389 0.123918
95.947202 0.123417
95.979116 0.124335
96.011132 0.122666
96.04285 0.129759
96.074705 0.128006
96.106421 0.12834
96.138131 0.126421
96.169809 0.124919
96.211875 0.131845
96.243992 0.130093
96.275893 0.12834
96.306878 0.130093
96.33799 0.124835
96.369105 0.130093
96.40014 0.128257
96.432144 0.135767
96.463202 0.128257
96.49426 0.129091
96.525461 0.124919
96.55658 0.129342
96.588564 0.135934
96.620449 0.132179
96.682103 0.132262
96.713145 0.134015
96.744206 0.132179
96.775348 0.132262
96.807433 0.132429
96.838444 0.131928
96.869482 0.132346
96.900815 0.136101
96.931869 0.134098
96.963797 0.128591
96.994982 0.124418
97.026171 0.130343
97.04699 0.121998
97.098369 0.135433
97.130232 0.136184
97.181611 0.132596
97.212707 0.134098
97.243948 0.132346
97.274972 0.132596
97.296914 0.133097
97.328006 0.139272
97.359066 0.137937
97.390064 0.128591
97.421139 0.124418
97.453118 0.131428
97.485009 0.127089
97.516072 0.129425
97.547245 0.134098
97.578352 0.136518
97.599148 0.138604
97.631073 0.135684
97.662117 0.1235
97.703359 0.118827
97.734486 0.101053
97.76545 0.094127
97.807818 0.087952
97.839555 0.078439
97.891943 0.069928
97.944171 0.079941
97.976227 0.092124
98.007208 0.089704
98.038403 0.097966
98.06947 0.100469
98.100486 0.105977
98.132338 0.105893
98.184495 0.106811
98.216205 0.115907
98.247958 0.123
98.279023 0.11599
98.310046 0.104975
98.341161 0.109064
98.372191 0.111401
98.40395 0.109314
98.43499 0.111067
98.466257 0.105893
98.507747 0.109732
98.538825 0.106811
98.570638 0.119912
98.6026 0.116574
98.634373 0.113403
98.66614 0.113403
98.698045 0.114071
98.729855 0.11599
98.761561 0.116658
98.793342 0.119578
98.825163 0.122916
98.856871 0.124001
98.888671 0.121665
98.910346 0.116658
98.942267 0.114989
98.974079 0.113403
99.006011 0.113403
99.037747 0.116324
99.069566 0.116658
99.111776 0.114154
99.143538 0.119829
99.175317 0.123751
99.207368 0.124335
99.239203 0.117325
99.271085 0.120496
99.302881 0.114154
99.334699 0.117242
99.366762 0.106561
99.398605 0.121164
99.430379 0.12108
99.462263 0.119662
99.494038 0.125586
99.525053 0.124835
99.556238 0.121498
99.58726 0.124835
99.618442 0.12834
99.650333 0.123751
99.681407 0.128257
99.712473 0.128257
99.743596 0.126588
99.774637 0.123
99.806685 0.12834
99.837658 0.124835
99.868859 0.124669
99.899863 0.124835
99.930896 0.123167
99.972897 0.123667
100.004043 0.128257
