1.8e-05 851.139
0.052457 810.297
0.155792 786.408
0.24882 763.894
0.340873 735.185
0.504235 714.356
0.606557 687.597
0.688464 660.057
0.76114 637.835
0.792097 616.116
0.843698 598.086
0.925768 580.168
0.987299 561.684
1.039587 543.948
1.091259 528.431
1.152779 514.424
1.204408 499.957
1.235411 471.377
1.277508 455.606
1.308723 448.049
1.360178 440.126
1.391247 431.673
1.422308 425.704
1.464457 420.633
1.495679 417.947
1.537043 406.346
1.568236 400.969
1.599302 389.475
1.631254 384.376
1.662307 375.055
1.693267 371.665
1.724298 365.43
1.755384 362.698
1.787239 359.303
1.818304 357.976
1.839209 356.662
1.890538 347.68
1.921566 345.493
1.953423 341.765
1.984422 337.254
2.015448 335.813
2.046597 333.875
2.077618 334.28
2.109447 332.998
2.140684 331.69
2.171644 330.125
2.202643 329.902
2.23378 330.088
2.265615 323.6
2.296672 326.291
2.327684 318.091
2.358696 330.453
2.389669 330.13
2.421592 325.397
2.452599 326.896
2.483743 319.043
2.514789 319.168
2.545809 321.004
2.577714 323.437
2.608808 322.392
2.934886 328.344
2.986369 343.547
3.068428 366.624
3.192593 359.54
3.244063 354.613
3.305735 352.793
3.408046 347.443
3.500145 362.147
3.715313 368.113
3.746503 367.08
3.777628 374.948
3.930768 367.442
4.022947 365.28
4.075516 367.128
4.14741 360.621
4.249803 362.4
4.311458 362.086
4.383307 364.32
4.45616 366.277
4.527951 364.223
4.59983 363.727
4.671663 363.894
4.753632 363.403
4.816302 361.742
4.877881 360.274
4.949624 357.722
5.011339 354.27
5.08312 357.493
5.125385 361.547
5.197066 362.597
5.248427 363.544
5.32005 363.717
5.371508 363.239
5.444282 363.473
5.49562 363.051
5.557198 362.661
5.608683 361.074
5.670515 359.088
5.723215 356.736
5.784969 355.272
5.836354 361.476
5.897859 363.153
5.938965 366.523
6.001624 368.203
6.052972 369.673
6.104231 369.689
6.145387 367.834
6.196622 366.848
6.259106 369.12
6.320604 366.084
6.351681 364.066
6.40308 364.792
6.464581 365.44
6.516965 364.132
6.547981 361.125
6.599586 357.263
6.650952 360.124
6.702345 365.765
6.755109 366.94
6.786187 366.09
6.827471 364.702
6.878885 365.362
6.920173 365.929
6.972744 364.521
7.00389 362.686
7.044987 362.323
7.106585 363.271
7.147727 362.844
7.18986 361.867
7.231223 361.004
7.272428 359.019
7.313627 357.905
7.35492 356.915
7.397258 356.66
7.428304 354.592
7.459259 354.618
7.500506 352.186
7.531559 354.239
7.614746 353.094
7.655877 353.324
7.707246 351.053
7.738316 357.825
7.810284 359.36
7.842468 359.454
7.873596 360.141
7.904657 354.533
7.935636 354.591
7.966687 354.0
8.008795 355.374
8.070647 354.672
8.101758 349.682
8.132765 349.69
8.174193 354.604
8.205924 358.413
8.24708 362.807
8.288437 365.04
8.319435 366.086
8.350424 366.57
8.382363 360.129
8.41355 358.259
8.444511 355.373
8.475622 355.346
8.527034 352.204
8.558923 351.304
8.590167 348.005
8.621235 345.737
8.652188 349.39
8.723832 354.248
8.755801 357.956
8.786842 360.767
8.817782 362.939
8.848767 356.456
8.879812 356.688
8.912187 361.451
8.943393 364.665
8.974428 364.962
9.005406 368.661
9.036422 358.249
9.068459 354.726
9.130115 354.752
9.212031 353.563
9.243034 351.879
9.274079 352.9
9.347152 348.156
9.378532 344.023
9.409499 342.907
9.440532 347.559
9.471582 352.84
9.524013 354.993
9.575283 352.48
9.606209 347.167
9.657449 346.281
9.708911 345.511
9.751194 346.071
9.782233 342.811
9.813193 338.714
9.844146 334.497
9.885508 331.447
9.917422 328.761
9.968767 325.169
10.010053 323.271
10.06164 321.617
10.09274 323.288
10.13505 330.374
10.176189 335.954
10.207195 339.596
10.248368 344.011
10.289649 347.26
10.341981 350.083
10.383117 348.801
10.414189 348.968
10.445306 349.705
10.48661 348.477
10.518489 351.8
10.580225 351.563
10.61128 350.128
10.642332 346.992
10.673395 344.896
10.71555 339.476
10.746606 336.443
10.798167 332.531
10.829192 332.214
10.911344 333.167
10.943468 336.518
10.964338 338.822
10.995343 340.844
11.026632 341.329
11.05778 344.284
11.100169 348.742
11.131433 350.139
11.162638 353.866
11.203815 349.642
11.234783 348.467
11.266719 348.679
11.308039 349.455
11.339049 352.008
11.390491 351.13
11.421483 349.12
11.453472 351.102
11.494632 349.704
11.52569 349.751
11.556652 348.516
11.587619 347.109
11.61942 344.928
11.650395 345.57
11.691441 341.757
11.722416 342.815
11.753407 345.558
11.795404 341.73
11.826393 345.264
11.867514 344.586
11.898493 344.014
11.929518 344.739
11.961385 346.635
11.992386 352.713
12.033486 352.388
12.064496 355.227
12.095535 357.073
12.127447 353.702
12.158472 353.239
12.189457 349.712
12.22048 347.239
12.251496 346.955
12.27309 345.453
12.304054 345.419
12.335018 340.979
12.365968 342.087
12.396997 341.826
12.428855 339.095
12.459899 345.458
12.521333 346.938
12.552555 346.728
12.583831 347.781
12.615879 346.431
12.646892 347.509
12.698215 347.209
12.729503 349.475
12.760578 352.103
12.792553 358.638
12.823517 359.221
12.884951 360.466
12.915942 360.999
12.946953 358.414
12.97901 359.11
13.0101 356.961
13.051313 353.605
13.082319 353.333
13.113359 356.66
13.155466 359.59
13.196751 353.908
13.227764 350.913
13.289717 350.823
13.361372 350.701
13.413577 348.996
13.465117 350.357
13.506335 354.029
13.578123 359.763
13.629487 363.558
13.681782 365.61
13.743643 367.416
13.795141 363.963
13.826138 358.348
13.857268 353.562
13.899309 350.641
13.961097 346.804
14.002304 343.436
14.064163 340.502
14.105377 336.685
14.137354 332.762
14.168616 340.495
14.250541 344.188
14.281862 346.153
14.323191 344.215
14.375517 341.193
14.426875 339.828
14.45793 336.102
14.489046 336.605
14.52006 333.28
14.562156 334.14
14.593203 337.359
14.624173 338.944
14.665392 342.85
14.737046 351.241
14.779303 351.054
14.810342 356.432
14.871942 352.499
14.902982 349.662
14.934038 347.221
14.95596 343.826
14.987041 339.581
15.048679 337.143
15.100062 338.759
15.131121 341.41
15.163162 343.729
15.234993 349.258
15.266078 351.848
15.297085 354.487
15.328128 357.435
15.360152 356.915
15.391182 356.045
15.422242 355.287
15.453366 353.372
15.484429 351.69
15.516568 350.22
15.567964 351.446
15.599138 356.262
15.640266 359.236
15.671386 363.098
15.71356 369.503
15.744837 370.726
15.775793 369.387
15.807083 369.467
15.838248 375.781
15.92105 376.318
15.952204 368.74
15.983198 365.164
16.014333 361.994
16.045391 359.232
16.077355 359.33
16.108401 360.661
16.139431 356.838
16.170452 351.002
16.23203 344.625
16.263979 344.073
16.305217 346.053
16.336185 346.527
16.367201 345.728
16.398223 345.019
16.43015 348.14
16.461147 352.126
16.492372 354.371
16.523541 358.995
16.554562 362.862
16.586709 368.586
16.638131 370.88
16.66907 372.019
16.710253 373.022
16.741293 372.631
16.773401 373.545
16.804406 371.309
16.835658 369.901
16.866858 367.438
16.90809 368.026
17.011221 369.496
17.043245 368.313
17.064098 366.016
17.095228 366.659
17.146635 364.577
17.177698 366.066
17.219866 366.112
17.250967 366.578
17.282072 359.504
17.323295 358.342
17.354329 408.744
17.599979 403.216
17.631087 390.821
17.662182 389.466
17.703401 384.518
17.734636 383.952
17.980527 378.653
18.011806 377.313
18.053082 374.361
18.084172 365.638
18.11542 362.214
18.147275 361.714
18.178384 363.324
18.209456 365.518
18.240566 366.466
18.271745 365.579
18.303559 362.389
18.33485 360.494
18.366008 359.709
18.397067 361.21
18.428073 364.106
18.470232 364.375
18.501244 367.338
18.532212 365.415
18.563399 364.535
18.594589 365.944
18.626833 364.891
18.657845 365.516
18.688884 364.272
18.720037 366.7
18.751096 366.473
18.782934 360.891
18.814966 355.758
18.847084 353.797
18.878962 352.452
18.910136 350.894
18.941404 343.875
18.972393 345.324
19.00362 339.402
19.035724 342.4
19.067614 347.55
19.099384 351.457
19.131243 353.632
19.152047 352.591
19.183061 353.301
19.214142 361.353
19.245148 361.175
19.277293 364.478
19.308565 363.176
19.349718 360.299
19.380798 357.793
19.422168 355.577
19.464741 356.115
19.516338 351.599
19.54753 347.63
19.578754 341.688
19.60978 343.964
19.67239 347.241
19.703392 345.085
19.734506 341.913
19.765553 340.444
19.79671 336.654
19.828601 334.577
19.869871 335.253
19.900874 337.072
19.962582 337.431
20.013997 337.744
20.045992 344.194
20.077092 346.186
20.108122 347.892
20.149398 346.904
20.180422 347.305
20.222479 350.156
20.273778 346.427
20.304776 343.128
20.335784 340.229
20.366749 341.065
20.398707 339.682
20.429882 343.486
20.461034 341.805
20.492245 342.843
20.523275 348.744
20.55515 342.661
20.58627 342.299
20.617309 338.277
20.648297 335.997
20.679292 333.972
20.711254 335.946
20.742284 337.703
20.7733 339.21
20.80431 340.578
20.835413 336.756
20.867344 339.648
20.91886 342.209
20.949848 342.792
20.980925 343.257
21.011961 345.354
21.043853 346.456
21.074923 353.795
21.106018 355.798
21.137021 354.456
21.168192 357.635
21.200057 361.663
21.231084 349.733
21.26214 348.492
21.293195 343.521
21.32424 344.324
21.376351 343.779
21.448035 345.813
21.509643 343.814
21.540683 340.837
21.571724 335.711
21.613882 333.755
21.685583 336.637
21.716695 342.405
21.757944 346.906
21.788999 352.776
21.841197 356.136
21.872145 358.486
21.903398 358.674
21.934609 362.589
21.965586 366.014
21.99736 364.018
22.028419 368.521
22.089832 369.967
22.12107 367.486
22.152116 364.047
22.184083 363.499
22.215139 364.291
22.256326 362.5
22.287521 363.429
22.318557 361.765
22.350391 362.78
22.401847 358.675
22.433082 356.324
22.464146 359.285
22.484977 361.857
22.516946 364.115
22.558306 363.587
22.589316 361.909
22.620368 366.674
22.671764 367.097
22.703677 367.463
22.734808 361.978
22.765739 357.967
22.806905 353.223
22.837894 352.817
22.869726 352.474
22.910935 353.443
22.942112 355.517
22.98351 353.573
23.014807 354.378
23.046585 355.053
23.077702 351.927
23.108786 354.182
23.139874 356.995
23.170952 360.488
23.20311 360.865
23.234276 361.077
23.265336 360.951
23.296443 362.09
23.327544 363.069
23.359661 360.933
23.390707 358.329
23.421716 358.531
23.452996 356.554
23.484016 350.323
23.51616 343.241
23.547322 343.017
23.578351 343.891
23.60938 346.935
23.640625 346.526
23.662587 349.69
23.714197 349.791
23.735038 354.491
23.766163 356.432
23.797224 360.55
23.829121 361.741
23.8603 360.711
23.891259 356.892
23.922262 353.525
23.963565 350.589
24.03634 351.782
24.118589 352.796
24.170109 351.164
24.201272 352.255
24.232264 359.45
24.274391 363.732
24.30551 366.711
24.33648 368.599
24.367506 372.068
24.398508 374.447
24.430434 374.59
24.461483 375.267
24.502676 374.614
24.543884 372.809
24.574911 381.189
24.647621 382.315
24.678669 379.535
24.709771 375.863
24.750922 371.359
24.781869 372.453
24.834211 369.641
24.854994 364.692
24.886044 366.581
24.927196 360.76
24.968415 355.646
25.000278 352.424
25.031369 353.332
25.062408 355.4
25.093475 355.955
25.124466 362.931
25.176736 366.32
25.217954 367.952
25.248898 368.961
25.279999 369.401
25.31104 369.356
25.34291 376.231
25.414646 375.608
25.445652 376.157
25.47665 376.63
25.507755 372.034
25.539823 371.763
25.571101 367.729
25.602082 366.768
25.643276 365.946
25.674386 367.694
25.716418 362.986
25.747431 361.37
25.778384 361.204
25.809482 364.813
25.850965 367.987
25.882793 368.245
25.914054 368.463
25.945073 374.905
25.996551 376.91
26.027673 382.03
26.090206 412.812
26.263883 410.434
26.294928 395.65
26.346334 386.162
26.407828 370.632
26.582543 371.798
26.633959 372.013
26.66503 371.706
26.696367 373.801
26.737588 373.319
26.779725 372.791
26.810914 372.299
26.842021 371.852
26.873075 372.095
26.904246 373.546
26.936056 374.801
26.967196 368.846
26.998279 367.35
27.029316 366.436
27.060456 361.851
27.092288 362.885
27.123378 361.874
27.154612 361.007
27.185678 360.265
27.216876 361.233
27.248927 363.059
27.279954 362.66
27.311111 362.333
27.342247 364.779
27.37326 365.963
27.405303 366.03
27.436337 367.661
27.467369 367.97
27.498455 370.058
27.529579 371.412
27.561691 371.804
27.592821 371.71
27.623839 364.958
27.654846 359.659
27.685848 354.197
27.718115 349.508
27.749155 349.581
27.780092 349.655
27.811073 349.693
27.842126 348.481
27.874068 346.158
27.905117 346.633
27.95646 343.283
27.987598 340.365
28.018685 339.067
28.060786 337.929
28.152789 336.941
28.183858 339.839
28.215067 348.77
28.266515 362.842
28.319034 373.088
28.350033 379.209
28.391265 380.472
28.432459 382.114
28.473655 376.853
28.505511 374.734
28.536514 374.139
28.567548 368.025
28.598543 362.666
28.649926 359.826
28.681937 354.229
28.712983 349.949
28.754261 344.971
28.785283 349.344
28.846821 356.914
28.899434 362.292
28.930483 365.126
28.971669 368.134
29.012915 367.036
29.043942 366.763
29.076083 365.923
29.107187 365.165
29.138253 359.54
29.169517 354.597
29.221076 350.283
29.252873 351.494
29.294134 348.826
29.325147 346.481
29.356122 348.171
29.387189 349.647
29.419115 352.811
29.450206 355.597
29.481216 356.801
29.512235 357.838
29.543503 358.754
29.585541 360.783
29.626831 360.698
29.657878 364.352
29.688863 363.808
29.719869 365.973
29.751733 366.504
29.79307 366.305
29.844429 364.244
29.875414 362.454
29.90666 359.63
29.93852 357.168
29.969622 355.005
30.000593 353.131
30.031659 351.507
30.062686 350.719
30.094891 348.133
30.126194 349.627
30.157228 353.396
30.178333 352.358
30.20951 354.32
30.241354 355.968
30.272609 357.125
30.303694 360.008
30.344924 363.787
30.376152 364.069
30.407877 366.042
30.469404 366.02
30.5004 369.117
30.551754 366.401
30.582749 367.499
30.614506 365.013
30.64562 361.24
30.676641 357.323
30.707721 355.765
30.738801 355.668
30.770763 353.073
30.801717 350.187
30.832671 350.798
30.863813 348.193
30.895097 350.919
30.926875 355.761
30.95787 356.731
30.988829 357.644
31.019774 357.944
31.050837 358.212
31.082979 358.441
31.114008 359.868
31.145208 361.137
31.176215 362.245
31.207317 363.837
31.239372 363.301
31.270449 357.877
31.301569 360.762
31.332592 361.856
31.363664 361.427
31.395638 360.801
31.426673 358.416
31.457701 356.482
31.488702 349.093
31.51982 348.857
31.551916 351.49
31.582912 352.772
31.613932 353.372
31.64494 354.169
31.686191 351.147
31.728382 352.247
31.800021 350.102
31.830946 351.313
31.943238 350.511
31.974298 346.699
32.006209 344.607
32.037189 346.692
32.068137 351.001
32.099096 356.392
32.130079 356.857
32.161895 357.873
32.192908 351.902
32.244221 349.177
32.275214 344.286
32.306252 362.703
32.409578 365.313
32.451014 363.02
32.482126 367.294
32.564057 366.365
32.615451 363.466
32.64745 353.325
32.729336 359.161
32.81122 362.802
32.842268 368.717
32.893692 368.276
32.925649 366.665
32.966944 369.6
32.997951 369.012
33.02892 372.883
33.059929 371.252
33.091773 364.834
33.133143 370.555
33.21508 373.274
33.246158 372.225
33.287406 372.541
33.339636 370.985
33.37068 371.497
33.401648 371.3
33.432583 372.392
33.473696 372.099
33.495318 357.55
33.526315 360.128
33.587795 360.281
33.618773 361.476
33.659919 360.021
33.69173 361.241
33.732853 362.33
33.763795 363.299
33.794785 362.887
33.825728 363.771
33.867717 364.56
33.898732 366.82
33.929667 365.973
33.960651 368.985
33.991629 369.388
34.023415 369.466
34.054432 370.791
34.085373 371.951
34.106261 371.08
34.137269 370.935
34.169032 369.531
34.199998 372.092
34.261477 374.305
34.292483 377.499
34.3235 377.491
34.355406 377.782
34.386416 378.066
34.417323 377.058
34.448253 374.921
34.479158 374.926
34.511049 374.301
34.541991 375.016
34.572884 368.145
34.603833 362.128
34.634818 360.625
34.676883 363.055
34.707877 369.898
34.75917 371.076
34.79017 372.802
34.821123 372.461
34.852824 374.032
34.883791 377.275
34.93522 375.866
34.966264 378.155
35.007426 368.482
35.039475 361.437
35.070468 359.152
35.101414 359.271
35.13239 363.677
35.163391 362.885
35.195169 364.099
35.226196 362.954
35.257185 362.516
35.288279 358.058
35.319248 360.03
35.351276 357.626
35.382353 357.11
35.413505 360.648
35.485294 358.69
35.516394 360.701
35.579132 361.265
35.610198 359.883
35.641262 356.758
35.692775 351.523
35.734052 348.83
35.766252 356.458
35.827959 362.112
35.858929 368.864
35.889994 375.04
35.921019 379.585
35.953064 378.317
35.984034 371.66
36.015007 368.338
36.046004 367.315
36.077047 376.168
36.139592 383.491
36.18075 377.3
36.211791 373.236
36.242767 370.334
36.27392 370.912
36.336563 369.513
36.408469 367.074
36.480271 363.08
36.521423 360.195
36.552501 361.432
36.625224 357.514
36.656281 355.318
36.687275 363.389
36.748769 371.22
36.779884 375.702
36.83252 374.336
36.863558 373.797
36.894671 375.375
36.925697 374.072
36.987299 372.315
37.019277 367.937
37.070599 364.429
37.101601 363.857
37.13262 360.865
37.173833 360.765
37.205789 360.017
37.247103 361.245
37.288324 356.702
37.319349 361.471
37.381084 361.902
37.412998 382.908
37.597042 430.061
37.628047 425.064
37.659082 414.498
37.690179 410.847
37.763082 411.366
37.80432 399.951
37.916736 389.95
37.94801 383.716
37.979073 383.244
38.011016 383.521
38.04209 385.358
38.093577 384.951
38.124592 386.286
38.155575 386.691
38.187407 387.551
38.22872 390.045
38.280115 388.968
38.311318 388.524
38.342316 386.374
38.374242 386.54
38.405292 383.185
38.436277 377.744
38.467348 377.958
38.49834 375.724
38.530319 373.761
38.561373 373.292
38.602591 370.398
38.633594 370.355
38.664599 370.304
38.696427 371.501
38.727458 372.565
38.779022 370.985
38.810186 372.065
38.841207 371.941
38.873078 370.516
38.904088 378.393
38.975816 378.554
39.006982 378.672
39.038015 380.038
39.069918 379.991
39.100978 379.943
39.132075 377.639
39.163179 380.392
39.204376 382.65
39.2362 389.847
39.308024 388.224
39.339086 381.622
39.370118 370.755
39.401172 368.163
39.433289 367.133
39.464511 370.001
39.495547 368.726
39.526696 361.378
39.557706 356.201
39.630772 351.681
39.661751 351.488
39.713097 352.552
39.75442 347.23
39.785466 345.084
39.817464 346.945
39.848667 352.393
39.900092 357.299
39.941322 360.558
39.972321 365.477
40.035111 368.232
40.066112 370.94
40.097168 369.575
40.128403 370.883
40.200187 373.275
42.329669 359.659
42.360798 362.928
42.412139 364.773
42.443157 365.404
42.474147 365.295
42.50601 362.435
42.537033 358.373
42.568099 356.065
42.599077 350.93
42.630076 348.957
42.661894 345.605
42.69309 341.154
42.724076 339.756
42.765239 337.294
42.796501 337.043
42.828416 336.475
42.859527 339.41
42.89054 343.029
42.92153 347.807
42.96294 351.141
42.994814 353.248
43.025918 357.905
43.056922 358.07
43.08798 358.726
43.118999 361.099
43.151006 363.742
43.181983 362.448
43.213015 359.641
43.243967 355.943
43.27497 351.444
43.306722 346.399
43.337976 343.102
43.368954 342.674
43.400012 364.837
43.593725 402.405
43.625797 400.309
43.65677 391.524
43.687687 387.766
43.71863 383.959
43.749598 383.876
43.781532 625.901
45.910102 1446.515
45.94115 1741.37
45.972204 1883.032
46.003176 2199.011
46.044381 1965.375
46.239257 1762.182
46.270441 1590.657
46.301722 1457.248
46.454941 1348.481
46.577723 1260.803
46.640269 1178.638
46.81374 1110.487
46.844818 1054.47
46.977528 993.82
47.10019 938.509
47.213718 888.686
47.316313 841.861
47.408357 800.665
47.510851 765.019
47.613089 731.701
47.686146 704.921
47.798575 678.207
47.860239 652.129
47.921841 630.896
48.014006 613.775
48.097001 597.734
48.158656 578.193
48.220274 561.455
48.292124 546.252
48.353767 535.147
48.426733 522.939
48.467831 511.266
48.519452 500.075
48.571075 489.475
48.622582 480.871
48.685281 472.959
48.726616 465.823
48.77798 459.555
48.829414 465.323
48.972626 465.46
49.004574 474.578
49.096927 480.466
49.128015 487.804
49.189712 461.967
49.220962 448.919
49.252923 445.012
49.294203 435.631
49.335583 428.692
49.366554 412.603
49.397558 399.77
49.439722 389.782
49.511507 384.814
49.542522 383.311
49.593918 382.349
49.635342 382.776
49.667423 387.784
49.728934 388.329
49.760033 391.32
49.801225 390.298
49.832228 389.668
49.864141 387.209
49.895174 388.801
49.936421 385.2
49.967445 385.959
49.998486 385.993
50.030527 386.675
50.071704 385.834
50.112878 385.278
50.143963 386.772
50.174972 387.612
50.207146 386.559
50.238207 386.347
50.269315 385.68
50.300261 384.619
50.331376 384.449
50.373771 383.214
50.404722 381.941
50.44586 377.712
50.4769 378.018
50.507906 375.783
50.539985 375.046
50.581429 375.653
50.612638 376.226
50.653792 374.222
50.684828 372.446
50.716987 376.878
50.758396 384.205
50.830131 388.691
50.871429 388.339
50.902681 387.956
50.934823 386.313
50.96586 384.826
50.98672 385.986
51.028107 385.742
51.059386 385.448
51.091259 385.18
51.122348 383.298
51.153479 377.851
51.184547 370.598
51.215747 368.025
51.247815 367.03
51.278815 365.424
51.310045 367.24
51.361364 365.089
51.392313 363.174
51.424137 364.024
51.455154 364.161
51.486208 362.371
51.517228 363.347
51.558593 368.846
51.621226 371.104
51.653183 371.138
51.68436 373.834
51.7154 383.276
51.787184 380.51
51.818228 380.911
51.850348 379.156
51.881515 381.657
51.922778 383.041
51.953895 374.243
51.97477 376.224
52.027276 375.446
52.059239 364.362
52.090587 360.064
52.121631 360.045
52.152652 361.975
52.183663 362.978
52.225775 360.686
52.25768 361.228
52.289462 362.332
52.320587 364.566
52.351627 364.325
52.382609 363.777
52.413735 364.363
52.44553 365.998
52.477565 364.938
52.508575 364.603
52.539633 363.068
52.570607 361.433
52.601753 362.6
52.633629 364.141
52.66543 362.343
52.697276 362.114
52.729054 366.795
52.760897 364.68
52.792749 361.603
52.824563 362.649
52.856394 366.065
52.888297 367.806
52.92008 368.967
52.952006 369.924
52.994119 368.746
53.02593 367.994
53.057748 369.26
53.089755 369.794
53.121543 369.7
53.15366 372.765
53.185461 369.717
53.217381 359.022
53.249124 357.899
53.280892 358.906
53.312643 359.251
53.344404 359.331
53.376236 362.037
53.408033 362.362
53.439811 361.835
53.47187 361.616
53.503703 358.91
53.53545 355.302
53.567242 358.371
53.599014 361.637
53.630926 362.277
53.652518 362.173
53.684401 362.825
53.716344 362.753
53.747383 360.984
53.778549 357.787
53.809615 360.873
53.840735 363.26
53.8726 371.459
53.914081 370.882
53.94512 370.783
53.976374 369.361
54.007391 370.641
54.039239 368.551
54.070411 366.206
54.101472 366.463
54.132465 366.893
54.163542 368.756
54.19552 367.357
54.226732 367.1
54.247546 364.95
54.27848 361.365
54.309434 358.704
54.341382 356.333
54.372356 356.327
54.403302 357.242
54.434281 357.539
54.465259 357.522
54.497169 357.483
54.528164 356.318
54.559142 355.518
54.590193 352.335
54.621316 353.946
54.653309 356.501
54.684543 355.868
54.715559 355.082
54.746568 355.512
54.777548 356.176
54.809408 355.411
54.840403 354.487
54.871367 359.301
54.902365 360.846
54.933341 359.285
54.965316 359.356
54.996303 354.838
55.027293 353.593
55.058269 355.108
55.089278 353.69
55.121317 353.218
55.152297 353.641
55.183284 354.009
55.214293 354.831
55.245279 358.578
55.277495 362.546
55.308594 362.765
55.339709 359.09
55.370774 356.791
55.401901 357.398
55.444242 356.485
55.465212 356.919
55.496368 365.262
55.547819 362.107
55.57892 361.102
55.611332 351.786
55.642534 352.219
55.67372 353.203
55.704877 353.444
55.736086 355.011
55.768165 406.939
55.951863 407.623
55.982965 396.502
56.014 387.4
56.045248 379.133
56.077395 370.877
56.108483 363.281
56.261514 355.607
56.292506 356.131
56.32349 356.318
56.355647 356.214
56.38665 354.601
56.417704 353.336
56.448738 357.076
56.480078 354.522
56.511933 353.566
56.543061 352.795
56.574085 354.679
56.605073 354.762
56.636314 358.044
56.678523 358.579
56.709529 360.379
56.750659 358.906
56.781693 359.332
56.812704 359.43
56.8445 418.918
57.018169 401.543
57.049329 386.825
57.080483 382.204
57.111545 379.102
57.143509 372.122
57.174516 369.332
57.205664 361.912
57.328351 356.655
57.359648 357.054
57.391648 359.914
57.422655 359.645
57.453765 355.09
57.48479 352.27
57.515783 351.244
57.547599 350.039
57.578574 349.85
57.6096 350.058
57.64061 350.406
57.671614 354.675
57.703426 358.514
57.734535 357.289
57.765549 357.182
57.796774 356.304
57.827999 354.367
57.859929 354.623
57.891057 353.268
57.9119 351.426
57.942836 351.072
57.973826 351.396
58.005552 347.967
58.036478 346.956
58.067447 349.494
58.098766 349.011
58.129795 347.674
58.161694 347.581
58.192956 346.656
58.223941 345.113
58.25496 345.572
58.286087 345.954
58.317904 342.56
58.348917 342.211
58.379882 344.472
58.410887 345.397
58.44209 347.073
58.474119 350.39
58.505398 349.759
58.536451 349.785
58.567499 351.756
58.598479 351.854
58.630424 350.745
58.661559 349.921
58.692567 351.741
58.723598 344.366
58.754693 343.837
58.786843 353.495
58.817935 355.631
58.869543 349.988
58.90051 344.443
58.931515 345.131
58.963289 353.274
58.99426 351.482
59.025419 351.276
59.056584 347.387
59.087526 343.353
59.139624 344.189
59.170595 341.806
59.20166 341.557
59.23269 338.846
59.263832 334.624
59.295705 327.575
59.326809 325.053
59.358073 329.423
59.389133 331.918
59.420159 340.872
59.452024 350.472
59.483123 341.532
59.514349 336.485
59.545582 336.189
59.576575 332.916
59.608339 331.942
59.639317 334.191
59.711041 337.402
59.793015 337.701
59.823976 336.723
59.856013 337.743
59.938044 336.14
59.969051 338.462
60.00009 342.626
60.03108 351.142
60.063081 351.529
60.094206 354.232
60.125164 355.197
60.156153 363.855
60.207764 363.83
60.239948 355.751
60.281201 355.046
60.312269 354.436
60.343282 351.374
60.374366 349.326
60.406177 350.548
60.437135 348.624
60.468084 348.816
60.499014 351.588
60.52996 350.12
60.561663 350.224
60.592648 346.435
60.623649 346.896
60.65464 346.348
60.68564 348.051
60.71758 347.026
60.748574 346.159
60.779542 346.899
60.810544 344.767
60.841553 344.175
60.873466 342.412
60.904482 344.196
60.935437 346.167
60.966494 349.155
60.997684 349.338
61.029571 350.674
61.0707 353.884
61.101901 351.693
61.132895 354.104
61.174223 355.553
61.206204 354.376
61.23829 353.809
61.270154 370.205
61.373235 371.441
61.414593 366.267
61.445726 366.708
61.47673 367.218
61.518155 365.088
61.550078 364.78
61.581174 363.959
61.612178 365.228
61.643414 354.615
61.684589 356.544
61.736775 359.273
61.768655 362.76
61.820867 356.844
61.852919 358.462
61.89497 359.885
61.926857 360.926
61.958748 361.012
61.990795 361.574
62.022609 360.128
62.054396 359.799
62.086434 358.564
62.118291 356.151
62.150092 359.158
62.202386 360.324
62.233623 361.514
62.264714 362.088
62.295791 362.861
62.326817 363.154
62.35868 356.842
62.390532 357.226
62.422204 355.07
62.454156 352.616
62.485941 353.527
62.517749 350.58
62.549673 350.635
62.580657 349.306
62.611863 345.854
62.642811 346.353
62.673846 346.815
62.705817 345.968
62.737564 349.961
62.769411 351.209
62.800549 353.773
62.831582 355.031
62.862672 355.909
62.893675 356.445
62.9257 352.324
62.956769 353.296
62.987869 351.289
63.01885 349.861
63.050118 354.879
63.102461 353.989
63.133542 353.481
63.164571 351.787
63.195551 353.586
63.226547 350.108
63.258346 350.124
63.289341 352.21
63.320507 396.007
63.524241 404.461
63.555233 398.902
63.587189 395.261
63.618258 392.456
63.649254 387.765
63.680222 452.408
64.077316 430.519
64.10951 421.874
64.151681 415.551
64.182802 408.28
64.213891 397.24
64.397342 383.94
64.428316 381.977
64.460488 380.732
64.491494 380.428
64.522482 376.289
64.553529 375.296
64.584803 372.854
64.616779 370.3
64.64781 368.206
64.678865 367.539
64.709935 365.378
64.740952 364.36
64.773043 363.018
64.804032 359.086
64.834977 357.101
64.865908 356.073
64.896871 357.553
64.928884 357.735
64.960029 357.357
64.980916 356.943
65.011989 357.777
65.043185 356.898
65.075504 356.317
65.106662 357.029
65.137839 356.877
65.169028 356.24
65.20022 354.008
65.232499 352.81
65.263615 352.11
65.294682 352.594
65.325822 351.793
65.357024 351.562
65.38934 349.931
65.420522 351.216
65.451705 352.314
65.482826 353.978
65.513903 354.082
65.545963 352.579
65.576966 351.491
65.607963 353.511
65.638937 351.2
65.669954 352.334
65.712191 351.899
65.743179 352.816
65.774241 349.273
65.805246 348.117
65.836225 350.767
65.868237 350.581
65.899254 350.264
65.930239 353.623
65.981653 351.565
66.012775 349.234
66.044835 349.213
66.075842 346.928
66.106837 347.392
66.137901 349.027
66.168917 345.505
66.200717 343.565
66.231829 342.718
66.262933 343.634
66.293966 338.18
66.324967 339.849
66.356874 342.163
66.387833 343.794
66.41884 345.022
66.449832 346.413
66.480893 349.471
66.502598 354.976
66.54383 355.945
66.574828 354.875
66.605967 358.241
66.647382 356.268
66.679261 355.475
66.710348 356.052
66.741307 354.798
66.772371 353.483
66.803358 351.221
66.835326 347.162
66.866423 342.524
66.897377 346.47
66.928555 343.384
66.959683 341.683
66.991638 346.1
67.02274 349.083
67.053818 353.362
67.08507 352.854
67.116122 350.596
67.147952 351.377
67.179112 353.778
67.210321 355.44
67.241272 350.889
67.272243 350.763
67.30431 347.693
67.335579 349.281
67.366579 349.988
67.397868 354.593
67.428985 355.768
67.460787 355.268
67.491835 360.376
67.522881 356.896
67.554001 354.188
67.585045 352.421
67.616873 354.681
67.648034 350.382
67.67897 352.636
67.720216 351.665
67.75137 350.201
67.783526 350.821
67.814532 350.861
67.845641 345.189
67.876643 345.976
67.907697 343.905
67.939651 343.406
67.970661 344.441
68.00165 347.116
68.033014 343.745
68.064079 345.245
68.096185 346.361
68.127398 349.365
68.158572 349.819
68.189678 351.559
68.220797 346.922
68.252723 346.277
68.283716 349.035
68.314783 349.147
68.345899 347.152
68.366703 346.439
68.398748 345.65
68.429812 341.825
68.460824 340.294
68.492046 341.541
68.523036 343.846
68.55496 342.135
68.585969 344.023
68.616988 342.577
68.648069 344.066
68.679142 342.013
68.711096 343.488
68.74221 346.852
68.773333 347.939
68.804306 349.321
68.835332 346.466
68.867516 348.178
68.898658 348.758
68.929677 348.917
68.960974 348.384
68.992057 352.879
69.023976 349.455
69.055044 350.799
69.086124 343.211
69.117361 342.809
69.14857 342.659
69.18035 343.066
69.211416 337.628
69.242716 338.446
69.273909 335.598
69.304944 338.365
69.336855 334.604
69.357736 336.066
69.388762 337.049
69.419858 337.622
69.450858 337.682
69.482671 337.388
69.513653 334.925
69.54466 333.143
69.575644 332.124
69.606639 332.471
69.638473 329.52
69.670232 325.995
69.70208 324.592
69.733838 319.626
69.765787 318.435
69.79712 318.373
69.828107 319.906
69.859108 318.246
69.890179 328.39
69.921988 343.244
69.953254 346.582
69.984485 352.457
70.015461 360.547
70.046636 360.848
70.078447 358.221
70.110218 355.92
70.161771 352.678
70.202995 351.093
70.244192 349.7
70.285744 347.224
70.358509 343.818
70.390416 344.56
70.42151 346.682
70.452479 351.171
70.483514 354.853
70.514578 357.951
70.54639 359.503
70.578337 363.105
70.620454 364.897
70.652287 354.922
70.683426 351.802
70.714527 350.272
70.745591 350.224
70.776899 347.833
70.808715 349.353
70.83993 346.815
70.87095 345.22
70.901951 349.037
70.933042 351.968
70.96489 347.737
70.995994 342.19
71.02696 338.163
71.058006 335.902
71.089159 332.641
71.110842 331.047
71.172429 329.668
71.203388 328.449
71.254835 327.392
71.285823 326.475
71.317844 325.638
71.349753 331.177
71.411295 331.827
71.442419 334.088
71.473472 335.97
71.504452 341.215
71.536397 343.526
71.568275 344.773
71.599271 348.66
71.630273 351.394
71.671503 353.689
71.702633 358.085
71.734833 349.019
71.766826 344.557
71.797893 343.364
71.828896 335.62
71.859998 335.548
71.891029 338.938
71.923184 353.028
71.995759 347.786
72.026793 344.312
72.057956 340.785
72.088965 342.478
72.120046 339.561
72.151965 344.264
72.183303 345.816
72.214338 348.847
72.245392 350.799
72.276382 351.156
72.308259 337.236
72.339351 338.93
72.370383 357.823
72.564286 386.472
72.595539 381.889
72.627627 374.253
72.69009 378.721
72.966056 385.004
72.997056 387.648
73.02803 388.343
73.069231 387.059
73.100286 387.859
73.13227 389.246
73.163246 388.603
73.194241 380.561
73.225289 371.727
73.276686 364.304
73.328926 363.741
73.36003 371.971
73.421714 372.11
73.473058 371.248
73.504309 365.361
73.536258 362.118
73.567272 363.306
73.598473 364.249
73.629466 365.797
73.660641 365.429
73.69244 367.148
73.724313 372.406
73.756086 369.077
73.788073 365.891
73.819854 361.642
73.851634 360.166
73.883414 361.135
73.914522 360.322
73.945516 360.487
73.976654 360.092
74.007655 359.108
74.039805 357.975
74.071157 356.977
74.102219 356.878
74.13332 359.572
74.174836 361.576
74.206736 364.237
74.237779 367.523
74.268766 368.551
74.299804 369.95
74.330851 367.095
74.362727 362.341
74.393747 362.049
74.424989 359.308
74.455959 357.312
74.486953 353.272
74.518784 344.875
74.550582 339.2
74.582413 337.838
74.614167 333.64
74.645956 336.922
74.677801 354.579
74.70961 355.612
74.740689 353.203
74.771656 357.523
74.802606 359.623
74.833624 357.721
74.895989 354.26
74.937959 346.091
75.030929 346.574
75.092428 345.742
75.143829 345.015
75.174891 348.123
75.205977 351.798
75.237858 354.667
75.268822 356.857
75.310013 356.874
75.341065 360.633
75.372294 360.34
75.404154 362.567
75.436257 358.225
75.468025 358.446
75.499755 357.408
75.531547 353.982
75.563357 350.975
75.595126 352.102
75.62702 356.311
75.658735 355.499
75.690489 356.344
75.722301 356.809
75.754256 357.041
75.785963 358.559
75.817868 357.68
75.870098 354.441
75.902113 357.423
75.933248 362.712
75.964273 365.301
75.995255 356.074
76.026352 361.551
76.068664 364.468
76.099655 359.719
76.130652 361.146
76.161647 351.266
76.19275 352.345
76.265734 348.075
76.317993 344.563
76.389742 346.474
76.441147 344.477
76.492538 340.154
76.523696 338.883
76.555864 346.297
76.58695 355.656
76.648689 362.302
76.679769 391.371
76.843308 397.147
76.875382 394.992
76.906442 398.116
76.957883 417.17
77.06029 416.817
77.091309 404.724
77.164126 389.731
77.195984 387.26
77.228026 386.37
77.259959 386.801
77.291753 388.808
77.323605 386.347
77.35573 387.096
77.387431 383.063
77.429375 382.607
77.471744 380.483
77.503676 378.958
77.535561 380.6
77.567689 377.919
77.599505 377.404
77.631424 375.016
77.663307 373.135
77.695226 372.444
77.727021 372.928
77.758759 370.086
77.789754 369.564
77.820834 372.103
77.862134 374.47
77.89313 374.585
77.92498 374.011
77.956772 375.631
77.988619 378.35
78.020497 371.898
78.05237 355.275
78.083549 354.075
78.114612 353.138
78.145876 355.994
78.177094 349.933
78.208886 345.291
78.239887 346.413
78.271034 347.269
78.302138 348.886
78.333127 346.481
78.365129 343.154
78.39617 342.784
78.427406 343.676
78.478837 341.993
78.509964 341.744
78.552031 346.512
78.634054 343.186
78.665084 349.924
78.69616 354.552
78.727374 360.426
78.769457 363.688
78.800691 369.628
78.83164 372.398
78.862708 372.356
78.89375 371.725
78.92558 370.57
78.956644 368.001
78.987653 358.744
79.0189 356.657
79.049948 352.411
79.092071 348.341
79.123887 342.938
79.154873 349.294
79.22668 349.397
79.257645 350.708
79.288659 354.375
79.320631 352.236
79.352489 362.962
79.41482 364.27
79.446619 363.511
79.477603 363.002
79.508582 363.37
79.539604 359.179
79.570557 360.536
79.602556 364.977
79.644515 360.579
79.676288 358.018
79.708043 353.266
79.739743 351.611
79.771452 351.228
79.803222 352.324
79.834985 352.026
79.866725 353.051
79.89849 360.015
79.940368 369.931
79.972332 370.624
80.004204 370.009
80.036046 369.068
80.067807 367.804
80.099608 365.571
80.131374 364.761
80.163183 364.913
80.19491 364.045
80.226698 364.385
80.258646 362.594
80.289592 350.546
80.320603 349.212
80.351586 348.056
80.382587 347.234
80.414586 347.577
80.446623 347.891
80.478779 349.392
80.50058 351.729
80.532303 351.517
80.564277 352.578
80.596041 350.568
80.628015 352.8
80.65998 357.474
80.691725 354.979
80.723595 355.588
80.754756 359.776
80.785779 359.785
80.816913 353.062
80.848026 350.994
80.879798 350.754
80.911013 345.954
80.942013 345.792
80.973025 345.061
81.024422 343.77
81.056404 343.895
81.087449 346.494
81.169341 346.916
81.220972 347.315
81.272416 345.148
81.304575 346.302
81.335588 350.488
81.366608 350.545
81.397617 355.578
81.428591 359.258
81.460673 362.981
81.491655 364.657
81.522645 366.563
81.553616 370.234
81.584638 371.446
81.616502 362.519
81.647467 360.94
81.678451 363.314
81.709448 365.41
84.857336 361.888
84.889215 363.127
84.930429 358.42
84.951244 356.992
84.982341 354.577
85.013376 351.393
85.045449 350.993
85.076445 349.049
85.107437 347.438
85.138482 347.94
85.169521 347.341
85.201596 345.506
85.232634 341.686
85.263672 339.71
85.294665 340.165
85.325665 339.752
85.357671 340.152
85.388693 338.907
85.41962 338.546
85.450598 338.972
85.481624 339.786
85.51359 343.474
85.54457 343.858
85.575555 341.41
85.606582 338.579
85.637599 338.519
85.669542 339.118
85.700545 342.706
85.731503 351.215
85.762486 347.138
85.793585 341.698
85.825639 336.137
85.856702 331.095
85.887678 334.907
85.918663 331.965
85.949664 336.782
85.981689 337.574
86.012688 331.942
86.043679 331.682
86.07467 323.992
86.105663 317.76
86.137636 316.768
86.169356 314.536
86.200325 313.947
86.231307 312.846
86.26228 312.501
86.293258 311.747
86.325217 313.641
86.356205 318.159
86.387173 318.593
86.418199 325.803
86.479876 325.049
86.511895 326.935
86.54288 328.587
86.584329 327.659
86.615502 329.216
86.666889 330.573
86.699107 330.495
86.730179 332.925
86.761217 336.912
86.792211 337.302
86.823287 341.378
86.855236 341.199
86.886295 336.337
86.91734 336.773
86.948503 338.436
86.979519 337.37
87.011389 338.551
87.04248 337.486
87.073455 339.701
87.10453 339.129
87.135578 337.971
87.167381 406.821
87.352355 391.653
87.383369 369.884
87.414621 352.05
87.445665 346.906
87.466539 346.033
87.692087 343.384
87.723184 342.459
87.764496 344.634
87.795608 340.161
87.82675 347.64
87.899569 350.558
87.930596 355.486
87.961722 353.556
88.033933 351.863
88.065256 347.524
88.097713 342.843
88.129086 342.504
88.160403 347.429
88.191653 345.245
88.23322 345.845
88.265582 348.835
88.296855 354.004
88.328108 357.074
88.359472 354.922
88.390827 352.362
88.423303 354.571
88.454574 361.505
88.495823 367.552
88.526879 368.552
88.558054 370.891
88.590319 370.789
88.621666 371.925
88.652869 374.64
88.694369 366.544
88.725647 360.459
88.758017 360.404
88.790409 347.336
88.842131 343.934
88.873358 345.384
88.904634 353.355
88.935879 357.763
88.968167 353.294
88.99929 347.793
89.030474 346.734
89.061699 354.219
89.093002 362.121
89.125483 368.457
89.156834 368.859
89.188096 364.923
89.219436 356.556
89.250725 345.621
89.283118 339.941
89.314457 337.438
89.34566 330.813
89.376963 329.4
89.428732 326.975
89.461163 327.37
89.533252 326.44
89.5543 326.885
89.58556 327.288
89.616941 330.136
89.690228 333.867
89.732834 333.377
89.764182 330.066
89.795448 331.291
89.826747 336.11
89.858062 344.469
89.890396 347.266
89.921517 349.256
89.952745 351.152
89.984159 355.007
90.025687 351.326
90.057988 347.408
90.090381 345.243
90.122576 349.594
90.165035 345.771
90.197086 343.76
90.228191 349.517
90.279629 353.311
90.320857 356.632
90.351893 359.563
90.38408 360.926
90.406058 360.544
90.438385 351.963
90.470523 351.479
90.523135 350.042
90.555423 351.29
90.587462 345.19
90.619515 342.028
90.651584 339.28
90.683727 338.117
90.715929 337.096
90.747834 340.398
90.779689 345.352
90.83199 348.429
90.863795 351.072
90.895626 350.942
90.927375 352.081
90.959604 354.084
90.991621 354.84
91.023606 355.687
91.055489 354.986
91.087602 350.235
91.11953 346.43
91.151424 345.891
91.203935 345.771
91.236154 346.296
91.27856 346.759
91.310574 346.276
91.342797 344.243
91.375108 343.695
91.407171 345.707
91.439361 351.593
91.471352 353.082
91.503191 355.326
91.535221 354.644
91.56718 352.565
91.599313 351.004
91.631398 343.579
91.662498 341.503
91.693596 341.327
91.724584 336.156
91.755673 336.636
91.787802 339.743
91.818903 341.006
91.85006 340.897
91.881131 342.05
91.912224 345.144
91.944368 347.214
91.975408 349.95
92.006604 350.809
92.037611 352.859
92.068613 351.669
92.100609 348.953
92.132339 349.071
92.163439 347.933
92.194593 344.692
92.225702 342.874
92.256782 339.707
92.28905 338.494
92.320137 337.443
92.35126 337.764
92.382434 340.656
92.413574 338.094
92.44584 340.761
92.476998 342.927
92.508184 347.446
92.539393 348.622
92.570649 353.846
92.602929 352.858
92.634112 353.942
92.665221 351.775
92.696371 347.8
92.72756 349.318
92.769788 348.107
92.800947 347.868
92.842114 342.782
92.873209 343.709
92.904259 335.096
92.936053 342.95
92.956895 345.576
92.987959 347.65
93.019013 351.121
93.050055 350.216
93.082169 354.95
93.114124 341.995
93.145968 336.173
93.177045 337.88
93.208044 348.416
93.239212 347.306
93.260251 343.23
93.292579 344.692
93.33399 341.235
93.365048 342.344
93.467379 344.894
93.498632 339.284
93.530492 336.005
93.561496 338.996
93.592533 343.721
93.623814 348.337
93.654885 353.597
93.686846 353.498
93.718764 358.765
93.750633 359.117
93.781703 343.874
93.81278 339.411
93.853988 338.374
93.884986 337.523
93.91682 335.739
93.947815 332.86
93.978827 333.751
94.009948 335.841
94.040911 339.158
94.07289 344.278
94.114382 343.742
94.145478 340.759
94.176564 341.926
94.238094 340.448
94.270016 337.902
94.301106 340.653
94.382932 339.321
94.454602 341.982
94.485658 347.985
94.517483 356.293
94.548533 358.069
94.579641 360.531
94.630986 361.63
94.662071 360.641
94.694002 360.463
94.714914 360.428
94.745885 354.104
94.776965 349.836
94.80809 347.34
94.839868 342.016
94.870947 343.02
94.901924 339.999
94.932952 338.756
94.963992 338.89
94.995893 341.534
95.026932 343.84
95.058223 346.38
95.089293 348.078
95.120592 348.327
95.152421 348.553
95.184243 347.503
95.216125 347.803
95.24797 349.541
95.279808 351.81
95.311553 354.231
95.343361 355.918
95.375278 358.933
95.407051 360.291
95.439061 360.236
95.470921 358.97
95.502761 353.533
95.534711 345.674
95.566746 342.473
95.598583 344.265
95.630376 343.727
95.662271 345.773
95.694119 346.314
95.726072 346.094
95.757869 343.496
95.789715 342.708
95.841791 343.662
95.883714 345.723
95.915389 346.735
95.947202 345.905
95.979116 347.678
96.011132 349.149
96.04285 345.731
96.074705 345.028
96.106421 346.898
96.138131 350.109
96.169809 354.007
96.211875 353.46
96.243992 352.629
96.275893 353.538
96.306878 352.701
96.33799 351.136
96.369105 351.985
96.40014 352.989
96.432144 351.354
96.463202 352.187
96.49426 352.877
96.525461 348.758
96.55658 349.078
96.588564 350.512
96.620449 354.199
96.682103 355.401
96.713145 355.242
96.744206 353.33
96.775348 353.519
96.807433 351.833
96.838444 351.596
96.869482 353.63
96.900815 354.274
96.931869 354.989
96.963797 356.329
96.994982 353.051
97.026171 349.841
97.04699 354.861
97.098369 350.191
97.130232 352.661
97.181611 355.584
97.212707 359.37
97.243948 359.007
97.274972 358.582
97.296914 355.154
97.328006 351.059
97.359066 348.434
97.390064 351.012
97.421139 349.67
97.453118 354.016
97.485009 354.7
97.516072 350.965
97.547245 348.408
97.578352 350.335
97.599148 352.613
97.631073 352.297
97.662117 352.033
97.703359 348.027
97.734486 343.286
97.76545 341.63
97.807818 338.934
97.839555 337.827
97.891943 336.837
97.944171 339.906
97.976227 344.084
98.007208 350.667
98.038403 351.414
98.06947 353.894
98.100486 355.914
98.132338 357.67
98.184495 362.994
98.216205 361.375
98.247958 356.185
98.279023 352.506
98.310046 349.711
98.341161 346.029
98.372191 348.06
98.40395 347.035
98.43499 347.422
98.466257 351.519
98.507747 350.089
98.538825 347.872
98.570638 346.884
98.6026 348.533
98.634373 351.234
98.66614 355.672
98.698045 351.626
98.729855 352.497
98.761561 355.467
98.793342 357.599
98.825163 360.278
98.856871 360.212
98.888671 356.762
98.910346 358.417
98.942267 358.64
98.974079 357.584
99.006011 357.877
99.037747 360.691
99.069566 364.193
99.111776 367.424
99.143538 364.584
99.175317 358.839
99.207368 359.004
99.239203 361.622
99.271085 363.906
99.302881 367.154
99.334699 369.17
99.366762 374.247
99.398605 372.422
99.430379 368.695
99.462263 360.155
99.494038 358.906
99.525053 358.937
99.556238 360.878
99.58726 359.594
99.618442 359.126
99.650333 357.994
99.681407 358.256
99.712473 357.2
99.743596 355.704
99.774637 353.768
99.806685 354.924
99.837658 354.856
99.868859 356.303
99.899863 356.486
99.930896 359.91
99.972897 359.763
100.004043 359.811
