1.2e-05 272.385
0.032317 274.91
0.256785 281.403
0.287858 289.064
0.318927 293.998
0.349961 298.431
0.38221 301.845
0.413395 305.104
0.444528 310.592
0.475704 316.128
0.50684 317.367
0.539147 318.387
0.570302 317.887
0.601491 320.04
0.632741 321.46
0.663888 320.766
0.696197 319.585
0.727357 313.2
0.758531 309.466
0.789685 305.254
0.820854 301.527
0.853117 297.313
0.884207 304.55
0.915335 306.774
0.936214 307.049
0.967321 302.977
0.9996 300.248
1.030806 298.59
1.061998 295.107
1.093344 289.703
1.124486 289.367
1.156682 288.38
1.187874 291.286
1.219043 292.631
1.280713 290.882
1.311837 291.504
1.344115 292.646
1.375307 295.114
1.416601 290.313
1.44782 288.788
1.46882 291.178
1.501243 293.969
1.532438 294.646
1.584128 293.52
1.60517 294.616
1.636363 295.113
1.668814 299.285
1.70017 303.511
1.731383 300.781
1.762606 298.368
1.793821 299.238
1.826235 298.931
1.857348 301.665
1.878622 302.113
1.909775 301.179
1.940918 297.302
1.973333 292.912
2.004514 296.317
2.035702 294.061
2.066817 295.483
2.108192 294.46
2.140433 295.235
2.171569 300.773
2.202763 298.365
2.233958 294.996
2.265178 294.039
2.297316 295.306
2.328501 298.43
2.359638 294.944
2.390779 293.906
2.421977 288.795
2.454153 290.03
2.485377 298.481
2.516442 292.634
2.547852 290.11
2.579016 287.927
2.611283 291.491
2.642388 298.422
2.673565 294.878
2.704942 292.938
2.736314 292.064
2.768693 291.487
2.799936 296.111
2.831197 297.625
2.872639 293.973
2.903959 288.567
2.936317 291.08
2.967425 294.261
2.998611 291.342
3.029753 291.308
3.060966 291.64
3.093236 294.002
3.124452 295.714
3.155631 292.593
3.186835 290.446
3.218287 286.285
3.250495 286.604
3.281821 290.455
3.313027 288.111
3.354428 285.892
3.385723 288.383
3.418018 291.498
3.450336 296.083
3.481589 293.069
3.51293 292.016
3.544182 291.876
3.575585 294.889
3.60803 296.041
3.63918 298.347
3.680596 288.94
3.711765 286.633
3.743074 285.517
3.775395 286.193
3.806576 291.659
3.837684 292.392
3.868867 290.001
3.900176 289.87
3.932457 291.214
3.963623 295.305
3.994767 298.131
4.025965 290.331
4.057186 289.497
4.089409 291.303
4.120618 298.057
4.151728 299.868
4.182889 299.379
4.214065 299.1
4.246491 295.877
4.278468 297.253
4.310753 292.177
4.342914 290.175
4.375108 290.088
4.40747 290.055
4.439639 293.045
4.471928 295.54
4.504259 294.669
4.535392 300.651
4.566709 302.021
4.59791 303.251
4.629242 306.761
4.661675 307.006
4.692916 305.418
4.724283 302.878
4.755598 305.058
4.786775 309.909
4.819207 308.511
4.85028 307.564
4.881516 309.052
4.912766 299.897
4.943993 298.975
4.976321 296.045
5.0075 299.097
5.038628 295.56
5.079953 292.689
5.111104 292.326
5.143281 292.554
5.174453 299.211
5.205608 295.751
5.236752 290.611
5.267941 286.326
5.300175 291.08
5.331593 293.105
5.362873 290.211
5.394162 287.89
5.425498 286.895
5.457836 287.001
5.489084 292.642
5.520348 289.661
5.551584 289.817
5.592998 288.498
5.62536 289.856
5.656554 294.375
5.687717 291.462
5.718997 293.123
5.780997 295.542
5.813306 297.873
5.844678 296.47
5.875827 292.599
5.907073 294.976
5.948392 296.764
5.980832 298.733
6.012012 303.708
6.053468 301.355
6.084893 305.718
6.116225 306.89
6.148581 309.078
6.17976 309.554
6.210919 305.641
6.2421 303.914
6.273341 302.833
6.305562 300.682
6.336751 304.407
6.367898 306.208
6.39916 298.917
6.430337 297.903
6.462655 300.14
6.493853 303.584
6.525073 305.13
6.556253 302.701
6.587494 301.495
6.619858 299.924
6.651026 304.218
6.682212 306.05
6.713541 303.463
6.744748 302.355
6.777188 299.801
6.808437 301.112
6.839643 302.385
6.87075 299.989
6.901934 298.076
6.934369 297.115
6.965589 300.822
6.996798 302.255
7.028008 299.867
7.059166 298.076
7.091404 301.751
7.122733 302.791
7.143716 304.283
7.174889 299.625
7.216209 296.934
7.248466 294.387
7.269437 296.733
7.300711 299.59
7.33185 298.608
7.363049 294.653
7.395256 293.145
7.426317 294.852
7.45744 296.025
7.488557 297.658
7.529918 294.517
7.562223 293.461
7.593292 297.032
7.624584 299.829
7.655827 299.883
7.687024 294.525
7.719472 299.119
7.750679 301.2
7.78189 297.369
7.81313 292.102
7.844407 291.172
7.876639 290.059
7.907925 293.825
7.93907 295.984
7.970286 295.931
8.001698 294.049
8.033887 294.25
8.065089 296.755
8.096304 293.962
8.127513 291.246
8.158801 292.416
8.19121 291.108
8.222451 295.518
8.253605 297.149
8.274682 295.685
8.305975 294.191
8.338389 292.494
8.369599 298.988
8.400718 297.401
8.432057 295.171
8.463256 292.82
8.495548 292.361
8.526732 294.698
8.557934 292.504
8.589216 290.286
8.620391 290.225
8.652755 291.414
8.684034 300.429
8.715193 297.648
8.746432 294.303
8.777667 292.565
8.80994 292.17
8.841146 293.895
8.872292 293.325
8.903514 290.503
8.934716 289.314
8.966971 287.99
8.998193 292.892
9.029324 291.545
9.060463 288.164
9.091679 286.901
9.123982 285.753
9.15533 291.395
9.186547 297.097
9.217811 296.514
9.238824 295.167
9.271104 293.838
9.302427 296.54
9.333584 298.025
9.364695 293.129
9.395812 293.02
9.448441 296.05
9.47966 297.719
9.510867 289.076
9.542036 289.098
9.583398 287.057
9.615838 293.515
9.64715 297.293
9.678521 294.221
9.719912 291.543
9.74104 290.493
9.773247 291.881
9.804476 298.452
9.83588 299.262
9.887418 296.887
9.918769 295.362
9.951008 299.089
9.982141 300.612
10.003082 299.622
10.034303 296.131
10.065458 294.967
10.097717 293.929
10.129079 297.842
10.160254 299.758
10.211807 291.121
10.243042 289.614
10.275399 291.348
10.306542 301.866
10.337911 297.929
10.369139 295.315
10.400322 293.225
10.432575 298.98
10.463731 302.356
10.494947 300.82
10.526098 298.806
10.557308 292.305
10.589727 292.594
10.620966 297.611
10.6522 295.613
10.683425 294.135
10.71465 293.868
10.746942 294.81
10.778131 298.581
10.809317 301.603
10.840482 303.032
10.8717 300.549
10.904076 295.416
10.935265 298.303
10.96647 297.086
10.997614 291.592
11.02876 293.063
11.060952 293.953
11.092149 300.751
11.123302 300.011
11.154485 292.99
11.185677 292.634
11.217812 293.275
11.249027 297.78
11.280185 298.994
11.311345 293.993
11.342535 293.897
11.374876 291.473
11.405987 296.838
11.437146 298.539
11.468302 292.937
11.499525 290.732
11.531895 290.541
11.562952 296.892
11.594159 296.124
11.655825 295.795
11.686956 295.94
11.719193 300.781
11.750391 298.663
11.781543 297.666
11.812722 299.27
11.843814 302.567
11.875968 304.321
11.907134 305.043
11.928076 300.902
11.959254 298.52
11.990356 297.178
12.02262 294.563
12.053728 296.942
12.084762 298.785
12.115841 296.811
12.146887 294.399
12.179139 292.757
12.210397 296.537
12.231349 304.837
12.262596 300.977
12.293761 299.638
12.326043 298.648
12.357304 300.598
12.388428 304.106
12.419646 302.9
12.461097 300.843
12.49347 296.03
12.524785 300.211
12.556014 298.372
12.607729 294.155
12.638981 293.386
12.671388 297.792
12.702573 294.967
12.733754 292.562
12.765004 292.847
12.796232 298.24
12.828577 300.487
12.859732 305.134
12.890746 305.178
12.921961 301.34
12.953176 294.094
12.985451 295.771
13.016659 298.018
13.047779 301.412
13.07895 297.492
13.110183 297.21
13.142459 295.806
13.173663 298.975
13.204863 297.253
13.235961 293.411
13.25689 295.028
13.289148 295.916
13.3202 297.918
13.351322 298.932
13.382503 297.595
13.41362 292.081
13.44588 288.832
13.477075 293.411
13.508109 290.494
13.539239 289.989
13.570392 289.057
13.602709 290.778
13.633886 297.802
13.665055 295.609
13.696159 293.078
13.727263 293.195
13.759543 293.74
13.790711 298.241
13.821879 294.758
13.852927 291.982
13.88408 291.128
13.916334 289.231
13.937297 298.061
13.968402 297.995
13.999559 296.333
14.030677 296.294
14.062969 293.3
14.094152 295.388
14.125332 299.295
14.15649 300.287
14.187704 297.502
14.21991 294.022
14.240895 297.589
14.272102 301.749
14.313477 299.852
14.344616 297.644
14.376904 300.014
14.408125 302.442
14.439385 300.922
14.480746 298.708
14.511917 294.037
14.544232 295.642
14.575517 299.653
14.606594 298.302
14.637792 297.947
14.668903 295.782
14.701204 295.024
14.732335 298.806
14.763489 299.197
14.815011 296.642
14.846127 295.846
14.878412 297.493
14.909594 302.204
14.940745 299.17
14.971869 292.784
15.003112 291.798
15.035447 294.487
15.066673 291.701
15.097828 289.162
15.129011 285.2
15.160298 282.554
15.192508 286.367
15.223792 291.427
15.254889 291.359
15.28601 288.737
15.317148 290.27
15.349373 290.321
15.380544 295.279
15.411663 295.796
15.44287 295.355
15.474013 292.917
15.506278 290.856
15.537509 292.572
15.568718 298.757
15.599774 294.475
15.630928 287.788
15.663074 287.856
15.694262 295.436
15.725443 296.624
15.766694 293.576
15.797861 295.251
15.830365 294.982
15.861512 301.226
15.892613 298.673
15.923826 297.691
15.954935 297.898
15.987253 301.31
16.018408 303.96
16.049733 300.229
16.080946 293.138
16.112152 292.94
16.144473 291.834
16.175769 295.919
16.207119 295.198
16.238218 295.025
16.269457 293.228
16.301748 296.323
16.343082 303.154
16.364063 301.089
16.3952 295.18
16.426356 292.715
16.458551 294.895
16.489765 298.511
16.521117 295.625
16.552348 295.095
16.583538 293.629
16.626086 294.048
16.657311 297.604
16.688432 300.493
16.719704 301.416
16.750881 302.882
16.783286 302.194
16.814434 304.405
16.845645 304.751
16.897186 296.846
16.928359 293.81
16.960567 296.575
16.991745 298.138
17.022888 293.597
17.054096 297.707
17.105707 297.587
17.138075 302.092
17.169315 301.561
17.200509 301.042
17.231678 299.955
17.26286 300.827
17.295127 301.913
17.326306 305.095
17.357706 299.139
17.388875 293.835
17.420081 298.899
17.452415 304.191
17.493886 306.844
17.525221 302.102
17.556432 303.358
17.587718 304.609
17.619977 307.586
17.65121 309.918
17.68258 311.351
17.713768 307.167
17.765383 300.207
17.797571 302.503
17.829049 302.846
17.860196 301.598
17.891539 289.554
17.92277 288.865
17.955209 296.348
17.98639 299.643
18.037917 296.4
18.069202 297.048
18.100479 295.506
18.132895 297.962
18.164168 300.4
18.195568 300.062
18.226731 297.428
18.258229 295.702
18.290656 299.569
18.321913 302.191
18.353214 303.999
18.384588 300.831
18.415993 295.692
18.448331 292.684
18.479765 298.041
18.510957 299.28
18.552403 297.193
18.583896 295.651
18.616346 297.391
18.647645 299.812
18.679066 297.613
18.710287 296.463
18.741493 295.687
18.773881 297.741
18.804905 298.528
18.836231 292.199
18.867584 287.208
18.898788 283.805
18.931128 284.133
18.962303 291.306
18.993514 289.694
19.024718 287.665
19.05591 285.502
19.088195 289.405
19.119452 294.837
19.150699 297.358
19.181878 295.352
19.21312 294.213
19.245484 295.812
19.276704 300.119
19.307906 293.637
19.339065 290.984
19.380497 289.235
19.412871 293.346
19.444044 292.346
19.475235 289.623
19.506465 285.192
19.537642 283.466
19.569984 285.165
19.601284 294.277
19.632568 294.911
19.673947 291.903
19.705284 292.126
19.737504 292.387
19.768745 296.845
19.799938 297.522
19.831339 296.458
19.872755 294.73
19.905107 297.437
19.936295 299.098
19.967516 297.044
19.998769 293.893
20.030044 291.642
20.062401 292.519
20.093596 295.933
20.124791 295.053
20.156015 292.258
20.1872 291.694
20.219416 289.312
20.250518 292.406
20.281738 293.365
20.312913 290.744
20.344258 289.291
20.376491 289.968
20.407731 294.016
20.438861 291.405
20.470107 288.951
20.501467 290.666
20.533863 291.089
20.565071 298.342
20.59631 296.726
20.627603 296.202
20.658748 293.644
20.691104 296.138
20.722243 297.827
20.753533 299.957
20.805048 296.618
20.83605 293.073
20.868277 298.197
20.89949 300.112
20.930689 295.354
20.961894 289.618
20.993174 292.914
21.02544 295.264
21.056682 296.137
21.087893 293.124
21.119093 289.203
21.140085 289.841
21.182599 292.505
21.213778 297.865
21.244934 296.885
21.276209 293.585
21.307435 290.253
21.339683 290.425
21.370863 293.153
21.40201 293.913
21.433215 291.089
21.464408 290.228
21.496708 291.871
21.527845 298.316
21.55896 297.339
21.590138 296.859
21.621292 296.572
21.653553 301.348
21.684823 306.043
21.715932 305.304
21.757389 300.966
21.788634 297.35
21.820897 297.1
21.852075 298.558
21.883318 298.083
21.904334 297.896
21.935538 294.503
21.967772 295.747
21.998921 299.478
22.030048 300.041
22.061273 298.271
22.092443 292.736
22.12464 291.816
22.155794 294.932
22.186842 295.923
22.228304 294.359
22.259455 293.433
22.301907 294.562
22.333102 299.871
22.354033 298.518
22.385223 298.561
22.416404 299.549
22.448653 301.241
22.479815 302.836
22.510966 296.653
22.542116 296.526
22.573362 293.626
22.605696 294.07
22.63701 297.952
22.668181 298.443
22.699321 295.596
22.730559 293.709
22.762827 294.421
22.793989 299.214
22.825155 300.17
22.856349 300.591
22.887652 299.773
22.919842 295.182
22.951088 298.688
22.982221 296.867
23.013355 295.535
23.044466 294.457
23.07668 294.129
23.107828 296.462
23.138976 298.589
23.170049 292.557
23.201317 294.129
23.253917 294.596
23.28514 300.371
23.306237 300.502
23.337407 296.636
23.368708 296.609
23.401053 297.007
23.432402 301.054
23.463619 298.842
23.494805 295.412
23.526036 292.985
23.558465 292.028
23.579577 294.59
23.610844 297.393
23.642039 293.105
23.673294 291.558
23.705583 291.202
23.736707 296.29
23.767876 299.031
23.79913 297.964
23.830369 295.005
23.862769 291.795
23.893918 295.496
23.925144 297.194
23.95632 298.378
23.987561 298.088
24.019808 295.183
24.050988 299.359
24.082091 299.264
24.113276 297.324
24.144551 295.351
24.176743 295.12
24.207988 296.427
24.239298 298.587
24.270459 292.475
24.301717 290.051
24.333953 290.06
24.365231 293.872
24.396397 294.098
24.427627 293.719
24.458752 290.735
24.49094 287.889
24.522211 294.429
24.553286 296.314
24.614953 296.915
24.646182 294.896
24.67842 296.346
24.709792 297.883
24.741061 298.15
24.772146 294.708
24.803311 291.596
24.835543 295.816
24.866592 292.786
24.918067 290.846
24.949248 292.439
24.980425 294.975
25.012581 299.828
25.043673 299.622
25.074711 297.751
25.105847 298.842
25.137 299.41
25.16925 303.431
25.200426 307.282
25.231589 304.156
25.262766 300.808
25.293953 295.307
25.326257 299.006
25.357477 302.129
25.38861 300.148
25.419782 300.466
25.450979 297.642
25.4832 297.608
25.514449 301.352
25.545672 302.801
25.57683 302.221
25.608063 299.941
25.640265 298.12
25.671476 299.541
25.702732 301.442
25.73402 297.898
25.765263 293.39
25.797645 291.67
25.828915 297.862
25.860159 294.457
25.891412 292.441
25.922584 292.249
25.954894 292.341
25.986136 296.299
26.017295 293.359
26.048507 290.943
26.079729 291.097
26.112003 291.365
26.144279 297.2
26.176523 296.633
26.207736 290.812
26.238936 289.621
26.270093 289.648
26.301225 294.728
26.333427 297.919
26.364562 292.352
26.39566 292.87
26.426806 291.996
26.457946 294.123
26.490229 298.233
26.521384 301.867
26.552527 295.428
26.593805 292.323
26.624892 289.517
26.657144 292.407
26.688301 297.358
26.719474 299.545
26.770996 297.638
26.802214 297.111
26.834524 300.548
26.865934 301.594
26.897164 298.608
26.928343 299.432
26.959579 300.967
26.991875 302.18
27.023086 299.868
27.054248 293.228
27.085634 292.974
27.116843 288.561
27.149133 287.378
27.180378 292.536
27.211658 291.534
27.253116 292.314
27.30467 291.679
27.337006 298.517
27.368237 299.712
27.409584 293.074
27.440832 294.417
27.47203 296.541
27.504406 299.249
27.535506 295.81
27.566744 294.127
27.598047 291.76
27.629444 291.077
27.661765 291.937
27.693093 297.85
27.724366 296.958
27.755614 295.506
27.78695 295.062
27.819245 298.884
27.860695 302.416
27.891899 301.551
27.912939 296.784
27.944322 295.176
27.976605 294.217
28.007833 302.477
28.039011 300.037
28.070151 295.412
28.101409 297.449
28.133826 295.919
28.165206 300.044
28.186187 301.818
28.217442 300.766
28.248705 300.775
28.281097 296.647
28.31223 298.963
28.343535 300.59
28.374798 300.693
28.406018 297.225
28.438432 293.595
28.46972 299.483
28.50093 300.003
28.542318 298.165
28.573593 295.849
28.606176 298.307
28.637425 300.139
28.668617 301.049
28.699941 300.699
28.720998 300.784
28.753386 299.298
28.784603 302.2
28.815799 302.832
28.847052 299.942
28.878227 296.334
28.910511 293.71
28.941642 294.048
28.972966 303.326
29.004204 314.717
29.096683 315.011
29.128937 322.132
29.190766 316.876
29.221937 314.033
29.253181 313.684
29.284362 320.467
29.336903 309.151
29.368122 306.84
29.399296 307.273
29.430435 312.457
29.4616 311.952
29.493882 311.63
29.525102 311.334
29.556291 311.999
29.587456 314.05
29.618727 311.909
29.650897 307.531
29.682086 307.893
29.7133 307.534
29.764843 303.393
29.796228 302.463
29.818273 301.526
29.849544 304.526
29.880864 300.95
29.91212 302.369
29.943348 302.421
29.975745 303.254
30.006992 300.264
30.03821 297.52
30.069528 295.16
30.090608 296.174
30.122939 297.661
30.154107 299.003
30.1853 293.525
30.216466 292.692
30.247681 290.073
30.279963 287.676
30.311229 295.619
30.362778 292.469
30.394067 292.341
30.435473 290.162
30.467795 301.434
30.499027 306.012
30.570921 304.273
30.602196 306.785
30.643614 311.564
30.675898 311.177
30.71729 308.84
30.789299 305.245
30.820458 311.328
30.85166 320.637
30.8839 324.125
30.915209 318.534
30.946419 321.48
30.987731 315.263
31.018959 321.222
31.061492 325.777
31.123287 325.205
31.185121 320.17
31.216313 321.897
31.257753 328.166
31.320579 327.495
31.392427 319.531
31.423589 323.182
31.465002 325.807
31.496189 318.972
31.528463 321.538
31.580035 317.414
31.611238 311.457
31.652675 314.601
31.724694 317.436
31.757012 320.249
31.788082 317.421
31.819268 322.864
31.8607 332.418
31.932594 326.768
32.005569 321.528
32.037822 322.955
32.070067 322.763
32.1023 328.372
32.144845 324.782
32.177076 318.515
32.209423 309.448
32.24082 313.775
32.272098 309.437
32.303347 314.683
32.355089 315.1
32.387399 319.225
32.418651 322.027
32.449933 326.283
32.49135 329.469
32.553218 326.736
32.585738 329.745
32.616993 317.778
32.64814 318.331
32.689598 309.637
32.720849 313.188
32.773547 315.864
32.825294 312.142
35.320841 282.636
35.352041 281.792
35.383205 281.912
35.415446 281.682
35.446638 278.638
35.477788 279.544
35.508999 279.869
35.54021 279.985
35.572499 279.33
35.593479 279.053
35.624621 279.121
35.655766 278.301
35.727838 278.687
35.760097 279.151
35.791311 278.153
35.88363 280.836
35.914978 283.68
35.946162 283.091
36.008962 282.711
36.040245 286.501
36.071399 290.093
36.10257 298.756
36.133985 300.976
36.166345 304.473
36.197587 307.218
36.239047 303.009
36.280651 300.008
36.312091 300.35
36.344325 301.462
36.375529 300.735
36.406796 298.838
36.438132 293.514
36.469433 291.963
36.501809 293.785
36.5331 293.252
36.564221 290.502
36.595343 290.258
36.626706 289.259
36.659025 291.777
36.690385 295.843
36.721614 292.378
36.75286 292.972
36.784143 285.851
36.806262 285.344
36.837494 292.266
36.868846 289.835
36.910247 287.955
36.941462 286.216
36.973851 288.192
37.005126 288.689
37.036375 288.433
37.077832 286.878
37.109233 285.486
37.141699 289.237
37.173068 286.971
37.255464 284.89
37.286825 286.068
37.318186 294.025
37.35075 296.378
37.382141 296.547
37.413491 294.457
37.444796 304.285
37.47621 307.824
37.508792 311.661
37.540217 312.124
37.571558 302.416
37.602977 298.482
37.634304 293.668
37.666802 291.897
37.698143 294.388
37.729503 293.004
37.760816 293.042
37.792129 289.831
37.824577 289.717
37.855968 289.947
37.887317 289.146
37.939082 286.918
37.970554 289.36
38.003057 294.974
38.034401 294.962
38.106599 296.347
38.137978 298.005
38.169382 303.934
38.201937 307.084
38.233296 298.864
38.264741 293.552
38.296083 294.692
38.327394 296.52
38.359724 299.169
38.391044 301.957
38.422429 299.226
38.453779 298.055
38.485216 291.521
38.517684 290.855
38.538789 294.796
38.5701 296.353
38.601476 296.779
38.632782 294.031
38.665228 289.921
38.696619 291.418
38.728005 289.129
38.800307 291.584
38.831654 294.492
38.864117 293.708
38.895428 291.413
38.92689 287.16
38.958341 284.833
38.989844 288.915
39.012296 289.315
39.043667 294.34
39.126103 289.629
39.157473 293.536
39.188834 295.798
39.221282 297.497
39.252655 293.457
39.283994 291.503
39.315377 297.571
39.356947 300.95
39.389408 303.918
39.42077 304.016
39.452121 303.079
39.493715 300.742
39.525214 294.348
39.557797 299.312
39.589185 302.19
39.620559 303.198
39.672349 296.214
39.703703 294.891
39.736165 294.573
39.767552 295.626
39.829582 294.271
39.860939 292.932
39.892321 295.309
39.924822 299.088
39.956137 301.472
39.987475 302.21
40.018744 305.788
40.050062 309.342
40.082554 310.399
40.113919 311.364
40.145303 301.807
40.176633 297.647
40.207944 294.328
40.240406 297.543
40.2717 298.999
40.303029 295.783
40.344586 294.89
40.386182 294.018
40.418673 294.332
40.450098 294.055
40.481427 294.265
40.523052 290.993
40.55441 289.729
40.586841 295.972
40.618199 302.283
40.639327 298.652
40.67063 292.902
40.701969 291.565
40.734351 296.875
40.765708 303.08
40.817463 305.699
40.838607 306.493
40.870007 298.313
40.902492 299.697
40.933869 301.008
40.965325 304.439
40.996791 302.742
41.028261 298.405
41.060843 298.145
41.092183 303.693
41.12354 301.007
41.165074 297.28
41.19639 298.0
41.22887 298.179
41.260356 303.222
41.291788 303.107
41.323128 302.495
41.354546 302.846
41.387065 306.061
41.418383 309.65
41.449707 312.687
41.481012 314.033
41.512408 307.233
41.544869 303.296
41.576285 302.208
41.607702 298.999
41.639053 295.649
41.670386 292.641
41.702869 292.468
41.734176 297.955
41.765509 298.42
41.796833 297.531
41.828251 295.694
41.860682 296.813
41.892012 298.744
41.923329 297.779
41.954708 294.484
41.986037 291.767
42.018558 290.919
42.049908 290.773
42.081236 290.871
42.132995 289.915
42.164405 288.289
42.196893 297.729
42.228188 298.249
42.290241 294.316
42.321632 292.963
42.353016 300.244
42.385531 302.793
42.416889 301.362
42.438036 298.795
42.469399 297.784
42.521335 298.76
42.55382 304.07
42.585183 305.884
42.616465 307.076
42.647786 308.385
42.679102 307.933
42.711553 310.916
42.742916 310.973
42.774205 307.31
42.795299 298.355
42.826604 294.866
42.859092 294.556
42.890424 300.831
42.921769 301.422
42.953142 300.468
42.984502 300.036
43.027089 296.876
43.058434 296.963
43.089754 294.906
43.121139 293.894
43.152501 289.345
43.184797 294.644
43.216073 289.014
43.247348 286.713
43.288793 286.986
43.320062 294.796
43.352358 300.531
43.383618 305.959
43.414909 300.215
43.446303 297.692
43.477638 299.153
43.520386 300.515
43.55181 300.07
43.593356 298.111
43.624753 294.525
43.656147 292.24
43.688593 295.646
43.719896 293.433
43.751181 290.586
43.782465 286.811
43.813794 286.648
43.846271 285.264
43.877652 289.622
43.90906 287.43
43.940423 285.342
43.971787 286.903
44.004251 290.661
44.035677 290.198
44.067039 287.837
44.09844 287.027
44.129842 284.129
44.162405 285.718
44.193784 287.463
44.225179 289.136
44.307621 288.478
44.338958 290.734
44.371474 292.24
44.433432 289.817
44.464836 291.109
44.496211 290.76
44.527622 290.116
44.590802 288.991
44.622275 289.278
44.653703 291.695
44.685127 286.951
44.716475 288.803
44.749025 288.564
44.780355 287.651
44.811703 285.546
44.86347 284.252
44.894834 282.48
44.927233 290.536
44.958513 288.062
44.989815 284.325
45.021161 282.62
45.05253 284.498
45.084852 287.374
45.11615 285.536
45.198462 284.922
45.229732 285.064
45.261046 289.894
45.293377 290.9
45.324661 289.75
45.355951 290.154
45.387236 294.561
45.418534 295.483
45.450894 309.388
45.482177 304.236
45.513494 301.152
45.565207 299.748
45.59657 296.178
45.629069 296.327
45.650309 298.372
45.722435 296.743
45.753803 294.379
45.785165 296.177
45.817673 295.622
45.889889 292.767
45.921297 294.995
45.952631 297.788
45.983969 300.299
46.016535 303.903
46.047835 297.473
46.079136 297.825
46.11043 300.324
46.141742 303.63
46.174231 300.751
46.205593 299.361
46.236927 300.292
46.298886 298.176
46.330275 294.435
46.362766 296.325
46.394138 295.809
46.435662 289.968
46.467059 288.685
46.498478 290.034
46.530854 296.558
46.5622 294.515
46.593569 295.871
46.635179 296.508
46.666528 297.356
46.688834 301.545
46.720167 300.494
46.75149 297.636
46.78278 290.945
46.814108 288.174
46.846645 288.144
46.878043 290.45
46.909437 290.732
46.97136 288.407
47.002766 287.813
47.035299 293.959
47.066614 294.683
47.108099 291.956
47.139398 290.56
47.170744 293.454
47.203155 291.934
47.275401 284.987
47.306792 284.471
47.338146 285.906
47.369563 290.218
47.402027 292.502
47.423119 286.095
47.454422 286.452
47.485714 287.273
47.517071 285.381
47.549586 284.853
47.581017 289.39
47.61236 290.975
47.653965 288.228
47.68534 287.589
47.717831 290.651
47.749194 290.587
47.780481 288.881
47.821967 285.232
47.853359 288.807
47.885797 288.793
47.917169 285.9
47.968875 288.395
48.020658 289.186
48.052059 296.974
48.084522 299.519
48.115895 297.464
48.147259 294.489
48.178597 296.63
48.209969 301.876
48.242448 304.243
48.263553 307.955
48.305098 306.13
48.33642 301.983
48.36777 298.06
48.400251 298.967
48.431593 298.76
48.462917 297.885
48.514681 296.211
48.545997 296.297
48.578396 298.397
48.60976 295.637
48.671761 295.15
48.703066 293.603
48.734387 295.297
48.766813 292.603
48.808421 291.793
48.839767 293.239
48.871023 293.581
48.902365 295.877
48.934801 298.721
48.966203 304.841
48.997583 296.307
49.02892 293.461
49.060303 294.524
49.092697 293.996
49.124053 296.873
49.155355 293.694
49.186689 289.465
49.217986 288.697
49.250446 289.579
49.28176 293.643
49.313107 298.286
49.364953 289.11
49.396334 289.663
49.428771 298.368
49.460046 295.111
49.491321 291.819
49.532808 294.943
49.574338 295.113
49.606683 293.386
49.658475 291.703
49.689798 291.2
49.721131 287.997
49.752489 290.212
49.78488 293.758
49.816214 296.059
49.847542 293.406
49.87887 294.224
49.910234 301.141
49.942719 304.592
49.974056 300.66
50.005412 299.791
50.036773 296.812
50.0681 295.15
50.11084 294.111
50.142194 302.553
50.173519 305.197
50.204852 303.743
50.236149 295.467
50.26848 294.128
50.299798 295.914
50.331107 292.862
50.362449 292.842
50.403973 290.524
50.436328 291.617
50.467666 291.44
50.499028 290.327
50.54058 288.676
50.57192 290.564
50.604277 294.15
50.635668 303.374
50.666979 299.286
50.688078 296.946
50.719393 295.234
50.751807 297.262
50.783166 307.388
50.814495 312.307
50.845841 309.093
50.877226 308.096
50.909743 306.921
50.930863 304.333
50.962159 304.472
51.03439 298.886
51.065782 296.88
51.098138 297.409
51.129477 297.872
51.191387 292.408
51.222726 293.435
51.25404 295.173
51.286436 294.322
51.317746 291.696
51.349053 290.644
51.380365 289.521
51.411703 293.288
51.444213 295.971
51.475568 300.178
51.506903 302.705
51.538308 303.485
51.569666 303.624
51.602041 300.244
51.633384 300.219
51.664686 302.534
51.696004 293.043
51.727323 291.384
51.759666 290.136
51.791056 295.545
51.822357 298.079
51.894436 296.398
51.915512 294.804
51.947877 302.48
51.97918 299.467
52.010479 293.398
52.04182 288.526
52.073262 289.927
52.105753 292.489
52.137162 295.016
52.239958 293.722
52.27128 296.245
52.302616 296.002
52.334944 294.431
52.366257 293.554
52.397571 295.492
52.428885 298.265
52.46022 301.015
52.492713 303.171
52.524047 304.94
52.55532 297.33
52.586625 295.83
52.638379 295.281
52.670709 293.246
52.702009 290.505
52.753706 288.283
52.785046 284.832
52.816318 286.188
52.848672 290.522
52.879961 294.438
52.911223 292.329
52.94252 293.182
52.973838 294.852
53.006262 303.972
53.037614 303.876
53.069024 295.763
53.100377 293.863
53.131747 289.774
53.164149 290.185
53.195487 293.601
53.226781 296.412
53.258106 290.906
53.289479 286.906
53.321936 286.113
53.353307 291.457
53.384647 291.29
53.41592 292.712
53.447221 291.643
53.479652 291.948
53.511066 291.778
53.542452 289.07
53.594336 287.749
53.625839 285.916
53.65852 287.193
53.689876 288.59
53.721256 290.744
53.77306 290.543
53.804408 294.681
53.836827 297.996
53.868152 295.899
53.899474 290.509
53.93081 289.867
53.96216 292.294
53.994673 303.98
54.026032 306.22
54.057467 307.587
54.088869 308.789
54.140674 308.428
54.173264 306.157
54.204606 301.742
54.235923 298.186
54.267241 295.769
54.298589 294.083
54.330951 294.049
54.362321 292.671
54.454973 290.166
54.486268 292.931
54.51761 293.194
54.550112 292.678
54.601889 290.185
54.633316 295.663
54.664738 301.368
54.69612 303.581
54.728613 305.973
54.75994 299.876
54.811735 300.842
54.873667 297.686
54.90503 302.19
54.937547 304.333
54.968919 302.669
55.000299 296.664
55.031673 296.61
55.063059 297.172
55.095548 300.604
55.127001 297.119
55.158484 294.349
55.18991 293.356
55.221256 290.619
55.253786 290.565
55.285144 294.42
55.316488 297.9
55.34788 301.408
55.379272 302.98
55.421924 299.143
55.45329 295.487
55.494847 292.711
55.526201 290.356
55.557568 289.222
55.589994 289.493
55.621314 287.287
55.693491 285.995
55.724861 288.344
55.756186 291.548
55.788734 294.875
55.820105 294.578
55.851481 290.398
55.882764 292.025
55.914131 297.799
55.946563 304.62
55.977859 304.919
56.009224 304.187
56.050858 300.115
56.082368 294.625
56.11488 295.432
56.146247 297.351
56.167357 299.165
56.219133 297.724
56.250505 295.325
56.282922 297.449
56.314239 297.438
56.355776 295.835
56.387099 294.695
56.41846 295.078
56.450924 296.623
56.482299 299.546
56.513639 296.678
56.545063 293.401
56.57639 294.168
56.608889 296.074
56.640209 296.623
56.67151 293.99
56.702806 291.138
56.73412 288.055
56.766535 289.315
56.797918 296.327
56.829307 299.419
56.860713 301.256
56.912453 296.972
56.944904 295.589
56.976289 292.704
57.017837 293.732
57.049269 291.3
57.080721 290.335
57.11318 290.399
57.144545 287.975
57.206518 287.324
57.237894 288.784
57.269269 292.619
57.30184 294.723
57.333286 294.064
57.385092 289.985
57.416403 293.39
57.44771 294.569
57.480238 301.208
57.511653 302.953
57.54303 297.077
57.574395 294.379
57.605811 293.755
57.638301 296.407
57.669671 305.138
57.700968 302.423
57.732318 296.635
57.763685 294.55
57.796167 294.71
57.827527 295.996
57.858892 293.848
57.910718 291.092
57.942033 285.741
57.974575 290.872
58.005946 291.408
58.037323 287.594
58.06867 284.19
58.100056 284.486
58.132546 288.768
58.163891 291.81
58.195182 292.37
58.226502 288.899
58.257822 287.777
58.29019 289.327
58.321513 293.654
58.352831 291.262
58.384197 290.205
58.415549 288.373
58.447983 290.369
58.479275 294.031
58.510612 297.844
58.541959 296.9
58.57335 291.727
58.605936 291.929
58.637368 293.154
58.668731 293.027
58.720493 292.05
58.751801 289.817
58.784333 292.108
58.815768 293.284
58.847105 292.316
58.888688 289.726
58.92005 291.861
58.952517 292.183
58.983872 292.921
59.025512 290.606
59.056882 288.598
59.088255 291.079
59.120647 295.069
59.151942 306.716
59.183236 305.431
59.214586 303.484
59.24594 304.979
59.278405 304.336
59.309801 305.974
59.341136 307.951
59.372418 300.905
59.403681 299.645
59.446243 298.992
59.467366 300.509
59.498689 300.327
59.540169 297.903
59.571444 295.863
59.603842 297.413
59.635161 295.374
59.66644 293.336
59.718079 289.089
59.749351 288.872
59.78167 293.815
59.812947 296.852
59.84421 291.88
59.875465 289.795
59.906744 288.723
59.939056 292.429
59.970306 290.921
60.032143 290.598
60.073677 289.034
60.10509 290.502
60.1376 295.334
60.169031 293.345
60.200311 292.146
60.231628 290.685
60.262965 292.874
60.295394 299.379
60.326751 298.262
60.358106 295.728
60.399582 289.739
60.430935 287.543
60.463338 287.59
60.494674 289.104
60.525981 289.701
60.598261 287.701
60.629703 295.152
60.662209 298.333
60.69355 297.059
60.735119 297.448
60.766401 298.221
60.797739 297.192
60.830251 295.428
60.881998 292.513
60.913377 293.263
60.954913 292.269
60.986234 292.102
61.018719 292.6
61.050071 291.413
61.091615 293.38
61.153637 291.229
61.174772 293.936
61.207262 293.481
61.279434 290.791
61.310744 292.39
61.34213 298.484
61.373506 303.676
61.4059 294.548
61.437283 291.825
61.468579 289.739
61.499912 290.56
61.531251 286.484
61.563672 288.727
61.595081 292.89
61.626488 291.638
61.66801 291.888
61.719902 291.573
61.752382 291.58
61.78369 290.719
61.835402 290.407
61.866697 286.713
61.898018 290.651
61.930443 288.244
61.992394 289.761
62.023669 290.901
62.05494 292.402
62.086313 301.04
62.118808 300.406
62.150214 297.787
62.181572 295.542
62.212903 298.36
62.24427 294.939
62.276705 290.019
62.307979 292.106
62.339277 290.883
62.401229 288.789
62.432587 287.719
62.465012 288.581
62.486123 287.049
62.558257 285.595
62.589636 284.548
62.621068 288.38
62.653565 284.237
62.715576 283.97
62.746939 285.529
62.778307 292.71
62.799449 296.25
62.831874 300.138
62.863175 300.192
62.894457 292.553
62.925679 294.14
62.956991 292.564
62.989322 292.635
63.020611 293.714
63.051919 293.899
63.093498 291.891
63.124889 290.834
63.157349 293.824
63.188701 290.431
63.219998 291.262
63.261564 290.77
63.292899 289.473
63.325302 292.79
63.356617 291.458
63.408349 288.988
63.439654 290.865
63.470994 296.739
63.513586 294.087
63.565401 292.285
63.596686 294.388
63.627989 295.622
63.659301 302.64
63.69174 302.596
63.723083 298.664
63.754385 296.938
63.775484 293.616
63.806846 296.995
63.839176 297.708
63.870489 300.814
63.901741 302.641
63.933061 298.819
63.964365 298.857
63.996768 298.365
64.028085 296.27
64.059391 293.021
64.121342 290.159
64.152655 289.013
64.185159 294.007
64.206315 291.028
64.258171 288.844
64.289643 284.807
64.321058 288.569
64.353489 291.098
64.384817 291.921
64.416112 289.473
64.447455 288.671
64.478764 290.172
64.511155 295.072
64.542501 296.81
64.573789 295.438
64.61534 292.586
64.64667 287.8
64.679208 289.384
64.710622 291.33
64.741968 291.472
64.773386 291.048
64.81499 289.455
64.847516 290.127
64.878878 287.905
64.920439 286.14
64.951743 282.841
64.983062 283.431
65.015487 290.065
65.046829 293.549
65.078157 293.265
65.109498 291.231
65.141001 292.62
65.173495 296.011
65.204878 300.782
65.236256 298.423
65.267649 296.687
65.299046 288.835
65.331549 289.715
65.362877 296.558
65.383989 299.131
65.415272 298.544
65.44659 298.469
65.479006 293.355
65.510403 295.988
65.541822 293.342
65.573211 291.096
65.604564 292.085
65.637043 290.12
65.66835 291.181
65.699664 286.802
65.761654 284.946
65.793039 284.824
65.825597 289.037
65.857006 287.233
65.93941 287.328
65.960513 291.801
65.991868 292.445
66.024237 290.885
66.086236 288.593
66.117605 292.155
66.159097 294.217
66.190398 297.298
66.222873 301.603
66.254165 298.925
66.285472 303.09
66.31682 299.524
66.358432 296.302
66.390873 298.627
66.422163 298.442
66.473907 294.949
66.505334 293.453
66.536687 291.063
66.569174 292.879
66.60056 295.232
66.672766 292.972
66.704117 292.617
66.735483 293.751
66.768109 301.64
66.799564 301.555
66.831022 299.06
66.862477 297.892
66.893868 302.752
66.926508 304.691
66.957854 306.927
66.989191 298.41
67.020532 295.488
67.051918 294.722
67.084426 292.893
67.115814 296.06
67.147161 296.992
67.17853 295.597
67.199629 292.645
67.232043 289.516
67.263371 291.896
67.294782 288.908
67.326149 288.827
67.357567 284.293
67.390061 283.44
67.421425 286.751
67.442615 286.275
67.525108 284.289
67.556486 286.072
67.589043 286.567
67.620443 286.601
67.66207 286.601
67.693467 288.769
67.724873 292.738
67.757374 290.01
67.798968 285.877
67.830283 284.803
67.851399 285.88
67.882724 292.02
67.915238 295.658
67.946602 294.193
67.977962 291.635
68.009335 289.385
68.040693 290.077
68.073164 288.003
68.094274 290.311
68.1256 287.799
68.167121 283.938
68.198448 282.467
68.230827 286.934
68.262203 290.946
68.293535 294.912
68.324822 291.911
68.35613 292.255
68.388581 293.106
68.419934 292.719
68.451247 287.827
68.482592 286.032
68.524192 282.475
68.556653 285.5
68.588029 288.05
68.619427 289.014
68.65087 288.352
68.682339 290.652
68.714799 299.033
68.746206 299.603
68.777655 301.721
68.80905 295.803
68.840418 295.628
68.872992 294.408
68.904362 295.599
68.935702 296.626
68.967021 295.57
68.998356 294.47
69.030779 293.233
69.062134 299.176
69.093538 297.445
69.124957 296.87
69.156377 295.205
69.188931 299.843
69.220302 303.268
69.251624 305.54
69.282979 302.896
69.314322 304.479
69.346705 304.725
69.378058 303.346
71.519662 282.32
71.551074 282.044
71.582447 279.474
71.614964 277.543
71.646311 279.229
71.677729 278.194
71.698817 278.8
71.730181 278.052
71.762642 279.36
71.793973 276.412
71.825317 278.827
71.856621 278.363
72.030783 279.402
72.063289 288.773
72.094628 288.573
72.125986 290.27
72.157337 296.246
72.188676 298.976
72.221249 306.447
72.262814 301.998
72.304417 298.103
72.336004 294.225
72.367429 294.723
72.39987 297.151
72.431175 301.501
72.46249 305.899
72.493893 308.427
72.525388 310.743
72.558023 309.322
72.589392 307.759
72.620713 305.381
72.672428 298.454
72.703771 298.634
72.72601 296.712
72.757294 297.224
72.788563 291.046
72.830048 292.099
72.871545 294.045
72.903886 295.061
72.935156 293.461
72.966418 291.31
72.997639 288.785
73.028911 290.573
73.061358 293.927
73.092745 288.475
73.144463 285.83
73.175718 283.987
73.207031 287.887
73.239453 293.512
73.270708 291.427
73.30198 289.739
73.333276 286.326
73.364612 288.933
73.397002 290.539
73.428316 299.104
73.459654 301.052
73.501206 294.92
73.532558 288.485
73.564925 290.615
73.596248 296.805
73.627521 293.619
73.658824 290.853
73.690283 293.359
73.72284 292.175
73.75418 291.837
73.785474 289.121
73.816753 289.489
73.848066 291.5
73.890666 291.896
73.921969 292.273
73.953305 291.197
74.015318 291.002
74.046701 292.483
74.079313 299.455
74.110682 296.102
74.162463 293.834
74.193805 298.051
74.22517 306.172
74.257751 310.064
74.289072 308.83
74.320364 309.882
74.351676 311.558
74.382991 312.623
74.415354 313.415
74.446656 311.322
74.477963 306.386
74.509315 298.54
74.540638 294.026
74.56288 291.349
74.594275 293.826
74.625657 294.941
74.657015 293.686
74.688385 290.837
74.720965 289.048
74.752338 289.569
74.783666 287.236
74.835489 286.232
74.866869 285.167
74.899317 287.018
74.930609 287.818
74.992573 283.286
75.023916 282.347
75.055245 287.067
75.087692 287.958
75.149723 286.1
75.18111 287.627
75.212462 295.07
75.264222 298.76
75.296651 299.335
75.327972 300.774
75.359328 301.251
75.390645 299.74
75.421957 297.581
75.45441 300.676
75.485779 296.876
75.537629 296.569
75.569022 298.774
75.600383 300.265
75.632878 303.149
75.664229 299.363
75.695563 296.645
75.726865 292.401
75.758207 290.824
75.790616 292.744
75.821933 299.64
75.853266 292.877
75.894842 290.599
75.926184 288.97
75.958548 295.471
75.989891 298.405
76.021177 303.811
76.052457 303.833
76.083798 307.429
76.116202 309.294
76.147544 304.601
76.178885 302.084
76.210194 298.789
76.241537 290.494
76.274031 291.152
76.305421 293.259
76.33676 291.888
76.388515 287.615
76.419842 289.43
76.452257 291.198
76.483596 289.469
76.545545 287.209
76.57683 285.827
76.608205 289.606
76.640603 293.437
76.671917 292.426
76.703232 288.548
76.734585 289.783
76.765953 292.304
76.788107 295.407
76.819463 297.764
76.850789 296.948
76.882164 295.441
76.913532 292.381
76.946009 291.209
76.977369 292.752
77.008689 292.686
77.070674 290.661
77.102066 288.332
77.135061 288.408
77.166484 286.691
77.197946 284.729
77.239566 282.972
77.270987 285.889
77.293385 286.417
77.324822 285.222
77.3766 284.092
77.407938 284.474
77.439355 295.953
77.471818 299.503
77.50321 295.971
77.534595 288.195
77.565959 288.269
77.587141 290.318
77.619585 290.097
77.650931 298.299
77.682251 296.999
77.744128 295.301
77.77551 296.311
77.808004 297.116
77.839343 295.351
77.870662 293.932
77.902047 292.519
77.93344 291.161
77.965916 295.117
77.997275 296.865
78.079725 291.451
78.111089 291.201
78.142449 294.452
78.174912 295.558
78.206333 290.234
78.237772 289.792
78.269206 292.165
78.300645 296.671
78.333099 305.598
78.364433 310.048
78.395849 307.532
78.447633 304.001
78.479006 304.154
78.511463 302.296
78.542788 298.394
78.584472 296.173
78.61584 291.601
78.647238 289.782
78.679795 291.72
78.711196 289.253
78.742583 289.916
78.784201 289.451
78.815559 292.585
78.848087 296.755
78.879404 294.947
78.910693 293.708
78.942011 288.555
78.97338 291.86
79.005835 290.683
79.03721 291.159
79.109457 290.006
79.14081 289.324
79.172242 292.421
79.204876 293.692
79.236225 291.543
79.267535 287.034
79.298879 288.379
79.330217 289.597
79.352445 294.684
79.383758 303.199
79.415083 303.58
79.446379 302.861
79.477772 298.064
79.51041 297.798
79.541835 298.732
79.573241 298.73
79.604669 299.69
79.646212 299.086
79.678707 299.248
79.710083 298.218
79.741461 291.991
79.772845 289.784
79.804199 288.211
79.836669 289.604
79.868043 292.226
79.899406 289.571
79.941045 285.232
79.962139 284.174
79.994552 287.578
80.025874 294.167
80.057218 292.339
80.09881 289.767
80.130181 286.972
80.162708 288.432
80.194114 292.212
80.225513 295.025
80.256791 292.262
80.288174 290.129
80.320598 290.909
80.35209 295.291
80.38346 295.427
80.435309 287.9
80.466707 286.846
80.499214 291.833
80.530645 290.885
80.592641 289.846
80.62399 289.078
80.655319 289.505
80.687756 287.192
80.739547 285.486
80.770913 284.706
80.802373 286.338
80.833854 288.422
80.866451 293.33
80.897783 295.895
80.929138 292.893
80.960466 290.159
81.012272 288.116
81.044844 291.552
81.076303 292.648
81.107664 287.786
81.139047 286.965
81.170442 287.654
81.202995 290.747
81.234321 294.358
81.265632 291.478
81.297045 289.627
81.328406 289.769
81.360844 291.949
81.392151 296.624
81.423456 293.313
81.454756 289.852
81.486116 290.646
81.518649 292.137
81.550053 292.796
81.581367 290.389
81.612713 289.408
81.644027 287.286
81.676457 287.736
81.707755 290.154
81.739066 287.702
81.780561 289.289
81.81194 286.85
81.844413 289.571
81.875774 290.399
81.907084 288.652
81.938388 289.589
81.990139 288.18
82.012416 290.329
82.043743 288.58
82.085288 289.413
82.116593 288.86
82.147912 289.306
82.180277 291.565
82.211588 294.957
82.242952 290.259
82.274282 294.136
82.315906 296.308
82.348622 299.625
82.379969 294.923
82.411351 290.763
82.442632 288.208
82.473929 286.102
82.506444 289.149
82.537749 293.363
82.56907 294.316
82.62078 290.152
82.652149 292.077
82.684571 294.383
82.715956 296.359
82.747274 296.986
82.809383 291.121
82.840699 296.086
82.873215 294.463
82.965716 291.406
82.986856 293.454
83.018137 298.794
83.049491 295.405
83.082006 296.181
83.123556 291.882
83.154905 293.744
83.186203 298.842
83.217573 295.334
83.249948 297.538
83.281245 296.315
83.312561 295.432
83.343803 293.305
83.375064 290.45
83.407498 288.378
83.438761 292.402
83.470125 290.254
83.501502 285.813
83.532847 281.388
83.565324 283.733
83.596699 286.029
83.628021 285.844
83.679731 287.176
83.711066 288.239
83.743474 289.56
83.774796 288.159
83.826516 286.442
83.85782 285.971
83.88914 288.15
83.921486 284.043
84.00383 281.288
84.035214 281.633
84.056383 286.194
84.087808 296.338
84.120235 295.454
84.151618 292.154
84.182996 292.205
84.214365 295.061
84.245721 294.365
84.288384 295.897
84.319757 294.868
84.351144 294.636
84.382508 292.048
84.413895 293.801
84.446394 294.684
84.477668 297.136
84.549842 294.557
84.581185 288.832
84.612587 291.169
84.645035 297.722
84.676401 301.727
84.707681 358.939
84.85132 351.303
84.882743 346.527
84.915274 336.892
84.946596 332.817
84.977906 327.993
85.009272 326.235
85.040581 319.631
85.124059 315.172
85.155369 315.16
85.186709 317.522
85.218029 331.413
85.280034 322.992
85.312381 320.201
85.343718 320.564
85.375017 314.557
85.406294 309.703
85.437606 307.988
85.469949 307.956
85.501278 303.916
85.55303 301.475
85.584336 304.864
85.615701 303.97
85.648128 300.752
85.679419 299.501
85.710708 297.529
85.741985 294.147
85.773374 297.615
85.805766 300.676
85.837198 299.102
85.868507 296.398
85.920316 293.606
85.951725 295.209
85.984153 300.684
86.015548 303.446
86.046876 299.588
86.078151 297.519
86.109462 297.296
86.141907 299.43
86.173202 296.503
86.204478 296.194
86.235727 295.861
86.26706 295.143
86.299587 293.843
86.330842 294.342
86.362155 291.886
86.39345 289.764
86.434933 288.164
86.457177 290.766
86.488489 292.656
86.519847 289.572
86.581779 285.829
86.613233 287.299
86.645574 289.27
86.676839 287.084
86.708079 285.733
86.739368 289.782
86.770684 291.474
86.803074 290.657
86.834269 289.616
86.886001 288.179
86.917323 287.434
86.948667 285.494
86.98107 289.089
87.012403 288.667
87.064237 288.177
87.095594 291.543
87.126907 293.466
87.159261 297.497
87.190518 299.439
87.221807 297.933
87.253065 296.859
87.28441 297.34
87.316728 302.987
87.348002 305.116
87.379299 303.703
87.410604 300.574
87.441989 293.95
87.4745 293.839
87.505798 297.553
87.537173 295.991
87.568427 292.769
87.599722 291.878
87.632043 291.966
87.663319 291.792
87.694619 292.566
87.725861 292.611
87.75717 288.696
87.789741 292.436
87.821143 292.072
87.852487 292.576
87.924687 290.738
87.956135 291.224
87.988613 294.987
88.019901 294.059
88.051155 292.896
88.082395 293.72
88.113696 292.955
88.146038 292.314
88.177355 293.12
88.239271 293.413
88.270495 292.811
88.301845 290.737
88.334219 290.947
88.365509 288.396
88.396795 286.577
88.428104 289.033
88.459319 289.05
88.491798 292.47
88.523108 296.927
88.554423 295.771
88.585696 287.484
88.617027 290.31
88.659501 291.997
88.69082 288.939
88.72211 287.054
88.753381 283.681
88.78471 283.151
88.817149 286.367
88.848415 286.857
88.879677 288.156
88.951758 287.228
88.983079 289.854
89.015486 290.189
89.046834 290.487
89.078218 291.291
89.109679 290.594
89.141152 292.856
89.173641 304.863
89.204929 310.151
89.236142 308.83
89.267422 296.833
89.298697 297.794
89.331076 297.276
89.362403 299.494
89.393744 301.552
89.425126 300.447
89.45645 300.283
89.499207 296.585
89.530514 296.647
89.561834 296.95
89.593076 292.596
89.624378 292.035
89.656712 292.035
89.687943 291.9
89.719191 289.171
89.770955 287.557
89.792023 287.791
89.824266 292.704
89.85542 292.408
89.886679 290.179
89.928071 287.963
89.959297 289.598
89.991632 292.538
90.022925 300.796
90.054129 297.17
90.08543 293.825
90.116732 295.303
90.149234 298.976
90.180489 298.109
90.211665 296.459
90.242873 295.05
90.274152 291.776
90.306423 291.367
90.337688 293.004
90.3689 294.272
90.45116 293.67
90.482514 299.97
90.514885 300.453
90.546152 295.72
90.577425 293.774
90.6087 293.25
90.639995 295.96
90.672436 295.556
90.74457 293.67
90.775941 291.507
90.807381 292.581
90.838755 294.044
90.871169 297.391
90.902522 293.755
90.933839 293.431
90.965208 295.328
90.996504 288.319
91.028932 290.23
91.060286 292.8
91.081325 292.985
91.112637 293.427
91.154201 292.862
91.18663 293.486
91.217866 295.305
91.249182 292.732
91.290695 290.699
91.322026 289.242
91.354527 290.705
91.385843 290.734
91.417146 291.217
91.458746 289.8
91.490101 287.651
91.522542 290.936
91.553797 288.917
91.625978 288.153
91.657275 290.317
91.688651 295.91
91.720943 301.245
91.75221 297.639
91.783535 295.382
91.814851 294.425
91.846103 298.193
91.878478 304.182
91.909776 306.264
91.941104 305.384
91.972351 302.535
92.003677 298.502
92.036094 297.003
92.067375 296.975
92.098596 294.659
92.150153 290.239
92.181316 290.508
92.213538 290.874
92.244787 293.013
92.275949 293.613
92.317373 293.33
92.348552 292.0
92.38074 299.287
92.411953 298.845
92.453322 298.537
92.494696 296.401
92.525926 297.338
92.558323 296.385
92.589709 297.744
92.64141 295.837
92.672643 297.93
92.703777 297.056
92.736076 301.848
92.767302 299.596
92.808698 298.579
92.839953 298.798
92.871256 303.571
92.903555 308.115
92.934777 308.342
92.965974 305.362
92.997184 304.332
93.028411 301.198
93.060733 303.621
93.092129 299.07
93.123241 295.625
93.174762 292.387
93.205953 293.942
93.24834 296.661
93.279676 296.645
93.310817 296.539
93.341963 293.84
93.373147 295.328
93.405523 298.571
93.436634 295.496
93.467767 292.58
93.498969 289.95
93.530229 286.644
93.562506 287.053
93.583523 294.739
93.614735 296.302
93.666254 296.194
93.707847 298.375
93.740142 295.468
93.771265 295.904
93.853433 291.47
93.884663 292.419
93.915826 292.917
93.948179 290.644
94.009845 289.178
94.041073 291.342
94.072312 295.795
94.103493 298.858
94.135535 306.387
94.166741 304.9
94.197915 304.849
94.229119 306.388
94.260308 310.415
94.29269 303.519
94.323928 302.72
94.35512 303.671
94.417057 298.719
94.448208 298.399
94.480524 297.83
94.511689 294.838
94.553081 288.294
94.584286 286.144
94.615531 289.538
94.64781 292.633
94.679115 291.519
94.710278 291.145
94.741617 290.968
94.772775 292.063
94.80521 296.948
94.836533 296.984
94.867642 293.743
94.909176 290.987
94.940369 290.901
94.972544 292.783
95.003974 292.457
95.035376 289.851
95.066462 287.887
95.09779 290.16
95.130099 294.299
95.161404 291.796
95.202782 287.648
95.23396 285.803
95.265143 284.027
95.297429 287.003
95.328618 295.496
95.359772 295.519
95.390965 292.576
95.422172 291.377
95.454479 293.682
95.485668 292.836
95.516939 291.671
95.548288 290.535
95.579511 286.855
95.61202 286.292
95.643273 289.942
95.674418 287.928
95.705589 288.982
95.736896 286.48
95.76917 290.507
95.810464 296.147
95.84161 295.462
95.87275 297.29
95.903919 290.299
95.936187 293.549
95.967362 295.048
95.998514 293.516
96.039957 295.61
96.09154 292.925
96.123868 294.741
96.154931 289.864
96.18608 287.564
96.217234 285.206
96.248444 286.654
96.280753 287.762
96.312241 286.093
96.373994 284.13
96.405144 285.081
96.436375 285.577
96.468762 289.368
96.499964 288.64
96.551591 288.437
96.582828 290.651
96.614175 293.704
96.646456 297.566
96.677708 294.38
96.729315 292.125
96.760554 294.348
96.791748 296.592
96.82409 301.009
96.855538 300.715
96.886723 297.69
96.917912 294.822
96.949124 294.661
96.981395 295.908
97.012589 303.651
97.043715 303.071
97.11561 299.399
97.146795 293.937
97.179039 294.759
97.210175 291.874
97.241412 289.787
97.27266 285.88
97.303803 288.99
97.336185 289.72
97.367335 285.409
97.418872 283.844
97.450029 286.95
97.481209 289.144
97.513425 292.727
97.544645 289.697
97.596254 289.232
97.62748 290.879
97.658606 294.102
97.690903 297.925
97.722073 294.71
97.77362 291.686
97.804834 288.502
97.835992 293.804
97.868405 299.936
97.8995 303.716
97.95116 313.184
98.023027 315.778
98.054228 323.435
98.086447 319.724
98.158391 308.638
98.189533 308.926
98.220913 307.044
98.25212 310.595
98.294535 305.957
98.32573 301.203
98.377294 299.144
98.439069 305.53
98.49063 308.943
98.563529 306.682
98.594909 306.855
98.636263 307.044
98.667423 313.216
98.698632 307.89
98.761504 304.951
98.792768 311.851
98.834108 306.969
98.865317 308.547
98.896522 303.38
98.928793 307.668
98.970147 302.3
99.001367 300.46
99.052952 302.82
99.09431 310.111
99.167361 302.696
99.1986 304.658
99.240018 299.226
99.2713 305.375
99.302548 302.548
99.446728 299.839
99.47785 310.011
99.529477 309.616
99.56063 312.972
99.591822 317.705
99.654638 318.363
99.68582 308.196
99.717011 304.881
99.748376 308.875
99.789718 310.589
99.822016 314.309
99.863423 311.334
99.894617 306.975
99.925788 304.615
99.956998 309.028
99.999412 310.558
100.030616 321.017
