1e-06 318.274
0.031772 317.424
0.063427 316.966
0.095191 312.325
0.126777 308.912
0.158284 303.375
0.190003 298.002
0.221717 295.085
0.253423 292.608
0.285102 292.657
0.316775 291.141
0.419884 292.404
0.451546 290.023
0.483169 290.042
0.514739 294.503
0.546445 292.151
0.578224 291.639
0.609741 288.65
0.692252 284.92
0.723938 286.5
0.755618 287.466
0.787317 288.804
0.819004 288.861
0.850666 288.228
0.882376 287.833
0.914146 288.431
0.94593 283.116
0.977621 283.823
1.009241 280.786
1.051188 280.375
1.082964 284.01
1.11473 286.256
1.14644 286.909
1.178174 286.923
1.209813 288.675
1.241513 286.452
1.273199 285.855
1.304969 285.617
1.336563 285.565
1.368253 284.956
1.399978 284.41
1.431658 283.886
1.463217 284.481
1.494832 285.12
1.526472 284.728
1.558126 283.73
1.589709 282.035
1.621282 282.596
1.652916 284.123
1.684514 282.982
1.716119 281.831
1.747853 280.998
1.779399 281.303
1.810961 283.603
1.842617 282.554
1.874292 282.588
1.905992 280.505
1.937666 280.183
1.969135 281.86
2.000696 279.853
2.032319 279.892
2.063998 279.628
2.095366 280.057
2.126906 279.059
2.158499 281.236
2.190146 279.565
2.221723 279.905
2.253239 279.561
2.284952 280.218
2.316674 278.633
2.348378 277.882
2.379993 277.487
2.411603 276.455
2.443259 275.1
2.474984 274.095
2.506597 269.474
2.53829 270.258
2.569719 273.509
2.601128 274.714
2.632779 275.709
2.664514 274.946
2.696242 275.149
2.727856 274.728
2.759497 274.323
2.791162 273.866
2.822656 275.207
2.854326 274.449
2.886009 273.39
2.917455 274.286
2.949129 274.76
2.980835 274.192
3.012454 274.174
3.044004 274.754
3.075746 275.125
3.107396 275.392
3.13906 273.109
3.170728 271.329
3.202431 272.445
3.234139 278.31
3.26591 273.189
3.297604 273.433
3.329022 273.316
3.360409 271.564
3.391947 272.927
3.423806 271.105
3.455626 270.457
3.487352 271.277
3.519024 271.5
3.550803 270.863
3.582483 270.655
3.614073 269.763
3.645711 269.831
3.677417 268.37
3.709104 267.714
3.740723 268.147
3.772458 268.221
3.804154 274.434
3.835784 271.065
3.86733 270.13
3.898763 273.614
3.930325 270.826
3.961931 274.148
3.993433 269.798
4.024995 270.391
4.056412 270.49
4.087735 269.534
4.11909 269.623
4.15082 269.054
4.182457 271.88
4.214031 267.629
4.245476 270.381
4.276969 267.841
4.308561 269.571
4.340435 269.857
4.372003 267.967
4.403606 267.846
4.435206 266.797
4.466818 269.519
4.498649 268.941
4.530347 266.246
4.561934 266.301
4.593593 268.253
4.625218 268.518
4.656924 268.463
4.688834 268.003
4.720586 267.975
4.752344 270.553
4.784053 269.682
4.815851 268.096
4.847453 267.792
4.879225 267.466
4.910863 268.825
4.942638 268.895
4.974392 268.739
5.006163 267.071
5.037946 267.647
5.069614 269.16
5.101317 267.335
5.1331 268.221
5.164885 270.952
5.196535 266.847
5.228296 267.188
5.26013 266.231
5.291911 271.459
5.333871 269.157
5.365588 266.649
5.397336 266.063
5.429001 267.569
5.460661 267.96
5.492399 268.776
5.524136 269.56
5.55585 268.588
5.587562 269.478
5.619229 269.473
5.650924 266.554
5.682621 268.462
5.714063 269.571
5.74549 268.851
5.777183 267.848
5.798788 266.228
5.830504 267.352
5.862193 265.764
5.893791 266.809
5.925412 265.95
5.957027 266.043
5.988782 265.517
6.020319 266.76
6.051715 271.521
6.083383 267.072
6.115154 266.839
6.146866 265.563
6.178424 266.78
6.210115 266.784
6.241808 268.021
6.273478 266.628
6.305219 265.989
6.337046 267.826
6.368871 265.817
6.400667 266.151
6.432433 266.937
6.46419 264.96
6.495886 265.5
6.527513 265.857
6.559033 265.381
6.590709 265.496
6.622453 265.553
6.654173 266.062
6.685943 265.409
6.71757 266.167
6.749244 266.099
6.780957 266.579
6.812748 265.915
6.844477 267.916
6.876184 267.088
6.907899 265.993
6.939568 268.939
6.971398 265.692
7.003198 266.406
7.034997 264.669
7.066569 265.022
7.098199 265.299
7.129989 269.344
7.161732 265.805
7.193462 266.209
7.225188 267.254
7.256947 266.759
7.288666 265.65
7.320481 266.949
7.352255 266.053
7.383997 265.892
7.415772 270.104
7.447689 268.515
7.479526 266.904
7.511366 266.591
7.543289 266.519
7.575172 269.179
7.606999 267.87
7.639028 265.775
7.670842 266.352
7.702638 265.73
7.734426 273.124
7.766256 265.519
7.798004 265.718
7.82973 265.401
7.861489 266.607
7.893234 266.027
7.92513 266.747
7.956925 266.075
7.988726 266.272
8.02056 266.945
8.052472 266.491
8.084337 266.812
8.116173 266.188
8.148015 268.082
8.179836 266.603
8.211761 266.548
8.243574 267.963
8.275512 268.186
8.30741 266.419
8.339288 276.361
8.371115 267.222
8.403072 267.11
8.434933 265.279
8.46677 264.516
8.498607 267.909
8.530414 265.134
8.56224 265.659
8.594063 268.938
8.615702 266.253
8.647595 275.244
8.679557 267.734
8.711469 266.387
8.743388 267.067
8.77521 267.711
8.807144 266.406
8.839063 278.687
8.870872 288.118
8.902649 266.822
8.934476 270.589
8.966287 266.434
8.998112 270.275
9.019689 288.068
9.051462 290.782
9.083214 302.965
9.115009 437.316
9.228547 398.903
9.260438 303.262
9.292243 320.313
9.324119 271.504
9.355949 267.56
9.38785 270.719
9.419674 268.787
9.451551 268.558
9.524309 267.189
9.556171 269.44
9.588121 272.198
9.620038 274.572
9.651867 266.84
9.683769 273.191
9.715768 268.858
9.747637 268.928
9.77963 266.504
9.811495 327.509
9.884208 288.305
9.916008 287.757
9.947897 277.264
9.979725 308.212
10.011617 291.588
10.043453 291.196
10.075461 276.024
10.107357 268.794
10.139225 268.939
10.171052 268.845
10.294863 267.606
10.316418 266.996
10.348289 269.434
10.380072 265.65
10.41182 267.754
10.443652 266.476
10.475594 267.286
10.507488 266.617
10.53936 273.043
10.571239 269.189
10.603094 271.076
10.634954 288.168
10.66679 293.175
10.698599 315.875
10.730404 303.858
10.762293 291.741
10.794183 288.581
10.83626 292.278
10.868054 329.852
10.910075 323.332
10.94183 326.573
10.973529 369.572
11.005204 293.334
11.036986 289.928
11.180997 267.984
11.212716 277.333
11.244519 281.482
11.27631 269.115
11.308192 272.636
11.340095 270.832
11.371853 282.805
11.403603 269.041
11.435417 270.753
11.46739 305.443
11.499125 288.296
11.530966 530.532
11.848292 515.421
11.880087 510.225
11.911889 515.847
11.943624 953.527
12.37293 961.416
12.40473 559.744
12.436532 483.274
12.46837 456.652
12.500154 424.471
12.817352 384.896
12.849251 406.831
12.881048 432.916
12.912873 475.286
12.95485 477.174
12.986558 537.194
13.028515 480.316
13.060307 471.207
13.092103 542.391
13.154593 544.534
13.186325 509.794
13.289458 271.672
13.321258 292.867
13.353151 306.003
13.384906 317.179
13.416626 290.135
13.448405 266.101
13.469992 266.529
13.501781 268.937
13.533621 268.96
13.565355 293.793
13.597151 312.371
13.629004 317.735
13.660772 273.506
13.692571 278.025
13.724608 285.609
13.756446 294.383
13.788282 305.356
13.820012 311.055
13.851882 347.397
13.883781 307.552
13.915603 298.612
13.947404 314.402
13.9793 322.108
14.011126 309.505
14.042932 275.938
14.074822 288.843
14.106617 274.971
14.13837 307.178
14.170141 310.439
14.20193 279.594
14.233707 273.065
14.29609 285.439
14.327913 296.409
14.359671 342.978
14.391445 351.433
14.423288 357.048
14.455405 328.759
14.487284 338.213
14.519052 324.861
14.550837 292.3
14.592872 295.35
14.624746 307.342
14.656625 308.231
14.688453 308.671
14.720379 281.961
14.752148 296.505
14.784022 295.954
14.815826 305.523
14.868091 297.389
14.89998 298.021
14.931862 299.761
14.963713 267.146
14.99559 285.904
15.027413 274.611
15.05923 280.38
15.091027 284.817
15.122735 269.619
15.154526 274.298
15.186157 267.443
15.217921 267.473
15.249628 265.912
15.281351 270.75
15.313034 269.391
15.344762 266.263
15.376593 267.216
15.408343 272.166
15.440092 282.405
15.471835 340.986
15.52404 307.62
15.555916 299.002
15.587698 313.491
15.619562 318.95
15.651539 280.144
15.72406 275.281
15.755934 289.664
15.787836 301.848
15.819528 280.027
15.85134 279.158
15.883162 349.953
15.935365 360.773
15.967234 353.779
15.98883 303.042
16.020601 285.9
16.113582 288.274
16.145252 296.299
16.207511 289.348
16.239246 283.576
16.271023 270.023
16.302731 268.928
16.334481 268.583
16.366191 272.431
16.397834 269.861
16.429508 268.471
16.451065 267.819
16.482816 268.626
16.51453 276.119
16.546167 298.724
16.577913 301.889
16.609829 309.391
16.641607 315.171
16.663255 308.54
16.694982 297.136
16.726773 290.657
16.789192 282.485
16.820915 274.796
16.852686 290.637
16.884445 306.895
16.916186 323.261
16.947994 287.901
16.979831 269.941
17.01157 270.488
17.043324 294.602
17.07518 269.111
17.106949 270.205
17.138797 270.673
17.231835 277.373
17.263697 296.83
17.295486 303.581
17.327344 303.436
17.359128 342.992
17.390955 356.89
17.422691 293.78
17.454462 304.822
17.588298 268.058
17.620066 345.924
17.733494 373.745
17.76524 387.632
17.796969 349.315
17.828671 315.642
17.860383 309.207
18.044774 267.967
18.076535 265.539
18.108394 270.339
18.140141 280.16
18.171958 273.804
18.203804 290.532
18.235625 283.913
18.267437 307.342
18.299098 317.878
18.330909 314.414
18.362715 317.715
18.537041 346.252
18.568801 374.103
18.600457 374.846
18.632388 314.593
18.664136 298.266
18.80818 274.751
18.83989 271.2
18.871689 277.806
18.90354 285.99
18.935319 292.013
18.967029 312.196
18.998862 312.002
19.030611 317.157
19.062425 341.334
19.09415 358.629
19.126042 331.21
19.157829 278.691
19.271319 289.837
19.303109 279.678
19.334871 285.958
19.366496 283.892
19.398177 280.397
19.429987 285.897
19.461644 289.79
19.4934 286.735
19.565829 285.801
19.597611 278.596
19.61917 291.117
19.650739 331.321
19.692719 346.663
19.714405 359.908
19.746164 341.753
19.777952 412.287
19.840244 371.89
19.871961 363.523
19.903722 325.881
20.006693 277.332
20.038488 269.003
20.07007 295.059
20.101771 270.072
20.133464 267.183
20.165131 266.497
20.196826 266.023
20.228557 269.292
20.260249 269.674
20.29194 268.001
20.323766 267.048
20.355488 267.125
20.387125 281.572
20.418593 283.517
20.450081 320.424
20.49227 288.663
20.524085 309.785
20.555863 326.324
20.587614 346.237
20.619427 312.315
20.641024 310.494
20.672797 277.395
20.775798 270.994
20.807595 286.327
20.839354 300.427
20.871092 275.861
20.902808 329.401
20.954883 345.432
20.986574 353.684
21.018336 370.015
21.050152 327.542
21.081846 274.057
21.154419 286.888
21.186154 290.633
21.217843 317.081
21.249551 319.622
21.281426 296.717
21.31321 271.464
21.344912 272.15
21.376692 285.954
21.408755 283.523
21.430271 285.65
21.462072 288.807
21.493945 275.268
21.556263 296.343
21.587997 299.139
21.619782 308.69
21.651592 294.637
21.68318 292.864
21.714919 299.651
21.746587 296.399
21.778262 287.694
21.80996 303.092
21.841559 307.085
21.87327 277.632
21.904929 274.585
21.936655 276.159
21.968457 288.094
22.00012 329.495
22.041908 334.713
22.073631 310.262
22.095203 300.725
22.126993 299.958
22.158719 278.072
22.190491 284.923
22.222299 307.209
22.25401 323.748
22.285914 308.644
22.317646 309.564
22.349371 274.607
22.381057 287.662
22.484104 365.004
22.515877 341.681
22.547657 269.684
22.579419 276.105
22.611028 293.275
22.642722 286.532
22.664221 278.351
22.695949 267.859
22.758229 267.956
22.789966 264.439
22.821713 265.283
22.853382 264.986
22.885087 266.034
22.916898 269.376
22.948665 267.223
22.980489 271.601
23.012317 268.448
23.044103 271.716
23.075825 270.212
23.107655 270.237
23.139447 269.049
23.171273 277.867
23.203053 283.234
23.234869 301.539
23.266671 283.466
23.318881 284.74
23.350664 314.433
23.382434 333.598
23.41418 335.797
23.445961 347.718
23.477776 361.053
23.509532 372.298
23.541342 351.886
23.562899 342.012
23.615067 335.396
23.677499 302.731
23.709266 289.469
23.740955 275.473
23.793098 293.679
23.82486 297.198
23.856599 341.183
23.88838 288.875
23.92009 292.195
23.951883 301.809
23.98371 288.885
24.015552 278.476
24.047297 337.268
24.099517 283.97
24.131368 279.982
24.193737 287.078
24.22548 310.189
24.257217 326.012
24.288912 296.674
24.320682 312.788
24.352465 271.374
24.384249 269.426
24.416022 269.662
24.508895 271.221
24.540696 272.895
24.572477 267.954
24.604279 268.08
24.63608 268.978
24.66789 282.989
24.699665 289.858
24.731403 278.314
24.763211 281.769
24.794963 276.075
24.826694 297.297
24.858466 281.238
24.89019 280.508
24.983178 283.4
25.015074 291.135
25.046932 294.865
25.078778 323.695
25.110631 390.618
25.152674 357.745
25.184499 313.171
25.216361 307.191
25.299212 280.095
25.330975 283.16
25.362823 269.274
25.394656 269.666
25.426463 269.462
25.458263 280.612
25.490138 285.758
25.521995 329.11
25.574147 328.468
25.60596 281.801
25.637735 279.421
25.700098 283.37
25.721699 291.004
25.753452 301.535
25.785171 304.681
25.816855 298.351
25.848612 295.871
25.880324 268.399
25.912095 278.606
25.933698 285.336
25.965389 287.24
25.997046 288.917
26.028776 284.279
26.060582 271.214
26.102532 274.761
26.134328 281.045
26.166117 304.805
26.197835 297.415
26.229549 282.622
26.261394 322.33
26.293179 294.808
26.324952 291.36
26.417911 281.994
26.449673 286.831
26.481184 310.961
26.512751 307.799
26.544445 295.202
26.576051 304.172
26.607909 288.192
26.639522 290.045
26.742304 317.817
26.77391 299.696
26.805234 284.476
26.836525 301.652
26.868223 281.342
26.900061 274.802
26.931634 301.463
26.963246 291.936
26.994927 304.095
27.026319 299.322
27.088654 272.838
27.120194 275.267
27.151871 289.638
27.183688 295.445
27.215396 305.423
27.247037 286.097
27.278745 283.394
27.371492 272.735
27.403221 277.66
27.434977 291.565
27.466675 305.644
27.498354 317.491
27.530044 440.482
27.632988 399.886
27.664908 347.294
27.696629 337.245
27.9012 269.757
27.932953 266.11
27.964751 268.642
27.996364 267.425
28.028063 274.555
28.059917 267.747
28.091626 266.001
28.123373 274.341
28.155099 319.016
28.186876 326.89
28.218676 308.833
28.250524 309.51
28.282264 320.238
28.31401 312.868
28.345445 274.825
28.377003 290.935
28.408536 304.552
28.440245 305.679
28.471976 305.345
28.503653 288.733
28.759256 272.017
28.791001 269.864
28.822696 269.162
28.854393 267.236
28.885927 268.693
28.917632 267.399
28.94928 268.538
28.980886 271.1
29.012622 272.993
29.044386 268.883
29.086291 268.909
29.117978 270.884
29.149535 268.289
29.181012 270.972
29.21274 270.298
29.2445 269.785
29.27623 269.871
29.308053 274.217
29.339781 271.84
29.361298 266.195
29.43377 275.432
29.465517 277.725
29.49728 294.519
29.529121 283.397
29.561022 284.37
29.592731 327.669
29.624469 294.25
29.656257 305.764
29.688036 337.663
29.7199 323.486
29.751669 309.542
29.803886 295.322
29.835644 301.871
29.857114 343.998
29.888783 318.595
29.920257 282.987
29.951876 302.743
29.983528 305.519
30.015201 334.326
30.046927 311.051
30.07865 291.224
30.201906 280.799
30.23352 289.836
30.265102 302.438
30.296551 318.423
30.328327 308.113
30.34991 320.027
30.381545 338.136
30.413147 356.721
30.444763 348.947
30.476495 381.673
30.508166 349.887
30.539888 278.678
30.591914 287.346
30.623761 271.978
30.655437 270.35
30.687117 271.75
30.71845 273.159
30.749973 280.196
30.781709 271.281
30.813397 270.329
30.845121 278.402
30.876916 288.732
30.898408 296.237
30.930165 273.814
30.961679 281.405
30.993358 275.733
31.024972 300.721
31.056569 292.529
31.088248 287.628
31.119984 276.673
31.192352 273.088
31.224057 283.318
31.255767 285.143
31.287345 325.227
31.318944 304.029
31.340352 313.756
31.371943 333.023
31.403604 321.552
31.435244 272.973
31.466747 278.289
31.498143 285.526
31.529496 291.897
31.561343 311.422
31.582875 365.818
31.634905 307.44
31.666261 269.029
31.697679 270.183
31.729404 271.654
31.761119 274.562
31.792744 279.217
31.824242 281.48
31.855692 277.126
31.917954 285.25
31.949535 298.113
31.981189 310.222
32.01283 322.118
32.044519 355.585
32.07621 352.753
32.108053 329.953
32.139793 343.859
32.171547 339.793
32.2033 340.691
32.234891 283.496
32.368326 284.215
32.400125 321.154
32.431848 286.723
32.463574 300.402
32.495262 302.836
32.516732 333.488
32.548426 425.219
32.631048 351.119
32.662898 285.239
32.694558 270.82
32.756858 272.469
32.788482 291.467
32.820162 278.888
32.851858 273.601
32.883603 272.612
32.925404 267.59
32.957137 283.124
32.988932 300.762
33.020781 314.724
33.052262 342.612
33.083867 329.144
33.115619 321.054
33.147408 301.459
33.179157 294.339
33.211003 299.262
33.242815 292.725
33.274681 286.08
33.367517 290.202
33.39927 275.459
33.431065 281.174
33.462686 302.958
33.49445 303.445
33.526237 317.84
33.558095 328.091
33.589789 356.106
33.631784 347.376
33.663603 334.428
33.695311 299.5
33.76784 282.867
33.799718 310.954
33.831515 298.264
33.863321 308.531
33.895244 291.222
33.926925 309.171
33.958689 312.859
33.990506 315.27
34.022195 316.258
34.053918 312.788
34.085642 277.697
34.168251 270.922
34.199715 304.938
34.231376 301.048
34.263089 280.551
34.294873 321.828
34.347063 288.592
34.378924 291.949
34.410743 284.692
34.442629 277.564
34.474413 276.468
34.53683 281.984
34.568743 314.492
34.600608 288.588
34.632544 301.212
34.664377 292.742
34.696128 321.878
34.727939 317.665
34.759931 331.62
34.79178 339.087
34.823924 310.42
34.85585 276.493
34.958879 281.978
34.990709 315.051
35.022595 283.745
35.054374 303.332
35.08613 285.812
35.117803 275.218
35.149534 272.769
35.181353 269.287
35.213125 272.156
35.244928 276.748
35.276686 268.588
35.328808 282.595
35.360524 293.474
35.392128 295.754
35.423851 299.447
35.455518 307.185
35.487116 320.664
35.518522 329.376
35.570651 336.847
35.602356 271.407
35.634034 268.008
35.665633 267.498
35.71769 278.162
35.749484 277.506
35.781155 287.358
35.812788 273.437
35.84457 295.066
35.906775 311.333
35.938413 317.167
35.970072 321.063
36.001683 274.822
36.033306 283.3
36.064794 267.598
36.106584 273.401
36.138167 294.124
36.169728 313.947
36.201395 360.647
36.232817 271.539
36.264316 277.029
36.295942 328.13
36.347998 366.417
36.379498 394.511
36.400817 330.95
36.432211 328.815
36.463711 277.323
39.157988 362.153
39.189821 383.669
39.211361 371.864
39.243224 349.794
39.274843 312.841
39.387936 280.104
39.419633 282.421
39.451078 293.005
39.482573 280.353
39.514127 271.616
39.545865 303.746
39.577594 316.594
39.609239 309.062
39.640957 316.763
39.672544 321.025
39.704246 306.006
39.75619 299.17
39.787874 312.896
39.819577 316.648
39.851496 286.628
39.883078 280.779
39.90433 275.881
39.935981 272.014
39.967597 335.052
40.01963 280.355
40.051352 279.236
40.133836 282.696
40.165564 303.981
40.197075 319.568
40.228564 338.568
40.260176 362.521
40.291909 382.383
40.323706 347.45
40.35545 319.785
40.437986 270.352
40.469666 289.998
40.501447 304.796
40.532962 297.563
40.564535 292.253
40.596202 275.556
40.627939 274.566
40.659655 289.451
40.691362 308.595
40.722995 282.893
40.754535 285.177
40.857317 304.312
40.88894 325.437
40.920666 315.958
40.952245 333.791
40.983663 315.631
41.014978 292.881
41.046517 289.388
41.149386 271.068
41.181003 289.123
41.212668 307.275
41.244247 338.309
41.286223 362.384
41.317932 382.343
41.349667 378.252
41.381384 359.764
41.413249 306.992
41.444933 271.144
41.619328 270.827
41.651117 269.199
41.672688 270.236
41.704411 277.837
41.736141 292.377
41.767869 324.121
41.799639 342.869
41.831389 344.387
41.863168 318.261
41.884754 311.703
41.987943 269.377
42.019554 281.912
42.05122 300.596
42.08287 315.678
42.114662 280.209
42.146292 335.639
42.218796 302.557
42.250409 278.109
42.383745 285.516
42.4154 291.772
42.447082 303.0
42.478832 317.423
42.510544 270.159
42.542205 269.263
42.573795 268.75
42.605311 269.57
42.636908 268.037
42.668638 266.296
42.740963 272.559
42.772793 272.841
42.80448 337.66
42.856498 313.135
42.888197 299.813
42.919973 299.76
42.951775 311.561
42.9835 267.7
43.015213 267.386
43.046872 272.507
43.078549 270.665
43.151052 276.315
43.182782 293.291
43.214562 305.23
43.246304 312.99
43.278072 296.844
43.309627 309.82
43.341054 327.515
43.372797 352.246
43.404594 271.985
43.436331 269.665
43.539252 283.461
43.570866 301.209
43.602614 305.996
43.634129 316.537
43.665832 325.24
43.697523 427.243
43.800518 342.688
43.832217 333.517
43.92513 279.646
43.956947 274.249
43.988769 273.671
44.020525 274.924
44.05234 267.639
44.083948 265.603
44.115446 266.708
44.146902 265.645
44.178618 266.988
44.21045 265.405
44.242126 265.946
44.273797 266.186
44.305308 289.119
44.337014 297.596
44.368742 285.974
44.400368 327.074
44.431862 292.535
44.46319 267.809
44.494922 268.485
44.526662 266.957
44.558282 266.243
44.732303 266.421
44.764004 296.57
44.795795 300.976
44.827591 303.412
44.859337 306.695
44.891079 304.198
44.922697 304.889
44.954368 300.53
44.98615 308.742
45.017794 283.538
45.140984 284.891
45.172629 316.916
45.204438 375.331
45.246285 369.465
45.277724 389.365
45.319659 420.563
45.351482 443.37
45.3831 383.027
45.414967 352.493
45.446709 272.525
45.620743 266.876
45.652495 271.285
45.684197 286.973
45.715694 294.977
45.747517 303.403
45.779244 325.966
45.811038 320.724
45.842663 322.162
45.874347 293.039
46.017911 274.364
46.049866 278.837
46.081584 283.276
46.113342 315.912
46.145012 324.199
46.176656 337.087
46.208381 286.791
46.240022 297.462
46.39404 276.393
46.425697 300.48
46.457503 347.007
46.499411 347.334
46.531055 338.152
46.562838 362.864
46.594617 378.259
46.626308 380.088
46.647954 374.922
46.679526 308.308
46.772457 281.876
46.804061 305.244
46.835634 310.36
46.867252 345.551
46.960036 422.978
46.991697 440.869
47.033536 457.592
47.065261 333.05
47.09706 310.206
47.311731 270.22
47.34349 266.751
47.375245 272.05
47.407012 280.193
47.438743 270.01
47.470449 310.861
47.522388 318.796
47.554018 322.14
47.585783 345.379
47.617427 376.358
47.648805 365.25
47.680509 298.115
47.732639 296.346
47.764248 303.458
47.796082 331.234
47.827766 348.511
47.859522 357.811
47.891297 285.595
47.923021 292.571
47.954792 321.824
47.98643 316.129
48.01805 325.126
48.049776 335.489
48.081104 333.327
48.112581 300.495
48.174867 275.272
48.206677 283.986
48.238376 291.532
48.270045 295.318
48.301783 291.266
48.333308 270.629
48.365059 278.631
48.39692 286.793
48.428743 291.71
48.460551 313.667
48.492397 275.135
48.524148 275.498
48.555942 275.55
48.587894 273.795
48.619782 288.054
48.651636 285.199
48.673326 282.776
48.725581 278.707
48.757508 320.694
48.779086 304.74
48.810934 308.012
48.842633 323.286
48.874094 330.935
48.905519 341.88
48.937074 342.421
48.979093 316.145
49.010966 313.897
49.042619 288.654
49.125186 286.172
49.156958 348.345
49.209043 300.312
49.240682 280.57
49.272344 278.447
49.304083 277.707
49.335893 286.562
49.367399 298.552
49.399096 310.994
49.430744 275.882
49.50313 273.609
49.534877 289.135
49.556381 297.436
49.588122 331.743
49.620119 334.143
49.651901 316.763
49.683653 341.294
49.715329 404.536
49.787934 290.576
49.819795 347.447
49.902439 364.224
49.93419 466.654
50.027047 475.352
50.058877 510.163
50.090707 515.418
50.122432 429.892
50.154134 446.249
50.196026 454.581
50.227656 411.12
50.381243 279.442
50.412773 270.158
50.444384 271.492
50.475805 266.697
50.507138 269.472
50.538856 268.264
50.570581 267.436
50.60214 267.868
50.633827 273.25
50.665424 269.327
50.696736 281.342
50.728416 292.521
50.760041 291.199
50.791631 294.756
50.823262 287.025
50.885497 278.112
50.917171 285.263
50.948748 316.255
50.980473 308.067
51.012139 324.489
51.043848 269.983
51.075503 321.846
51.137691 305.696
51.169399 300.289
51.201107 296.419
51.253086 275.5
51.28455 280.868
51.316134 289.34
51.347839 351.121
51.389739 341.288
51.42138 323.72
51.453044 305.756
51.525458 272.611
51.557195 284.933
51.588788 297.199
51.620366 318.151
51.651755 293.145
51.683267 277.333
51.71503 285.307
51.746747 300.724
51.778537 336.494
51.810214 331.055
51.841961 308.092
51.873672 286.131
51.935976 289.025
51.9677 297.555
51.999467 320.277
52.031195 267.46
52.062971 266.944
52.094596 282.922
52.126383 272.096
52.158078 273.618
52.189762 272.918
52.302963 291.988
52.334733 271.631
52.366464 270.214
52.398097 309.562
52.429847 306.788
52.46163 347.381
52.493357 331.967
52.525166 346.932
52.556798 334.845
52.588542 272.536
52.620245 270.299
52.753661 285.933
52.785524 286.739
52.817285 290.785
52.8491 314.485
52.881016 329.386
52.912858 348.396
52.944622 357.064
52.976372 411.154
53.038851 362.732
53.060518 323.402
53.163839 272.932
53.195628 275.675
53.227496 272.779
53.259448 304.469
53.291207 327.275
53.323033 328.343
53.354867 305.335
53.386624 301.497
53.418419 313.097
53.450236 293.856
53.482064 290.168
53.554696 290.489
53.586486 302.621
53.618345 292.464
53.65008 287.615
53.681799 328.813
53.723868 296.542
53.75568 286.042
53.879347 275.279
53.911237 288.575
53.94347 279.384
53.975387 296.554
54.007194 294.255
54.028832 295.963
54.06061 287.14
54.092478 283.969
54.124317 281.582
54.227519 272.388
54.259466 294.071
54.291437 303.376
54.323401 302.907
54.355129 317.566
54.386944 333.011
54.418783 337.603
54.450552 349.172
54.482271 360.379
54.5141 360.868
54.545876 321.021
54.598126 268.974
54.629884 278.532
54.661686 287.212
54.693467 290.531
54.72522 276.792
54.757019 286.46
54.788764 284.737
54.810362 277.352
54.903395 270.187
54.935153 297.205
54.966994 299.532
54.998805 385.023
55.050961 382.41
55.082737 418.705
55.124627 471.418
55.156437 483.237
55.188175 496.681
55.21997 485.401
55.251768 359.391
55.283525 352.98
55.315204 323.639
55.479364 272.686
55.511206 268.162
55.543003 268.243
55.574823 270.085
55.606617 292.155
55.638373 309.723
55.6702 312.989
55.701915 352.008
55.733656 332.099
55.76546 324.883
55.797297 372.904
55.890275 336.17
55.922114 331.743
55.953918 323.305
56.016339 279.82
56.048079 311.403
56.07986 320.698
56.111713 355.732
56.163953 370.884
56.195775 270.287
56.227558 283.066
56.259429 291.322
56.331976 338.389
56.353592 276.522
56.385452 267.435
56.417204 271.506
56.449002 270.591
56.480849 275.042
56.512631 389.049
56.615767 346.314
56.647534 309.223
56.679311 300.39
56.762002 292.076
56.793848 325.38
56.825621 324.547
56.857505 310.387
56.889286 300.888
56.91089 300.2
56.942731 316.392
56.974598 321.708
57.006403 325.004
57.038241 330.343
57.070075 370.72
57.101832 315.092
57.133541 320.654
57.185693 331.015
57.217504 285.446
57.249302 281.198
57.372842 280.823
57.404661 285.238
57.436456 302.721
57.468271 310.512
57.500117 358.03
57.572876 350.018
57.604711 339.929
57.63642 353.17
57.668223 342.01
57.84293 272.455
57.874759 271.357
57.906644 268.606
57.938448 278.565
57.960014 280.172
57.99184 269.04
58.023595 269.167
58.05534 274.584
58.087116 290.879
58.118896 283.442
58.150664 283.123
58.182524 293.522
58.214336 293.808
58.246202 279.625
58.288201 274.489
58.319942 295.91
58.351716 297.421
58.383619 328.172
58.415412 362.904
58.447304 359.286
58.479069 335.879
58.510892 328.515
58.542706 285.07
58.615361 298.335
58.647209 302.959
58.679091 279.605
58.71096 268.848
58.753002 287.599
58.784875 283.059
58.816699 273.992
58.848545 290.047
58.880463 309.13
58.912181 306.619
58.943964 277.139
58.975693 348.175
59.048368 328.931
59.080151 352.653
59.112003 364.959
59.143841 288.805
59.175625 299.079
59.207502 333.945
59.23944 427.012
59.322319 379.616
59.354086 367.839
59.385848 355.276
59.417536 273.851
59.449273 278.139
59.481002 273.04
59.512665 270.25
59.544461 266.942
59.57617 266.419
59.607959 265.839
59.639827 270.763
59.671601 287.973
59.703314 302.87
59.734956 317.87
59.766644 336.811
59.798412 364.215
59.830211 373.953
59.862036 318.414
59.893721 312.537
59.97637 286.433
60.008055 313.062
60.039833 336.325
60.071568 361.773
60.103298 353.886
60.135061 301.617
60.16679 301.831
60.198712 319.216
60.230471 326.261
60.262161 327.009
60.293756 306.969
60.406809 273.614
60.438599 361.239
60.511076 361.346
60.542775 404.601
60.574441 419.304
60.606127 411.454
60.637834 372.444
60.669634 341.416
60.701434 331.679
60.875749 268.577
60.907503 266.192
60.939311 268.86
60.971034 274.004
61.002642 280.032
61.03422 274.603
61.065907 278.906
61.097644 306.77
61.12928 310.679
61.160972 300.19
61.192668 310.082
61.224418 328.096
61.256161 325.681
61.287868 320.233
61.370485 373.985
61.4327 295.88
61.464378 269.821
61.526528 271.384
61.558256 300.183
61.589893 304.954
61.621491 278.302
61.653174 276.684
61.725578 275.735
61.757236 287.775
61.788839 307.352
61.820474 309.729
61.85219 305.065
61.884009 276.127
61.915761 286.307
61.947622 298.061
61.979399 325.579
62.011085 359.45
62.042879 303.867
62.074574 288.058
62.116494 272.37
62.148163 332.299
62.200191 344.933
62.231978 412.099
62.273936 382.002
62.305937 335.924
62.33765 330.567
62.369239 309.125
62.543088 277.888
62.574777 395.952
62.688058 392.285
62.719784 401.637
62.75149 387.748
62.78325 336.677
62.81494 288.225
63.050088 287.781
63.081804 346.193
63.133769 361.78
63.165308 388.701
63.207189 360.78
63.238872 344.787
63.270598 340.36
63.302271 271.195
63.476374 274.949
63.508081 287.728
63.539852 290.137
63.571556 302.03
63.603039 324.744
63.634604 336.915
63.666351 333.368
63.697987 329.287
63.729679 291.046
63.842711 290.186
63.874491 295.493
63.906169 293.06
63.937727 304.756
63.969321 304.569
64.000917 316.657
64.032485 324.184
64.064447 330.028
64.096153 310.069
64.209228 289.48
64.240891 313.114
64.272539 297.248
64.304098 307.777
64.335651 330.925
64.367291 380.179
64.40895 330.303
64.440372 307.729
64.471819 274.827
64.56463 280.224
64.596297 288.487
64.627863 293.049
64.659339 283.252
64.69096 273.911
64.722401 275.28
64.753911 277.513
64.78529 285.762
64.816725 294.589
64.848164 280.626
64.920409 279.998
64.95207 288.59
64.983606 293.522
65.015253 327.95
65.046696 316.098
65.078117 316.416
65.10965 318.633
65.141284 300.248
65.172924 266.639
65.204447 266.362
65.307453 280.431
65.339086 279.529
65.370789 282.508
65.402281 297.27
65.433872 282.39
65.465483 289.457
65.497128 329.612
65.528685 331.982
65.560127 312.574
65.591601 298.465
65.684166 282.603
65.715646 309.916
65.747087 332.403
65.778565 372.581
65.809926 332.305
65.841468 282.094
65.872852 290.463
65.904313 299.569
65.936004 296.962
65.96756 289.478
66.090676 273.196
66.122242 279.789
66.174195 326.828
66.205821 332.279
66.237318 345.725
66.268829 407.326
66.33102 367.466
66.362614 343.809
66.394213 333.929
66.486974 270.185
66.518664 287.652
66.55019 300.201
66.581776 287.483
66.613302 269.374
66.644827 274.854
66.676403 278.486
66.708132 284.089
66.739815 316.225
66.771417 287.321
66.803232 284.482
66.865402 274.069
66.897211 286.836
66.928709 327.532
66.960245 343.576
66.991814 349.514
67.023361 393.675
67.054811 387.493
67.086527 322.004
67.117983 308.772
67.332524 272.192
67.364182 277.512
67.395775 283.57
67.437546 354.233
67.469137 364.564
67.500795 367.604
67.532293 408.572
67.563916 330.712
67.595465 322.712
67.616771 286.037
67.831542 283.401
67.862908 300.877
67.894336 414.747
67.997231 433.615
68.028748 385.781
68.060153 350.582
68.091519 322.283
68.306142 274.493
68.337615 283.171
68.3691 308.769
68.400496 328.052
68.431981 360.688
68.463523 368.015
68.495028 408.634
68.526531 407.803
68.558272 405.175
68.589886 415.954
68.621606 426.329
68.653207 326.766
68.756122 302.533
68.787838 340.687
68.860146 345.763
68.891611 302.362
68.923026 333.1
68.954595 357.911
68.986083 350.541
69.017776 326.079
69.049281 328.774
69.08072 307.559
69.142856 268.695
69.174347 267.749
69.205899 267.704
69.237342 266.924
69.268789 265.943
69.30025 267.317
69.331914 279.141
69.363466 297.122
69.394939 314.564
69.426381 341.182
69.457909 365.821
69.489339 348.387
69.520853 302.958
69.552274 308.134
69.583668 293.556
69.61505 288.777
69.758409 305.634
69.789999 291.118
69.821474 317.598
69.853067 344.806
69.884629 330.676
69.916177 472.705
70.059692 469.47
70.091238 520.512
70.122802 537.605
70.154406 473.211
70.18594 377.151
70.217524 324.831
70.452354 275.864
70.483897 272.025
70.515389 279.894
70.546895 284.009
70.578505 290.307
70.610079 299.075
70.641759 305.152
70.673392 349.041
70.705069 327.014
70.736473 319.285
70.849404 282.335
70.880888 326.318
70.922652 356.958
70.994973 331.273
71.026313 327.492
71.057633 280.303
71.150341 300.098
71.18178 284.536
71.21326 309.539
71.244757 299.543
71.276402 266.412
71.30804 267.534
71.339521 267.665
71.371148 266.432
71.402712 267.517
71.434307 266.349
71.465863 265.035
71.497366 266.452
71.528822 279.824
71.560271 276.318
71.591811 281.011
71.62339 281.169
71.654891 291.276
71.686477 289.769
71.717943 269.391
71.830984 271.164
71.862406 312.325
71.894092 315.071
71.925545 293.068
71.956938 325.949
71.988375 364.064
72.01986 311.908
72.051365 309.279
72.082852 287.47
72.196012 275.911
72.227555 288.836
72.259133 292.0
72.290732 289.741
72.3223 329.496
72.353954 378.356
72.40595 316.455
72.43737 306.995
72.468943 321.35
72.602355 325.88
72.633935 329.761
72.66546 328.046
72.697027 326.92
72.728582 391.846
72.821286 400.254
72.852804 403.034
72.88428 447.724
72.916088 401.445
72.94749 298.529
72.979071 308.509
73.010769 363.487
73.062966 430.181
73.135437 377.107
73.167044 364.138
73.198611 318.325
73.229987 275.317
73.261496 331.12
73.384531 266.943
73.415897 267.468
73.447296 275.262
73.47859 319.509
73.530197 343.946
73.561585 364.618
73.592946 376.948
73.624306 398.25
73.656157 398.902
73.687877 491.207
73.770374 444.015
73.801837 327.693
73.843606 283.628
73.875284 292.698
73.906999 283.565
73.938703 281.448
74.051831 271.1
74.083367 264.913
74.114876 266.645
74.146307 265.762
74.177765 273.609
74.20935 289.142
74.240887 313.397
74.272264 307.255
74.303835 300.689
74.325189 313.171
74.356751 333.451
74.388351 321.501
74.419916 326.236
74.451544 269.532
74.564438 278.493
74.59608 293.001
74.627702 294.002
74.659033 300.368
74.690752 305.379
74.722508 351.509
74.754058 322.392
74.785449 305.198
74.816939 302.275
74.950195 297.702
74.981478 287.38
75.012816 289.596
75.044094 304.015
75.075527 311.979
75.106803 334.364
75.138123 319.446
75.169602 328.456
75.20096 279.648
75.283456 271.614
75.314847 279.832
75.346136 351.963
75.397786 336.206
75.429319 284.358
75.460731 315.757
75.49215 335.028
75.523674 344.293
75.555269 326.337
75.586882 306.551
75.61854 286.809
75.711283 268.546
75.742918 267.34
75.774601 267.965
75.806279 267.019
75.837869 265.703
75.869319 295.792
75.900684 273.146
75.932182 273.662
75.963775 288.957
75.995298 314.007
76.047299 349.724
76.078871 323.109
76.110542 325.386
76.141938 278.902
76.214248 304.301
76.245694 297.033
76.277287 295.02
76.308791 313.779
76.340233 289.543
76.371849 266.548
76.403285 266.88
76.434777 268.5
76.466371 266.277
76.497755 265.464
76.529212 265.969
76.560758 266.103
76.592381 267.163
76.623924 289.778
76.65549 289.888
76.687128 315.403
76.718615 339.128
76.749971 351.908
76.781596 301.518
76.813086 297.867
76.915888 289.25
76.947408 293.362
76.978932 310.505
77.010422 306.086
77.04192 270.412
77.073381 278.664
77.104807 277.05
77.136323 283.223
77.167876 274.74
77.301192 285.347
77.332725 291.345
77.36426 391.443
77.487561 400.436
77.519016 366.04
77.550429 378.509
77.581842 367.819
77.603041 336.951
77.634357 334.048
77.8387 332.316
77.870171 354.438
77.901603 345.002
77.932917 325.682
77.964155 351.774
77.995557 376.115
78.026962 377.631
78.058465 370.093
78.0899 272.925
78.202826 273.02
78.234263 281.128
78.286182 341.438
78.317869 340.056
78.349398 373.059
78.381009 366.649
78.412799 321.503
78.444342 303.667
78.598032 289.011
78.62955 300.278
78.661093 305.347
78.692623 348.617
78.72434 372.91
78.756043 382.368
78.787688 383.426
78.819353 343.943
78.850964 281.224
79.055631 270.7
79.087113 274.009
79.118813 272.485
79.15031 325.221
79.202121 351.184
79.233604 343.332
79.265005 307.657
79.296627 320.655
79.470751 321.95
79.502246 295.11
79.533871 272.337
79.565427 270.653
79.586951 271.203
79.618492 269.762
79.650002 268.356
79.681653 266.48
79.713204 273.055
79.744947 266.856
79.776398 285.04
79.808169 334.483
79.860086 280.78
79.89166 299.219
79.923183 338.096
82.882447 269.327
82.914099 286.071
82.945627 276.433
82.977261 272.089
83.00895 274.888
83.040536 292.514
83.07204 279.613
83.103499 277.812
83.185809 271.751
83.217459 293.949
83.249107 294.767
83.280663 298.16
83.312224 315.692
83.343679 311.156
83.375136 300.288
83.467837 273.162
83.499305 272.524
83.530683 293.5
83.562216 303.465
83.593593 279.594
83.624908 360.24
83.697141 304.027
83.728525 275.515
83.841421 284.697
83.872743 273.246
83.904207 308.322
83.935618 289.069
83.96691 267.648
83.998287 266.336
84.029564 266.101
84.061012 267.097
84.092543 265.14
84.123832 266.84
84.155085 266.486
84.186367 267.412
84.217649 271.264
84.249095 275.909
84.280517 276.144
84.31205 282.418
84.343572 280.663
84.37515 310.429
84.406834 302.645
84.438254 278.966
84.530856 292.874
84.562392 327.302
84.60415 348.847
84.635658 333.853
84.667215 351.285
84.698789 366.344
84.730244 358.942
84.761983 351.244
84.793492 316.559
84.896326 280.191
84.927911 286.743
84.959588 314.662
84.991008 281.639
85.022623 288.35
85.054395 292.827
85.086014 293.446
85.107689 271.895
85.139104 282.338
85.170501 280.055
85.28352 267.569
85.315138 282.459
85.346631 290.875
85.378045 314.302
85.409734 351.929
85.441482 367.713
85.473085 376.9
85.504806 414.405
85.536456 387.285
85.568154 369.512
85.599826 318.983
85.81436 274.339
85.846037 273.139
85.877765 267.702
85.90947 267.556
85.941204 268.706
85.972915 266.79
86.055533 268.202
86.087268 272.761
86.119048 270.32
86.150783 283.315
86.182485 305.315
86.214239 329.128
86.245868 354.691
86.277595 364.906
86.309373 334.444
86.341254 326.253
86.444175 279.356
86.475789 297.882
86.507592 332.288
86.539294 306.587
86.571073 272.648
86.602777 279.365
86.634432 276.926
86.666089 307.082
86.68753 304.634
86.719337 298.535
86.750991 287.383
86.813197 274.616
86.844934 303.336
86.876516 307.59
86.907879 298.112
86.939429 301.914
86.970951 317.387
87.00241 312.944
87.033761 280.77
87.116232 294.743
87.14793 293.3
87.179365 302.674
87.210772 299.506
87.242142 306.854
87.273499 316.464
87.305014 379.05
87.367071 327.326
87.398486 308.521
87.491091 274.981
87.522531 294.073
87.554116 328.529
87.585527 341.711
87.61708 360.164
87.648513 294.135
87.680059 290.047
87.711629 291.82
87.743149 290.333
87.774792 287.185
87.806329 282.284
87.919286 274.008
87.950842 279.211
87.982267 294.844
88.013679 299.857
88.045065 328.498
88.076391 362.279
88.107691 379.724
88.13899 345.153
88.170211 325.533
88.201499 318.51
88.294052 286.713
88.325555 293.772
88.3569 318.107
88.388283 332.019
88.419783 281.588
88.451333 286.344
88.482822 337.71
88.534762 306.236
88.566278 292.921
88.720016 303.544
88.751592 307.811
88.783185 407.893
88.865689 387.969
88.897058 401.083
88.928609 350.995
88.960173 304.078
88.991686 299.278
89.165718 274.052
89.186828 266.973
89.218134 268.697
89.249746 283.724
89.281327 334.366
89.31283 318.138
89.344216 336.285
89.37562 354.716
89.407206 374.251
89.438755 374.105
89.470198 307.797
89.593214 276.064
89.624834 284.171
89.656348 285.946
89.68788 303.095
89.719488 304.277
89.751028 302.79
89.782506 330.43
89.814281 313.481
89.845876 287.042
89.948762 291.897
89.980317 305.765
90.011871 319.694
90.063845 360.445
90.09559 384.824
90.127143 330.451
90.158676 323.599
90.271705 275.148
90.303221 297.371
90.334727 294.55
90.366177 276.217
90.397697 284.873
90.429402 310.457
90.460861 333.001
90.492368 333.318
90.523923 341.175
90.555463 350.295
90.586982 291.593
90.638989 293.661
90.67054 299.153
90.702143 306.509
90.733755 317.132
90.765422 313.556
90.827624 336.561
90.879647 296.591
90.911306 306.962
90.942788 308.178
90.974348 281.932
91.005841 284.696
91.037516 302.158
91.069117 301.333
91.100772 300.787
91.132457 286.098
91.174309 278.315
91.205941 308.039
91.237564 302.534
91.269175 310.567
91.300728 306.272
91.332355 273.265
91.364019 279.714
91.395757 284.888
91.427385 328.998
91.458978 293.729
91.490611 268.34
91.562994 282.073
91.594338 283.53
91.625771 302.538
91.708326 348.93
91.739998 319.952
91.771577 289.065
91.864186 270.589
91.895677 336.221
91.947636 334.788
91.979228 298.037
92.010633 269.375
92.04205 267.987
92.073527 269.258
92.104949 267.015
92.136544 270.749
92.168088 268.284
92.19971 267.301
92.231077 265.644
92.262547 277.179
92.294028 283.424
92.315392 278.294
92.346968 313.205
92.419406 299.742
92.450819 282.678
92.543431 282.069
92.574924 294.09
92.65748 403.216
92.688858 316.105
92.720257 284.383
92.751918 275.32
92.783503 272.322
92.814982 271.441
92.84668 272.305
92.878227 270.78
92.909738 268.737
92.971999 266.277
93.003481 282.973
93.034857 285.938
93.066347 290.017
93.097845 294.304
93.129387 348.3
93.181363 296.892
93.212846 269.032
93.315723 272.771
93.347367 286.437
93.378894 287.453
93.410358 340.952
93.452136 364.028
93.48374 395.783
93.5258 344.002
93.557383 317.315
93.588935 288.553
93.803727 275.396
93.835386 282.906
93.866951 295.375
93.898489 297.59
93.930241 324.41
93.961802 347.432
93.993348 355.854
94.024947 340.806
94.056501 309.391
94.159297 278.268
94.19078 344.537
94.253107 347.235
94.284756 359.064
94.316265 369.676
94.347786 384.68
94.379344 377.692
94.411148 354.707
94.442722 343.28
94.576072 268.41
94.607722 267.361
94.639368 266.161
94.671047 269.617
94.702744 281.022
94.734452 345.368
94.796681 332.54
94.828336 333.689
94.859721 339.604
94.89133 376.249
94.923002 352.703
94.954557 334.247
94.986382 307.372
95.109613 289.303
95.141031 333.976
95.172519 342.158
95.204079 345.331
95.235606 371.211
95.26721 380.425
95.298824 382.612
95.330341 382.617
95.361847 362.698
95.39328 350.936
95.536685 332.324
95.568277 335.58
95.620296 334.269
95.651716 363.888
95.683208 402.879
95.796308 470.011
95.827784 428.329
95.849172 395.808
95.880728 379.228
96.085135 328.359
96.116677 292.84
96.148173 312.964
96.179819 353.585
96.211336 381.609
96.242844 393.351
96.274429 392.526
96.305876 403.389
96.337143 407.577
96.368589 375.829
96.400198 361.951
96.553927 278.271
96.585471 293.312
96.61693 326.563
96.64846 336.543
96.679833 370.527
96.711397 386.594
96.742953 380.522
96.774483 335.461
96.806035 295.252
97.000417 288.531
97.031888 300.256
97.063375 303.319
97.094902 463.098
97.207819 401.519
97.239253 356.544
97.270651 352.968
97.556386 333.915
97.587981 355.662
97.619625 324.444
97.651283 321.91
97.682839 298.055
97.83661 267.437
97.868208 268.709
97.899848 267.736
97.931478 268.95
97.963045 266.773
97.994503 274.286
98.02607 273.297
98.088095 287.921
98.119521 290.774
98.150943 278.692
98.182375 302.506
98.213838 301.405
98.245304 327.794
98.266588 324.363
98.298121 333.029
98.329599 323.744
98.361138 314.398
98.392574 267.988
98.444464 273.868
98.476087 272.441
98.507596 288.113
98.539046 288.85
98.570532 273.058
98.622416 276.673
98.654044 273.56
98.685569 273.898
98.716972 273.455
98.748487 271.246
98.810565 274.069
98.842011 294.321
98.873481 313.723
98.90484 296.485
98.93623 271.272
98.977809 278.797
99.00931 289.477
99.040792 284.776
99.072263 352.064
99.113945 319.238
99.145536 278.453
99.207665 286.586
99.239333 299.165
99.270965 293.539
99.302785 313.892
99.334487 307.431
99.366153 302.353
99.397806 266.982
99.429407 266.306
99.460961 266.766
99.492612 270.098
99.524189 266.253
99.555799 265.694
99.587375 265.575
99.61885 267.349
99.650362 272.176
99.682293 286.769
99.713987 291.319
99.745508 286.366
99.777131 290.801
99.80877 290.069
99.840269 280.076
99.912635 279.845
99.94423 287.185
99.975687 299.619
100.007263 301.501
