1.3e-05 274.967
0.032437 272.862
0.226445 275.802
0.257596 276.383
0.288773 277.071
0.319854 277.771
0.352062 277.93
0.383216 277.808
0.414357 277.889
0.445479 277.394
0.476891 275.998
0.509125 272.968
0.540589 272.931
0.571907 272.013
0.603079 272.269
0.634357 271.138
0.666552 270.588
0.697887 270.859
0.729102 271.097
0.760236 269.836
0.79146 269.506
0.823817 269.505
0.854952 268.239
0.886215 273.78
0.927542 275.696
0.958662 287.346
0.99083 279.945
1.02198 285.621
1.063286 288.675
1.094679 293.677
1.136041 283.046
1.168333 288.018
1.209685 286.376
1.24104 288.572
1.272385 283.81
1.303525 288.463
1.335715 286.152
1.367018 289.847
1.398194 285.478
1.429383 293.763
1.470819 288.989
1.503096 301.02
1.54442 299.099
1.575647 301.892
1.60674 297.183
1.63806 302.891
1.670326 297.976
1.701529 301.715
1.732733 301.615
1.763882 303.802
1.805265 290.537
1.837637 286.803
1.868857 285.937
1.90005 289.998
1.941467 288.027
1.972886 293.327
2.015396 293.881
2.046828 294.893
2.078049 293.176
2.10934 305.759
2.140664 293.746
2.173184 298.432
2.214551 290.728
2.245751 297.942
2.28707 296.004
2.318255 302.358
2.350487 292.787
2.381688 299.704
2.423172 290.974
2.454358 294.992
2.495728 289.878
2.528006 295.609
2.559216 291.459
2.590452 295.95
2.621628 290.923
2.652957 295.448
2.705592 291.311
2.736725 295.016
2.767896 295.501
2.799046 298.543
2.84043 290.902
2.872672 293.561
2.914063 286.197
2.945255 291.617
2.976438 288.26
3.007852 295.644
3.040128 290.301
3.071372 293.426
3.112769 292.349
3.143934 296.862
3.175157 298.602
3.207495 304.983
3.249067 296.792
3.280273 300.796
3.321608 295.57
3.352872 306.112
3.395341 291.026
3.426549 281.733
3.457737 287.686
3.519484 285.16
3.550708 289.572
3.582947 284.647
3.614135 289.072
3.645247 286.006
3.676395 289.392
3.717754 284.97
3.749942 294.616
3.801597 294.296
3.832785 299.473
3.864198 290.343
3.895661 293.949
3.927977 291.509
3.959203 296.311
4.000508 290.142
4.031652 300.023
4.07298 292.918
4.105308 296.628
4.136649 289.084
4.167876 298.663
4.199042 295.113
4.230267 297.389
4.272724 292.731
4.303835 291.019
4.345235 289.427
4.376477 281.667
4.407646 279.538
4.439832 278.163
4.471026 278.174
4.502269 278.049
4.533526 278.521
4.564774 277.785
4.596972 276.632
4.62812 275.663
4.659431 275.623
4.690639 276.618
4.721889 278.099
4.754137 277.807
4.785351 277.888
4.816511 278.185
4.847696 277.117
4.878893 277.628
4.911361 276.221
4.942548 276.441
4.973765 276.531
5.004978 275.812
5.036189 276.644
5.068339 275.682
5.089246 275.987
5.120263 275.581
5.151366 275.073
5.182573 274.754
5.214783 276.146
5.245924 276.075
5.277119 275.566
5.308288 277.26
5.339474 277.233
5.371647 275.487
5.403948 275.674
5.43516 275.281
5.466438 275.105
5.497602 275.526
5.528888 274.551
5.561219 275.934
5.592163 275.424
5.623317 275.561
5.654397 275.824
5.685544 275.637
5.7176 275.353
5.748763 275.157
5.779931 274.757
5.811045 274.915
5.842223 275.032
5.874529 274.474
5.905725 276.076
5.936863 277.16
5.968068 275.6
5.999295 275.763
6.031677 275.26
6.062855 275.265
6.094129 274.565
6.125336 274.567
6.156589 274.672
6.188964 275.385
6.22023 276.37
6.251646 277.343
6.282885 283.289
6.313996 284.829
6.346201 285.489
6.377385 282.893
6.408528 278.364
6.439784 277.096
6.470995 275.619
6.503386 274.89
6.534515 274.455
6.565622 276.166
6.586598 275.469
6.617818 275.891
6.650166 274.057
6.681413 273.547
6.712572 275.206
6.743681 275.121
6.774909 275.754
6.807174 274.814
6.838421 273.814
6.869679 274.542
6.901135 274.872
6.932257 274.861
6.964653 276.458
6.995857 279.085
7.027098 275.928
7.058297 275.377
7.089615 274.043
7.121891 274.614
7.142812 273.096
7.173987 273.106
7.205201 274.026
7.236399 273.889
7.268691 274.984
7.299752 276.057
7.330869 274.561
7.362035 275.173
7.393216 273.424
7.42559 273.511
7.456851 273.072
7.488047 273.752
7.519232 273.391
7.550441 273.175
7.582587 273.407
7.613765 273.881
7.644958 274.672
7.676189 273.935
7.70739 274.317
7.739554 274.672
7.770709 273.543
7.801911 273.257
7.83311 272.835
7.864324 275.166
7.896679 273.532
7.927904 275.141
7.959085 274.296
7.990261 273.699
8.021428 274.851
8.053561 274.461
8.084769 273.342
8.115965 273.07
8.147121 273.176
8.178226 273.535
8.210564 274.639
8.241684 274.523
8.273065 272.852
8.304147 272.832
8.33529 272.579
8.367508 271.582
8.39857 272.008
8.429627 273.903
8.460713 272.996
8.49185 275.071
8.524032 273.753
8.555135 276.345
8.586268 273.668
8.617431 273.155
8.648526 272.893
8.680774 273.436
8.711846 275.258
8.743015 273.394
8.774138 272.838
8.805379 273.727
8.837574 273.511
8.868731 273.006
8.89995 275.125
8.931209 272.519
8.962454 273.788
8.994663 273.736
9.025799 272.447
9.056908 273.237
9.087978 273.947
9.119076 274.419
9.151339 274.14
9.182445 272.715
9.213543 274.367
9.244738 272.544
9.275961 271.774
9.297923 271.443
9.329101 272.833
9.360263 272.13
9.391325 272.127
9.422426 273.424
9.454671 273.186
9.48573 272.356
9.516868 272.203
9.547957 272.119
9.579309 272.501
9.60141 274.195
9.632566 273.594
9.663779 274.168
9.694887 276.248
9.726008 276.691
9.758332 273.921
9.790704 276.133
9.821855 273.304
9.853036 273.685
9.884335 275.438
9.9154 273.796
9.947468 275.302
9.978517 274.072
10.009662 271.79
10.040813 272.01
10.072009 271.923
10.104293 273.731
10.1355 273.185
10.166698 274.259
10.197877 272.401
10.229317 271.386
10.261549 275.146
10.292687 274.349
10.323805 272.582
10.354998 272.177
10.386184 273.104
10.418434 272.518
10.449653 274.006
10.480908 272.68
10.512258 273.119
10.54335 272.454
10.575656 272.262
10.60676 271.887
10.637915 272.867
10.669068 271.978
10.700389 272.02
10.732482 272.606
10.763606 273.454
10.794725 274.549
10.825939 272.202
10.857085 272.843
10.889362 271.344
10.920673 270.531
10.951889 270.961
10.983061 270.919
11.014257 271.471
11.0465 270.493
11.077601 270.931
11.108811 274.799
11.139985 271.967
11.17115 273.676
11.203391 273.614
11.234798 273.291
11.26611 273.349
11.297275 274.415
11.328512 275.145
11.360804 271.608
11.391994 272.142
11.423144 271.436
11.454248 271.867
11.485448 273.355
11.517877 272.683
11.549085 271.733
11.580383 271.08
11.611569 271.778
11.642844 272.39
11.675122 270.735
11.706325 273.01
11.737586 271.77
11.768738 271.373
11.799971 273.118
11.832192 275.341
11.863578 273.223
11.894754 273.201
11.926207 270.312
11.957546 271.174
11.989903 271.123
12.021137 271.448
12.052379 271.486
12.083437 270.135
12.11473 269.818
12.14705 271.67
12.178216 272.936
12.209369 271.927
12.24059 270.43
12.271718 271.234
12.303923 271.531
12.335215 272.151
12.366436 270.865
12.397634 271.3
12.428906 270.269
12.461158 272.448
12.492198 272.772
12.523321 272.192
12.554486 271.945
12.585661 272.023
12.6179 277.825
12.649048 273.208
12.680139 271.727
12.71127 276.15
12.742362 273.188
12.774644 270.588
12.805801 271.878
12.837017 270.7
12.85798 269.955
12.889202 270.97
12.921519 270.305
12.952742 269.937
12.983951 273.132
13.015188 272.622
13.046449 274.267
13.078857 273.997
13.110184 273.265
13.131242 271.774
13.162454 272.823
13.193596 273.653
13.225898 269.915
13.25695 272.04
13.287998 270.763
13.319195 270.422
13.350281 269.903
13.382673 271.5
13.413816 271.42
13.445204 272.06
13.476411 271.139
13.507574 269.664
13.539699 270.731
13.570789 271.298
13.602132 272.444
13.633267 275.166
13.664458 272.97
13.696735 273.564
13.727906 272.464
13.759033 271.582
13.7902 272.661
13.821537 271.85
13.853857 274.185
13.885023 273.476
13.916175 271.019
13.947335 276.505
13.978509 271.886
14.010737 271.362
14.041903 271.77
14.073202 272.348
14.104367 270.852
14.135622 270.088
14.167809 273.155
14.199227 275.727
14.230458 271.042
14.261798 270.48
14.293077 270.479
14.325435 274.515
14.356719 271.643
14.387945 272.63
14.4192 270.213
14.450376 270.436
14.482744 272.316
14.514066 270.066
14.545153 270.769
14.576339 271.465
14.607511 270.623
14.639709 274.765
14.670909 275.295
14.702031 277.911
14.733407 278.926
14.76459 274.538
14.796841 298.032
14.899393 307.678
14.930607 336.812
14.982176 295.745
15.00325 279.605
15.035396 277.446
15.066588 273.38
15.097787 271.849
15.128981 269.607
15.160336 270.022
15.192524 270.571
15.223661 298.62
15.315958 276.688
15.347173 275.182
15.378403 281.537
15.410678 279.027
15.441766 292.584
15.483166 275.353
15.514357 277.016
15.545566 277.636
15.577825 271.469
15.60913 269.478
15.640235 271.458
15.67144 273.669
15.702645 269.486
15.734891 269.044
15.766107 273.746
15.797336 272.978
15.828679 272.979
15.859812 273.29
15.892218 275.181
15.923371 274.432
15.954542 272.15
15.985723 273.957
16.016886 275.681
16.049151 274.213
16.08042 271.869
16.11167 270.867
16.14293 270.043
16.174277 269.782
16.206653 270.194
16.237841 269.525
16.269021 269.738
16.300223 269.808
16.331374 269.892
16.363716 269.245
16.394901 269.639
16.42612 270.353
16.457347 269.746
16.488597 269.255
16.520944 268.072
16.552171 269.133
16.583522 268.095
16.614802 269.351
16.646055 271.719
16.6783 270.13
16.709563 270.535
16.740843 269.612
16.771996 270.78
16.803165 270.66
16.835531 270.106
16.866713 269.002
16.897926 269.375
16.929169 269.08
16.960381 269.808
16.99269 269.018
17.023869 269.714
17.055015 270.827
17.086136 273.024
17.117382 271.277
17.139555 268.49
17.170663 268.846
17.201829 272.045
17.232978 269.537
17.264159 269.902
17.296529 269.472
17.327783 271.596
17.358904 270.425
17.390104 270.773
17.421348 272.594
17.453701 271.066
17.484846 272.424
17.515956 273.839
17.547127 275.715
17.578273 273.64
17.610561 274.91
17.641659 272.646
17.672945 273.623
17.704115 274.559
17.72504 276.949
17.757322 271.849
17.788572 270.671
17.819833 271.723
17.851044 271.545
17.882256 272.593
17.914539 271.855
17.945721 269.146
17.976976 267.989
18.008162 268.646
18.039393 268.517
18.07163 268.515
18.102823 268.318
18.13397 269.21
18.165169 268.722
18.196352 269.568
18.228608 270.378
18.259674 271.654
18.290901 282.097
18.322065 282.721
18.353276 269.675
18.385588 268.982
18.416813 268.402
18.448078 268.146
18.479321 267.23
18.510524 268.59
18.542751 268.638
18.573959 268.904
18.605259 268.173
18.636515 268.228
18.667712 269.452
18.699975 270.764
18.731158 271.254
18.762415 269.343
18.793644 269.552
18.825007 268.14
18.857398 268.315
18.888471 268.25
18.919606 268.448
18.950827 270.606
18.98196 269.748
19.01432 269.034
19.045519 269.12
19.0768 268.402
19.108103 267.751
19.139353 270.39
19.17191 269.572
19.203078 271.309
19.234273 272.368
19.265441 269.421
19.296597 268.882
19.328818 268.322
19.359983 273.625
19.391262 281.922
19.422434 337.654
19.453592 400.486
19.567457 419.937
19.598645 278.735
19.629741 268.818
19.661052 267.369
19.692276 268.68
19.724715 268.081
19.755942 268.709
19.78712 268.772
19.818345 268.362
19.849618 271.493
19.881932 270.051
19.913234 269.27
19.944571 269.351
19.975931 269.06
20.007257 267.526
20.039459 267.715
20.070685 268.566
20.101902 267.606
20.133087 266.719
20.16433 267.846
20.19659 267.177
20.227732 270.885
20.258943 270.461
20.290146 266.927
20.311118 269.799
20.34342 268.039
20.374628 267.789
20.405864 267.807
20.437099 268.485
20.468421 267.895
20.500807 269.289
20.53207 270.148
20.563318 272.861
20.594627 269.449
20.625883 269.079
20.658232 268.109
20.689517 267.177
20.720746 266.919
20.751938 268.059
20.783147 267.725
20.815521 268.308
20.846749 267.549
20.877993 268.882
20.909228 268.137
20.940537 269.161
20.972795 268.293
21.003918 271.969
21.035099 268.045
21.06629 268.29
21.09747 271.472
21.129712 267.997
21.16085 266.635
21.191897 269.294
21.223062 270.198
21.254292 267.696
21.286589 274.743
21.317775 269.908
21.348974 266.741
21.380132 267.911
21.411379 268.745
21.44371 269.016
21.47489 270.364
21.506115 267.994
21.537451 268.948
21.568612 267.579
21.60085 269.693
21.631981 267.774
21.663224 267.84
21.694349 268.704
21.725788 268.044
21.75801 266.771
21.789244 266.786
21.820539 267.63
21.851688 267.555
21.882845 267.02
21.915308 266.915
21.946456 267.258
21.977603 267.091
22.008797 268.244
22.039929 266.655
22.07227 267.206
22.103461 268.012
22.134639 270.018
22.165807 267.648
22.197048 268.218
22.229404 270.16
22.260655 266.939
22.291865 267.759
22.32301 266.826
22.354233 267.376
22.386468 267.846
22.417671 266.969
22.449091 267.894
22.480295 266.613
22.511524 267.217
22.543827 266.335
22.575062 266.542
22.60629 268.042
22.637511 266.436
22.668787 267.034
22.701135 267.749
22.732518 266.87
22.763787 269.891
22.795014 266.4
22.82633 267.534
22.85881 270.135
22.879828 267.373
22.911081 266.593
22.942342 267.549
22.973636 267.086
23.005962 267.314
23.0372 267.133
23.068417 270.074
23.099633 267.692
23.130907 266.916
23.163432 266.746
23.194614 268.066
23.225831 268.37
23.257052 267.839
23.288178 269.495
23.320561 270.38
23.35169 267.032
23.382846 269.251
23.414088 269.412
23.445284 267.619
23.477618 266.592
23.508814 267.007
23.539989 267.884
23.571187 266.653
23.602437 267.271
23.634683 266.688
23.666013 267.123
23.697223 266.389
23.728406 266.549
23.759547 267.771
23.791821 266.316
23.823029 267.259
23.854392 266.855
23.885616 266.318
23.916938 266.485
23.949339 267.951
23.980553 271.029
24.011739 267.058
24.042902 267.429
24.07411 268.572
24.106417 268.033
24.137663 273.469
24.168945 277.098
24.200063 270.088
24.231268 270.146
24.263597 266.832
24.294755 266.487
24.325836 266.131
24.357028 267.941
24.38816 266.523
24.420373 267.663
24.451506 266.234
24.482746 267.904
24.513906 266.311
24.545243 266.372
24.577694 267.729
24.608846 266.402
24.640067 266.774
24.671326 266.782
24.702486 267.437
24.734778 268.295
24.766102 269.033
24.797134 267.194
24.828328 267.651
24.859576 267.026
24.891889 266.857
24.912859 267.006
24.944034 266.822
24.975206 266.991
25.00642 266.631
25.038941 267.16
25.070053 266.689
25.101222 268.661
25.132359 268.16
25.16356 266.017
25.195855 267.395
25.226924 266.374
25.258227 266.743
25.289427 267.669
25.320636 266.856
25.352884 266.802
25.38405 267.221
25.41523 266.396
25.446328 269.325
25.477452 268.669
25.509842 266.454
25.54096 266.832
25.572187 267.914
25.603416 267.711
25.634606 266.191
25.666733 266.428
25.698073 266.091
25.729292 266.877
25.760561 266.316
25.791742 267.466
25.824029 266.506
25.855331 267.614
25.886515 266.426
25.917693 267.228
25.949074 266.524
25.981453 266.265
26.012671 266.755
26.043847 266.593
26.07499 266.005
26.096028 266.303
26.128293 267.538
26.159518 266.607
26.190687 266.229
26.221865 270.461
26.253186 267.873
26.285401 269.188
26.316629 268.082
26.347832 269.514
26.379006 267.674
26.410199 270.74
26.442516 267.72
26.473716 268.944
26.504925 266.269
26.536162 266.388
26.567382 266.401
26.599722 266.999
26.630932 271.108
26.662145 266.352
26.693399 268.34
26.724623 266.525
26.756949 266.517
26.788072 266.897
26.819269 267.253
26.850478 267.142
26.881653 266.001
26.91389 266.27
26.945001 269.355
26.976126 266.81
27.007297 265.985
27.038518 266.51
27.070743 267.308
27.101938 266.765
27.133114 267.117
27.164306 269.895
27.195576 267.256
27.227823 269.571
27.259015 270.61
27.290127 267.376
27.32129 267.981
27.352569 267.303
27.384784 267.27
27.415927 271.765
27.44705 269.578
27.478126 267.311
27.509314 267.78
27.541619 269.461
27.572769 270.614
27.603945 270.238
27.635185 271.062
27.666425 269.421
27.698711 268.749
27.729885 266.993
27.761065 268.473
27.792194 268.234
27.823438 267.883
27.855769 273.492
27.886958 273.394
27.9181 273.077
27.949287 271.089
27.980554 268.901
28.012902 270.951
28.044041 272.156
28.075226 269.174
28.106401 267.0
28.137638 267.655
28.159678 272.315
28.190872 272.427
28.222072 275.968
28.253138 270.534
28.284294 267.473
28.316623 271.21
28.347859 267.024
28.378941 267.761
28.410045 267.195
28.441242 267.303
28.473422 268.164
28.504424 269.706
28.535505 269.523
28.566511 266.693
28.597607 268.036
28.629776 267.484
28.660799 267.188
28.691961 266.647
28.723153 267.471
28.754312 267.369
28.786642 267.073
28.817971 272.857
28.849119 267.508
28.880203 266.523
28.911542 268.039
28.94391 266.883
28.975062 267.595
29.00613 269.37
29.037148 266.767
29.05809 268.183
29.09027 272.758
29.121317 267.763
29.152342 268.025
29.18336 268.013
29.214402 267.19
29.246628 267.666
29.277655 270.627
29.308708 269.934
29.339714 272.179
29.370787 271.572
29.403105 273.399
29.434306 269.56
29.465427 269.485
29.496658 272.665
29.527903 270.194
29.560198 269.984
29.5913 270.43
29.622603 272.039
29.653925 268.585
29.685106 272.669
29.717525 269.851
29.74874 269.206
29.779909 268.475
29.811058 274.277
29.842286 268.257
29.874574 268.304
29.905693 267.009
29.936795 270.528
29.967948 266.383
29.999149 267.421
30.031591 268.302
30.062769 266.879
30.093919 269.159
30.125169 268.661
30.156506 266.747
30.188979 269.811
30.220126 269.643
30.241019 266.52
30.272164 268.059
30.303366 269.116
30.335643 270.323
30.366934 275.919
30.39813 267.917
30.429307 295.905
30.460526 268.601
30.492836 270.884
30.524076 279.691
30.555227 270.473
30.586403 276.422
30.617635 272.267
30.650156 269.408
30.681241 269.576
30.712401 268.585
30.743632 269.68
30.77485 269.525
30.807127 269.232
30.838246 266.789
30.869487 275.665
30.900685 279.067
30.931933 270.915
30.964308 267.836
30.995604 269.356
31.02692 267.625
31.058075 267.435
31.089308 266.209
31.1216 267.388
31.152749 273.832
31.183905 273.139
31.215009 268.438
31.246277 271.854
31.27851 266.956
31.30959 266.936
31.340763 267.59
31.371897 267.21
31.403111 268.39
31.435397 269.92
31.466434 266.878
31.497621 266.926
31.528703 270.722
31.559754 267.596
31.592075 268.632
31.623288 268.812
31.654467 268.311
31.685717 268.153
31.716933 267.066
31.749382 296.169
31.800958 268.259
31.832108 268.182
31.863364 266.553
31.894681 267.837
31.926899 270.823
31.958071 267.264
34.019481 267.131
34.0506 267.561
34.081815 267.061
34.114175 272.798
34.145194 268.166
34.176342 271.388
34.207557 269.603
34.238847 272.25
34.271346 267.981
34.302656 270.193
34.333897 266.821
34.365081 269.541
34.396261 267.108
34.42854 266.506
34.459683 270.095
34.490858 268.895
34.522081 267.743
34.583834 267.571
34.616069 273.511
34.647271 266.745
34.678408 268.275
34.709585 268.751
34.740854 267.354
34.773127 266.627
34.804311 267.328
34.825299 268.486
34.856542 267.267
34.887791 268.397
34.920143 266.708
34.951339 268.711
34.982508 267.336
35.013621 272.671
35.044918 267.188
35.077296 267.841
35.108541 266.744
35.13967 266.966
35.170916 267.615
35.202214 267.154
35.234586 268.379
35.265741 267.915
35.296977 266.644
35.328155 270.038
35.359393 267.664
35.391683 267.437
35.422843 267.494
35.453958 268.22
35.485051 267.263
35.516271 269.914
35.548495 274.39
35.579611 268.859
35.610694 276.697
35.641821 280.434
35.672994 284.187
35.705266 274.307
35.736391 281.904
35.798073 277.464
35.82924 268.232
35.860392 312.845
35.913027 267.444
35.934931 267.872
35.966122 267.229
35.997264 268.893
36.028402 267.553
36.059477 270.923
36.101877 266.541
36.133022 268.587
36.164193 268.386
36.19533 268.835
36.22645 268.77
36.258687 267.353
36.28986 267.389
36.310786 267.759
36.341865 269.544
36.37308 266.99
36.405503 268.321
36.436892 267.491
36.468144 267.627
36.499428 272.516
36.530696 282.787
36.563158 290.224
36.595443 290.541
36.627828 278.302
36.659924 267.514
36.69227 267.343
36.723326 267.309
36.754398 267.956
36.785578 275.047
36.816829 269.18
36.84903 268.697
36.880242 268.057
36.911327 268.016
36.942512 271.758
36.973636 268.785
37.005923 270.056
37.037082 266.731
37.068271 272.004
37.099358 267.383
37.130838 273.542
37.163146 269.767
37.19432 288.825
37.225463 309.68
37.256717 301.987
37.287894 303.746
37.320148 331.088
37.351278 325.639
37.382471 309.818
37.413663 269.492
37.444845 268.338
37.477123 267.694
37.50826 268.185
37.539387 266.98
37.570596 267.236
37.652725 269.664
37.684987 271.333
37.7173 269.07
37.749618 266.95
37.781866 270.742
37.81444 267.122
37.846808 269.322
37.878972 270.338
37.911202 266.911
37.943435 268.85
37.975646 267.798
38.006771 267.802
38.058283 267.301
38.089445 268.195
38.120674 267.703
38.153115 270.767
38.184433 268.02
38.215643 267.643
38.246799 268.951
38.278191 267.228
38.310455 266.79
38.341737 266.898
38.372984 269.188
38.40424 269.908
38.435368 268.035
38.467823 270.197
38.498982 269.123
38.530186 269.743
38.561306 274.446
38.592748 270.375
38.625299 268.18
38.687056 271.039
38.718256 274.425
38.749503 272.006
38.780747 268.638
38.813049 271.652
38.844443 268.111
38.875612 267.927
38.906827 267.227
38.938057 272.608
38.970603 273.615
39.042565 280.738
39.073787 272.842
39.104982 270.901
39.136196 269.81
39.168426 268.037
39.199644 270.593
39.230815 268.503
39.261984 271.325
39.293159 275.393
39.325471 271.304
39.387341 273.08
39.418526 270.316
39.449722 269.841
39.480843 270.773
39.513348 268.124
39.54486 269.693
39.576102 269.682
39.607315 269.4
39.638525 269.493
39.670822 268.296
39.722428 278.061
39.753669 313.271
39.784975 280.098
39.816297 283.379
39.848667 272.164
39.879879 269.679
39.911022 269.058
39.942187 279.105
39.973353 275.715
40.005702 280.443
40.03791 278.727
40.100708 270.597
40.132949 274.357
40.165114 273.517
40.197437 272.864
40.229667 271.707
40.261834 291.368
40.283976 289.944
40.316152 269.639
40.34839 268.981
40.380523 268.838
40.473884 289.805
40.505038 301.517
40.536236 302.579
40.567461 276.238
40.598642 280.871
40.630893 292.354
40.66317 284.017
40.695643 329.938
40.728082 284.887
40.759244 273.243
40.84124 269.942
40.872482 276.898
40.903758 277.61
40.936116 281.927
40.96843 273.781
41.009762 275.534
41.041192 274.16
41.072423 273.44
41.103728 268.005
41.136019 272.253
41.168312 273.621
41.200512 272.736
41.232842 267.935
41.265092 281.903
41.297421 273.267
41.329792 269.817
41.362039 271.458
41.394356 272.216
41.426726 276.069
41.459067 276.813
41.491386 271.827
41.523687 269.278
41.586469 277.408
41.618693 273.608
41.65106 271.14
41.683132 275.494
41.715428 267.72
41.74771 271.521
41.77998 274.82
41.812178 277.153
41.844427 292.781
41.876599 286.669
41.907814 269.688
41.938947 271.252
41.970196 279.931
42.001427 288.697
42.033656 279.519
42.06479 280.317
42.136693 282.552
42.167871 276.972
42.198987 281.038
42.231201 273.173
42.263403 289.996
42.295809 283.26
42.328123 281.512
42.431734 272.823
42.462939 272.883
42.494086 281.677
42.525253 274.573
42.556493 276.343
42.588762 278.374
42.621015 295.632
42.653276 341.466
42.685516 309.462
42.716667 295.439
42.788664 276.321
42.819842 308.343
42.851008 298.235
42.883272 313.991
42.914498 283.938
42.945868 302.08
42.977176 305.033
43.008511 290.449
43.13253 289.623
43.163886 304.365
43.195112 318.747
43.226333 388.651
43.257549 352.199
43.290083 305.768
43.321336 312.026
43.352443 307.773
43.383683 293.808
43.55732 286.981
43.589741 319.653
43.620938 325.03
43.65212 332.456
43.693546 380.945
43.724871 430.369
43.757294 370.288
43.788836 322.098
43.8201 303.806
44.04475 309.518
44.08615 303.528
44.118575 364.99
44.16033 294.966
44.191531 302.93
44.222702 307.317
44.254046 298.429
44.286461 275.58
44.439906 276.824
44.471031 283.627
44.502227 282.634
44.533432 334.248
44.586016 329.36
44.617185 338.411
44.648342 311.337
44.67954 288.114
44.792153 278.631
44.82444 299.974
44.85673 343.256
44.909536 301.025
44.940675 292.363
44.971876 297.626
45.003092 291.016
45.034362 272.803
45.19884 270.332
45.230117 276.556
45.261286 333.863
45.292387 296.165
45.323561 290.158
45.355785 282.113
45.388089 276.286
45.562888 279.015
45.594081 281.193
45.625118 314.838
45.656286 316.748
45.687478 325.841
45.719817 340.807
45.751042 328.002
45.782193 314.387
45.813428 268.571
45.936239 269.198
45.968564 283.224
45.999742 291.157
46.030951 267.509
46.062147 284.197
46.093323 281.898
46.125612 291.803
46.157939 288.468
46.29205 286.396
46.323201 301.715
46.354349 289.222
46.385563 296.909
46.416801 299.056
46.449266 316.306
46.480381 319.569
46.511521 324.453
46.542661 317.423
46.65539 286.382
46.687665 304.495
46.718906 296.923
46.750079 321.312
46.781278 322.178
46.812519 326.949
46.845003 329.024
46.876251 326.543
46.907436 301.659
47.009912 291.945
47.041365 327.768
47.094381 351.438
47.125611 358.182
47.156822 292.834
47.188023 292.598
47.219143 290.452
47.434676 270.762
47.465851 277.213
47.497072 309.193
47.528237 317.567
47.559453 322.009
47.5916 296.208
47.623898 273.653
47.818938 279.707
47.850151 275.892
47.881291 300.134
47.912472 290.114
47.943637 297.916
47.975917 303.395
48.007109 301.865
48.03823 276.973
48.14069 272.087
48.171809 277.577
48.204011 280.387
48.235105 288.173
48.266166 287.422
48.297333 298.516
48.328515 299.863
48.360737 291.675
48.493623 270.729
48.524755 272.479
48.556094 323.892
48.59736 330.649
48.629513 286.219
48.660674 288.069
48.691745 293.101
48.733141 286.71
48.906874 282.965
48.939123 298.094
48.970279 307.426
49.001356 341.724
49.032509 337.194
49.063624 296.53
49.095777 292.831
49.279531 274.52
49.310676 285.461
49.341796 290.538
49.372957 298.678
49.405156 301.214
49.436361 351.598
49.467534 316.86
49.498666 309.442
49.52979 284.039
49.663651 284.053
49.694848 286.577
49.725986 288.935
49.757181 272.742
49.788401 276.022
49.820817 274.383
49.851997 272.361
50.005104 273.444
50.03625 293.353
50.067479 287.227
50.099709 315.059
50.130902 330.907
50.162062 331.405
50.193231 339.688
50.224543 315.826
50.256816 279.45
50.399853 285.492
50.431028 308.381
50.462202 303.271
50.493362 348.937
50.535864 359.49
50.567128 320.973
50.598302 313.682
50.629589 307.56
50.752613 277.001
50.784892 339.187
50.856766 334.333
50.887997 331.976
50.919135 268.314
51.164002 306.577
51.206741 321.779
51.237966 360.749
51.269072 331.247
51.300268 303.176
51.331574 302.257
51.363857 290.47
51.567965 283.905
51.588931 284.655
51.620089 293.222
51.651165 287.435
51.683436 303.724
51.714576 321.902
51.746004 290.63
51.777234 286.379
51.920627 280.945
51.952893 284.959
51.984087 291.542
52.015257 295.399
52.046379 299.852
52.077589 303.739
52.109874 305.284
52.141003 281.047
52.273969 269.165
52.305135 267.397
52.336329 280.32
52.368649 274.106
52.399842 276.657
52.431015 281.807
52.462182 280.11
52.595496 275.659
52.627839 334.838
52.679437 281.214
52.710714 294.929
52.741935 340.929
52.783549 299.695
52.815923 290.517
52.969268 273.092
53.000404 272.578
53.031523 273.735
53.062706 274.126
53.094982 276.765
53.126145 280.408
53.157351 275.932
53.290289 285.647
53.321572 287.258
53.353914 289.992
53.385233 311.023
53.416591 307.222
53.447842 299.238
53.479067 311.42
53.511332 277.544
53.674658 278.025
53.705922 286.703
53.737213 305.282
53.768488 320.512
53.80083 339.292
53.832252 350.729
53.863451 348.511
53.894648 353.584
53.92586 365.879
53.958151 277.269
54.060562 302.618
54.101861 309.651
54.133039 302.776
54.16415 300.971
54.196409 305.003
54.22762 316.932
54.258697 297.275
54.412084 280.088
54.443259 280.165
54.475517 285.171
54.50669 295.126
54.537827 311.828
54.568957 300.478
54.600127 304.088
54.632277 276.456
54.744922 274.581
54.776103 286.473
54.807274 348.323
54.86904 348.762
54.901298 376.282
54.932541 387.502
54.963989 341.028
54.995245 299.803
55.179142 284.622
55.211422 298.624
55.24267 336.35
55.273865 348.268
55.30508 377.535
55.336238 374.62
55.368527 307.128
55.399722 302.075
55.634219 271.309
55.665388 280.444
55.696612 300.098
55.728866 301.57
55.759942 331.917
55.791263 362.261
55.82258 317.086
55.853821 318.946
55.886021 294.628
55.998717 272.429
56.029945 295.749
56.061182 302.359
56.09239 332.222
56.12469 367.212
56.15585 404.739
56.197149 334.836
56.22825 309.374
56.259455 295.351
56.464631 273.854
56.495732 309.209
56.526898 306.073
56.558094 305.603
56.58928 340.488
56.621537 357.456
56.652721 308.769
56.683899 303.651
56.837015 276.666
56.858 291.722
56.890271 310.6
56.921443 306.042
56.952705 337.813
56.983843 402.219
57.055877 433.693
57.088094 439.607
57.119294 430.626
57.150463 451.307
57.18162 466.484
57.212844 291.445
57.245044 307.051
57.276239 329.695
57.307663 344.497
57.338943 369.802
57.370114 297.838
57.402349 285.084
57.433456 295.386
57.464596 299.662
57.495668 306.629
57.537018 349.088
57.569285 312.446
57.600446 288.003
57.743551 305.026
57.77465 326.776
57.805835 334.53
57.838182 349.294
57.869342 313.298
57.900572 315.095
57.931764 349.526
57.963009 346.145
57.995288 354.731
58.026451 371.836
58.047533 348.038
58.119416 284.586
58.150567 293.586
58.18279 294.057
58.213947 339.534
58.24519 358.368
58.276374 378.913
58.307699 392.575
58.340027 408.109
58.371181 429.435
58.402336 481.545
58.443749 464.715
58.474945 370.034
58.527575 288.381
58.558728 289.429
58.58998 300.339
58.621088 306.143
58.652442 305.195
58.6847 296.321
58.746373 281.673
58.777596 301.278
58.80881 306.873
58.839983 326.772
58.872422 306.995
58.924103 278.009
58.955284 294.973
58.986414 295.277
59.017635 321.531
59.049961 333.598
59.081163 331.193
59.112318 343.882
59.14348 288.095
59.266294 300.794
59.298658 307.239
59.329771 329.372
59.361066 342.108
59.392234 344.053
59.423454 357.524
59.455771 422.082
59.507397 382.682
59.538646 274.567
59.641013 278.265
59.672139 272.185
59.704405 286.987
59.735577 342.631
59.766741 305.719
59.797881 277.34
59.829102 292.884
59.861348 328.617
59.892546 309.538
59.923714 304.117
60.036329 284.43
60.067586 297.259
60.099835 299.945
60.130884 342.232
60.182532 363.938
60.213698 414.32
60.244934 431.252
60.277261 412.823
60.308522 386.706
60.339682 294.134
60.472598 291.721
60.503815 294.944
60.52582 288.224
60.557012 291.195
60.598328 287.866
60.629524 298.126
60.660831 322.246
60.693106 335.585
60.724286 337.668
60.755529 304.443
60.837563 289.801
60.868744 318.088
60.901041 352.291
60.932229 345.392
60.963386 435.761
61.045357 436.962
61.076682 294.23
61.10888 291.052
61.312953 274.303
61.344201 274.697
61.375462 355.016
61.437179 354.232
61.469451 361.624
61.50065 381.508
61.531739 347.978
61.562898 375.626
61.59416 379.578
61.626386 365.418
61.779601 283.345
61.810787 286.186
61.841961 274.138
61.873043 284.062
61.905325 291.073
61.93648 286.115
61.967585 292.596
61.998751 276.203
62.111417 274.957
62.14371 292.64
62.1646 349.041
62.216095 349.42
62.247467 369.766
62.278714 417.816
62.311196 328.84
62.342425 291.016
62.587446 293.491
62.618618 288.968
62.649915 322.055
62.682229 332.46
62.713414 329.605
62.744645 323.987
62.775861 327.399
62.807016 340.913
62.839197 302.919
63.012877 279.978
63.033933 282.077
63.065176 285.59
63.096514 293.328
63.128981 297.82
63.160125 313.258
63.191301 323.348
63.222482 349.135
63.253674 297.404
63.357283 295.94
63.388644 297.905
63.419859 337.442
63.461395 338.178
63.492676 319.754
63.524934 315.558
63.556056 309.71
63.729654 278.106
63.760872 273.382
63.792123 302.573
63.824416 311.479
63.855618 325.804
63.8868 354.091
63.917978 379.328
63.949292 369.422
63.981577 376.32
64.012823 313.404
64.135501 321.203
64.166723 337.391
64.197944 367.504
64.230205 341.413
64.261386 306.314
64.506177 274.744
64.537487 296.247
64.568767 304.233
64.601064 332.345
64.632399 330.17
64.663566 382.842
64.694751 384.457
64.725875 406.898
64.758419 365.663
64.789454 335.11
64.902076 288.425
64.933255 301.714
64.96449 301.341
64.996805 319.645
65.027979 285.34
65.05915 306.704
65.090293 303.473
65.121434 335.216
65.153632 338.699
65.184738 339.503
65.215886 330.102
65.277564 277.365
65.308798 277.507
65.341147 339.155
65.392781 328.58
65.424136 321.659
65.455268 285.46
65.486399 289.787
65.518644 293.086
65.549849 309.773
65.581058 294.954
65.693642 286.816
65.724876 294.608
65.757143 293.932
65.788281 312.41
65.839826 345.577
65.870964 330.557
65.902122 336.344
65.934465 354.817
65.965671 318.566
66.048002 309.39
66.089543 295.443
66.120793 304.916
66.143042 314.564
66.174299 315.191
66.205474 351.93
66.23669 371.944
66.267909 406.954
66.300263 381.966
66.331409 367.593
66.433906 274.693
66.465235 282.192
66.496491 303.392
66.528854 308.157
66.56001 275.607
66.591274 281.246
66.622552 283.625
66.653783 285.429
66.686054 283.609
66.798727 276.259
66.82995 291.944
66.861254 294.516
66.892538 309.147
66.924885 309.541
66.956133 378.073
66.997509 321.829
67.028645 278.045
67.151388 284.305
67.183695 293.664
67.214885 302.313
67.24609 308.139
67.277257 276.983
67.308407 289.981
67.34071 311.368
67.371865 325.698
67.403068 327.722
67.434289 318.026
67.52655 282.431
67.558827 292.17
67.590003 352.271
67.631449 311.546
67.662644 311.741
67.69394 287.469
67.817849 277.196
67.849078 289.533
67.880293 279.632
67.911501 272.759
67.94274 291.7
67.975088 314.413
68.00635 289.286
68.037568 298.861
68.180637 276.366
68.211903 298.619
68.244236 298.334
68.275554 291.02
68.306737 284.134
68.460583 283.861
68.491912 313.244
68.524578 305.517
68.555795 337.399
68.587004 356.871
68.618249 322.867
68.649471 324.563
68.681783 329.758
68.723301 321.813
68.866455 271.022
68.897641 296.86
68.929085 288.624
68.961338 288.228
68.992558 286.747
69.02373 297.374
69.054904 291.272
69.086101 274.803
69.230373 278.383
69.261611 295.49
69.29283 295.302
69.32408 305.341
69.355293 376.427
69.397849 339.028
69.429183 318.209
69.46041 312.723
69.674945 278.33
69.706326 284.693
69.739006 291.341
69.770131 306.106
69.801321 297.673
69.832592 309.447
69.863795 313.774
69.896106 275.875
70.018846 285.997
70.050045 395.582
70.172885 377.547
70.204026 307.964
70.236312 303.122
70.470984 282.366
70.502146 310.414
70.533353 309.362
70.564551 346.618
70.607075 402.366
70.638337 422.14
70.669519 429.613
70.701102 410.359
70.7334 390.751
70.765746 393.239
70.796922 353.3
71.041548 293.19
71.072792 313.837
71.103959 312.971
71.136643 305.305
71.167816 298.3
71.1989 323.046
71.230051 307.199
71.261248 279.674
71.425821 277.745
71.45706 275.7
71.48824 273.659
71.519469 276.491
71.550752 278.202
71.583058 286.097
71.614278 283.643
71.747232 272.887
71.778406 300.474
71.809661 302.314
71.842078 309.779
71.873222 318.759
71.904389 330.297
71.935594 352.334
71.966798 350.053
71.999121 364.562
72.030419 352.575
72.11261 333.106
72.184614 317.756
72.215874 296.409
72.24821 320.642
72.27949 317.55
72.310682 298.499
72.342009 282.669
72.495493 278.043
72.527718 286.202
72.558916 287.522
72.59018 276.493
72.62136 283.185
72.652686 276.053
72.684875 274.936
72.838306 273.921
72.869476 271.515
72.900716 272.392
72.931858 279.626
72.964139 278.96
72.995324 287.421
73.026622 280.7
73.05786 274.18
73.170611 295.574
73.202911 295.083
73.234095 325.333
73.265213 330.299
73.296335 346.331
73.358047 380.665
73.390566 354.537
73.421787 353.205
73.453192 325.785
73.779479 374.975
73.881837 379.646
73.914164 386.014
73.945297 346.781
73.976512 323.126
74.007658 290.047
74.211816 286.01
74.243992 288.05
74.275201 332.24
74.306401 406.604
74.398885 318.839
74.430153 312.085
74.462416 273.38
74.676799 268.993
74.708126 395.303
74.821038 372.665
74.852298 371.413
74.884576 323.452
74.915802 304.413
75.109813 283.165
75.141023 291.424
75.172192 348.68
75.245425 347.05
75.276638 419.804
75.328218 371.762
75.359455 345.213
75.390678 335.425
75.59612 286.206
75.627387 372.694
75.709605 323.324
75.740816 331.048
75.772037 342.998
75.804399 388.583
75.83563 362.558
75.866824 367.726
75.898129 355.14
76.000739 277.35
76.032971 304.47
76.064357 299.555
76.095679 332.72
76.127016 318.01
76.158259 341.428
76.190537 338.975
76.221711 339.133
76.252882 301.945
76.395855 283.92
76.426982 297.682
76.45922 298.004
76.490419 303.516
76.521697 309.704
76.552961 307.097
76.584153 314.553
76.6165 308.499
76.749494 275.773
76.78073 286.864
76.812058 288.212
76.843627 294.811
76.875926 302.922
76.90714 313.415
76.93845 337.199
76.969662 342.032
77.001005 295.033
77.094554 273.455
77.125768 273.217
77.156924 281.058
77.18809 284.777
77.219351 298.795
80.164078 480.983
80.419212 274.037
80.45039 311.001
80.481528 319.664
80.512959 327.43
80.545339 362.695
80.576559 365.962
80.607707 407.95
80.649087 427.714
80.680264 464.4
80.712482 466.048
80.743669 524.815
80.805358 529.077
80.836522 544.816
80.867765 556.326
80.920429 644.075
80.951578 685.109
80.993006 697.192
81.024152 746.899
81.065574 749.977
81.097869 595.615
81.129114 598.858
81.160421 652.38
81.201769 652.25
81.232985 670.998
81.265444 705.429
81.296618 703.971
81.32801 737.055
81.359192 678.289
81.61408 339.388
81.646578 382.913
81.749032 395.43
81.780421 515.591
81.893132 517.922
81.924346 577.232
81.956734 572.36
81.987952 580.574
82.019168 624.681
82.060532 563.139
82.091733 442.209
82.256565 287.67
82.288081 304.752
82.3194 320.101
82.350782 310.145
82.382066 325.041
82.414654 342.146
82.445863 367.879
82.477045 357.41
82.508224 355.452
82.539395 344.242
82.795346 280.699
82.826438 298.297
82.857562 319.376
82.888769 341.414
82.919967 339.25
82.952211 333.976
82.983396 316.29
83.014545 321.122
83.055936 314.247
83.199121 276.847
83.231447 309.819
83.262623 327.765
83.293766 328.534
83.324915 382.796
83.356121 394.795
83.388361 391.132
83.41945 366.19
83.45061 359.016
83.481785 347.351
83.808017 289.254
83.840352 295.281
83.871571 276.526
83.902705 284.223
83.933886 304.78
83.965053 336.619
83.997326 346.543
84.028404 334.407
84.059563 305.472
84.172167 302.591
84.203337 337.681
84.235799 337.257
84.266959 351.676
84.298049 334.587
84.3292 279.135
84.594535 269.564
84.616569 330.866
84.668154 332.211
84.69942 364.343
84.730747 359.61
84.751789 289.961
84.784133 277.113
85.029227 308.296
85.07055 284.479
85.101716 294.364
85.132962 307.521
85.16525 313.965
85.196425 341.316
85.227607 348.109
85.258805 350.552
85.289918 340.995
85.373248 283.416
85.40476 295.864
85.436019 314.061
85.46735 313.264
85.498541 316.342
85.530863 273.158
85.562126 280.31
85.593347 294.041
85.624639 307.289
85.655918 266.048
85.739376 273.968
85.770635 284.37
85.801942 283.093
85.83321 297.419
85.864439 298.863
85.896836 292.765
85.928009 286.24
86.081443 283.54
86.11268 284.118
86.143876 280.022
86.176148 269.281
86.207384 282.314
86.238597 291.577
86.269791 291.795
86.301019 278.867
86.435206 290.044
86.466391 294.695
86.497541 290.189
86.5288 313.573
86.559826 318.202
86.59219 315.508
86.623504 315.048
86.654779 304.265
86.767464 304.847
86.809103 278.072
86.841497 306.466
86.872726 302.493
86.903886 284.708
86.935078 289.986
86.966253 289.781
86.99851 286.759
87.101059 270.717
87.132234 271.733
87.163404 279.405
87.194644 275.362
87.226928 297.133
87.258108 304.393
87.289262 298.365
87.320436 268.852
87.433099 275.591
87.465457 308.672
87.496705 330.416
87.528481 293.98
87.559922 288.213
87.804843 278.115
87.837493 275.102
87.868699 291.098
87.899878 283.305
87.931023 277.474
87.96224 278.671
87.994574 270.826
88.137691 280.265
88.16903 284.079
88.20027 305.597
88.231623 316.259
88.263983 304.702
88.295159 310.696
88.326357 322.899
88.357514 314.369
88.388767 272.583
88.502489 276.998
88.533648 275.098
88.564943 273.199
88.596105 285.381
88.627289 288.155
88.659528 278.312
88.690675 270.36
88.833801 282.38
88.865059 293.936
88.896242 302.886
88.928761 312.018
88.960071 320.948
88.991267 358.592
89.022487 293.975
89.053634 283.403
89.228516 314.973
89.259658 297.62
89.290835 353.318
89.34238 316.819
89.373627 339.135
89.405956 354.152
89.437201 331.981
89.468376 323.709
89.611479 304.204
89.642656 284.555
89.674978 287.548
89.706146 368.101
89.75764 319.221
89.788862 292.077
89.820045 281.909
90.035665 293.572
90.066864 310.172
90.098076 311.611
90.129248 346.621
90.160458 301.519
90.192692 335.189
90.223904 317.143
90.255064 280.257
90.449274 294.406
90.480781 291.706
90.513095 296.773
90.544261 318.454
90.575525 327.849
90.606696 295.275
90.637909 268.525
90.792385 271.056
90.823722 310.858
90.855134 302.599
90.886456 368.206
90.958284 289.05
90.990671 302.199
91.021858 307.413
91.053114 273.023
91.155746 279.209
91.187129 284.725
91.209528 268.194
91.240715 272.931
91.271937 280.535
91.303099 279.114
91.334334 276.964
91.366613 275.925
91.499749 288.064
91.530928 298.145
91.562098 287.32
91.593298 360.838
91.676448 295.526
91.707597 288.534
91.85068 270.327
91.88182 285.791
91.912999 284.818
91.935037 278.476
91.966224 291.873
91.99745 302.134
92.028677 305.436
92.059812 310.113
92.092113 320.366
92.123339 303.935
92.215728 389.377
92.328433 388.441
92.35981 412.524
92.392191 333.905
92.423364 277.726
92.657899 284.359
92.689174 280.456
92.720599 286.356
92.752927 288.64
92.784149 308.841
92.815347 282.368
92.846533 288.048
92.877747 273.458
93.001784 277.291
93.032877 362.034
93.115057 350.725
93.136 294.825
93.167213 299.857
93.199433 289.923
93.413764 283.984
93.444966 288.676
93.476123 292.112
93.507365 324.87
93.54984 309.655
93.581121 297.59
93.612262 283.114
93.765475 280.66
93.796815 301.341
93.829246 342.437
93.860479 362.649
93.891646 370.282
93.922876 388.611
93.954091 324.904
93.986374 317.914
94.007369 303.437
94.221818 278.356
94.253087 313.42
94.284295 281.802
94.316743 282.996
94.347952 300.454
94.379192 281.994
94.410379 275.357
94.563548 268.799
94.595813 275.051
94.627043 274.178
94.658261 275.095
94.689403 276.514
94.72063 309.044
94.752822 300.675
94.78399 296.433
94.896506 298.347
94.927654 301.276
94.958808 300.49
94.991137 384.054
95.063062 340.892
95.094228 307.501
95.125483 303.967
95.360253 291.964
95.39249 288.439
95.42351 292.276
95.454696 330.055
95.485908 308.422
95.517118 312.339
95.549417 310.788
95.580633 296.423
95.683152 290.955
95.714308 281.402
95.745564 309.25
95.777873 307.051
95.809127 300.511
95.840337 296.475
95.871495 289.963
95.902678 286.889
96.036846 270.212
96.068199 275.153
96.099385 284.255
96.13047 284.217
96.161666 304.332
96.193926 330.636
96.225001 297.21
96.256204 302.158
96.287315 295.708
96.400041 282.287
96.432394 296.13
96.463688 323.803
96.494868 298.79
96.526213 294.887
96.557403 320.456
96.589748 350.285
96.620892 341.077
96.652044 306.422
96.76464 278.864
96.79585 286.195
96.828255 317.319
96.859493 324.327
96.890663 348.373
96.921849 355.527
96.953105 363.914
96.985522 337.759
97.016816 317.651
97.190393 281.646
97.22161 283.327
97.252867 295.82
97.285175 304.87
97.316363 280.402
97.347568 300.857
97.378837 298.813
97.410052 278.916
97.533912 271.981
97.565133 269.296
97.59636 272.674
97.627564 269.717
97.658848 275.562
97.691156 285.402
97.722334 269.559
97.87563 272.362
97.906832 279.107
97.938048 300.668
97.9702 294.828
98.001363 277.402
98.032508 286.513
98.063656 279.753
98.257693 280.27
98.289934 300.019
98.341475 310.123
98.372654 316.761
98.403961 371.668
98.435161 366.654
98.467406 354.244
98.498551 342.061
98.51959 281.862
98.723797 282.275
98.755024 320.834
98.787273 324.568
98.818572 375.079
98.849783 384.724
98.881036 392.063
98.912255 411.734
98.944654 401.325
98.975795 365.214
99.006897 345.461
99.180713 275.948
99.211952 426.192
99.345894 373.697
99.376979 324.241
99.408215 310.468
99.622516 284.515
99.653718 288.546
99.686037 340.858
99.717213 361.832
99.748345 375.739
99.779443 375.657
99.810575 392.7
99.84283 346.184
99.873966 336.564
100.068008 314.384
