1.4e-05 272.668
0.032268 272.043
0.237596 279.521
0.268724 292.937
0.299942 297.004
0.331111 300.255
0.362333 305.876
0.394505 309.14
0.425728 311.006
0.456802 314.01
0.487987 311.067
0.519187 310.687
0.551419 312.511
0.592757 312.63
0.62395 312.181
0.655091 311.481
0.686254 311.039
0.718508 310.666
0.749693 310.486
0.780868 307.185
0.812003 305.094
0.843307 303.403
0.87556 300.89
0.906803 298.392
0.937999 294.686
0.969242 293.393
1.0007 291.544
1.033004 289.411
1.064196 288.249
1.095595 287.106
1.126791 286.066
1.157942 283.91
1.190167 283.451
1.222671 282.364
1.253829 281.28
1.284998 280.327
1.316112 279.527
1.347092 278.452
1.379341 277.721
1.410626 278.065
1.441798 273.338
1.473094 271.104
1.504241 269.4
1.536417 268.693
1.567603 268.93
1.598736 268.817
1.629906 267.642
1.661078 267.59
1.693325 269.077
1.72447 271.229
1.755726 272.098
1.786915 273.314
1.818057 274.812
1.850349 274.071
1.881872 270.731
1.913141 270.062
1.944296 269.485
1.975418 270.305
2.007876 269.562
2.03903 270.669
2.070259 269.42
2.101496 269.594
2.132657 268.382
2.164994 268.415
2.196335 267.98
2.227566 268.765
2.258878 268.111
2.290154 268.213
2.322416 267.417
2.353634 267.113
2.384814 268.035
2.416071 267.22
2.44733 267.138
2.479619 267.145
2.510905 267.899
2.54211 267.424
2.573279 269.261
2.604447 292.095
2.646831 269.162
2.678003 269.213
2.709106 270.765
2.740272 268.835
2.77138 267.418
2.803686 267.402
2.834815 267.057
2.865994 269.234
2.89716 268.256
2.928332 268.332
2.960623 267.565
2.992952 267.547
3.02415 268.683
3.05529 271.99
3.086355 286.393
3.117732 268.807
3.149912 267.988
3.181112 269.315
3.212218 269.464
3.243337 272.194
3.274539 274.561
3.306829 269.117
3.337971 270.584
3.369116 270.129
3.400265 271.107
3.431494 268.896
3.463805 267.296
3.494853 267.718
3.526001 268.267
3.557193 269.117
3.588353 267.132
3.620732 267.085
3.651948 266.395
3.683096 269.067
3.71444 267.082
3.745611 268.921
3.777825 267.711
3.798747 268.403
3.829853 270.001
3.861204 271.239
3.892275 273.513
3.92462 273.788
3.955779 270.17
3.986944 274.985
4.018265 272.75
4.059728 273.235
4.092075 285.599
4.123301 286.201
4.154536 326.121
4.185693 331.499
4.216882 369.24
4.249826 323.03
4.281015 315.855
4.352856 280.479
4.383976 270.475
4.415087 275.7
4.44728 273.263
4.47844 270.859
4.519872 269.011
4.551056 276.815
4.582201 270.249
4.614403 277.68
4.645628 274.375
4.676765 306.43
4.707961 303.688
4.73908 279.021
4.771328 308.66
4.802515 303.451
4.8337 292.31
4.915786 293.113
4.947061 289.235
4.979255 300.881
5.010316 294.213
5.041448 291.108
5.082773 271.486
5.113987 270.798
5.176853 270.135
5.20805 269.593
5.239189 269.891
5.270327 269.821
5.30162 272.962
5.333963 268.815
5.365218 275.039
5.396344 273.492
5.427524 273.927
5.458779 274.064
5.491035 274.598
5.522267 290.252
5.553371 287.847
5.656003 271.265
5.687269 267.849
5.719669 266.4
5.750895 267.916
5.782031 269.984
5.813292 295.342
5.844535 284.245
5.876806 284.373
5.90802 324.24
5.939532 326.447
5.970694 329.776
6.001985 341.202
6.034254 344.49
6.065445 340.523
6.096598 331.242
6.209215 272.543
6.240339 296.65
6.27259 296.259
6.303777 309.848
6.334874 278.321
6.366069 276.716
6.478561 382.469
6.612619 302.235
6.643863 326.479
6.675106 291.386
6.706229 358.657
6.839223 418.986
6.871464 445.61
6.922956 426.876
6.954145 369.711
6.985338 337.696
7.118314 329.416
7.15062 321.853
7.19202 287.684
7.223206 274.63
7.254436 352.066
7.367046 380.37
7.399263 529.457
7.562708 478.781
7.593773 517.551
7.62501 504.675
7.656145 482.907
7.688391 393.406
7.831339 330.257
7.862432 328.176
7.893643 285.175
7.924843 268.869
7.95724 267.986
7.989498 269.209
8.021658 269.842
8.053887 267.941
8.086262 269.358
8.118428 275.538
8.150488 274.142
8.182615 283.372
8.2136 293.292
8.244824 307.091
8.275982 313.246
8.307107 307.677
8.369862 288.239
8.40207 285.556
8.434293 304.359
8.465417 300.834
8.496571 296.382
8.527836 272.925
8.559051 290.948
8.591331 278.416
8.623595 274.976
8.736381 289.051
8.767676 293.873
8.798794 301.333
8.830111 331.166
8.862498 337.911
8.893675 327.204
8.924841 319.976
9.017208 277.192
9.048439 277.286
9.080757 271.457
9.111995 273.374
9.143169 274.508
9.174422 274.511
9.205626 282.701
9.248138 332.253
9.279412 336.719
9.310558 346.561
9.341762 402.514
9.383139 354.402
9.415396 344.975
9.609636 291.675
9.640796 268.384
9.671962 270.122
9.70309 275.673
9.735545 278.279
9.909294 275.077
9.940489 295.775
9.971662 318.608
10.002882 330.257
10.035173 342.395
10.066411 341.635
10.097594 305.442
10.20017 280.931
10.231306 295.503
10.263571 304.583
10.294731 309.088
10.325842 312.988
10.357023 293.708
10.469465 286.623
10.50171 272.084
10.533079 270.076
10.564333 267.382
10.595598 272.262
10.626819 291.385
10.659178 302.728
10.690368 384.488
10.772413 374.187
10.80357 378.89
10.834763 393.334
10.866939 409.272
10.898053 423.782
10.929389 435.316
10.960602 356.581
11.052961 289.891
11.08569 271.722
11.116817 272.722
11.148 270.297
11.179363 271.851
11.210535 271.138
11.324092 270.1
11.35519 276.96
11.386312 315.022
11.437736 323.9
11.468911 407.483
11.531766 384.621
11.564127 387.99
11.595298 375.857
11.626552 363.882
11.657984 331.344
11.689095 333.244
11.721371 360.305
11.935677 345.543
11.966821 352.392
11.998196 647.953
12.2841 507.765
12.316332 427.106
12.347539 373.9
12.561605 278.204
12.592822 269.656
12.62413 270.366
12.656785 267.798
12.688311 273.046
12.719547 267.602
12.750725 268.149
12.782034 270.181
12.81435 268.386
12.846568 270.839
12.878926 277.386
12.911148 274.905
12.943393 271.782
12.97564 270.565
13.007826 269.29
13.040074 290.114
13.072289 276.658
13.145326 280.626
13.186711 277.801
13.217844 283.848
13.249057 270.754
13.280308 274.568
13.312551 269.924
13.343747 271.312
13.375033 273.154
13.406163 274.711
13.437371 272.017
13.510261 269.927
13.542658 309.313
13.573814 309.937
13.604995 317.284
13.636135 303.319
13.667164 278.75
13.699257 287.154
13.730227 302.772
13.76119 280.313
13.792197 276.857
13.924909 280.984
13.957028 272.469
13.988117 272.049
14.019204 273.882
14.050397 273.332
14.081565 271.062
14.113815 270.248
14.144982 277.956
14.176288 275.236
14.207547 274.142
14.299839 269.748
14.3321 275.342
14.364406 273.044
14.396721 273.846
14.429496 277.089
14.46177 270.698
14.494067 271.834
14.526292 273.788
14.558535 289.063
14.590723 283.161
14.622921 279.264
14.675521 283.206
14.707792 276.932
14.740145 290.923
14.771366 291.956
14.802511 274.432
14.833674 278.039
14.864865 283.456
14.897182 277.895
14.928293 275.012
14.959445 272.287
15.061883 270.521
15.093102 267.026
15.125306 267.369
15.156373 267.25
15.18747 268.161
15.218569 270.969
15.249721 277.067
15.281974 376.071
15.42617 427.262
15.458559 455.154
15.479427 338.294
15.510674 327.036
15.541862 302.319
15.745987 268.636
15.778262 268.354
15.809511 270.911
15.840654 269.057
15.871877 275.775
15.903062 271.55
15.935334 282.516
15.957445 269.619
15.988606 270.651
16.019747 277.232
16.050849 367.239
16.132867 295.955
16.165085 286.285
16.226726 280.504
16.257874 272.865
16.289065 270.351
16.320312 273.227
16.352654 272.082
16.383872 273.574
16.415028 287.092
16.527651 300.2
16.558824 297.517
16.611511 303.51
16.673267 350.299
16.70441 345.812
16.735673 293.232
16.766906 290.385
16.799219 279.809
16.84062 300.445
16.871861 303.85
16.903077 311.952
16.924018 289.919
16.956318 281.911
17.007971 282.413
17.039147 291.701
17.070343 279.189
17.101522 274.25
17.133901 270.253
17.165232 270.327
17.19647 270.046
17.227729 271.192
17.25897 269.91
17.291137 1271.424
18.339251 1131.024
18.370453 1026.178
18.401633 659.691
18.63626 422.585
18.66856 390.134
18.699814 380.797
18.731016 366.932
18.904753 290.616
18.935995 269.444
18.968281 269.74
18.999557 269.675
19.030786 271.25
19.061959 271.412
19.093169 270.832
19.12545 273.887
19.156702 271.698
19.18797 273.685
19.219175 271.501
19.250397 280.612
19.282772 272.753
19.313987 304.51
19.406378 327.576
19.437564 423.564
19.529933 407.59
19.562224 438.18
19.593504 472.941
19.624666 307.678
19.655959 317.518
19.687149 313.038
19.719388 307.041
19.893268 272.007
19.924431 270.958
19.955636 269.735
19.986892 268.046
20.019138 268.269
20.050387 270.019
20.081573 268.06
20.112782 269.315
20.144069 272.568
20.176332 271.985
20.207573 271.634
20.238733 277.726
20.269894 279.494
20.301064 281.184
20.333322 288.855
20.364434 280.032
20.395608 278.345
20.437054 282.559
20.468281 288.065
20.500606 287.572
20.533021 292.365
20.565229 278.242
20.597463 284.307
20.629773 270.73
20.66215 281.405
20.694379 272.943
20.726497 284.173
20.758678 282.851
20.790993 293.521
20.854089 282.866
20.886306 277.554
20.917462 272.158
20.948581 273.68
20.979732 289.685
21.010843 286.591
21.043026 276.815
21.075193 283.149
21.107398 271.099
21.138581 270.88
21.190322 273.922
21.221551 277.556
21.252776 281.526
21.285118 288.341
21.317413 292.442
21.349624 313.492
21.381896 268.754
21.414178 284.484
21.446365 271.003
21.478613 273.245
21.510786 271.455
21.58389 269.931
21.61602 272.859
21.647167 273.371
21.678288 275.49
21.709419 275.679
21.740613 273.988
21.772904 274.745
21.804059 277.039
21.896247 282.87
21.927401 269.327
21.958589 275.076
21.9908 270.0
22.021932 270.243
22.053092 270.367
22.084239 271.9
22.115287 272.122
22.208885 275.834
22.240112 270.544
22.27127 278.059
22.322822 290.466
22.354026 269.538
22.386313 279.283
22.41746 273.784
22.448596 276.593
22.4798 275.456
22.592469 274.557
22.624675 269.793
22.655898 269.8
22.687094 268.613
22.718302 268.568
22.749539 268.429
22.863221 270.202
22.894429 275.646
22.925647 288.697
22.956658 299.334
22.987958 345.694
23.121971 418.418
23.154423 370.175
23.185595 338.115
23.216795 314.594
23.482021 268.529
23.513209 267.852
23.545508 271.574
23.576634 269.235
23.607787 270.468
23.638916 272.251
23.67008 270.561
23.702336 271.193
23.733466 269.717
23.764641 269.946
23.795829 268.315
23.826941 272.566
23.859142 267.829
23.89032 268.593
23.921468 270.271
23.95263 272.009
23.983828 267.481
24.01617 268.689
24.047347 269.782
24.078504 269.104
24.109714 299.649
24.151141 270.312
24.183409 271.253
24.214609 270.751
24.245811 270.166
24.277024 269.723
24.308225 271.217
24.340535 268.913
24.371826 271.313
24.402982 268.222
24.434159 268.809
24.465337 269.497
24.49762 416.11
24.630718 343.033
24.661877 354.113
24.69307 279.257
24.724229 363.169
24.84802 391.608
24.879239 277.765
24.910381 270.527
24.941549 278.288
24.972711 326.21
25.015156 267.763
25.046362 267.979
25.077475 267.63
25.10872 266.983
25.139998 309.977
25.263892 328.402
25.315505 268.747
25.346729 268.01
25.377829 298.946
25.429392 334.755
25.461523 289.155
25.492671 284.875
25.534076 279.693
25.585572 275.034
25.616729 268.285
25.64908 279.96
25.680413 268.284
25.711695 267.982
25.742937 277.517
25.774105 269.13
25.806361 270.919
25.837636 270.6
25.868913 268.962
25.900154 279.976
25.931389 271.697
25.963635 271.868
25.994898 274.166
26.02603 272.809
26.057318 272.184
26.088618 272.178
26.120976 271.785
26.152138 274.103
26.183288 272.128
26.214497 271.191
26.245686 273.337
26.277948 274.189
26.309222 275.627
26.340382 272.534
26.371563 272.256
26.402724 272.224
26.434883 276.562
26.466001 273.409
26.4971 275.488
26.528259 289.646
26.559427 278.67
26.591628 284.123
26.622891 276.812
26.654077 275.126
26.685204 284.469
26.716463 273.41
26.748788 274.943
26.780019 272.896
26.811172 287.296
26.84234 273.122
26.873473 275.726
26.905766 273.414
26.936923 271.878
26.968093 274.355
26.999199 275.942
27.030324 281.513
27.062573 280.063
27.09383 284.22
27.124897 280.665
27.156215 280.261
27.187296 279.265
27.219551 276.227
27.250745 276.279
27.282056 276.48
27.313147 274.849
27.344351 274.287
27.376768 274.023
27.408011 275.846
27.439183 276.979
27.470372 274.015
27.501514 267.902
27.533656 268.566
27.564805 272.743
27.595947 268.924
27.627103 268.871
27.658183 267.369
27.690651 268.279
27.721815 269.064
27.752978 270.426
27.784167 268.09
27.815325 267.642
27.847535 266.962
27.878658 269.753
27.90989 269.354
27.941081 268.789
27.972241 268.955
28.004453 273.448
28.035632 271.705
28.066843 270.251
28.098001 270.79
28.129209 269.761
28.161436 268.96
28.192627 270.444
28.22379 270.302
28.254965 270.286
28.286136 267.715
28.318414 270.951
28.349617 267.076
28.380793 269.176
28.411961 268.839
28.443137 271.277
28.475226 268.191
28.506384 270.361
28.537432 267.226
28.568581 268.339
28.5999 268.236
28.632165 267.616
28.663336 268.188
28.694553 268.345
28.725784 267.309
28.757015 267.938
28.789354 268.571
28.82064 268.725
28.851804 268.152
28.883068 270.233
28.914247 269.293
28.946423 267.304
28.977443 269.193
29.008709 269.165
29.039838 267.176
29.070976 268.999
29.103215 270.017
29.13432 267.791
29.165473 267.954
29.196766 267.93
29.228011 271.641
29.260266 268.34
29.291377 266.77
29.32252 270.403
29.35368 268.548
29.38491 270.925
29.417164 272.869
29.448265 268.247
29.479381 267.103
29.510551 269.43
29.541924 269.626
29.574244 270.214
29.605518 277.825
29.63664 273.737
29.667714 268.783
29.699051 281.882
29.73132 269.96
29.762463 269.41
29.793524 268.78
29.824644 267.066
29.855761 270.821
29.887929 270.887
29.91897 269.868
29.950169 269.175
29.981264 268.373
30.012425 267.457
30.044584 267.918
30.075814 267.66
30.106905 280.426
30.138143 269.552
30.169212 267.818
30.201348 278.652
30.232469 308.547
30.273758 269.645
30.304806 268.374
30.33598 271.915
30.368255 268.084
30.399393 267.937
30.430556 268.607
30.461656 271.963
30.492906 282.152
30.525057 278.278
30.55621 271.25
30.587352 267.162
30.618529 267.15
30.6497 267.881
30.681976 267.991
30.713129 268.609
30.744294 268.21
30.775484 268.234
30.806693 269.969
30.838868 267.7
30.870023 267.775
30.901211 269.087
30.932348 268.772
30.963487 266.921
30.99563 266.655
31.026993 267.22
31.058194 269.718
31.089366 268.618
31.120673 267.333
31.153023 268.978
31.184237 266.878
31.215316 270.472
31.246554 271.84
31.277772 269.321
31.310048 268.603
31.341218 266.814
31.372436 269.652
31.403638 269.638
31.434797 270.386
31.467026 270.585
31.498297 272.167
31.529681 268.047
31.560847 268.979
31.59219 273.72
31.624467 277.764
31.655838 278.54
31.686986 279.661
31.71807 277.009
31.749185 274.983
31.781464 270.996
31.812716 269.894
31.843934 274.232
31.87511 268.731
31.906339 268.291
31.938724 267.278
31.969958 267.095
32.001071 267.763
32.032333 267.077
32.063666 267.172
32.095878 267.128
32.12704 266.29
32.158251 266.46
32.179234 266.37
32.210492 265.832
32.242734 266.074
32.273789 266.563
32.304975 267.856
32.33613 268.419
32.367285 270.274
32.399773 270.569
32.431015 270.064
32.462218 268.932
32.493363 269.611
32.524525 268.715
32.556779 269.863
32.58797 270.196
32.6191 270.349
32.650279 272.895
32.681435 277.752
32.713633 268.695
32.744791 268.288
32.775951 272.043
32.807124 269.912
32.838312 270.582
32.870645 273.471
32.901813 272.006
32.932979 271.559
32.984519 269.417
33.015731 270.429
33.048048 270.822
33.079285 269.526
33.110484 269.643
33.141695 269.279
33.172889 269.619
33.194911 269.324
33.226015 268.657
33.257014 269.459
33.288168 269.592
33.319372 270.347
33.351663 271.731
33.382868 271.387
33.41407 269.441
33.445285 268.735
33.476516 269.307
33.50881 270.843
33.540037 269.388
33.571183 269.279
33.602429 269.701
33.633644 271.3
33.665992 269.604
33.697221 270.047
33.728358 270.859
33.759526 269.512
33.78063 272.13
33.812969 272.922
33.84403 270.417
33.875269 270.112
33.906522 270.459
33.937799 270.1
33.970116 269.021
34.001262 273.057
34.032433 268.668
34.0636 271.045
34.094762 269.355
34.126985 269.496
34.158145 268.991
34.189236 269.082
34.220456 270.682
34.25164 270.395
34.283804 271.639
34.314974 269.151
34.346042 269.03
34.377115 272.909
34.408186 271.835
34.440309 270.801
34.471517 270.072
34.502758 269.457
34.53392 273.277
34.565098 272.986
34.597335 271.878
34.628442 272.481
34.659532 272.117
34.690675 270.559
34.721812 269.804
34.754084 268.999
34.785197 269.123
34.816344 270.578
34.847399 269.117
34.878611 269.841
34.910885 271.894
34.942162 269.151
34.973382 272.214
35.004492 269.565
35.035651 269.747
35.067892 268.161
35.099042 268.471
35.13025 270.614
35.1614 268.945
35.19258 268.802
35.224837 269.305
35.256055 268.457
35.287239 268.857
35.318385 268.623
35.34953 268.419
35.381839 270.037
35.413046 271.067
35.444197 268.495
35.47542 270.611
35.506578 268.646
35.53894 268.077
35.570151 269.175
35.601361 269.066
35.632565 268.703
35.663744 268.726
35.695976 268.382
35.727129 269.338
35.75829 269.784
35.789421 268.303
35.820618 270.659
35.852929 270.469
35.873943 270.163
35.905051 268.83
35.936432 281.341
35.967631 270.044
35.999921 269.42
36.031006 268.616
36.062241 269.169
36.093614 268.727
36.124837 269.319
36.157073 268.369
36.188215 271.495
36.219328 270.814
36.250482 269.574
36.281682 269.405
36.313926 269.312
36.345117 273.887
36.376269 270.38
36.407379 269.93
36.438498 268.861
36.470584 268.426
36.501621 269.189
36.532727 268.891
36.563857 268.52
36.595202 268.887
36.627309 268.404
36.658414 268.221
36.689726 268.242
36.720887 268.594
36.752015 269.703
36.78415 269.203
36.815264 269.531
36.846369 269.134
36.877408 269.257
36.908724 271.123
36.940823 268.448
36.972032 269.056
37.003161 270.948
37.034326 272.433
37.0655 268.271
37.097726 269.196
37.128886 268.063
37.159986 267.923
37.191192 269.442
37.222308 269.506
37.254569 268.644
37.285682 268.699
37.316841 269.226
37.34804 268.242
37.379193 268.608
37.411419 269.387
37.442552 269.071
37.473601 270.134
37.504688 268.74
37.535912 268.799
37.568054 268.853
37.599203 268.68
37.630272 269.803
37.661259 269.092
37.692529 267.952
37.724748 268.421
37.755883 269.396
39.796119 273.433
39.827472 273.257
39.85863 273.009
39.890612 273.001
39.921694 272.923
39.95265 273.154
39.98371 270.481
40.014733 271.151
40.046576 272.501
40.077579 272.666
40.108562 272.658
40.139567 271.775
40.170577 271.787
40.192445 271.305
40.223425 272.911
40.254446 273.548
40.285501 273.991
40.316496 271.143
40.348492 272.45
40.379493 272.704
40.410487 274.168
40.441611 273.985
40.472683 272.589
40.50481 272.725
40.535895 270.875
40.566904 271.502
40.598071 275.606
40.629123 274.262
40.661124 275.12
40.692227 275.349
40.723287 273.015
40.754365 271.893
40.785428 272.044
40.817375 271.929
40.84859 271.738
40.879559 272.632
40.910609 272.548
40.941618 274.341
40.973399 272.505
41.004417 272.253
41.035485 272.54
41.066504 272.516
41.097643 274.529
41.129625 274.29
41.160752 277.572
41.192082 273.814
41.223088 271.906
41.254065 274.675
41.286149 273.733
41.31732 272.223
41.34836 272.686
41.37942 273.618
41.410503 272.629
41.442434 272.99
41.473558 275.717
41.50456 273.867
41.535622 272.579
41.566625 272.766
41.598736 273.491
41.629817 272.949
41.660825 272.211
41.691847 271.542
41.722814 270.529
41.754806 270.634
41.785822 270.914
41.816924 270.377
41.847908 272.027
41.879118 272.041
41.911049 272.171
41.94205 272.339
41.97334 275.032
42.004345 273.79
42.035681 271.283
42.067615 272.114
42.098675 271.785
42.129714 272.44
42.160705 270.686
42.191749 271.51
42.223865 276.596
42.25493 273.2
42.285968 273.368
42.316949 273.994
42.348051 276.29
42.380206 280.175
42.411211 279.711
42.44225 272.871
42.473295 271.199
42.504266 271.434
42.536366 271.541
42.567652 273.155
42.598797 273.006
42.629789 271.652
42.660795 271.375
42.692778 276.455
42.723941 271.776
42.755029 271.273
42.786118 271.415
42.817181 273.307
42.849187 272.827
42.880286 270.997
42.911275 271.223
42.942246 271.547
42.963125 270.929
42.995221 273.282
43.026352 272.723
43.057323 272.485
43.088336 271.533
43.11943 271.783
43.151289 271.331
43.18235 272.095
43.213586 272.297
43.244617 274.047
43.275756 271.644
43.307672 273.616
43.338741 272.629
43.369815 271.563
43.400814 273.294
43.431881 273.647
43.463804 272.393
43.494859 271.008
43.525896 271.589
43.557035 273.887
43.588166 274.806
43.620358 272.42
43.651405 272.463
43.682377 271.248
43.713345 270.313
43.744409 271.823
43.776507 272.757
43.807502 272.498
43.838501 271.266
43.869455 270.754
43.900459 271.275
43.932586 271.307
43.963512 271.976
43.984313 270.865
44.015618 270.748
44.046643 270.379
44.078804 271.078
44.109782 271.199
44.140779 272.471
44.171914 274.582
44.202924 273.283
44.234863 272.179
44.265837 274.187
44.296969 275.928
44.317832 273.667
44.348837 272.55
44.380959 273.014
44.412217 271.209
44.443283 271.213
44.474337 271.576
44.505547 271.46
44.537652 271.06
44.568694 270.323
44.599801 272.465
44.630879 275.127
44.661899 272.782
44.693941 273.245
44.725046 271.365
44.756105 271.379
44.787128 271.514
44.818291 274.081
44.850329 271.809
44.881309 270.717
44.912314 270.912
44.9433 270.618
44.974343 271.071
45.006366 272.353
45.037337 273.187
45.068277 271.827
45.099275 271.99
45.130565 271.635
45.162654 271.773
45.193657 272.091
45.224621 270.824
45.255607 272.867
45.286623 271.371
45.318557 271.948
45.349537 279.364
45.380507 281.103
45.411623 278.17
45.442711 273.161
45.474629 271.763
45.505668 271.471
45.536957 270.725
45.567946 271.1
45.599014 271.571
45.631171 272.203
45.652118 271.186
45.683125 275.953
45.714139 272.74
45.745162 273.135
45.777079 271.102
45.808164 270.93
45.839498 272.092
45.870548 272.285
45.901523 270.923
45.933464 270.845
45.964686 269.776
45.995787 271.022
46.026722 271.115
46.058006 273.005
46.089836 271.672
46.120916 271.685
46.152041 270.721
46.183189 271.214
46.214124 271.639
46.246003 271.324
46.276958 272.535
46.307918 272.647
46.338865 270.54
46.359757 272.012
46.3918 272.763
46.422772 272.636
46.453719 272.15
46.484821 271.958
46.515803 271.677
46.547534 270.798
46.578471 270.03
46.609596 272.298
46.640568 272.866
46.671578 270.907
46.70348 271.217
46.73482 278.572
46.765779 273.6
46.796797 271.789
46.827903 270.834
46.859779 270.374
46.890853 269.602
46.921819 271.065
46.95277 272.324
46.984064 271.006
47.016034 271.853
47.047018 271.525
47.078004 271.089
47.109035 271.947
47.140085 271.002
47.172227 284.841
47.203395 283.894
47.23462 281.216
47.265641 274.156
47.29666 271.911
47.328601 270.506
47.359795 270.488
47.380656 270.48
47.411912 271.806
47.442836 270.6
47.474726 271.193
47.505777 271.813
47.536871 270.87
47.567894 272.779
47.598963 272.625
47.63093 275.416
47.662032 274.116
47.693052 273.6
47.724191 273.927
47.755176 273.374
47.787166 271.593
47.818264 271.062
47.849348 272.064
47.880614 271.519
47.911643 271.033
47.943562 274.893
47.974615 273.618
48.005627 273.959
48.03669 274.315
48.067833 273.503
48.099955 271.808
48.130976 274.04
48.161914 272.134
48.19292 270.758
48.22407 272.007
48.256195 271.972
48.287265 270.841
48.318295 270.984
48.349359 274.159
48.380481 273.706
48.412635 272.499
48.443796 272.051
48.474833 271.654
48.505944 275.272
48.536999 273.12
48.569309 270.767
48.60042 271.248
48.631439 272.616
48.662657 270.086
48.693703 278.059
48.725821 275.038
48.756834 274.6
48.787846 274.408
48.818881 275.984
48.849961 274.702
48.881977 278.423
48.913034 276.29
48.944092 273.814
48.975296 272.619
49.006323 358.347
49.150215 294.445
49.181488 276.742
49.212526 274.224
49.243568 273.771
49.274863 274.613
49.306867 277.648
49.439609 274.9
49.470609 274.555
49.501581 275.912
49.532597 276.278
49.564636 275.102
49.595656 275.491
49.626657 273.607
49.657638 271.862
49.688632 271.808
49.720625 273.113
49.751618 274.491
49.782557 271.316
49.813564 270.321
49.844557 272.2
49.876476 271.954
49.907468 272.353
49.938493 271.545
49.969468 270.723
50.000459 271.915
50.032362 272.073
50.063353 272.902
50.094336 270.882
50.125291 269.649
50.156279 269.955
50.188239 271.196
50.219243 271.039
50.250278 271.521
50.281181 271.681
50.312141 272.37
50.343941 272.751
50.374898 271.13
50.405854 274.121
50.436821 270.822
50.467849 270.307
50.499772 271.676
50.530924 273.304
50.562029 272.903
50.593086 274.521
50.624406 271.468
50.656397 271.665
50.687469 270.301
50.718731 272.202
50.749706 270.712
50.78092 271.078
50.81292 271.32
50.844013 271.086
50.875112 270.403
50.906184 271.457
50.937213 272.497
50.96905 272.608
51.000058 270.096
51.03116 271.423
51.0622 271.659
51.093203 270.76
51.125049 272.994
51.156107 269.997
51.187131 270.335
51.218105 269.468
51.249382 271.145
51.28125 271.691
51.312271 270.55
51.343261 272.487
51.3743 275.956
51.405487 273.478
51.437643 270.661
51.468761 270.019
51.499806 271.415
51.530824 270.914
51.551784 269.981
51.583703 272.361
51.614748 271.644
51.645754 271.343
51.676732 270.1
51.707873 270.365
51.739715 271.227
51.770838 271.905
51.801857 271.128
51.833052 270.712
51.864098 273.171
51.895887 271.87
51.926894 270.287
51.957908 271.247
51.988983 271.653
52.020018 271.052
52.052015 270.977
52.08311 274.787
52.114185 271.134
52.145264 272.259
52.176419 273.033
52.208722 271.822
52.239864 271.439
52.27091 271.887
52.301937 273.248
52.332977 272.125
52.364997 270.735
52.396173 271.661
52.427141 271.807
52.458151 270.377
52.489147 270.279
52.521317 270.165
52.542286 270.966
52.573571 271.61
52.604868 271.552
52.635935 270.878
52.667915 271.161
52.698919 273.42
52.729926 271.515
52.76091 271.24
52.791986 270.717
52.824039 271.419
52.855061 272.773
52.886123 275.698
52.917201 271.861
52.948282 269.169
52.980404 269.879
53.01141 271.394
53.042413 270.607
53.073409 272.871
53.104459 270.427
53.13655 270.446
53.167598 270.352
53.198795 271.88
53.22976 270.44
53.260823 270.091
53.292927 270.437
53.32408 268.258
53.355278 271.489
53.38629 274.299
53.417277 271.367
53.449139 270.436
53.480111 269.894
53.511078 272.161
53.542096 272.264
53.573152 272.401
53.605038 274.182
53.636082 271.42
53.66712 270.324
53.698118 273.407
53.729098 274.317
53.761116 271.34
53.79213 270.858
53.823094 271.4
53.854077 273.575
53.885145 271.28
53.917062 274.032
53.948069 273.679
53.979068 272.418
54.010277 272.986
54.041295 271.513
54.073164 273.278
54.104138 271.643
54.135201 270.591
54.16633 271.546
54.197591 270.455
54.229454 271.937
54.260454 270.76
54.281254 270.229
54.312224 271.939
54.343285 274.158
54.375238 273.672
54.406251 273.051
54.437248 273.242
54.46838 273.656
54.499561 271.802
54.531887 270.579
54.56294 270.321
54.594073 269.834
54.614947 271.086
54.645947 272.14
54.678063 273.706
54.709031 274.068
54.740022 273.821
54.771068 271.986
54.802073 271.968
54.833961 273.67
54.86501 274.837
54.896049 271.95
54.927125 272.918
54.958416 273.374
54.990238 270.359
55.021294 270.786
55.052467 270.519
55.083574 271.44
55.114744 271.59
55.146708 271.319
55.17776 273.71
55.208779 271.878
55.239808 272.211
55.270854 271.274
55.302624 270.292
55.333599 273.519
55.364598 271.023
55.395674 271.428
55.426666 270.331
55.458572 272.08
55.489586 271.03
55.520654 270.339
55.551738 271.509
55.582766 272.653
55.614916 272.545
55.645957 273.495
55.666895 272.938
55.697888 274.773
55.728893 275.42
55.761181 271.901
55.792226 270.66
55.823199 273.093
55.854193 272.487
55.885351 270.385
55.917349 272.121
55.948391 271.532
55.979364 273.269
56.01036 272.2
56.041352 273.053
56.073447 268.902
56.104488 272.909
56.135569 271.147
56.166565 271.424
56.19759 275.652
56.2295 272.976
56.260527 271.558
56.291534 268.84
56.322556 269.539
56.353571 271.558
56.385708 270.11
56.416805 271.013
56.448004 269.455
56.479156 269.344
56.510167 270.159
56.542073 272.349
56.573206 271.585
56.604337 272.965
56.635444 273.005
56.666679 272.491
56.699113 273.966
56.730123 276.283
56.761197 278.556
56.792342 280.05
56.823477 276.997
56.855549 278.629
56.886762 278.878
56.91777 282.377
56.948817 280.207
56.979827 277.93
57.011923 276.894
57.043075 276.024
57.07417 275.321
57.105483 279.38
57.136493 276.943
57.168694 277.675
57.199893 273.874
57.230954 275.277
57.261988 276.65
57.293094 314.673
57.579761 418.775
57.610937 368.144
57.642076 355.308
57.8667 311.819
57.897754 300.91
57.929899 287.952
57.961043 284.206
57.992073 281.745
58.023139 280.88
58.054233 283.172
58.086253 281.264
58.117309 281.146
58.148423 279.809
58.179499 279.579
58.210494 278.767
58.24255 277.722
58.273609 277.245
58.304725 279.405
58.335822 281.052
58.366896 280.582
58.398938 279.746
58.430186 279.339
58.461162 279.651
58.492267 279.012
58.523334 276.715
58.555405 279.525
58.58645 282.063
58.617578 280.239
58.648748 279.584
58.68004 277.473
58.712051 277.882
58.743085 275.313
58.774065 274.709
58.805064 277.541
58.836151 275.779
58.868117 277.407
58.89906 277.617
58.930011 277.47
58.961249 276.005
58.992233 276.993
59.0242 279.292
59.055313 278.888
59.086451 278.67
59.11745 279.394
59.148467 280.03
59.180405 278.423
59.211585 277.959
59.242603 277.431
59.273701 280.222
59.304967 276.85
59.336802 277.499
59.368014 274.82
59.399003 275.172
59.430262 284.04
59.461252 282.28
59.493237 291.397
59.554956 302.856
59.585972 297.548
59.616948 290.46
59.648048 285.036
59.680021 279.857
59.711109 277.941
59.74214 277.037
59.773116 275.671
59.824638 274.453
59.856623 274.856
59.887709 276.352
59.918737 275.623
59.949771 276.149
59.980767 276.93
60.012791 276.732
60.043851 276.468
60.074823 276.941
60.105964 276.111
60.137014 275.38
60.169025 276.203
60.200099 278.049
60.231132 278.173
60.26216 277.74
60.293155 276.808
60.325245 277.985
60.356266 279.299
60.38734 278.22
60.418377 278.231
60.449559 277.007
60.481502 276.874
60.512502 275.443
60.543599 274.0
60.574606 274.256
60.605659 275.377
60.637858 274.108
60.668931 274.755
60.700154 275.373
60.731238 274.773
60.762362 274.332
60.794435 274.149
60.825398 274.503
60.856338 274.955
60.88732 274.292
60.918315 275.676
60.950376 274.509
60.981449 274.303
61.002443 274.386
61.033542 274.886
61.064577 274.973
61.09668 274.842
61.127953 274.29
61.158978 273.912
61.190001 274.081
61.221108 275.375
61.253044 276.935
61.284219 276.251
61.315203 275.36
61.346275 274.341
61.377282 276.689
61.409304 276.35
61.440328 275.61
61.471369 275.164
61.502393 274.438
61.533607 274.415
61.565683 276.335
61.596723 275.529
61.627823 275.538
61.658906 274.361
61.690056 275.344
61.721894 275.937
61.752931 275.101
61.784031 274.634
61.815132 275.63
61.846221 274.197
61.878195 275.587
61.909309 274.728
61.940277 275.194
61.971222 275.414
62.002228 274.829
62.034221 275.308
62.065275 275.231
62.096362 274.056
62.127498 274.018
62.158624 276.268
62.190812 277.959
62.222031 276.664
62.252994 275.632
62.284016 276.18
62.315228 275.694
62.347173 275.287
62.378237 275.517
62.409239 275.8
62.440287 275.543
62.471595 276.861
62.503645 275.962
62.534661 276.797
62.565655 275.02
62.596714 275.021
62.627846 275.503
62.659842 275.451
62.690958 274.554
62.722016 275.63
62.75303 274.249
62.784143 275.592
62.816131 275.072
62.847185 274.495
62.878272 275.749
62.909238 275.82
62.940443 275.807
62.97236 274.077
63.003432 275.034
63.034538 275.111
63.065528 274.1
63.096545 274.472
63.12867 274.063
63.159711 273.792
63.190714 274.592
63.221925 274.576
63.25318 274.348
63.284986 273.99
63.316056 274.171
63.347119 274.605
63.378107 278.18
63.409303 278.157
63.44102 278.448
63.47204 276.391
63.503035 274.543
63.534042 273.725
63.565347 274.912
63.597519 274.679
63.628675 275.181
63.659814 273.31
63.690783 274.081
63.721795 274.126
63.753825 273.698
63.784963 274.413
63.816025 274.511
63.847042 273.879
63.878105 274.688
63.909995 275.261
63.941141 273.484
63.972193 274.044
64.003219 274.5
64.034224 273.641
64.0662 273.562
64.097287 274.473
64.128583 274.743
64.159638 273.408
64.190747 274.487
64.222641 272.606
64.253716 275.258
64.28471 275.214
64.31577 275.628
64.34675 274.934
64.378669 273.807
64.409859 274.067
64.440888 274.399
64.461915 275.099
64.492968 276.493
64.524865 273.113
64.555922 274.179
64.586963 275.718
64.618061 274.582
64.649171 276.008
64.681055 273.783
64.712213 274.013
64.743394 274.641
64.774718 274.807
64.795572 274.614
64.827721 273.597
64.858742 275.346
64.889736 275.968
64.920747 276.375
64.951752 275.362
64.983718 275.503
65.014829 276.265
65.045782 274.846
65.076866 274.501
65.108011 274.479
65.129847 272.623
65.160961 272.632
65.192038 272.722
65.223116 274.197
65.254119 273.553
65.286235 274.328
65.317306 276.157
65.348367 276.966
65.379484 276.902
65.410511 275.557
65.44245 278.849
65.473625 275.785
65.50458 273.928
65.535679 274.345
65.567001 273.857
65.59923 272.787
65.630287 273.161
65.661329 271.386
65.692595 273.189
65.723643 273.84
65.755736 274.636
65.786764 273.964
65.817817 274.976
65.848869 274.517
65.880025 274.544
65.911889 274.274
65.942865 275.442
65.973887 274.847
66.005111 272.083
66.036166 274.027
66.068301 275.097
66.099342 277.188
66.120173 275.972
66.151221 274.607
66.182302 276.896
66.214144 274.436
66.245202 274.762
66.27625 274.882
66.30736 275.835
66.338363 274.267
66.370309 274.97
66.401525 278.525
66.432567 276.07
66.463817 274.142
66.494877 274.443
66.526813 274.738
66.557965 273.932
66.588981 275.034
66.620084 275.261
66.65109 275.395
66.682918 273.604
66.713998 275.134
66.745014 275.313
66.775991 274.61
66.807089 273.916
66.839195 274.39
66.870315 273.238
66.901328 272.487
66.932578 273.944
66.96386 274.017
66.995905 273.545
67.026931 272.878
67.058019 271.738
67.089087 273.438
67.120129 274.544
67.151938 275.205
67.182936 274.424
67.213939 274.568
67.244936 272.509
67.275978 272.775
67.307955 273.325
67.339056 273.394
67.370072 273.24
67.401292 274.518
67.432337 273.11
67.464188 274.635
67.495229 273.814
67.526256 273.109
67.557241 274.083
67.58851 274.903
67.620504 274.069
67.651695 271.934
67.682719 273.303
67.713894 272.891
67.745029 275.441
67.776822 273.888
67.807924 273.983
67.838983 276.525
67.870106 274.17
67.901108 273.974
67.932818 274.972
67.963938 275.368
67.995133 275.154
68.026133 277.855
68.057223 274.988
68.08907 273.747
68.120253 270.07
68.151269 271.253
68.18226 271.945
68.213337 272.411
68.235085 271.523
68.266181 272.4
68.29722 272.687
68.328324 277.546
68.359565 274.964
68.391784 275.674
68.422797 274.318
68.45392 275.006
68.484903 272.777
68.515907 273.187
68.547898 276.076
68.579157 274.159
68.610332 274.44
68.641371 273.597
68.672443 273.861
68.704454 274.065
68.735503 275.553
68.766517 275.006
68.797659 273.721
68.828818 274.722
68.860933 273.87
68.89195 274.816
68.922957 272.416
68.953986 272.039
68.985024 272.559
69.017046 273.69
69.048104 276.002
69.079076 272.895
69.110322 272.743
69.141596 272.727
69.173897 273.206
69.20491 273.459
69.235885 273.776
69.266916 273.23
69.297969 273.313
69.330038 273.321
69.361144 273.711
69.392209 275.788
69.423364 273.341
69.454336 273.896
69.486452 273.18
69.517519 273.47
69.538366 272.495
69.569365 274.316
69.600433 274.808
69.632463 275.7
69.663543 273.791
69.694616 274.43
69.725588 276.264
69.756638 276.433
69.788815 279.388
69.81991 275.78
69.85091 275.186
69.882024 274.255
69.913235 274.161
69.945143 273.73
69.976217 274.361
70.007207 272.715
70.038226 273.676
70.069259 276.496
70.1015 274.254
70.132535 273.235
70.163548 272.987
70.194598 275.79
70.225666 274.771
70.257669 274.552
70.288739 275.804
70.319835 276.163
70.350974 273.629
70.38204 273.077
70.414047 273.389
70.444961 276.21
70.475893 275.395
70.506867 273.095
70.537855 272.605
70.569974 271.899
70.601017 274.437
70.632012 272.85
70.66301 271.934
70.694085 271.475
70.726382 271.924
70.757415 272.505
70.788624 274.153
70.819839 273.388
70.851039 272.953
70.883213 273.921
70.914407 275.727
70.945547 274.608
70.976762 275.015
71.007801 274.863
71.040155 275.367
71.071185 273.859
71.102341 272.162
71.133495 273.663
71.164738 272.414
71.196855 272.843
71.227881 275.192
71.258986 274.816
71.290155 272.843
71.321265 273.467
71.35337 274.234
71.384345 274.397
71.415276 273.858
71.446204 274.115
71.477376 274.543
71.50946 273.935
71.540465 273.488
73.589489 273.764
73.620767 275.736
73.651857 274.581
73.683761 276.324
73.714871 274.803
73.745945 274.402
73.776969 275.09
73.808019 274.239
73.839951 272.678
73.87107 274.705
73.902226 273.129
73.933216 274.878
73.964267 275.272
73.996091 275.478
74.016955 275.222
74.047916 275.73
74.078963 277.473
74.110059 274.974
74.141959 271.755
74.173038 274.659
74.204185 275.041
74.235279 274.84
74.266354 275.046
74.298286 273.015
74.329282 275.773
74.360313 274.226
74.381174 275.286
74.412185 275.867
74.444121 276.102
74.475194 276.67
74.506406 274.508
74.537374 275.696
74.568424 276.132
74.600507 275.615
74.631573 273.06
74.662798 272.883
74.693789 275.37
74.72493 276.213
74.756982 276.176
74.788048 273.439
74.819012 272.555
74.849999 274.319
74.881035 273.136
74.913001 273.931
74.944055 274.667
74.975026 272.08
75.006056 271.82
75.037249 272.139
75.069234 271.915
75.100512 272.21
75.131615 273.458
75.16268 274.398
75.193703 273.361
75.225719 272.956
75.256761 271.058
75.287863 271.267
75.318893 271.744
75.349918 271.554
75.381798 275.252
75.412806 272.224
75.443952 271.342
75.475194 271.676
75.506243 272.91
75.538294 271.88
75.569419 272.921
75.600636 273.545
75.631914 272.317
75.662889 271.203
75.69474 271.445
75.725758 273.475
75.756783 271.732
75.7878 271.17
75.819047 272.472
75.850918 274.112
75.881968 272.676
75.912911 272.719
75.943985 272.215
75.975067 271.654
76.007225 272.405
76.038205 272.056
76.069177 272.407
76.090028 274.413
76.120967 273.321
76.152736 274.559
76.183818 272.581
76.21482 271.861
76.245919 272.073
76.276971 271.414
76.308864 271.414
76.340007 272.594
76.371054 272.317
76.40203 272.892
76.433017 273.101
76.464952 272.872
76.495959 273.241
76.52695 274.007
76.558167 272.95
76.589385 273.787
76.621413 273.162
76.652622 272.807
76.683728 272.674
76.714784 273.649
76.745897 271.83
76.777883 273.202
76.808983 272.324
76.840212 272.939
76.871227 272.022
76.902275 272.892
76.934349 272.122
76.965398 271.758
76.996505 272.853
77.027674 272.897
77.058693 274.553
77.091019 275.734
77.122072 275.412
77.153137 277.056
77.184175 271.194
77.215188 272.262
77.247592 271.874
77.278634 272.129
77.309871 273.268
77.34108 272.82
77.372131 272.881
77.404191 271.728
77.435246 273.376
77.46621 276.57
77.497181 278.428
77.528216 278.035
77.560585 276.69
77.591772 275.633
77.622884 275.341
77.654052 272.168
77.68511 272.478
77.71718 272.965
77.748188 274.884
77.7792 271.194
77.810205 274.796
77.841163 275.415
77.873126 273.361
77.904222 274.523
77.935262 272.42
77.966279 271.804
77.997326 273.268
78.029206 273.549
78.060443 272.75
78.091475 271.131
78.11239 272.733
78.143409 271.599
78.175445 271.901
78.206541 272.215
78.237829 272.506
78.269117 271.75
78.300136 271.065
78.332074 272.056
78.363042 272.231
78.393994 276.632
78.425016 277.103
78.456001 272.709
78.487937 271.431
78.518943 272.261
78.549929 271.309
78.581182 271.478
78.612319 271.683
78.644347 272.787
78.675353 272.635
78.706364 274.313
78.737499 272.583
78.768516 274.261
78.800448 272.118
78.831513 274.228
78.862618 273.012
78.893646 273.625
78.92464 274.817
78.956726 271.177
78.987736 272.119
79.018641 273.742
79.049858 271.917
79.080864 271.691
79.112823 270.865
79.143833 270.932
79.174907 271.608
79.20599 271.549
79.23703 271.457
79.26914 272.629
79.300422 270.942
79.331503 272.263
79.362551 273.266
79.393561 274.243
79.42546 272.957
79.44632 271.64
79.477294 272.837
79.50832 273.626
79.539342 273.104
79.571516 273.772
79.602765 275.946
79.634031 273.148
79.665041 271.703
79.696051 272.809
79.727924 272.696
79.758982 271.734
79.77985 271.443
79.811107 271.765
79.842176 271.966
79.874349 271.179
79.905345 272.351
79.936681 276.161
79.967736 272.137
79.998684 271.708
80.030499 272.336
80.061539 274.477
80.092563 272.197
80.113427 271.225
80.144524 272.235
80.176417 272.262
80.207432 271.534
80.238457 271.686
80.269431 272.043
80.300445 274.017
80.332325 273.877
80.36332 271.732
80.394287 274.234
80.425264 272.479
80.45629 271.851
80.477901 271.332
80.5089 271.689
80.539907 270.539
80.570894 269.893
80.60197 271.626
80.634073 272.134
80.665159 271.286
80.69615 270.974
80.727126 274.07
80.758094 274.671
80.790117 273.15
80.821102 273.052
80.85205 273.269
80.883036 271.83
80.914013 271.837
80.946034 271.555
80.977027 269.091
81.008284 268.686
81.039284 271.219
81.070262 273.266
81.10237 273.828
81.133581 271.978
81.16481 271.749
81.195839 271.682
81.227084 272.509
81.25902 274.038
81.290157 274.59
81.321133 274.508
81.352356 274.301
81.38334 275.803
81.415333 274.687
81.446454 272.721
81.477461 272.247
81.508516 271.726
81.539881 270.958
81.572287 270.802
81.603405 273.018
81.634393 271.645
81.66548 271.288
81.696536 272.446
81.728581 271.412
81.759617 272.898
81.79081 271.377
81.82181 271.968
81.853123 273.316
81.885037 271.961
81.916152 274.099
81.947318 272.492
81.978366 274.558
82.009695 271.976
82.041626 274.006
82.072721 273.457
82.103732 270.122
82.134818 270.947
82.165919 269.653
82.198034 270.709
82.229367 273.107
82.260494 272.474
82.291476 272.574
82.322558 272.601
82.354512 271.794
82.385524 271.145
82.416492 271.752
82.44752 272.958
82.478543 271.991
82.510462 273.35
82.541473 272.155
82.572404 270.442
82.603536 272.428
82.634621 271.83
82.666634 271.232
82.697683 273.49
82.728703 271.153
82.759958 272.735
82.791198 272.611
82.823126 273.708
82.854228 274.179
82.885216 272.072
82.916162 271.392
82.947109 270.885
82.979147 271.935
83.010201 271.79
83.041192 271.201
83.072175 271.869
83.103205 270.524
83.135197 271.995
83.166222 270.944
83.197447 271.669
83.228403 272.037
83.259534 278.036
83.29142 272.372
83.322658 271.96
83.353675 272.712
83.384674 273.593
83.41569 275.905
83.447639 274.818
83.47866 273.31
83.509778 272.023
83.540765 272.787
83.571783 271.41
83.603811 271.181
83.634835 271.747
83.665837 271.597
83.69682 273.482
83.728089 271.461
83.760148 272.752
83.791264 270.931
83.822314 271.144
83.853381 271.278
83.884398 270.294
83.916428 271.034
83.947543 271.621
83.978597 271.565
84.009694 271.984
84.040801 270.612
84.072622 272.324
84.103719 271.863
84.134727 274.46
84.165693 273.432
84.19666 272.993
84.228463 273.002
84.259444 278.231
84.290418 274.143
84.321415 271.731
84.35243 270.883
84.384271 272.101
84.415288 275.088
84.446487 272.798
84.477478 272.159
84.508647 271.552
84.540671 271.168
84.571744 271.705
84.60271 274.005
84.633724 271.224
84.664734 270.409
84.696907 277.388
84.727984 275.406
84.759178 273.335
84.790388 271.761
84.821623 273.364
84.853744 272.471
84.88506 271.728
84.916111 271.757
84.947121 271.422
84.978112 272.856
85.009912 273.248
85.041261 271.892
85.072351 272.367
85.103408 273.463
85.134502 273.101
85.166654 270.735
85.197768 273.007
85.228788 273.669
85.259951 272.817
85.290908 271.129
85.322783 271.365
85.353751 271.018
85.3847 271.321
85.415683 273.508
85.446734 275.329
85.478708 273.733
85.509678 271.884
85.540742 272.469
85.571795 272.432
85.602808 272.371
85.634988 273.476
85.666085 273.254
85.697063 270.981
85.728068 270.769
85.759056 272.858
85.791077 271.199
85.822194 271.271
85.853377 271.294
85.884435 271.662
85.915573 272.643
85.947566 272.283
85.978602 271.812
86.009637 269.153
86.040684 270.16
86.071854 272.408
86.103668 270.879
86.134634 270.88
86.165836 271.086
86.196797 273.096
86.227783 274.861
86.25965 273.894
86.290928 274.693
86.321985 272.952
86.353036 271.535
86.384025 271.739
86.415787 275.825
86.446917 273.067
86.477916 278.624
86.519063 279.192
86.550126 337.059
86.663684 360.119
86.725196 289.007
86.756204 288.472
86.787402 277.475
86.818433 278.019
86.85059 278.496
86.881546 274.233
86.922725 273.866
86.95377 272.468
86.985034 271.219
87.016923 272.74
87.047966 273.224
87.078979 273.939
87.110288 272.451
87.141349 271.908
87.173515 273.177
87.204504 274.028
87.235553 274.546
87.26664 275.439
87.297761 277.859
87.329632 275.537
87.360753 276.018
87.39191 280.316
87.422994 274.795
87.454213 272.496
87.486123 274.724
87.517173 273.825
87.548151 273.143
87.579127 274.167
87.610119 275.715
87.642071 275.024
87.673052 274.406
87.70401 274.524
87.735024 271.42
87.765998 272.483
87.79786 273.258
87.828787 272.976
87.849843 271.185
87.88085 271.38
87.911962 271.766
87.944062 272.848
87.97523 273.175
88.006224 273.552
88.037459 271.95
88.068687 272.317
88.10062 271.263
88.131765 272.502
88.16281 271.535
88.183628 271.891
88.214823 273.244
88.246671 274.271
88.277787 271.578
88.308837 271.51
88.339931 271.016
88.370968 270.953
88.402812 270.494
88.433884 270.709
88.464938 273.415
88.49594 270.398
88.527029 270.964
88.558894 271.248
88.589999 271.791
88.621031 272.016
88.651996 270.439
88.68306 273.058
88.715113 272.134
88.74617 270.822
88.777157 269.652
88.808147 268.324
88.839211 267.762
88.871444 268.65
88.902717 268.767
88.933801 268.636
88.964759 268.598
88.995948 270.739
89.027888 269.589
89.059029 276.108
89.090148 273.541
89.121305 289.897
89.162692 305.905
89.225532 313.114
89.256673 308.542
89.298061 289.871
89.32934 294.742
89.360327 285.578
89.392556 297.038
89.443897 292.6
89.474961 288.209
89.506088 285.943
89.537242 290.871
89.569288 289.218
89.600302 304.887
89.65206 330.617
89.693455 307.707
89.724679 309.953
89.766906 296.197
89.79814 299.336
89.829141 290.18
89.860249 293.38
89.89133 296.011
89.923079 294.463
89.95409 283.273
89.98504 282.34
90.016209 295.585
90.047217 294.007
90.079112 300.468
90.099985 289.277
90.131042 292.632
90.162212 285.835
90.193288 283.124
90.225223 279.18
90.256239 279.143
90.287319 284.581
90.318331 283.277
90.349372 292.987
90.381661 289.187
90.412719 293.109
90.443713 292.569
90.474812 296.693
90.516152 299.132
90.548153 303.993
90.579112 298.555
90.610155 297.804
90.661872 292.619
90.692927 295.859
90.725004 291.378
90.756097 295.576
90.79748 288.415
90.828427 292.195
90.859595 286.062
90.891609 299.423
90.933092 286.475
90.964358 291.965
91.005773 286.637
91.036801 291.325
91.068751 283.382
91.099864 296.984
91.141031 286.495
91.171987 287.276
91.213174 283.854
91.245092 296.907
91.276257 288.781
91.307517 288.703
91.35897 298.189
91.420803 291.527
91.452734 295.335
91.483888 291.828
91.514954 289.031
91.54606 284.805
91.577104 289.414
91.609121 282.284
91.640079 292.005
91.681264 288.196
91.712214 296.417
91.753625 294.541
91.785696 298.002
91.816779 289.545
91.847794 294.627
91.888893 290.524
91.920124 296.703
91.972293 294.151
92.003281 294.691
92.034496 284.471
92.065579 278.315
92.09684 282.518
92.128788 277.846
92.159979 278.405
92.191018 281.559
92.221986 277.866
92.253034 276.216
92.285156 276.33
92.316184 275.901
92.347181 275.339
92.3782 275.665
92.409164 275.923
92.44113 275.706
92.472361 275.883
92.503355 278.741
92.534376 280.305
92.565459 278.644
92.59759 278.42
92.62862 276.645
92.659654 276.183
92.690686 275.022
92.721693 275.48
92.743602 275.707
92.774673 273.907
92.80568 272.764
92.83681 275.007
92.867856 277.802
92.899931 276.57
92.93095 275.796
92.961952 274.926
92.992968 274.787
93.02417 275.55
93.056303 275.841
93.087298 276.087
93.118297 275.189
93.149416 275.995
93.180608 276.556
93.212826 278.446
93.243995 277.233
93.275194 275.992
93.306304 276.459
93.337418 276.087
93.3696 275.783
93.400574 278.607
93.431692 277.618
93.462704 274.771
93.493728 275.333
93.525892 276.076
93.55699 277.603
93.588057 276.251
93.619087 276.768
93.650171 275.106
93.682333 273.861
93.713397 275.234
93.744398 273.281
93.775398 274.375
93.806404 273.845
93.838405 274.714
93.869554 275.118
93.900561 278.451
93.931585 277.404
93.962719 275.291
93.994875 275.307
94.025953 274.781
94.057069 274.489
94.088205 274.633
94.119316 274.441
94.151377 274.269
94.18236 271.962
94.213375 273.282
94.244387 274.497
94.275481 275.686
94.307621 274.719
94.338751 276.795
94.369762 274.756
94.400894 275.035
94.431976 275.63
94.464244 275.249
94.495343 275.879
94.526406 277.154
94.557621 274.992
94.588769 274.577
94.620983 275.256
94.652087 276.102
94.683183 275.462
94.714248 276.01
94.745424 276.971
94.777657 277.225
94.808743 279.259
94.839785 282.643
94.870854 285.898
94.901938 284.732
94.934105 279.972
94.965107 278.552
94.996165 276.43
95.016989 276.668
95.048051 274.903
95.080039 273.542
95.111257 270.273
95.142482 273.945
95.173504 274.985
95.204784 276.498
95.236788 275.047
95.267891 275.462
95.298929 275.339
95.329917 275.379
95.36092 274.776
95.392814 275.51
95.423913 276.545
95.455144 278.096
95.486224 276.74
95.517263 275.743
95.549116 276.03
95.58008 275.21
95.611095 275.517
95.64205 275.471
95.673075 274.106
95.705209 273.9
95.736344 274.499
95.767342 275.018
95.798498 275.257
95.829554 274.885
95.86144 273.822
95.892479 274.778
95.923438 273.997
95.954572 275.635
95.985648 275.08
96.01775 274.455
96.048938 275.293
96.080155 274.661
96.111442 274.161
96.142529 274.414
96.174504 274.695
96.205491 274.958
96.236676 275.494
96.26766 274.887
96.298677 274.328
96.330478 275.67
96.351572 275.015
96.382548 275.383
96.413593 276.506
96.444698 275.068
96.476511 275.008
96.50773 277.848
96.538729 276.966
96.570092 275.666
96.601196 276.043
96.633149 275.503
96.664159 273.358
96.695106 274.134
96.726113 275.546
96.757103 274.382
96.788959 275.098
96.819995 274.334
96.850964 274.453
96.881975 274.74
96.913157 274.414
96.945282 274.238
96.976369 275.431
97.007672 274.442
97.028803 274.769
97.059847 274.582
97.091845 274.023
97.122894 273.301
97.153891 274.038
97.184914 274.103
97.21612 273.422
97.248189 276.107
97.279475 274.993
97.310607 273.098
97.341912 276.798
97.373163 278.982
97.40529 277.315
97.436468 275.145
97.467443 277.278
97.498455 275.164
97.529737 274.826
97.561711 275.537
97.592768 277.71
97.623861 274.839
97.655168 273.533
97.686157 273.805
97.718138 275.006
97.749138 275.866
97.780099 275.04
97.811375 276.643
97.842392 275.139
97.874546 274.28
97.905596 274.552
97.93667 275.371
97.967682 275.38
97.998672 274.155
98.020341 274.657
98.051344 272.891
98.082307 274.74
98.113424 274.148
98.144579 273.436
98.176698 273.027
98.207812 271.806
98.238898 272.054
98.269952 273.522
98.301091 274.386
98.33294 275.503
98.363948 274.192
98.394931 274.574
98.425988 273.746
98.457036 273.521
98.489255 273.126
98.520419 274.144
98.551529 273.821
98.58254 272.959
98.613634 271.539
98.645738 273.335
98.676756 272.499
98.7078 273.601
98.738793 274.941
98.769811 274.627
98.801772 273.38
98.832862 273.351
98.86391 275.19
98.894997 276.702
98.925988 275.978
98.957971 277.393
98.989217 277.812
99.010201 276.517
99.041255 277.184
99.072586 274.572
99.104681 274.161
99.135785 272.409
99.166848 273.027
99.197873 273.579
99.228855 273.532
99.260819 273.786
99.291857 275.004
99.323105 276.174
99.354175 277.708
99.385177 279.009
99.417076 281.312
99.448115 279.695
99.479227 278.059
99.510369 276.018
99.541661 275.007
99.573863 274.434
99.605134 277.448
99.636129 275.566
99.667107 273.37
99.698136 274.198
99.730197 275.64
99.761282 274.118
99.792375 274.2
99.823639 275.205
99.854644 276.894
99.88655 277.778
99.917617 277.448
99.94869 278.348
99.979728 275.767
100.010712 274.115
