1.9e-05 452.081
0.032253 441.779
0.063371 437.863
0.10467 431.298
0.156208 411.295
0.228 394.075
0.260124 392.608
0.342118 386.814
0.373181 617.123
0.994182 616.0
1.025304 611.857
1.047233 616.266
1.139438 573.244
1.262215 537.83
1.29353 511.87
1.324739 477.014
1.367238 462.76
1.418708 450.169
1.470192 439.252
1.521731 429.735
1.573281 420.587
1.615821 411.934
1.657243 405.095
1.708728 397.854
1.739969 384.268
1.771232 378.526
1.80358 373.138
1.834782 368.221
1.876175 364.172
1.907338 360.209
1.938551 356.73
1.981084 350.395
2.012274 347.793
2.043455 346.539
2.084772 344.606
2.115995 342.879
2.148265 340.827
2.179431 338.93
2.210577 337.225
2.241822 335.88
2.273036 334.483
2.305374 331.953
2.336455 330.604
2.36764 329.769
2.398722 327.988
2.429797 327.366
2.451813 326.509
2.482999 326.0
2.514108 325.286
2.545105 326.317
2.576255 325.027
2.608376 324.523
2.639536 322.95
2.670747 322.113
2.701883 320.533
2.73306 317.356
2.765338 315.236
2.796532 314.067
2.82777 309.875
2.858921 309.028
2.890026 313.611
2.932391 315.384
2.963414 315.848
2.994536 316.666
3.025607 317.271
3.056687 317.65
3.088981 318.335
3.12092 319.057
3.153016 318.235
3.185258 317.891
3.217387 315.327
3.249599 315.933
3.281877 316.217
3.314096 316.922
3.345226 316.273
3.376357 316.67
3.40746 315.325
3.438554 314.841
3.470688 316.171
3.502832 316.304
3.533869 316.907
3.565044 317.844
3.596188 317.6
3.627265 315.85
3.659489 316.97
3.690611 314.43
3.72182 312.532
3.753029 306.306
3.784214 301.114
3.816526 299.679
3.847661 296.026
3.878824 295.508
3.910086 295.469
3.941231 295.999
3.973411 297.009
4.00475 299.734
4.035931 300.994
4.067023 308.476
4.108343 309.513
4.140497 310.382
4.172715 308.829
4.204813 309.436
4.236991 308.224
4.269047 307.602
4.30118 305.853
4.333354 305.3
4.364466 300.708
4.395532 300.222
4.426601 301.048
4.457704 376.374
4.703604 367.714
4.735781 359.39
4.766951 348.61
4.981031 328.748
5.012194 328.025
5.043431 327.798
5.075812 327.515
5.106741 326.071
5.137705 325.808
5.16868 325.244
5.199865 325.009
5.232055 324.698
5.263257 325.873
5.294375 323.679
5.325572 322.83
5.356814 322.026
5.389153 322.537
5.42035 321.758
5.451641 321.214
5.482827 320.309
5.514092 320.084
5.546305 319.687
5.577545 317.274
5.608722 317.15
5.639914 317.575
5.67118 317.597
5.703392 316.015
5.734476 316.185
5.765733 315.518
5.796983 315.996
5.828294 315.282
5.860562 315.068
5.891725 314.498
5.92305 313.572
5.944008 312.434
5.975265 313.562
6.007573 313.139
6.038739 312.304
6.069941 311.255
6.10112 309.865
6.132394 309.43
6.164647 309.009
6.195862 308.226
6.227053 307.577
6.258065 307.426
6.28922 306.371
6.321548 307.427
6.352863 307.947
6.383975 307.089
6.415073 306.327
6.446137 306.7
6.478358 305.963
6.509633 304.942
6.540783 304.401
6.571855 304.333
6.602989 300.956
6.635208 300.223
6.666327 299.659
6.697605 299.972
6.728671 300.109
6.759783 302.838
6.792058 301.94
6.823194 301.009
6.854408 299.527
6.885535 299.838
6.916634 299.489
6.948945 297.763
6.980145 296.761
7.011255 296.836
7.042559 293.016
7.073761 294.647
7.106019 294.334
7.137204 294.29
7.16834 293.4
7.19945 292.883
7.230583 292.503
7.26274 293.068
7.293916 292.469
7.32513 291.766
7.356392 291.366
7.387612 294.209
7.419875 292.31
7.451039 290.856
7.472077 289.247
7.503395 288.832
7.534533 288.023
7.566724 288.306
7.598994 290.715
7.630264 290.453
7.661521 288.62
7.692761 290.449
7.724038 290.045
7.756339 288.653
7.787549 287.884
7.818757 287.195
7.85001 289.385
7.881297 291.532
7.913633 289.992
7.945919 288.971
7.978255 285.897
8.010328 285.433
8.041423 284.585
8.072556 284.167
8.103718 284.029
8.13489 287.224
8.17736 286.205
8.209421 285.202
8.241599 284.274
8.272747 283.507
8.303967 284.386
8.335043 283.228
8.366199 282.6
8.398555 281.052
8.439997 284.721
8.471278 288.039
8.502497 290.065
8.533674 294.189
8.566044 295.215
8.597509 295.089
8.628633 298.009
8.670103 297.618
8.70138 294.876
8.733694 292.975
8.764809 292.07
8.796166 291.66
8.82727 289.783
8.858479 289.391
8.890666 290.375
8.921854 285.084
8.952985 285.775
8.98414 287.321
9.01536 288.383
9.047524 289.776
9.07861 290.46
9.109812 291.938
9.140987 293.521
9.172208 293.051
9.20458 293.775
9.235808 288.118
9.267119 285.54
9.298277 280.486
9.329474 279.196
9.361777 278.747
9.394149 278.378
9.425366 276.51
9.45653 275.5
9.487774 274.928
9.518982 277.12
9.551206 282.306
9.582411 283.948
9.613401 285.191
9.644624 284.998
9.675977 283.899
9.708218 282.905
9.739666 283.673
9.770838 284.39
9.802005 284.097
9.833273 281.622
9.865584 281.252
9.896952 282.01
9.928275 282.488
9.95943 282.578
9.99089 283.301
10.013081 281.076
10.04434 277.718
10.075546 276.08
10.106732 278.754
10.137919 276.375
10.17027 274.825
10.20144 273.429
10.232603 271.442
10.263786 270.42
10.294975 273.484
10.32732 275.973
10.358568 277.033
10.389745 274.963
10.420878 274.463
10.452017 278.905
10.484362 279.408
10.515661 281.907
10.546895 280.206
10.578018 279.367
10.609275 278.379
10.64164 277.953
10.672725 275.852
10.703932 274.427
10.735162 275.112
10.766397 275.671
10.798619 275.794
10.829973 277.809
10.86116 278.725
10.892342 277.605
10.923491 274.882
10.955711 273.078
10.98683 271.08
11.017901 270.373
11.04904 270.321
11.080247 274.318
11.112504 276.563
11.143742 278.816
11.174921 279.241
11.195922 286.927
11.227224 286.042
11.259496 280.24
11.291765 279.483
11.322991 277.802
11.354143 275.686
11.385314 276.109
11.416447 276.758
11.448776 279.437
11.480004 278.927
11.511239 282.258
11.542419 289.367
11.573659 290.925
11.606045 285.647
11.638329 283.881
11.669501 280.259
11.70072 279.118
11.731946 278.896
11.763184 278.854
11.795357 281.51
11.826476 280.649
11.857634 280.494
11.88886 284.824
11.919984 285.816
11.942178 289.355
11.973324 286.39
12.004526 290.567
12.046057 292.436
12.077382 290.205
12.109704 284.36
12.140958 282.709
12.172168 280.777
12.203344 279.842
12.234459 279.297
12.26662 283.035
12.297616 281.122
12.328857 283.518
12.360213 285.352
12.3914 286.804
12.423628 285.062
12.454956 285.048
12.486086 288.685
12.5174 284.576
12.548604 280.126
12.580832 278.589
12.611977 276.251
12.643186 273.489
12.67439 274.627
12.705548 275.415
12.737873 273.285
12.769078 271.625
12.800249 276.51
12.841592 277.894
12.872794 279.528
12.905044 279.696
12.936169 284.443
12.967329 284.453
12.998486 284.621
13.029679 286.571
13.061946 285.636
13.094196 282.263
13.12535 281.176
13.156628 280.862
13.18784 280.949
13.218962 280.337
13.251302 280.68
13.282571 280.741
13.313752 278.562
13.344928 281.17
13.376334 280.023
13.408765 280.942
13.439895 281.2
13.471064 280.191
13.502185 280.045
13.53336 282.33
13.565602 280.703
13.596887 279.461
13.628136 280.578
13.659343 279.08
13.690624 277.591
13.72294 276.514
13.754204 277.352
13.785385 276.87
13.816541 275.982
13.847809 279.761
13.879992 281.624
13.911299 279.709
13.94248 278.132
13.973687 279.634
14.004965 278.02
14.037377 276.448
14.068573 275.829
14.09972 275.333
14.131056 274.589
14.162371 271.849
14.194645 272.126
14.225795 277.274
14.256923 279.721
14.288053 282.363
14.319216 283.24
14.351498 284.553
14.382617 285.198
14.413764 288.268
14.445036 282.954
14.476209 280.444
14.508455 278.071
14.539547 276.758
14.570897 276.698
14.602059 276.671
14.633169 279.498
14.665502 279.261
14.696857 281.019
14.728056 281.745
14.759187 279.935
14.780185 279.335
14.812576 279.32
14.843747 278.289
14.87497 278.038
14.906189 276.377
14.937247 278.542
14.969463 277.646
15.000574 277.316
15.031715 276.829
15.062875 278.066
15.09398 282.838
15.12619 281.944
15.157361 277.063
15.18853 276.991
15.219707 275.22
15.250987 275.741
15.283238 275.302
15.314406 274.721
15.345536 272.605
15.376744 272.708
15.407912 273.614
15.440416 274.255
15.471425 273.269
15.502522 277.39
15.533502 275.607
15.564726 279.123
15.596946 281.258
15.627996 282.274
15.659144 282.475
15.690211 284.09
15.721428 284.85
15.753642 284.84
15.784835 280.878
15.815913 281.226
15.84709 283.731
15.878191 282.643
15.91037 285.532
15.941513 283.201
15.972637 282.33
16.003855 282.32
16.035029 281.687
16.06737 282.29
16.098542 280.438
16.12962 280.753
16.16079 283.75
16.192094 283.026
16.22435 282.226
16.255487 282.41
16.28666 280.214
16.31782 279.097
16.348949 280.9
16.381188 278.901
16.412285 279.736
16.433166 280.401
16.464256 280.185
16.49554 280.117
16.527753 278.906
16.558875 279.612
16.589936 279.46
16.621093 279.823
16.652304 279.95
16.684844 279.262
16.716034 281.81
16.747269 280.255
16.778516 281.276
16.809676 284.429
16.842 281.228
16.873164 278.941
16.904342 276.589
16.935591 273.468
16.966702 272.87
16.998992 272.514
17.03012 276.352
17.061315 279.412
17.092428 281.586
17.12361 281.719
17.155889 281.656
17.187025 281.859
17.218073 284.043
17.249319 281.58
17.280587 279.913
17.313023 277.937
17.344228 274.628
17.375377 272.815
17.406504 271.794
17.437661 271.683
17.469915 272.142
17.501081 270.946
17.532301 272.034
17.563566 273.627
17.594788 280.038
17.627118 284.903
17.658308 286.114
17.689545 290.0
17.720679 293.016
17.751902 293.399
17.78408 285.073
17.815161 282.366
17.846202 277.628
17.877347 276.462
17.908463 275.527
17.940731 273.19
17.971785 273.958
18.00281 275.31
18.033887 276.582
18.064978 279.334
18.097231 287.494
18.138531 287.805
18.169661 291.683
18.200763 293.322
18.231949 293.759
18.264306 287.999
18.295572 282.991
18.326775 281.363
18.357899 279.596
18.38908 277.239
18.421155 278.108
18.452408 276.572
18.483578 274.906
18.514718 275.585
18.546015 280.759
18.578407 283.473
18.60953 289.285
18.640727 289.871
18.671901 288.59
18.703045 290.507
18.735389 289.982
18.766548 290.028
18.797716 289.738
18.828907 287.937
18.860154 286.92
18.892461 286.034
18.924486 285.182
18.955808 282.112
18.986963 279.101
19.018207 281.038
19.049515 281.914
19.081763 282.283
19.113065 282.38
19.144318 283.123
19.175489 282.735
19.206652 286.826
19.239069 285.148
19.2702 286.642
19.301316 288.307
19.332478 287.793
19.363949 287.684
19.396203 288.384
19.42854 287.161
19.459791 288.98
19.490963 287.01
19.522172 285.58
19.553433 281.11
19.585784 281.805
19.616901 282.928
19.648025 284.254
19.679257 283.712
19.710439 286.359
19.74265 278.77
19.77386 279.613
19.804942 283.478
19.836075 283.87
19.867278 283.974
19.899569 287.283
19.930826 287.661
19.962085 286.861
19.993211 286.399
20.024323 286.244
20.056589 289.065
20.087736 285.828
20.118911 285.407
20.150043 283.801
20.181226 284.858
20.213393 284.219
20.24549 285.702
20.277708 286.634
20.308828 286.561
20.340064 286.406
20.37119 286.66
20.402476 287.64
20.434674 285.197
20.465773 284.76
20.496972 285.101
20.528104 284.788
20.559284 285.199
20.591573 283.987
20.623719 283.738
20.65493 283.324
20.686139 283.045
20.717369 285.049
20.74856 284.024
20.780746 284.701
20.811917 283.975
20.843063 284.452
20.874216 285.101
20.905315 283.801
20.937517 281.971
20.968756 283.197
20.999922 285.125
21.031284 287.181
21.062492 287.521
21.09464 288.404
21.125802 285.351
21.157001 282.139
21.188134 281.524
21.219261 282.52
21.251413 284.869
21.282506 283.532
21.313592 282.148
21.344685 281.134
21.375919 281.199
21.408131 280.596
21.439289 279.522
21.470468 278.611
21.501644 277.031
21.52268 278.88
21.554914 280.916
21.586138 280.452
21.61728 279.71
21.648423 278.707
21.67962 278.613
21.711841 277.917
21.742952 277.612
21.774092 276.741
21.805242 275.683
21.836336 274.57
21.868489 274.257
21.899652 274.77
21.930786 274.785
21.961886 273.83
21.993157 273.906
22.025376 273.545
22.056537 272.922
22.087651 272.772
22.118775 272.238
22.149842 273.154
22.182097 273.094
22.213338 272.448
22.24449 271.484
22.275718 270.882
22.306863 271.267
22.339103 271.061
22.370234 270.875
22.40148 270.398
22.432643 271.614
22.463952 273.285
22.496184 272.325
22.527386 272.485
22.558624 270.74
22.589774 270.804
22.621036 270.733
22.653369 274.867
22.685652 274.474
22.716793 271.792
22.748002 271.543
22.779141 274.088
22.810329 274.512
22.842608 277.986
22.873825 277.966
22.904974 277.552
22.936137 274.669
22.967344 273.35
22.999651 273.376
23.030923 273.134
23.062171 272.517
23.093381 272.25
23.124627 272.181
23.156982 271.42
23.188159 272.088
23.21933 271.354
23.250763 271.425
23.281961 272.918
23.314131 271.072
23.345296 272.031
23.37646 272.644
23.407668 273.38
23.438889 276.925
23.471094 278.132
23.502294 278.718
23.533472 278.752
23.564825 275.05
23.596146 272.69
23.628525 272.418
23.659832 274.097
23.691035 275.939
23.722194 274.614
23.753376 273.184
23.785655 272.927
23.816998 280.872
23.868484 291.208
23.899653 286.912
23.930788 288.743
23.962987 285.524
23.994173 283.532
24.025282 282.512
24.056427 281.463
24.077391 280.346
24.140161 281.378
24.171141 285.342
24.202352 288.004
24.233502 292.176
24.264609 295.001
24.296832 296.845
24.3281 298.158
24.359392 299.576
24.390592 293.312
24.421769 292.075
24.454086 293.578
24.485208 286.275
24.516266 284.697
24.547377 283.625
24.578408 281.501
24.610531 280.921
24.64165 281.788
24.673021 284.411
24.704095 285.785
24.735294 283.344
24.767689 283.61
24.798848 284.23
24.829978 284.073
24.861145 286.63
24.892422 287.08
24.92471 283.498
24.955927 282.064
24.98713 279.402
25.01848 278.486
25.049772 282.267
25.08193 284.452
25.11314 281.62
25.144274 280.898
25.175567 281.221
25.206731 282.23
25.238941 282.316
25.270171 281.959
25.301339 278.441
25.332486 276.592
25.353394 276.273
25.385623 276.816
25.416771 278.187
25.447813 277.525
25.47905 273.601
25.510177 274.162
25.542526 273.555
25.573731 276.327
25.604913 278.184
25.636059 278.541
25.667059 280.039
25.699291 278.247
25.730488 277.384
25.761723 277.664
25.792954 277.27
25.824142 278.477
25.85644 282.478
25.887616 281.346
25.91875 278.228
25.94981 278.541
25.980831 278.375
26.013077 279.683
26.04444 281.379
26.075581 278.763
26.106637 276.252
26.137782 277.345
26.170137 279.773
26.201242 282.358
26.232373 280.866
26.26354 278.011
26.294606 277.457
26.326789 275.89
26.357932 276.535
26.389116 275.683
26.420362 280.379
26.451438 278.113
26.48369 277.373
26.514801 276.645
26.545883 273.807
26.576995 273.501
26.608159 272.84
26.640401 272.968
26.671547 272.958
26.71289 277.371
26.754259 281.263
26.785415 283.521
26.817588 288.184
26.848964 294.738
26.880073 296.802
26.911319 297.053
26.942495 295.807
26.974776 290.118
27.005959 284.227
27.037197 288.048
27.078625 284.79
27.109972 282.633
27.142448 283.928
27.173706 286.356
27.204932 286.793
27.236166 290.394
27.257111 291.019
27.289463 290.64
27.320711 287.384
27.35187 286.957
27.383056 290.207
27.414163 287.015
27.446522 285.958
27.47766 286.774
27.508792 288.604
27.539967 290.564
27.57115 289.405
27.603418 287.409
27.634758 281.108
27.665906 278.837
27.69706 279.315
27.728241 279.861
27.760409 281.607
27.791607 280.713
27.822834 278.016
27.843744 279.618
27.874912 280.008
27.907142 280.891
27.938301 281.454
27.969511 283.075
28.000703 283.848
28.031888 282.86
28.064147 282.159
28.095197 280.2
28.126359 277.655
28.147345 277.096
28.178537 278.218
28.210811 276.785
28.243139 276.028
28.274192 274.99
28.305276 273.846
28.336342 274.442
28.367565 275.107
28.399834 275.454
28.430988 275.503
28.462065 274.729
28.493193 273.753
28.524369 273.522
28.556617 273.388
28.587815 273.545
28.618922 271.312
28.650181 272.401
28.681429 272.449
28.713809 275.414
28.745079 278.184
28.776522 279.483
28.807647 277.031
28.838812 274.766
28.870972 276.966
28.90205 278.111
28.933151 272.288
28.964297 271.174
28.995594 272.193
29.027819 274.062
29.058866 276.055
29.090058 275.018
29.121188 274.596
29.152375 272.843
29.184741 273.327
29.215878 275.818
29.247031 276.101
29.278173 276.631
29.309329 273.707
29.341595 275.97
29.372777 277.402
29.403959 280.937
29.435145 281.058
29.466362 279.66
29.498781 282.763
29.529976 280.448
29.561186 278.546
29.592391 276.124
29.623534 274.945
29.645653 274.753
29.676853 274.92
29.708042 275.582
29.739173 276.438
29.770462 275.913
29.802714 273.942
29.833925 273.653
29.865107 272.808
29.896345 272.966
29.927562 273.743
29.959848 273.129
29.990992 271.963
30.022179 271.915
30.053333 271.787
30.084577 272.284
30.116859 271.702
30.148016 270.277
30.179261 270.198
30.210451 271.395
30.231435 270.611
30.263656 269.881
30.294831 269.641
30.326023 270.635
30.357213 270.937
30.388362 270.447
30.420669 270.644
30.45189 269.488
30.483021 270.758
30.514178 273.582
30.545368 273.202
30.57771 272.524
30.608896 272.201
30.640129 271.194
30.671257 269.664
30.702484 270.28
30.734854 269.389
30.766124 269.019
30.797422 269.522
30.828748 268.404
30.860017 269.453
30.892368 271.856
30.92357 271.445
30.954859 274.031
30.986112 273.189
31.017456 272.681
31.049768 274.25
31.081021 269.169
31.112262 270.773
31.143539 271.586
31.174727 270.049
31.207014 275.055
31.238246 271.132
31.269392 274.91
31.300636 276.376
31.331898 275.559
31.364252 276.45
31.395461 277.372
31.426702 277.896
31.457929 278.218
31.489153 278.482
31.521428 279.645
31.552748 283.131
31.594012 281.082
31.62525 282.328
31.656401 279.916
31.688721 278.093
31.719742 276.232
31.751018 274.637
31.782181 273.732
31.81339 274.604
31.876151 275.028
31.917448 278.856
31.948555 278.64
31.979696 282.776
32.01087 286.131
32.04295 285.396
32.074105 282.969
32.105311 280.96
32.146592 280.899
32.177729 282.617
32.220075 280.365
32.251232 278.643
32.282362 279.528
32.313523 279.604
32.344667 280.37
32.376855 278.271
32.40801 278.081
32.439183 276.187
32.480441 275.092
32.511601 274.462
32.55395 275.364
32.585066 282.301
32.626478 284.819
32.65764 283.572
32.688871 283.868
32.721134 282.849
32.752145 279.728
32.783328 275.876
32.814725 276.605
32.845916 274.954
32.898571 275.817
32.92974 276.203
35.048135 274.403
35.079362 273.584
35.110534 272.71
35.14284 276.394
35.173977 278.339
35.205145 280.288
35.236281 281.252
35.267421 281.338
35.2997 279.683
35.330908 276.272
35.36207 274.196
35.393202 272.855
35.424392 271.85
35.456657 269.535
35.487825 268.99
35.518971 269.18
35.550125 272.358
35.581352 273.913
35.613649 278.804
35.665224 280.068
35.696435 279.689
35.727606 282.716
35.758839 280.291
35.791093 279.304
35.822224 279.001
35.853416 277.748
35.884674 276.671
35.936223 276.691
35.968504 277.301
35.999747 274.936
36.030894 275.556
36.062185 275.538
36.093645 276.298
36.125898 277.195
36.157171 277.794
36.188303 276.065
36.219622 275.799
36.240586 275.018
36.272809 274.253
36.304178 272.969
36.335401 272.062
36.36673 271.868
36.397831 271.206
36.43006 271.085
36.461185 269.1
36.492407 269.201
36.523617 269.262
36.554856 269.946
36.587161 269.422
36.618329 268.187
36.649466 267.712
36.680655 267.15
36.712092 267.213
36.74431 267.013
36.775662 269.374
36.806904 268.233
36.838178 269.719
36.86943 269.299
36.901662 268.136
36.932904 269.718
36.964083 271.542
37.015859 269.851
37.037068 270.522
37.069343 271.795
37.100457 275.79
37.131675 276.014
37.162869 275.974
37.194095 279.313
37.226292 278.742
37.257503 276.977
37.288681 277.118
37.319851 281.384
37.351006 281.711
37.383187 279.482
37.414351 281.262
37.44549 281.914
37.476629 280.346
37.507804 282.531
37.540039 282.158
37.571184 283.395
37.602354 279.272
37.623216 277.468
37.664574 277.032
37.696868 275.152
37.72806 274.465
37.759271 274.265
37.790442 274.544
37.821672 276.068
37.853954 275.117
37.88517 275.214
37.916359 276.655
37.947611 276.646
37.978901 276.549
38.011076 275.707
38.042304 273.206
38.073474 272.682
38.10485 275.247
38.136081 279.078
38.168328 283.444
38.209626 282.602
38.240743 279.843
38.271864 280.07
38.303099 279.983
38.335352 279.113
38.366538 277.015
38.397696 280.57
38.428914 279.532
38.460078 277.532
38.492373 279.672
38.523636 281.384
38.55483 282.888
38.585996 285.899
38.61719 287.132
38.64948 284.251
38.690865 281.026
38.722104 284.982
38.75334 284.886
38.784533 284.75
38.816933 283.846
38.848164 282.969
38.879462 283.138
38.910658 283.159
38.941932 289.608
38.974266 290.252
39.005328 283.818
39.036604 286.716
39.067929 288.84
39.099266 289.251
39.131507 288.618
39.162573 288.883
39.193681 288.017
39.224866 284.714
39.256075 286.027
39.288294 288.933
39.319391 287.351
39.350539 284.722
39.381614 284.237
39.412919 285.102
39.445188 283.561
39.476355 287.271
39.517669 287.391
39.548881 287.01
39.580105 287.285
39.612352 290.965
39.64355 292.157
39.674718 293.948
39.705841 294.301
39.737068 296.112
39.769213 295.251
39.790146 295.605
39.821325 296.389
39.852595 296.534
39.883826 289.293
39.916024 290.683
39.947447 291.285
39.978764 287.985
40.009964 283.053
40.041183 287.751
40.08366 288.783
40.114889 289.979
40.146008 291.962
40.177125 291.788
40.208316 287.715
40.240601 288.41
40.271843 288.417
40.303057 288.998
40.334237 286.417
40.365478 283.908
40.397913 278.514
40.429196 278.329
40.460453 276.944
40.491622 280.43
40.522886 283.997
40.555246 284.932
40.586284 286.601
40.617459 287.31
40.648709 291.385
40.700295 293.124
40.732495 289.785
40.763966 292.617
40.79509 291.423
40.826234 287.872
40.857426 287.302
40.889735 287.158
40.920905 286.718
40.952083 283.949
40.983235 282.868
41.014396 284.809
41.046777 284.395
41.078031 285.146
41.109269 285.743
41.140515 286.199
41.171691 288.103
41.203922 290.539
41.235054 289.623
41.266115 289.179
41.287049 289.356
41.318151 289.952
41.350401 287.128
41.381509 287.539
41.412761 291.095
41.443981 287.721
41.475124 284.953
41.507372 292.67
41.558861 291.362
41.589953 291.191
41.621041 289.823
41.652276 289.65
41.684561 283.879
41.7157 287.58
41.757215 287.095
41.788366 284.164
41.81954 280.873
41.851773 281.613
41.882847 283.302
41.914061 288.356
41.955492 290.248
41.986692 294.952
42.039405 294.609
42.070644 285.823
42.101796 283.841
42.132969 284.312
42.164335 285.618
42.196604 283.414
42.227849 283.897
42.259047 287.702
42.300493 286.372
42.331754 286.847
42.353895 286.221
42.385042 286.642
42.416246 287.982
42.447485 288.812
42.478724 288.916
42.510915 289.079
42.542173 286.128
42.573374 285.647
42.604578 286.494
42.635933 286.752
42.668238 286.779
42.699363 286.632
42.730609 287.609
42.761832 286.182
42.793045 285.681
42.825357 284.61
42.856548 283.594
42.887898 284.04
42.919059 283.513
42.950232 283.148
42.98244 283.888
43.013648 281.955
43.044776 284.233
43.075964 285.944
43.107128 283.994
43.139343 281.802
43.170534 279.843
43.201663 276.57
43.232963 274.988
43.264218 279.067
43.296481 280.792
43.327753 283.789
43.359039 284.309
43.390282 284.066
43.421482 286.144
43.453764 289.03
43.484965 287.778
43.516357 287.792
43.547549 282.151
43.57891 279.768
43.611123 276.229
43.642318 274.862
43.673536 272.357
43.704748 274.333
43.736187 279.038
43.768528 279.699
43.799844 281.666
43.83114 282.029
43.862349 281.683
43.893694 281.816
43.925972 282.348
43.957236 282.267
43.988441 282.629
44.01967 282.54
44.050879 280.863
44.083215 280.962
44.1144 281.912
44.145551 281.929
44.17672 281.683
44.208047 282.345
44.240453 283.057
44.271694 281.176
44.303022 281.927
44.334231 282.642
44.365305 282.213
44.397579 282.322
44.428881 281.938
44.460097 280.525
44.49122 279.181
44.522452 278.463
44.554714 278.227
44.585871 277.586
44.616966 277.336
44.648096 277.321
44.679309 276.426
44.711499 277.411
44.74259 277.058
44.773725 276.392
44.804879 275.164
44.835992 275.554
44.868276 274.896
44.899426 273.406
44.930568 273.072
44.961749 273.756
44.992855 271.997
45.025205 271.661
45.056266 272.395
45.087599 272.679
45.118868 272.653
45.15013 273.917
45.182391 273.283
45.213794 270.234
45.245282 270.312
45.276494 269.105
45.307958 268.171
45.340295 267.82
45.371554 267.391
45.402786 268.351
45.433939 268.539
45.465175 270.029
45.4974 269.485
45.528429 270.183
45.55966 270.289
45.590953 269.832
45.621992 269.34
45.654305 267.993
45.685419 267.194
45.716517 266.933
45.747983 268.146
45.779242 267.994
45.811406 267.358
45.842562 268.156
45.873727 267.919
45.905073 271.533
45.936284 269.534
45.968616 268.944
45.999852 267.588
46.031003 266.856
46.062238 269.75
46.093431 269.817
46.125655 268.126
46.15683 269.202
46.198177 270.198
46.229386 273.061
46.260624 274.509
46.293093 275.071
46.324246 274.312
46.355402 274.073
46.386584 274.135
46.417754 278.096
46.480558 277.813
46.511783 281.795
46.553347 286.478
46.615022 285.346
46.64617 288.834
46.688641 289.95
46.719822 288.357
46.771423 287.962
46.802564 286.474
46.833876 292.183
46.896642 293.273
46.927803 297.082
46.958997 301.682
47.020901 294.742
47.052103 298.46
47.104733 296.319
47.135865 292.889
47.167036 290.805
47.198382 295.534
47.229666 297.288
47.261856 302.622
47.293009 300.424
47.324123 303.958
47.365451 305.086
47.396645 305.191
47.428952 305.377
47.460134 308.337
47.501472 301.974
47.532702 305.384
47.574043 308.013
47.626631 306.576
47.657868 303.342
47.689038 302.754
47.720135 313.022
47.781875 312.125
47.814248 316.683
47.845469 312.84
47.876666 310.378
47.917942 309.18
47.949117 312.255
47.981342 311.368
48.012708 316.932
48.064181 313.373
48.095408 316.328
48.126708 314.603
48.15898 319.944
48.200381 315.859
48.231621 319.106
48.273084 320.318
48.324738 314.549
48.357043 317.512
48.39848 320.249
48.470434 321.621
48.532171 321.434
48.563364 323.28
48.605752 315.773
48.636985 317.589
48.678442 314.335
48.709636 314.809
48.751163 319.337
48.824298 316.571
48.856572 318.417
48.887768 314.622
48.919023 317.989
48.950249 316.429
48.981502 320.465
49.023871 310.263
49.055055 309.511
49.086262 301.305
49.11747 301.622
49.148704 301.992
49.18107 302.136
49.212313 300.158
49.243505 300.423
49.274701 296.512
49.295677 295.719
49.32788 297.792
49.359151 295.893
49.390351 300.752
49.421557 300.553
49.452758 299.474
49.485012 298.888
49.516225 297.322
49.547381 296.581
49.578523 294.76
49.609723 291.589
49.641936 293.904
49.673049 297.104
49.704194 298.85
49.735352 299.674
49.766501 299.216
49.798771 299.24
49.829897 299.299
49.861091 299.519
49.892296 299.355
49.923365 301.579
49.955604 296.923
49.98675 297.132
50.018036 295.352
50.049111 293.115
50.080212 289.979
50.112391 288.177
50.143683 289.314
50.174865 293.727
50.206045 296.99
50.237153 298.397
50.269456 297.96
50.300681 294.833
50.331958 295.81
50.363121 296.717
50.394419 298.868
50.426666 299.204
50.457903 296.542
50.489005 295.762
50.520186 295.465
50.551449 295.598
50.583817 295.871
50.61501 296.294
50.646201 296.774
50.67759 297.878
50.708981 295.851
50.741311 292.988
50.772514 286.34
50.803702 285.351
50.834918 285.579
50.866121 285.972
50.898345 290.098
50.929477 290.301
50.960691 287.835
50.99197 289.897
51.023178 293.211
51.055316 295.781
51.076279 298.38
51.117696 298.64
51.148865 297.144
51.180019 294.028
51.212515 295.129
51.243696 294.96
51.274945 294.855
51.30607 287.444
51.337239 286.225
51.36952 284.611
51.400876 282.73
51.432132 286.29
51.463294 289.681
51.494524 291.744
51.526828 295.801
51.5579 295.515
51.589076 296.407
51.620275 295.369
51.651431 293.704
51.683667 293.538
51.714901 291.098
51.746087 293.723
51.777309 296.646
51.808507 296.085
51.840862 295.266
51.872016 298.473
51.903226 298.993
51.934454 293.706
51.965612 295.529
52.018117 296.776
52.049277 290.39
52.080457 289.98
52.111642 289.746
52.14284 293.205
52.175108 290.856
52.206276 293.045
52.237432 297.718
52.268632 294.782
52.299899 296.115
52.332054 296.707
52.363205 296.91
52.394383 299.862
52.425561 306.271
52.456725 303.575
52.489098 302.548
52.52047 301.193
52.551696 299.005
52.582816 297.973
52.614014 297.627
52.646295 296.189
52.677497 303.721
52.759634 302.898
52.790798 306.25
52.832146 304.889
52.864432 304.554
52.895595 306.529
52.926831 309.097
52.958055 308.497
52.989234 303.816
53.031763 300.291
53.062954 302.18
53.094203 303.907
53.125396 303.564
53.156612 309.044
53.188832 310.379
53.220169 311.601
53.251482 316.2
53.282616 317.745
53.313839 320.133
53.366603 320.095
53.397834 319.809
53.429204 317.276
53.46036 309.65
53.49154 312.706
53.533979 311.366
53.565115 307.892
53.596356 307.472
53.627604 299.478
53.658785 327.429
53.752228 324.025
53.783494 320.6
53.814625 312.675
53.845817 309.275
53.87707 307.499
53.909421 305.877
53.940573 304.378
53.971788 299.445
54.023336 299.24
54.054614 300.066
54.086911 302.112
54.118088 303.533
54.149186 305.775
54.180249 306.97
54.211419 306.439
54.243606 307.68
54.274763 309.906
54.305947 303.421
54.337179 302.395
54.368466 305.411
54.400755 305.194
54.431918 318.834
54.503867 334.8
54.585944 341.703
54.617151 344.435
54.679981 330.572
54.711261 327.26
54.742414 319.289
54.773604 308.999
54.804804 303.707
54.857537 297.355
54.888819 298.19
54.919923 299.468
54.951142 299.769
54.982328 300.7
55.0146 301.875
55.045905 303.504
55.077123 303.473
55.108393 303.618
55.139653 302.786
55.171984 304.832
55.203301 306.486
55.234609 306.821
55.265796 307.32
55.296985 307.054
55.329325 305.666
55.360488 306.679
55.391636 309.349
55.422804 308.673
55.454197 306.125
55.486474 305.685
55.517651 304.783
55.548839 305.542
55.580017 320.417
55.641723 313.087
55.673852 306.052
55.704992 305.008
55.736247 306.048
55.767392 307.103
55.798609 300.039
55.830964 296.297
55.862115 299.349
55.893348 289.505
55.924492 289.644
55.955874 290.825
55.988169 291.111
56.019289 291.744
56.050436 290.399
56.081535 293.376
56.112793 294.798
56.145124 298.531
56.176398 302.101
56.197298 302.208
56.228625 301.621
56.259983 301.412
56.292239 300.613
56.323445 302.518
56.354633 301.626
56.385801 297.914
56.417037 294.637
56.449212 292.852
56.480399 294.981
56.511583 295.143
56.54274 296.737
56.573836 297.381
56.606053 300.898
56.637191 295.085
56.668278 298.603
56.699503 297.914
56.730763 294.337
56.763046 290.162
56.794444 292.964
56.825612 293.791
56.856815 294.006
56.888085 292.102
56.920357 293.117
56.951493 293.879
56.982691 294.616
57.013984 295.661
57.045269 295.91
57.077704 299.203
57.108924 298.727
57.140111 298.68
57.171264 296.885
57.202421 297.116
57.234692 294.822
57.265822 292.956
57.297131 290.479
57.328307 293.848
57.369746 294.156
57.401989 294.77
57.433218 294.539
57.464343 293.119
57.495706 297.026
57.5269 297.617
57.559173 297.558
57.590288 297.975
57.621407 294.393
57.652582 294.301
57.683815 297.308
57.716192 298.68
57.747416 299.818
57.778759 297.037
57.809938 295.877
57.841031 294.997
57.873505 293.451
57.90471 291.319
57.93592 292.586
57.966976 287.321
57.998141 286.316
58.030363 287.356
58.061467 290.399
58.09255 290.27
58.12375 293.443
58.15488 295.935
58.18713 298.551
58.218322 299.059
58.249583 296.887
58.280859 299.416
58.312025 298.91
58.344328 300.714
58.375442 295.672
58.406702 293.959
58.437917 291.591
58.469098 289.908
58.501343 289.181
58.532529 292.048
58.563708 292.599
58.594838 293.937
58.625998 295.275
58.658367 294.946
58.689497 294.358
58.720698 292.675
58.751888 293.6
58.783031 294.349
58.815288 295.6
58.846473 292.944
58.877885 290.791
58.909145 291.252
58.940338 291.054
58.972564 294.714
59.003767 296.734
59.035094 292.793
59.066275 291.607
59.097529 292.717
59.129862 291.169
59.161091 289.357
59.192185 289.051
59.223369 288.916
59.254506 286.718
59.286804 285.304
59.317955 286.706
59.349112 290.322
59.380264 292.184
59.411567 291.535
59.44398 290.685
59.475229 288.04
59.506408 286.232
59.537663 285.217
59.568843 280.781
59.601186 279.48
59.632252 277.251
59.663518 279.833
59.694641 281.258
59.725762 283.824
59.758048 288.698
59.789246 291.679
59.820431 292.892
59.851618 293.446
59.882885 295.568
59.915048 295.692
59.946271 293.168
59.97745 288.727
60.008743 288.335
60.039912 287.042
60.072389 282.118
60.103643 282.945
60.134785 283.377
60.166224 281.437
60.197441 276.834
60.229715 275.44
60.26085 281.556
60.302327 283.528
60.333591 284.788
60.364756 288.056
60.397006 288.471
60.428028 286.433
60.459282 287.354
60.490425 289.921
60.521762 291.32
60.55401 286.609
60.585213 288.933
60.616321 286.173
60.647456 284.549
60.678676 285.019
60.711001 286.137
60.742217 287.307
60.773412 286.228
60.804634 286.387
60.835778 285.426
60.868072 285.005
60.899169 291.612
60.940633 291.466
60.971846 292.578
61.003122 290.293
61.035426 289.911
61.066622 289.841
61.097777 289.705
61.129 288.686
61.160106 289.24
61.192539 287.868
61.224821 289.527
61.257128 293.695
61.288272 296.274
61.319494 297.494
61.350837 298.951
61.382112 301.9
61.414382 302.453
61.445543 305.58
61.476742 302.141
61.507876 299.674
61.539065 299.243
61.571278 295.429
61.603558 297.267
61.634688 303.405
61.676082 318.864
61.737789 321.083
61.809697 309.238
61.842161 303.013
61.873361 301.267
61.904693 298.383
61.935896 292.703
61.967134 297.022
62.070562 326.15
62.113015 319.314
62.144162 314.983
62.175293 312.589
62.206506 309.699
62.237707 307.422
62.269972 306.131
62.301101 301.25
62.332316 295.317
62.394047 295.459
62.425287 298.373
62.457636 301.153
62.489809 302.718
62.520997 302.325
62.552237 302.599
62.583422 302.836
62.614634 302.125
62.646928 301.965
62.678116 300.92
62.7093 300.288
62.740533 299.554
62.771798 296.89
62.804114 297.025
62.835283 296.695
62.866479 297.016
62.897699 296.963
62.928922 300.845
62.961182 300.965
62.993385 300.766
63.024595 301.393
63.055824 300.568
63.087066 298.813
63.118277 297.949
63.150407 295.825
63.18156 294.515
63.212824 287.596
63.244032 288.272
63.275272 292.117
63.307569 292.473
63.338679 292.374
63.369831 292.106
63.390847 293.102
63.421967 293.719
63.454163 293.393
63.485268 293.024
63.516384 292.735
63.5475 289.425
63.57866 288.64
63.61091 289.499
63.642167 290.373
63.673432 293.649
63.70459 295.187
63.735954 295.958
63.76829 297.744
63.799504 298.415
63.830644 296.209
63.861835 295.691
63.893076 292.598
63.92534 292.002
63.95651 295.847
63.987725 294.697
64.018908 294.783
64.050045 296.525
64.082321 297.311
64.113682 295.336
64.144799 293.89
64.176012 293.729
64.207414 292.765
64.23953 289.945
64.270834 289.734
64.30198 290.895
64.3331 288.108
64.364218 287.401
64.396392 286.413
64.427504 287.946
64.458676 287.042
64.489916 286.717
64.521079 287.053
64.553319 286.711
64.584438 285.481
64.615709 284.312
64.646827 284.898
64.678091 284.801
64.710242 283.934
64.741504 283.641
64.772576 283.81
64.803716 283.828
64.834876 283.864
64.867105 285.409
64.898171 286.528
64.929322 287.242
64.960637 286.672
64.991817 284.347
65.023951 285.101
65.055149 282.215
65.086311 280.429
65.117513 278.928
65.148675 282.264
65.181008 283.173
65.212193 279.634
65.243503 276.98
65.274698 275.992
65.305834 276.209
65.338069 278.878
65.369229 277.794
65.4004 278.737
65.431562 276.739
65.462745 277.01
65.495243 278.242
65.527312 281.384
65.558475 280.056
65.589649 278.965
65.620819 276.554
65.651989 275.497
65.684203 275.052
65.715355 273.554
65.746637 273.745
65.777774 273.576
65.798873 272.406
65.831044 271.524
65.862187 272.109
65.893408 278.176
65.924534 277.457
65.955721 278.18
65.987939 276.635
66.019077 275.395
66.050261 273.595
66.081433 272.037
66.102283 271.551
66.134586 271.915
66.175919 272.272
66.207089 271.266
66.238208 271.663
66.269341 272.32
66.301573 273.049
66.332687 273.441
66.363785 273.348
66.394935 273.298
66.426115 275.299
66.458278 274.15
66.489481 274.132
66.52072 273.757
66.551853 274.132
66.583036 279.044
66.61519 280.192
66.64634 281.904
66.677501 284.746
66.70865 281.271
66.739838 278.285
66.772045 276.85
66.803194 274.671
66.834327 272.372
66.865446 274.595
66.896737 274.762
66.929163 275.71
66.960386 275.823
66.991594 275.904
67.022839 276.236
67.054039 277.453
67.086265 278.534
67.11754 277.825
67.138482 276.363
67.169668 276.131
67.200915 275.76
67.233166 274.724
67.264379 276.679
67.295572 278.959
67.326611 278.666
67.357847 280.121
67.390047 281.087
67.421105 282.025
67.44209 283.204
67.473227 279.473
67.504439 276.883
67.536753 275.13
67.567928 274.015
67.599161 274.154
67.630419 273.311
69.674139 273.185
69.706386 277.279
69.737583 277.441
69.758671 277.11
69.789838 278.899
69.821003 277.17
69.853307 275.768
69.884579 274.15
69.915826 272.861
69.947039 271.975
69.978193 272.046
70.01042 272.621
70.041565 273.265
70.072711 276.861
70.114042 280.764
70.135114 286.987
70.167256 285.734
70.198457 284.761
70.229664 279.581
70.260818 278.093
70.2921 276.04
70.324459 274.05
70.355786 273.038
70.387045 276.468
70.408073 276.117
70.439223 277.44
70.471605 281.644
70.502809 285.765
70.533992 288.997
70.565151 289.795
70.596318 289.319
70.62835 287.5
70.659684 283.944
70.690926 281.973
70.722112 280.254
70.753329 279.366
70.785599 282.286
70.816975 280.291
70.848114 278.427
70.87924 276.798
70.910407 280.992
70.942598 282.855
70.973824 281.199
71.005049 280.461
71.036249 279.258
71.06744 278.118
71.099787 278.037
71.130956 279.614
71.16215 276.162
71.193324 275.588
71.224546 275.267
71.256817 275.062
71.288059 275.248
71.319267 275.047
71.350423 277.018
71.381749 278.138
71.414084 279.753
71.446425 281.518
71.477673 279.393
71.509059 277.709
71.540306 283.02
71.571585 283.956
71.603846 283.466
71.634987 280.644
71.666194 279.869
71.697381 280.097
71.728623 280.625
71.76096 286.12
71.792153 287.693
71.823449 284.171
71.854656 287.504
71.885857 285.885
71.918156 278.139
71.950714 275.351
71.981941 273.212
72.013126 272.484
72.044626 273.022
72.075873 276.378
72.108173 280.345
72.14045 279.632
72.17169 286.465
72.202929 288.577
72.234105 290.358
72.265329 290.084
72.297491 288.418
72.32867 288.089
72.35987 285.054
72.391054 283.839
72.422283 282.15
72.454654 281.07
72.485796 277.715
72.516922 278.815
72.548066 277.706
72.579528 275.408
72.611844 274.3
72.642997 274.221
72.674211 274.493
72.705508 273.692
72.736642 275.289
72.76902 277.832
72.80026 280.104
72.831676 282.527
72.862882 285.727
72.894066 284.897
72.926403 286.739
72.957686 283.09
72.988885 282.685
73.020087 280.83
73.041186 280.032
73.073404 281.005
73.104593 279.308
73.135716 278.647
73.166826 279.282
73.19798 277.252
73.230231 278.84
73.2614 276.039
73.292564 274.825
73.32381 274.104
73.354948 273.954
73.387219 273.782
73.418372 272.495
73.449626 273.918
73.480832 275.639
73.512063 277.294
73.544248 280.505
73.57549 281.646
73.606658 282.628
73.637965 284.037
73.669141 280.531
73.701411 280.838
73.73257 279.296
73.76389 278.985
73.795163 279.839
73.826399 276.522
73.858618 272.758
73.889768 273.715
73.921062 279.435
73.952279 279.73
73.983717 277.368
74.015967 274.824
74.047184 272.635
74.078428 275.627
74.109626 276.847
74.140883 277.235
74.173004 277.509
74.204283 274.301
74.225272 274.099
74.256568 274.23
74.287883 274.826
74.320087 275.307
74.351269 277.336
74.382339 278.474
74.413563 276.852
74.444793 278.281
74.477088 278.698
74.508197 278.624
74.539377 281.589
74.570501 281.549
74.601674 281.974
74.633865 281.278
74.665095 278.502
74.696413 277.578
74.72761 276.976
74.758771 282.664
74.790976 282.598
74.822104 283.652
74.853374 282.993
74.884624 282.663
74.915913 286.691
74.948248 283.831
74.979433 280.726
75.010789 281.658
75.042125 281.952
75.073376 280.433
75.105584 284.689
75.136845 285.065
75.167991 285.299
75.199343 281.126
75.230789 282.508
75.263183 285.754
75.28429 286.349
75.31552 283.28
75.346721 281.254
75.378022 277.988
75.410315 276.02
75.441619 275.168
75.473051 274.733
75.504386 274.668
75.535665 272.567
75.568127 270.101
75.599352 271.439
75.630612 275.276
75.661807 276.742
75.693072 278.827
75.725375 279.12
75.756535 278.362
75.787728 278.662
75.818989 280.32
75.850189 280.023
75.882513 279.308
75.913836 278.484
75.944989 277.447
75.976183 277.794
76.007394 278.645
76.039748 278.598
76.071054 277.678
76.102257 275.9
76.133543 276.333
76.164852 272.408
76.197154 271.842
76.228425 270.789
76.259679 270.21
76.290864 270.042
76.322218 278.088
76.354383 277.643
76.385741 277.585
76.417049 275.832
76.448294 278.452
76.479436 277.443
76.51192 277.677
76.54429 276.684
76.575346 276.268
76.606805 277.052
76.638042 276.714
76.669365 276.17
76.7016 278.845
76.732763 278.543
76.763994 278.625
76.795097 279.211
76.82628 280.175
76.858793 282.14
76.890095 281.938
76.921292 280.698
76.952498 279.423
76.983684 278.875
77.006026 279.152
77.037245 281.163
77.06853 280.787
77.099714 281.338
77.130867 281.31
77.163038 281.08
77.194268 281.341
77.225403 282.05
77.256597 281.554
77.287771 280.105
77.320052 280.925
77.351348 281.582
77.382542 280.071
77.413686 279.968
77.444881 282.637
77.487343 277.146
77.518579 275.759
77.549917 278.556
77.581085 279.693
77.612372 281.182
77.644977 279.759
77.676142 278.944
77.707549 278.014
77.73888 276.002
77.770105 281.98
77.802419 284.385
77.833672 287.886
77.864993 288.964
77.896136 293.215
77.92733 293.485
77.959666 294.092
77.99091 293.955
78.022137 291.0
78.053328 287.027
78.084565 285.451
78.116808 284.231
78.147984 284.547
78.179188 285.895
78.21034 285.623
78.241602 283.927
78.274047 279.033
78.30526 278.616
78.336533 279.583
78.367769 279.234
78.399161 283.469
78.431504 285.826
78.462712 288.813
78.493973 288.72
78.525213 288.152
78.556446 288.638
78.588812 287.399
78.620011 293.763
78.651295 291.472
78.682537 290.748
78.713776 286.574
78.746102 285.327
78.777336 282.356
78.80864 282.21
78.839927 280.667
78.871364 280.607
78.90367 280.211
78.936203 285.394
78.968386 290.714
78.999747 292.147
79.031003 294.046
79.062185 295.583
79.093401 295.303
79.125799 295.625
79.156974 291.561
79.188093 288.319
79.219307 285.382
79.250595 286.229
79.282803 284.501
79.313973 282.867
79.345199 281.683
79.376456 282.848
79.407685 284.534
79.440026 285.78
79.471226 286.466
79.502388 285.076
79.533649 282.68
79.564843 283.992
79.597176 283.955
79.628388 284.311
79.659608 285.582
79.690775 284.236
79.721976 283.021
79.754237 284.833
79.785434 283.895
79.816637 283.908
79.847992 285.769
79.879236 283.351
79.91181 280.924
79.943025 279.959
79.974305 279.629
80.005462 277.669
80.036932 277.881
80.069179 279.444
80.10034 277.188
80.131534 277.306
80.162709 277.608
80.193873 278.634
80.226098 280.74
80.257171 280.755
80.288389 281.344
80.319591 280.506
80.350801 278.763
80.383102 281.082
80.414275 279.905
80.445487 277.757
80.476684 276.941
80.508009 280.037
80.540355 279.003
80.57154 277.964
80.602794 276.828
80.633956 275.595
80.66518 274.922
80.697541 276.107
80.728722 278.635
80.760019 274.998
80.791195 275.607
80.82242 281.394
80.854651 283.062
80.885945 281.747
80.917136 279.249
80.948324 278.37
80.979602 274.468
81.011865 277.948
81.043085 275.757
81.07428 274.872
81.105339 275.622
81.136559 277.002
81.168865 282.951
81.200182 286.343
81.231391 282.963
81.262534 282.685
81.293742 281.581
81.325938 281.868
81.357052 279.079
81.388148 280.206
81.419308 280.227
81.450495 281.3
81.482727 278.97
81.513828 281.289
81.544941 283.306
81.576091 281.891
81.607338 282.673
81.639668 283.308
81.670873 282.283
81.702051 282.296
81.733229 284.999
81.764448 284.879
81.796698 285.493
81.827806 286.426
81.858911 286.109
81.890099 286.072
81.921365 286.88
81.953647 287.496
81.984865 285.927
82.016095 285.714
82.047243 286.444
82.078484 284.454
82.110846 285.401
82.142118 285.51
82.17327 285.772
82.204575 287.035
82.235833 284.088
82.257956 281.839
82.289147 278.511
82.320339 277.451
82.351562 277.355
82.38287 276.59
82.415072 276.584
82.446295 276.704
82.477498 275.481
82.508758 278.181
82.540019 280.659
82.572269 283.013
82.603549 284.628
82.634806 284.451
82.666059 285.615
82.697409 285.166
82.729726 291.831
82.781409 289.969
82.81265 287.922
82.84383 286.42
82.875062 286.521
82.907322 286.656
82.938523 287.288
82.969752 286.172
83.000926 285.308
83.032097 281.565
83.064329 284.913
83.095411 286.064
83.126605 293.968
83.157822 294.358
83.188996 294.575
83.221408 295.101
83.252518 294.298
83.283637 295.994
83.314741 289.863
83.346152 285.644
83.378154 282.621
83.409274 280.959
83.440455 282.745
83.471687 283.189
83.50287 282.098
83.535255 285.709
83.566374 284.622
83.597535 287.12
83.62869 287.933
83.66 288.396
83.692251 289.098
83.723451 286.246
83.754604 285.154
83.785761 286.37
83.816951 284.69
83.849175 285.188
83.880316 282.538
83.911385 280.85
83.942561 278.887
83.973754 278.225
84.006075 280.708
84.037293 281.209
84.068487 281.209
84.099818 281.204
84.131078 285.812
84.153238 287.565
84.184416 288.725
84.215737 285.709
84.24688 284.717
84.278113 281.54
84.310319 282.691
84.341498 281.511
84.372644 284.383
84.403847 281.983
84.434903 281.11
84.467193 282.119
84.498399 282.83
84.52958 282.988
84.560763 282.176
84.591989 279.804
84.624217 280.032
84.655539 280.246
84.686768 276.241
84.717932 277.053
84.738967 279.928
84.771273 285.168
84.80248 283.849
84.833619 282.441
84.864811 281.211
84.895978 280.101
84.928249 278.801
84.959406 276.989
84.990514 276.347
85.021696 274.599
85.052828 276.022
85.085143 278.147
85.116506 283.235
85.147767 285.006
85.178852 281.311
85.21008 280.12
85.242324 279.92
85.273567 279.176
85.304737 279.795
85.325705 276.501
85.357036 275.045
85.389513 273.676
85.420696 274.223
85.451904 274.183
85.482999 276.843
85.514102 276.162
85.546456 273.198
85.57767 274.314
85.608894 274.598
85.640043 274.978
85.671189 275.725
85.703319 275.031
85.734536 278.696
85.765723 281.183
85.796902 282.248
85.828122 278.735
85.860541 276.592
85.891789 274.585
85.922948 273.503
85.954125 273.477
85.985264 272.709
86.017627 272.741
86.048934 273.165
86.080055 272.517
86.111267 275.011
86.14251 279.579
86.174716 282.145
86.195742 284.011
86.226958 283.704
86.258075 283.27
86.289372 283.552
86.321833 282.465
86.353042 284.107
86.384443 281.702
86.415695 282.354
86.446975 284.249
86.479356 280.95
86.511659 280.17
86.54286 279.228
86.574044 280.425
86.60524 280.282
86.636484 282.156
86.668755 283.627
86.699901 284.022
86.731226 278.843
86.762402 277.329
86.793482 275.162
86.825801 274.636
86.856953 273.659
86.888093 271.967
86.919244 270.793
86.950408 270.741
86.982675 274.146
87.013781 277.926
87.045025 280.474
87.076164 281.8
87.107341 282.881
87.139612 282.452
87.170976 281.322
87.202134 284.656
87.233496 282.732
87.264762 280.131
87.297101 278.404
87.328613 278.313
87.359864 278.26
87.391088 279.319
87.422375 280.108
87.454659 278.009
87.485701 278.442
87.51682 282.837
87.548028 286.064
87.579138 286.423
87.611336 288.375
87.64253 288.233
87.673647 288.517
87.704814 287.312
87.736027 285.033
87.768342 281.589
87.799557 281.047
87.830609 279.938
87.861639 279.246
87.892831 278.094
87.925075 280.237
87.945984 283.541
87.977125 281.48
88.008261 282.845
88.039492 282.634
88.071691 282.256
88.102847 278.637
88.134019 278.917
88.165173 281.007
88.196242 281.714
88.228494 280.61
88.249339 280.112
88.280453 278.772
88.311736 279.273
88.342936 280.282
88.375123 279.917
88.406219 279.607
88.437474 275.968
88.468671 277.39
88.499944 279.981
88.532086 282.117
88.563198 279.981
88.594235 277.609
88.625424 277.911
88.656619 277.63
88.688898 277.704
88.720051 278.713
88.751096 278.133
88.78222 278.124
88.813367 278.858
88.845583 278.131
88.876693 276.8
88.907824 276.007
88.938982 274.999
88.970012 274.303
89.002214 274.665
89.033364 274.916
89.064518 278.785
89.095619 283.017
89.126732 285.174
89.15894 284.847
89.190044 282.743
89.221047 281.802
89.252168 278.771
89.283304 275.789
89.315529 275.148
89.346689 273.274
89.377885 278.687
89.409046 282.28
89.440227 283.563
89.47255 288.741
89.503712 289.294
89.53491 289.832
89.566161 297.452
89.617556 305.584
89.649873 327.969
89.752319 305.968
89.783544 298.249
89.814669 295.268
89.845782 287.82
89.888221 285.3
89.919339 291.487
89.950622 288.427
90.022634 286.6
90.053902 290.338
90.08616 291.329
90.117277 291.811
90.148323 291.823
90.179415 292.519
90.210647 292.652
90.242829 292.992
90.274049 292.285
90.305254 286.177
90.336308 286.932
90.367502 289.189
90.399705 288.774
90.430862 295.933
90.462027 310.243
90.605266 312.27
90.636556 303.966
90.668915 296.859
90.700195 295.205
90.74153 293.918
90.772662 287.874
90.875192 289.828
90.907405 292.06
90.938706 293.344
90.970111 293.57
91.001289 293.455
91.032691 302.218
91.085339 300.037
91.116564 298.854
91.147871 296.37
91.178977 295.065
91.210432 292.248
91.242705 291.043
91.274006 291.944
91.305247 293.983
91.336557 285.596
91.367877 287.062
91.400221 290.366
91.431413 292.2
91.462612 293.477
91.493814 293.279
91.524995 294.914
91.557273 296.306
91.588464 295.78
91.619702 292.984
91.650904 291.469
91.682196 292.68
91.714647 290.354
91.74696 289.964
91.778128 289.924
91.80932 286.638
91.840495 286.67
91.871717 285.943
91.90397 287.333
91.935129 289.176
91.966414 288.992
91.997609 288.35
92.028865 294.621
92.071439 293.417
92.102609 292.578
92.133728 288.889
92.164922 288.226
92.195976 286.04
92.228333 287.236
92.259514 288.771
92.290593 292.068
92.321729 286.543
92.352875 287.098
92.385124 288.952
92.416404 290.008
92.447575 290.568
92.478677 291.325
92.509938 291.76
92.54218 291.82
92.573419 290.549
92.604575 292.676
92.635966 292.095
92.667237 290.066
92.699509 287.831
92.730718 287.339
92.761908 287.379
92.793133 286.958
92.824406 286.424
92.856621 285.538
92.887815 285.293
92.918971 283.775
92.950069 284.033
92.981294 284.077
93.013484 285.811
93.044713 285.93
93.075984 287.3
93.107196 286.701
93.138297 285.883
93.170487 288.267
93.201683 289.033
93.232999 289.503
93.264168 285.214
93.295536 284.612
93.327735 283.009
93.358924 282.285
93.390114 284.612
93.41122 284.332
93.442511 283.606
93.474856 283.167
93.506204 283.847
93.537462 286.287
93.568598 287.695
93.599955 289.304
93.632376 287.711
93.663644 282.912
93.694828 283.896
93.726037 284.538
93.757276 284.128
93.789532 284.972
93.820779 283.05
93.851982 283.92
93.883111 283.183
93.914245 285.279
93.946638 288.065
93.977862 289.693
94.009229 290.821
94.040378 290.898
94.071608 291.258
94.103776 285.213
94.135155 285.264
94.166321 282.444
94.197563 281.308
94.228708 280.288
94.260946 281.504
94.292117 280.938
94.323307 281.757
94.354457 281.275
94.385743 284.6
94.417997 284.312
94.449048 285.386
94.480315 285.309
94.511502 290.478
94.542659 289.604
94.574993 289.393
94.606182 284.765
94.63731 281.767
94.668468 278.957
94.699701 279.051
94.732129 279.558
94.763311 277.441
94.794631 278.179
94.825819 280.768
94.857009 284.486
94.889307 286.913
94.920598 289.051
94.951788 290.449
94.982958 291.634
95.014138 292.607
95.046317 290.411
95.077479 285.749
95.108618 284.104
95.139787 282.989
95.171004 280.464
95.20312 279.74
95.234275 279.859
95.265448 279.461
95.296554 278.198
95.327795 281.797
95.359958 282.631
95.391145 282.258
95.422222 283.862
95.453258 283.859
95.484492 284.134
95.516548 282.643
95.547772 283.343
95.578917 284.108
95.610052 278.66
95.641231 278.508
95.673544 285.72
95.704689 283.044
95.735934 282.131
95.767115 281.194
95.798456 284.742
95.830734 284.101
95.861909 284.11
95.893152 284.956
95.924268 285.284
95.955513 284.602
95.987733 285.292
96.019098 285.454
96.050207 286.326
96.081371 285.737
96.112541 284.907
96.144916 287.349
96.176036 283.891
96.207266 279.894
96.238482 278.466
96.269784 285.188
96.301993 286.809
96.333232 289.034
96.364434 290.044
96.395635 298.325
96.437023 296.704
96.469484 296.916
96.500574 308.691
96.542168 311.982
96.573328 307.333
96.604821 308.627
96.647361 309.942
96.678645 300.946
96.709864 296.981
96.741056 298.023
96.772253 297.806
96.804559 289.698
96.83686 293.041
96.868029 289.953
96.89926 290.334
96.930471 287.587
96.961857 288.618
96.99424 290.733
97.025445 290.739
97.056619 291.1
97.087948 291.566
97.119148 291.47
97.151304 291.315
97.182729 292.021
97.214112 291.581
97.245323 290.726
97.276516 288.947
97.308794 288.628
97.339984 291.763
97.371125 290.49
97.402262 291.015
97.433411 292.464
97.465768 292.054
97.49818 289.722
97.529358 288.827
97.560642 288.162
97.592114 288.433
97.62329 285.353
97.655583 286.537
97.686741 284.06
97.717947 282.506
97.749166 282.536
97.780372 284.234
97.812657 286.086
97.84396 285.972
97.875092 285.001
97.90633 284.808
97.937663 286.933
97.969994 286.222
98.001227 287.152
98.032485 285.675
98.063718 283.359
98.095012 284.91
98.127322 282.986
98.159656 282.868
98.190945 280.371
98.222093 281.083
98.253352 283.18
98.284662 284.083
98.317035 285.214
98.348267 303.815
98.400006 331.842
98.553578 321.053
98.584887 311.221
98.617154 306.234
98.668637 302.637
98.69989 301.839
98.731085 297.165
98.813121 292.317
98.845378 293.46
98.876551 293.389
98.9078 294.19
98.938954 294.488
98.970201 295.228
99.002368 302.19
99.033497 300.433
99.06475 300.774
99.096082 299.3
99.127257 299.866
99.159361 312.77
99.271829 334.559
99.302988 321.683
99.334122 320.408
99.365274 309.967
99.397531 306.286
99.428751 302.608
99.459934 298.193
99.541872 290.91
99.573142 288.595
99.605497 289.763
99.636719 291.319
99.667764 293.392
99.698955 293.241
99.730184 293.519
99.762495 293.873
99.79359 294.226
99.824696 293.992
99.855861 295.374
99.887053 294.302
99.919263 293.744
99.950347 291.132
99.981467 291.646
100.012575 292.297
