7e-06 0.01897
0.276262 0.026541
0.307569 0.032198
0.338668 0.037071
0.369712 0.041161
0.400893 0.044555
0.4329 0.047427
0.464206 0.048993
0.495191 0.052648
0.526412 0.08328
0.557471 0.094941
0.589656 0.097204
0.620698 0.093462
0.651725 0.097117
0.682764 0.100946
0.713818 0.107386
0.745898 0.110692
0.776883 0.117654
0.807856 0.124181
0.838813 0.14585
0.869804 0.148721
0.901945 0.145676
0.933155 0.154639
0.964242 0.159686
0.995288 0.16221
1.026295 0.165256
1.058363 0.168302
1.089364 0.170129
1.120336 0.170999
1.151305 0.170651
1.182353 0.171434
1.214415 0.173175
1.245459 0.175263
1.276462 0.176482
1.307499 0.176047
1.33866 0.17857
1.370742 0.178483
1.401757 0.179963
1.432812 0.179876
1.463996 0.183966
1.495227 0.184488
1.527297 0.183966
1.558283 0.186141
1.589379 0.187186
1.620398 0.186054
1.651512 0.193712
1.683649 0.192146
1.714637 0.195279
1.745686 0.191798
1.776716 0.191798
1.807819 0.196323
1.83998 0.195018
1.872228 0.196758
1.90459 0.197454
1.936814 0.195975
1.958498 0.196845
1.989605 0.196932
2.020591 0.197715
2.051589 0.195105
2.082741 0.200761
2.114783 0.204677
2.146656 0.20546
2.178655 0.20694
2.209636 0.207201
2.230433 0.20694
2.261444 0.209724
2.292417 0.209202
2.324484 0.211726
2.355487 0.213466
2.386624 0.212422
2.417891 0.213989
2.449165 0.214772
2.481116 0.217818
2.512156 0.218601
2.543126 0.216599
2.563954 0.221211
2.594929 0.223735
2.626797 0.22652
2.658061 0.229653
2.689015 0.230262
2.720055 0.225563
2.751158 0.22826
2.783203 0.227825
2.814249 0.228956
2.845215 0.235744
2.876173 0.231915
2.907209 0.235135
2.929001 0.232524
2.960754 0.233917
2.992465 0.236614
3.024275 0.237659
3.055321 0.236353
3.08639 0.237311
3.117698 0.23879
3.148649 0.233569
3.180634 0.239834
3.211603 0.237746
3.242656 0.240792
3.273811 0.241575
3.304856 0.24784
3.336898 0.249407
3.367981 0.250886
3.398939 0.251669
3.430139 0.255498
3.461105 0.258109
3.493016 0.255585
3.524004 0.253497
3.555257 0.252975
3.586361 0.258196
3.61738 0.261068
3.64954 0.26072
3.680516 0.263679
3.71151 0.261242
3.742478 0.262895
3.773438 0.262199
3.805518 0.270031
3.836506 0.267246
3.867474 0.272033
3.898506 0.272642
3.929751 0.271424
3.961776 0.272555
3.992789 0.277428
4.02382 0.275949
4.054877 0.279256
4.085994 0.278995
4.118172 0.283607
4.149304 0.284129
4.180421 0.286043
4.211512 0.286391
4.232387 0.28935
4.264654 0.291265
4.296885 0.291004
4.327982 0.291874
4.359 0.293788
4.390021 0.292657
4.421139 0.29814
4.453216 0.299967
4.485379 0.300489
4.517674 0.302404
4.54884 0.305275
4.580012 0.305188
4.6112 0.307973
4.642419 0.30893
4.67465 0.312063
4.705894 0.31363
4.737106 0.319286
4.768271 0.320069
4.799458 0.322506
4.831549 0.317023
4.862659 0.32355
4.89378 0.326509
4.924885 0.329555
4.955997 0.330512
4.988168 0.333036
5.019145 0.3259
5.0502 0.322767
5.081352 0.324856
5.112555 0.330512
5.144734 0.330599
5.175888 0.334602
5.20697 0.33321
5.237936 0.334167
5.269048 0.337735
5.301399 0.340694
5.332486 0.347394
5.363609 0.350005
5.394717 0.354443
5.425828 0.356358
5.458059 0.354965
5.489013 0.36332
5.519953 0.365234
5.550934 0.368715
5.581868 0.374372
5.613734 0.374372
5.644663 0.378288
5.675607 0.378984
5.706569 0.382726
5.737644 0.383683
5.769598 0.387599
5.800646 0.39108
5.831709 0.390384
5.862663 0.394996
5.893673 0.401958
5.925511 0.40422
5.956515 0.409355
5.987497 0.415272
6.018487 0.415533
6.049533 0.421016
6.081419 0.42615
6.103013 0.430501
6.134742 0.433112
6.166499 0.435461
6.198333 0.442945
6.230057 0.446165
6.261786 0.451561
6.293553 0.45217
6.315138 0.458261
6.346879 0.462352
6.378671 0.466442
6.41035 0.473316
6.442062 0.478451
6.473855 0.481758
21.531529 2.747222
21.563813 2.542022
21.595024 2.550463
21.626215 2.618689
21.657408 2.654803
21.68867 2.701187
21.721083 2.531144
21.752301 2.504341
21.773312 2.499642
21.804526 2.538367
21.835779 2.55464
21.868057 2.599718
21.899319 2.610161
21.930482 2.646449
21.961674 2.62948
21.992947 2.689352
22.025211 2.699185
22.056389 2.675602
22.08766 2.727555
22.11891 2.724161
22.150256 2.697184
22.18257 2.715371
22.213688 2.730861
22.244938 2.704058
22.276187 2.786121
22.30746 2.715023
22.339883 2.734777
22.371135 2.719461
22.402301 2.732254
22.433497 2.756707
22.464741 2.721985
22.497009 2.745655
22.528355 2.728773
22.559676 2.796041
22.590987 2.779855
22.622299 2.82006
22.654653 2.91535
22.685832 2.937715
22.716975 2.917786
22.748279 2.962603
22.779627 2.964431
22.812235 3.003417
22.843597 3.016122
22.874915 2.907257
22.906281 2.861657
22.937609 2.84608
22.970067 2.879931
23.001456 2.894986
23.032832 2.903602
23.064184 2.88611
23.095515 2.920397
23.128114 2.92527
23.149261 3.09453
23.180575 3.107757
23.211889 3.01882
23.243246 3.024302
23.27537 3.044317
23.306445 3.037617
23.337546 3.053194
23.368774 3.049713
23.400031 3.06764
23.432291 3.081998
23.463502 3.108192
23.494695 3.183206
23.525897 3.13952
23.557244 3.17781
23.589743 3.178158
23.62111 3.189297
23.65242 3.170675
23.683673 3.195998
23.714979 3.216623
23.747424 3.204265
23.778677 3.296248
23.80994 3.220626
23.841212 3.252998
23.872459 3.252041
23.904851 3.2731
23.936175 3.269793
23.967446 3.269881
23.988509 3.278148
24.019772 3.285371
24.052134 3.297206
24.083353 3.326967
24.114586 3.305212
24.145832 3.311477
24.177081 3.296858
24.209466 3.324879
24.240783 3.325314
24.272156 3.332624
24.303502 3.329839
24.334836 3.319222
24.367165 3.400502
24.398344 3.430873
24.429679 3.380748
24.460973 3.410248
24.492278 3.380748
24.524573 3.419038
24.555808 3.396499
24.587072 3.423389
24.618315 3.415296
24.649624 3.405897
24.681983 3.398935
24.713302 3.410596
24.744646 3.419125
24.775998 3.432961
24.807196 3.417993
24.839583 3.434354
24.870809 3.420778
24.901923 3.49936
24.933102 3.499186
24.96448 3.447059
24.996883 3.454543
25.028213 3.461505
25.059551 3.474558
25.090826 3.457763
25.122065 3.473862
25.154382 3.399544
25.185716 3.364387
25.216938 3.411989
25.248182 3.460112
25.279481 3.450105
25.311789 3.476037
25.343039 3.471164
25.364102 3.466465
25.395409 3.489526
25.426743 3.531906
25.459187 3.520941
25.49047 3.516938
25.521786 3.470729
25.553079 3.538868
25.58438 3.5353
25.616878 3.537127
25.648209 3.54026
25.679638 3.552879
25.711056 3.51076
25.742433 3.578898
25.775011 3.365867
25.806431 3.305995
25.837718 3.298598
25.869119 3.346635
25.890323 3.328186
25.922843 3.349419
25.954157 3.306256
25.985523 3.385099
26.016844 3.399109
26.048199 3.450888
26.080657 3.532341
26.112039 3.53356
26.143453 3.52712
26.17479 3.513979
26.206147 3.490744
26.238602 3.47656
26.269907 3.510063
26.301124 3.500317
26.332354 3.524944
26.363647 3.541305
26.396171 3.608486
26.42744 3.624933
26.458651 3.54992
26.489852 3.42452
26.521134 3.257784
26.553532 3.188166
26.584727 3.032656
26.615907 2.892289
26.647189 2.804831
26.678459 2.655935
26.71085 2.572654
26.742069 2.51635
26.773369 2.476146
26.8047 2.458741
26.835981 2.486327
26.868314 2.487024
26.899558 2.508866
26.930799 2.486153
26.962028 2.478582
26.99333 2.498162
27.025783 2.516263
27.05709 2.55464
27.088397 2.616078
27.11975 2.611466
27.151094 2.604243
27.183614 2.623997
27.214973 2.619907
27.246361 2.607202
27.277733 2.624258
27.309053 2.640619
27.341756 2.647233
27.373085 2.661243
27.404377 2.662549
27.435672 2.681432
27.466924 2.685697
27.499243 2.700142
27.530469 2.685348
27.561733 2.68735
27.592996 2.717286
27.624269 2.736779
27.6566 2.728773
27.687904 2.733646
27.719171 2.754445
27.750445 2.753487
27.771519 2.766628
27.80403 2.721985
27.835416 2.669336
27.866731 2.677168
27.898095 2.673078
27.929545 2.68735
27.962065 2.693703
27.993501 2.700839
28.014546 2.693006
28.045798 2.709715
28.077139 2.752443
28.109573 2.819886
28.140961 2.801263
28.172284 2.815448
28.203573 2.819886
28.234963 2.830415
28.267474 2.807267
28.298794 2.835898
28.3301 2.838509
28.361443 2.838509
28.392729 2.856696
28.425131 2.846515
28.456415 2.829806
28.487737 2.871316
28.519081 2.871403
28.550421 2.787948
28.582862 2.808312
28.61412 2.809617
28.645388 2.820234
28.676634 2.830764
28.707984 2.832852
28.740431 2.853564
28.77177 2.855739
28.803097 2.900643
28.834417 2.889504
28.865743 2.887328
28.898318 2.907605
28.929694 2.920136
28.961074 2.923791
28.992348 2.900121
29.023704 2.892985
29.056104 2.904559
29.077137 2.909432
29.108371 2.865921
29.139659 2.865834
29.170997 2.868531
29.203426 2.883151
29.234802 2.887763
29.266112 2.92266
29.297362 2.92353
29.328603 2.919614
29.360999 2.956511
29.392159 2.975918
29.423424 2.944241
29.454721 2.948331
29.485999 2.926315
29.518387 2.957382
29.54966 2.931362
29.580936 2.927533
29.612254 2.961907
29.643617 2.967911
29.675891 3.016557
29.707136 2.994279
29.738398 2.984446
29.769658 2.949202
29.801055 2.931536
29.83353 2.369369
49.024378 2.376679
49.055437 2.376244
49.086528 2.392517
49.117641 2.394692
49.149753 2.369804
49.180802 2.363451
49.212039 2.391037
49.243247 2.40383
49.274523 2.407833
49.3068 2.408007
49.337838 2.406179
49.368868 2.397303
49.39988 2.317503
49.431154 2.312282
49.463223 2.305668
49.494219 2.298097
49.525397 2.316807
49.556417 2.316024
49.587676 2.326031
49.61967 2.332123
49.650697 2.357012
49.681771 2.440118
49.712821 2.434375
49.743884 2.353096
49.775985 2.400697
49.807028 2.399305
49.838081 2.391647
49.869273 2.39504
49.900351 2.383466
49.932324 2.395215
49.96337 2.403482
49.994347 2.411836
50.025375 2.378332
50.056463 2.383379
50.088288 2.351964
50.119272 2.384163
50.150243 2.359274
50.181319 2.410966
50.21247 2.387992
50.244331 2.371892
50.275378 2.076015
50.30648 2.397564
50.337618 2.422975
50.368719 2.386686
50.40077 2.323421
50.431767 2.212902
50.462833 2.184184
50.493793 2.003438
50.524792 1.689982
50.597533 2.000305
50.628555 2.0627
50.659686 1.700947
50.751986 2.055913
50.783175 2.1425
50.815192 2.161297
50.846223 1.759165
50.877179 1.601306
50.9083 1.432394
50.939396 1.361123
50.971091 0.691483
51.032599 0.537539
51.063755 0.426759
51.094782 0.399086
51.125899 0.440074
51.158116 0.511432
51.189166 0.453562
51.240592 0.885717
51.271678 1.236332
51.302796 1.282889
51.334663 1.845405
51.365699 2.186969
51.396992 2.230567
51.42813 2.224041
51.459206 1.846449
51.501212 1.709649
51.532341 1.692419
51.563331 1.735582
51.594374 1.75229
51.625489 1.669793
51.657616 1.695986
51.688708 1.784837
51.719701 1.85898
51.750695 2.121789
51.781794 2.343262
51.813658 2.425063
51.844651 2.442468
51.875634 2.463876
51.906612 2.39974
51.937823 2.294703
51.96967 2.195149
52.000696 2.120484
52.031656 2.031807
52.062759 1.875427
52.093862 1.858719
52.125708 1.740716
52.156953 1.702426
52.188153 1.702687
52.219118 1.718003
52.250045 1.718525
52.281756 1.718699
52.312813 1.737844
52.343934 1.762733
52.375222 1.731057
52.40635 1.766562
52.438199 1.785272
52.469178 1.791015
52.500247 1.795279
52.531338 1.802937
52.562406 1.805722
52.594395 1.817992
52.625713 1.843664
52.656719 1.845666
52.68776 1.857066
52.719141 1.856718
52.750957 1.861765
52.781955 1.873426
52.812945 1.876211
52.844066 1.883956
52.875192 1.878212
52.907395 1.872382
52.938385 1.889525
52.969428 1.891005
53.00045 1.888829
53.031504 1.898314
53.063663 1.916502
53.094615 1.909366
53.125607 1.935212
53.156804 1.947482
53.187834 1.954531
53.219893 1.965844
53.250979 1.974285
53.282196 1.961928
53.313246 1.961841
53.344254 1.965757
53.376332 1.957577
53.407357 1.949658
53.438404 1.912673
53.459203 1.950789
53.490248 1.970195
53.522231 1.977592
53.55323 1.996998
53.584209 2.005875
53.615214 2.004308
53.646212 2.019711
53.678201 2.036942
53.709183 2.039204
53.740148 1.945655
53.771221 1.942261
53.802223 1.972371
53.834281 1.986817
53.865305 2.001262
53.896279 2.007441
53.927232 2.01362
53.958278 2.025977
53.990549 2.097162
54.021617 2.144415
54.052702 2.156685
54.083725 2.164082
54.11482 2.137366
54.146747 2.095595
54.167574 2.18723
54.198585 2.194975
54.229563 2.189928
54.260595 2.205157
54.292494 2.211771
54.323428 2.213946
54.35449 2.213598
54.385574 2.218384
54.416561 2.029284
54.448557 2.031459
54.479523 2.036159
54.510743 2.04782
54.541773 2.05191
54.572764 2.061134
54.604814 2.070358
54.635817 2.072447
54.666825 2.1425
54.697809 2.286262
54.728838 2.291657
54.761162 2.295922
54.79221 2.29714
54.823254 2.296096
54.854242 2.2907
54.87508 2.303406
54.907101 2.308279
54.938234 2.306103
54.969345 2.30854
55.000365 2.321245
55.031363 2.314893
55.063504 2.313152
55.094566 2.32725
55.125674 2.334125
55.156898 2.338215
55.1879 2.339085
55.209558 2.350659
55.24051 2.351355
55.271525 2.355097
55.302562 2.351094
55.333599 2.349702
55.36588 2.353879
55.396955 2.356576
55.428212 2.361798
55.459248 2.352834
55.490252 2.359622
55.522153 2.375634
55.553153 2.363799
55.584141 2.351442
55.61514 2.394779
55.646155 2.401393
55.678207 2.404004
55.709191 2.408181
55.740206 2.359274
55.771208 2.381987
55.802202 2.394431
55.834215 2.397042
55.865219 2.396781
55.896196 2.399392
55.927152 2.404091
55.958092 2.38512
55.990157 2.401654
56.021272 2.389558
56.052386 2.379289
56.083447 2.384598
56.114583 2.387905
56.146839 2.393735
56.17792 2.385903
56.20904 2.364234
56.240131 2.401306
56.271282 2.414882
56.303527 2.449778
56.334583 2.432895
56.365775 2.435071
56.396825 2.438987
56.427989 2.435593
56.460202 2.384598
56.49132 2.365105
56.512177 2.370848
56.543113 2.35501
56.574301 2.360405
56.60663 2.38921
56.637823 2.392343
56.668985 2.397129
56.700083 2.386773
56.731133 2.429763
56.763191 2.424193
56.794397 2.447428
56.825493 2.438726
56.85647 2.442294
56.887555 2.445688
56.919639 2.441859
56.950659 2.431938
56.981719 2.42341
57.012713 2.45265
57.043689 2.445688
57.075771 2.430285
57.10681 2.448734
57.137829 2.444643
57.168797 2.444121
57.199797 2.454999
57.231862 2.441772
57.262833 2.430459
57.293889 2.417927
57.324981 2.475972
57.356076 2.46901
57.388202 2.471621
57.419301 2.476842
57.450294 2.475537
57.481217 2.47484
57.512182 2.487285
57.544266 2.475014
57.575281 2.462744
57.606275 2.469619
57.637252 2.480497
57.668302 2.453085
57.700338 2.452911
57.731292 2.456479
57.762232 2.464746
57.793189 2.467008
57.824175 2.484326
57.856172 2.40235
57.887197 2.398086
57.918228 2.406092
57.949202 2.404091
57.980206 2.397216
58.012225 2.396607
58.043176 2.345089
58.074147 2.392778
58.105134 2.415317
58.136149 2.509737
58.168199 2.503123
58.199197 2.478669
58.230217 2.429589
58.26119 2.418885
58.2922 2.421147
58.324296 2.401306
58.35531 2.377636
58.386327 2.374764
58.417363 2.372415
58.448385 2.360231
58.480401 2.376157
58.511451 2.430372
58.542602 2.451779
58.573579 2.479975
58.604809 2.496161
58.636934 2.508605
58.667937 2.480149
58.698906 2.48363
58.72998 2.47075
58.761005 2.477538
58.793242 2.464311
58.824262 2.404961
58.855426 2.39565
58.886554 2.397477
58.917751 2.384337
58.949992 2.403308
58.981158 2.41288
59.012388 2.410792
59.043605 2.432895
59.074795 2.475624
59.107108 2.50234
59.138291 2.46814
59.169469 2.469967
59.200626 2.464746
59.231709 2.436898
59.263917 2.431938
59.295072 2.426195
59.326291 2.422279
59.357461 2.424106
59.388573 2.454912
59.420724 2.47075
59.451898 2.46405
59.483042 2.458219
59.514234 2.490592
59.545548 2.499642
59.577987 2.46579
59.609331 2.500599
59.64061 2.499468
59.671848 2.491723
59.703162 2.493985
59.735666 2.479366
59.766961 2.450561
59.798285 2.421321
59.829686 2.398957
59.861069 2.400871
59.893468 2.396346
59.924768 2.399044
59.956071 2.383728
59.987357 2.387382
60.018719 2.415056
60.051286 2.431851
60.082606 2.443077
60.113922 2.495291
60.145205 2.503123
60.176515 2.48859
60.208836 2.498946
60.240087 2.464137
60.271256 2.449343
60.302428 2.43803
60.333775 2.443077
60.366115 2.441598
60.397345 2.451083
60.428555 2.4389
60.459784 2.42428
60.491012 2.444469
60.523497 2.482672
60.554841 2.484152
60.586173 2.488503
60.617482 2.494682
60.648711 2.49764
60.680958 2.496944
60.712143 2.52514
60.743461 2.523834
60.774778 2.519396
60.806035 2.520875
60.838326 2.519483
60.859306 2.522094
60.890528 2.524704
60.921848 2.516959
60.953105 2.521049
60.985419 2.504341
61.016645 2.494682
61.047823 2.528098
61.079005 2.529404
61.110368 2.514958
61.142815 2.509388
61.174137 2.51052
61.205455 2.501295
61.236787 2.506517
61.268075 2.494943
61.300366 2.474144
61.331632 2.484065
61.362983 2.479627
61.394311 2.491984
61.425652 2.482411
61.458013 2.489721
61.489235 2.489634
61.520469 2.509388
61.551737 2.509214
61.583125 2.508692
61.615615 2.522094
61.646996 2.521833
61.678327 2.513914
61.699529 2.514784
61.730976 2.515567
61.76354 2.532188
61.794906 2.519309
61.82625 2.500077
61.857688 2.50643
61.889082 2.502862
61.92167 2.516785
61.953018 2.523312
61.98436 2.523225
62.015726 2.505472
62.047164 2.505995
62.079502 2.522268
62.1106 2.521833
62.141635 2.536278
62.172663 2.542544
62.203862 2.551333
62.236239 2.545068
62.267534 2.555075
62.298744 2.55873
62.329958 2.554553
62.361209 2.545155
62.393553 2.540107
62.424824 2.543066
62.456147 2.541935
62.48752 2.549767
62.518889 2.553857
62.5513 2.540107
62.582582 2.562124
62.61388 2.573176
62.645161 2.548636
62.67646 2.530013
62.708843 2.533146
62.740181 2.545764
62.771507 2.553161
62.802824 2.555859
62.834126 2.553161
62.866616 2.561515
62.897951 2.573002
62.929214 2.616775
62.960453 2.617036
62.991731 2.584054
63.024069 2.583097
63.055466 2.585533
63.086791 2.588492
63.118089 2.596063
63.149457 2.596759
63.181972 2.591973
63.213313 2.599718
63.244429 2.617558
63.275686 2.653063
63.30705 2.656457
63.339551 2.654455
63.370849 2.647581
63.402095 2.658458
63.433371 2.663245
63.464711 2.664115
63.497222 2.668553
63.528575 2.670816
63.559901 2.673078
63.591236 2.67917
63.622476 2.690744
63.654912 2.699359
63.686078 2.703449
63.717451 2.705625
63.748814 2.70693
63.780222 2.708758
63.812633 2.719113
63.843993 2.725727
63.875288 2.72242
63.906564 2.735735
63.937846 2.735387
63.970165 2.738345
64.001484 2.742435
64.032701 2.743567
64.063908 2.740086
64.095149 2.742958
64.127527 2.748353
64.158795 2.753922
64.190159 2.756533
64.2216 2.761929
64.252981 2.765932
64.285317 2.762451
64.316572 2.785251
64.347826 2.787426
64.379202 2.790559
64.41055 2.796999
64.432847 2.802829
64.464248 2.810835
64.495625 2.808486
64.526995 2.81919
64.558415 2.808051
64.59094 2.824063
64.622299 2.810226
64.653661 2.816057
64.68505 2.816492
64.716345 2.815622
64.748822 2.810313
64.780162 2.82589
64.811499 2.841032
64.84282 2.843034
64.874191 2.845296
64.90654 2.877408
64.937803 2.891592
64.969015 2.88785
65.00024 2.900904
65.031588 2.871229
65.064048 2.878365
65.095372 2.897597
65.126607 2.914566
65.157943 2.917612
65.189276 2.921006
65.221722 2.93084
65.253004 2.90656
65.284237 2.942936
65.315624 2.945373
65.346977 2.954684
65.379302 2.957469
65.410557 2.958861
65.441864 2.966432
65.473141 2.961298
65.504431 2.99193
65.536935 2.995846
65.568282 2.964779
65.599591 3.023258
65.63093 3.030568
65.662218 3.034919
65.694558 3.046058
65.725872 3.051801
67.793765 2.578397
67.825064 2.57483
67.856306 2.579703
67.888702 2.580573
67.920011 2.595802
67.951275 2.564387
67.982603 2.615817
68.013983 2.628175
68.04644 2.629045
68.077703 2.638356
68.108969 2.664898
68.14025 2.690396
68.171528 2.687263
68.203912 2.686045
68.235252 2.574917
68.266595 2.577353
68.297944 2.58884
68.32937 2.60842
68.361805 2.58301
68.393076 2.612771
68.424394 2.632961
68.455707 2.642794
68.487085 2.687698
68.519563 2.803874
68.550801 2.805092
68.582108 2.779768
68.613319 2.755663
68.644541 2.747135
68.676977 2.821278
68.708334 2.832243
68.739758 2.820234
68.771134 2.832243
68.802525 2.837203
68.824832 2.864789
68.856137 2.838422
68.887338 2.727119
68.918641 2.769412
68.950022 2.769238
68.982452 2.720419
69.013722 2.74931
69.044843 2.81449
69.076063 2.823454
69.1073 2.802481
69.139669 2.864006
69.170963 2.843904
69.202277 2.816492
69.233623 2.852084
69.264948 2.821713
69.29724 2.773851
69.328583 2.82093
69.359944 2.859046
69.391245 2.841902
69.422527 2.863223
69.454823 2.921267
69.48596 2.89342
69.517117 2.907518
69.548355 2.928316
69.579637 2.921876
69.61204 2.915002
69.633136 2.924487
69.6644 2.914218
69.695638 2.931362
69.726897 2.952421
69.759308 3.033353
69.790683 2.995237
69.822066 3.024911
69.853412 3.064681
69.884722 3.084783
69.917017 3.059111
69.948144 3.082346
69.979254 3.079823
70.010295 3.106539
70.041625 3.069902
70.073862 3.024215
70.104844 3.031786
70.135874 3.033962
70.167095 3.051279
70.198249 2.98375
70.230586 2.992104
70.261834 2.98549
70.293049 2.982183
70.324351 3.043882
70.355587 3.080258
70.387913 3.082956
70.419035 3.086524
70.450247 3.09714
70.481425 3.16467
70.512727 3.155184
70.545044 3.161711
70.576343 3.131427
70.607714 3.136736
70.639023 3.117504
70.670392 3.144481
70.702795 3.160232
70.734141 3.145003
70.765472 3.172328
70.79667 3.177201
70.827787 3.215143
70.859987 3.216449
70.89097 3.216971
70.922222 3.18512
70.953533 3.183293
70.98473 3.172154
71.017039 3.187296
71.048258 3.196781
71.079477 3.200523
71.110675 3.215143
71.141935 3.22576
71.174238 3.251432
71.205483 3.230198
71.236674 3.201829
71.267962 3.192604
71.299308 3.163887
71.33169 3.180856
71.362983 3.173633
71.394303 3.175896
71.425612 3.178158
71.456883 3.187992
71.489131 3.245166
71.520344 3.283456
71.551546 3.277626
71.582725 3.242468
71.614014 3.233418
71.646508 3.196868
71.677865 3.195041
71.709151 3.188079
71.740446 3.201568
71.77184 3.153531
71.804191 3.182249
71.835356 3.232374
71.866544 3.244122
71.897686 3.297728
71.92882 3.28772
71.961164 3.306082
71.992409 3.29503
72.02362 3.213403
72.054961 3.207311
72.08624 3.203743
72.118717 3.203221
72.150102 3.195302
72.181344 3.188427
72.212565 3.221844
72.243769 3.230981
72.276084 3.250997
72.307384 3.301383
72.338667 3.272926
72.369948 3.301296
72.401255 3.283543
72.43367 3.273274
72.464971 3.258481
72.49627 3.27223
72.527528 3.271708
72.558824 2.830764
72.621793 3.24943
72.653091 3.280062
72.684477 3.340978
72.715778 3.331232
72.747138 3.3301
72.779608 3.302253
72.810862 3.341674
72.842113 2.807703
72.883601 2.690831
72.914952 2.704232
72.947335 2.688829
72.978627 2.692571
73.00995 2.712848
73.041252 2.721289
73.072449 2.709889
73.104772 2.765061
73.13586 3.152487
73.167075 3.304864
73.198264 3.316699
73.229584 3.320876
73.262078 3.337758
73.29338 3.325227
73.324665 3.344981
73.355895 3.32688
73.38718 3.324705
73.419435 3.362908
73.450669 3.310085
73.481898 3.28363
73.513175 3.289113
73.544508 3.287807
73.576815 3.287372
73.608058 3.2845
73.639307 3.290853
73.670601 3.282325
73.701894 3.321833
73.734362 3.36343
73.765725 3.374656
73.797088 3.372654
73.82847 3.383706
73.859767 3.383706
73.892165 3.377093
73.923369 3.341587
73.954557 3.36578
73.985768 3.367259
74.017076 3.340891
74.049394 3.364039
74.080631 3.362038
74.111872 3.361515
74.143111 3.35203
74.17434 3.33419
74.206763 3.325662
74.238042 3.313218
74.269325 3.330709
74.300621 3.325401
74.331852 3.322442
74.364226 3.330622
74.395416 3.321137
74.42671 3.313218
74.458082 3.291027
74.48943 3.308171
74.521738 3.308084
74.552985 3.312087
74.584215 3.307126
74.615442 3.308519
74.646654 3.306343
74.67913 3.289983
74.710583 3.323225
74.741902 3.358557
74.773267 3.360993
74.80458 3.359166
74.837039 3.362038
74.868436 3.342806
74.899769 3.356381
74.931182 3.302862
74.962522 3.264485
74.995031 3.135517
75.02637 2.964953
75.057627 2.879583
75.088953 2.735735
75.120278 2.642011
75.152883 2.533059
75.184196 2.436898
75.215473 2.09281
75.25704 2.281389
75.288381 1.946612
75.320888 2.091244
75.352196 1.992647
75.393663 2.24423
75.424756 1.964974
75.465946 2.111607
75.49827 2.019276
75.53975 2.0855
75.570983 1.835136
75.60229 2.044252
75.633522 1.8964
75.675966 2.000218
75.707166 1.770739
75.738456 1.926336
75.769844 1.98525
75.801121 2.271294
75.833603 2.075058
75.864949 2.181226
75.896211 1.917721
75.927462 2.098902
75.958736 1.829566
76.011576 2.046166
76.042912 2.072621
76.074265 2.23109
76.105613 2.156337
76.136966 2.419581
76.169519 2.370761
76.200852 2.297749
76.232179 2.055826
76.273755 2.193496
76.305158 2.057653
76.337683 2.195149
76.369005 1.978201
76.410573 2.142326
76.441962 1.936256
76.473306 2.280867
76.505686 2.294442
76.537 2.48859
76.568282 2.099598
76.60975 2.4389
76.640982 2.24101
76.683478 2.358404
76.714703 2.037203
76.756126 2.307583
76.787461 2.302796
76.829048 2.514697
76.861612 2.263897
76.892989 2.351703
76.924315 2.136061
76.955645 2.433331
76.987003 2.253541
77.029605 2.339172
77.060884 2.249277
77.102382 2.425063
77.133676 2.106734
77.164937 2.463614
77.19731 2.302187
77.228455 2.471882
77.259761 2.203503
77.301416 2.473013
77.332711 2.296183
77.375182 2.445601
77.40641 2.177397
77.437727 2.428631
77.46895 2.397216
77.510474 2.661069
77.542889 2.323682
77.57418 2.526967
77.605496 2.297749
77.646962 2.598326
77.678323 2.747048
77.710711 2.558991
77.742015 2.573437
77.773276 2.583184
77.804615 2.59441
77.835942 2.643665
77.868407 2.709106
77.899745 2.704058
77.93112 2.683173
77.962458 2.81449
77.993821 2.899773
78.026255 2.924574
78.057548 2.931449
78.088853 2.967215
78.120186 2.985664
78.151505 2.988275
78.183966 3.041881
78.215289 3.045971
78.246526 3.058676
78.277826 3.057632
78.309145 3.038661
78.341543 3.043882
78.372882 3.067291
78.404176 3.060939
78.435463 3.107757
78.466715 3.150311
78.498985 3.144742
78.530203 3.160667
78.561491 3.136126
78.592838 3.126554
78.624145 3.130122
78.656411 3.134038
78.687659 3.130035
78.71895 3.122812
78.750188 3.140826
78.781515 3.134038
78.813996 3.143959
78.84532 3.195998
78.876578 3.190429
78.907807 3.181117
78.939075 3.182336
78.971397 3.179029
79.002646 3.183641
79.033982 3.160232
79.065385 3.170936
79.086444 3.190429
79.118823 3.161276
79.150117 3.166933
79.181437 3.178071
79.212664 3.076255
79.244021 2.77707
79.276416 2.905777
79.307917 3.168934
79.33928 3.163104
79.370614 3.061896
79.401925 3.199218
79.434463 3.182771
79.465814 3.14596
79.497179 3.068684
79.528472 2.847211
79.559796 2.617732
79.592191 2.599892
79.623534 2.629654
79.654878 2.612684
79.686233 2.623823
79.717583 2.605288
79.739803 2.655239
79.771107 2.765845
79.802429 3.094704
79.833784 3.245166
79.865098 3.208529
79.897515 3.203395
79.928907 3.190429
79.960308 3.218015
79.99163 3.221235
80.022949 3.21027
80.055268 3.196259
80.086519 3.239336
80.117766 3.294769
80.149072 3.220539
80.180382 3.238117
80.212724 3.246732
80.244086 3.241598
80.275393 3.12638
80.30673 3.201742
80.338091 3.197129
80.37051 3.056066
80.40187 3.187905
80.433166 3.24621
80.464404 3.272404
80.495676 3.271969
80.528034 3.285022
80.559339 3.141261
80.590654 3.036398
80.621978 2.678213
80.663528 2.678822
80.696022 2.639923
80.727342 2.600066
80.748436 2.456043
80.779777 2.35092
80.811119 2.285305
80.843479 2.281389
80.874794 2.261722
80.9061 2.248059
80.937421 2.190363
80.968759 2.071838
81.001133 2.02763
81.032431 2.033548
81.063727 2.037464
81.095049 2.137627
81.126382 2.159209
81.158851 2.170261
81.190181 2.331949
81.221497 2.385468
81.252768 2.402263
81.284074 2.389471
81.316499 2.400349
81.347826 2.399131
81.379163 2.375808
81.410406 2.368063
81.441672 2.379202
81.474132 2.386251
81.50549 2.397912
81.536823 2.415056
81.568161 2.430111
81.599496 2.439422
81.631834 2.442903
81.663165 2.473013
81.694527 2.477277
81.725904 2.476929
81.75726 2.478408
81.78969 2.466399
81.820996 2.48537
81.852314 2.505124
81.883618 2.507909
81.91495 2.504515
81.947368 2.531231
81.978654 2.537758
82.009968 2.544372
82.041304 2.54733
82.072541 2.554466
82.104965 2.55142
82.136278 2.556642
82.167628 2.57013
82.198904 2.574917
82.230133 2.575874
82.262521 2.580573
82.293811 2.589972
82.325046 2.59528
82.356316 2.591451
82.387623 2.59528
82.420002 2.601546
82.451309 2.577875
82.482625 2.613468
82.513931 2.617036
82.545257 2.615643
82.577622 2.603025
82.608876 2.638443
82.629919 2.630872
82.661196 2.616862
82.692491 2.623562
82.724818 2.586752
82.75615 2.525488
82.787437 2.588057
82.818743 2.591364
82.850131 2.594758
82.882479 2.593104
82.913834 2.620691
82.94509 2.631655
82.976328 2.632613
83.007642 2.644535
83.039931 2.545938
83.071207 2.548897
83.102511 2.569434
83.133883 2.472926
83.165267 2.566562
83.197642 2.590059
83.228862 2.599109
83.260165 2.60172
83.291265 2.615034
83.322516 2.590842
83.3549 2.584054
83.386279 2.593801
83.417618 2.5301
83.448944 2.530187
83.480264 2.531666
83.512673 2.532711
83.544034 2.528359
83.575311 2.551769
83.606525 2.652628
83.637923 2.62948
83.670265 2.694312
83.701599 2.757142
83.722686 2.757142
83.753946 2.745394
83.785226 2.747396
83.817678 2.743741
83.848978 2.714675
83.8803 2.724161
83.911627 2.702405
83.943058 2.6441
83.975463 2.648364
84.006734 2.59615
84.037958 2.631655
84.069181 2.6622
84.100354 2.663419
84.132724 2.683521
84.164086 2.711368
84.195404 2.768542
84.226725 2.796477
84.25809 2.739129
84.290569 2.721811
84.321774 2.717286
84.353018 2.707539
84.384295 2.698315
84.415651 2.701796
84.448029 2.69231
84.479299 2.681607
84.510625 2.691266
84.54197 2.706408
84.573303 2.746526
84.60571 2.77768
84.636889 2.780464
84.668093 2.799087
84.699387 2.795954
84.73071 2.730426
84.763015 2.777767
84.794285 2.72973
84.825586 2.715284
84.856806 2.706234
84.888059 2.707974
84.920446 2.706408
84.951674 2.700142
84.982954 2.664202
85.014206 2.626086
85.045534 2.513391
85.078042 2.496248
85.109383 2.715284
85.140669 2.785251
85.17195 2.784293
85.203041 2.764713
85.235419 2.774112
85.266704 2.617123
85.297961 2.543066
85.329077 2.501469
85.360362 2.448908
85.392547 2.425934
85.423577 2.312195
85.454733 2.140847
85.485886 2.21238
85.517073 2.091157
85.549492 2.477886
85.580805 2.760362
85.612155 2.791603
85.643373 2.781596
85.674706 2.621474
85.707057 2.617819
85.738328 2.593713
85.769637 2.393561
85.801038 2.268422
85.832354 2.146939
85.864777 2.117786
85.896078 2.169826
85.927292 2.198543
85.958571 2.328642
85.989871 2.370065
86.022348 2.542979
86.053709 2.645666
86.085022 2.778898
86.116321 2.794649
86.147697 2.794301
86.180058 2.790907
86.211438 2.788906
86.242763 2.794388
86.273896 2.754358
86.305068 2.761842
86.337354 2.773067
86.368569 2.767672
86.399943 2.791864
86.431199 2.773851
86.462285 2.783597
86.494581 2.799957
86.525792 2.796651
86.557001 2.839553
86.588179 2.813359
86.619276 2.80718
86.651537 2.796999
86.682716 2.798391
86.713975 2.797173
86.745075 2.794823
86.776288 2.784293
86.80857 2.777593
86.839766 2.80222
86.870952 2.818493
86.902186 2.839553
86.933445 2.801872
86.965758 2.826064
86.997151 2.845818
87.028435 2.797434
87.059758 2.79726
87.091132 2.782205
87.123526 2.776548
87.154754 2.779855
87.18597 2.762886
87.217216 2.758709
87.248513 2.759057
87.28095 2.756185
87.312242 2.761493
87.343674 2.795432
87.37504 2.768977
87.406462 2.760884
87.438986 2.767498
87.460014 2.764365
87.490984 2.772371
87.522234 2.772371
87.553579 2.76071
87.586008 2.764887
87.61731 2.778376
87.648646 2.805962
87.679862 2.785425
87.711155 2.788209
87.743472 2.791603
87.774821 2.794823
87.806036 2.797695
87.837265 2.789689
87.868549 2.775765
87.900918 2.788645
87.932192 2.804222
87.963539 2.813968
87.994846 2.814316
88.026189 2.798304
88.058652 2.791168
88.089978 2.805875
88.121332 2.785338
88.152673 2.800828
88.183996 2.810487
88.216324 2.800915
88.247504 2.796128
88.278746 2.816318
88.299721 2.810226
88.330934 2.793344
88.363114 2.792822
88.394337 2.756098
88.425583 2.761058
88.456794 2.770283
88.488041 2.764191
88.520342 2.780987
88.551493 2.780812
88.582531 2.760623
88.613655 2.819538
88.644872 2.819364
88.677304 2.778289
88.708634 2.764974
88.739927 2.765671
88.771199 2.766193
88.802484 2.753748
88.834918 2.746787
88.855879 2.728512
88.887048 2.723551
88.918283 2.73208
88.949477 2.803786
88.981686 2.819712
89.012802 2.813707
89.043795 2.802394
89.074793 2.821713
89.105805 2.816927
89.137896 2.837725
89.168874 2.82328
89.199908 2.827805
89.23098 2.833809
89.262066 2.831547
89.294284 2.852171
89.325456 2.841119
89.356511 2.832243
89.387639 2.844948
89.418808 2.85278
89.451082 2.808312
89.472156 2.808399
89.503197 2.824324
89.534391 2.813098
89.565675 2.813707
89.598013 2.825716
89.62935 2.835463
89.660486 2.832852
89.691734 2.839205
89.72303 2.81919
89.755435 2.823802
89.786726 2.817884
89.818052 2.824846
89.849373 2.828414
89.880752 2.826325
89.91318 2.830328
89.944563 2.807006
89.975856 2.838944
90.007136 2.870707
90.038509 2.853564
90.070787 2.870011
90.101944 2.865834
90.133156 2.867139
90.16431 2.827109
90.195329 2.843817
90.227532 2.867139
90.258546 2.871751
90.289608 2.893246
90.320739 2.892811
90.351938 2.880976
90.384135 2.897162
90.41513 2.888808
90.446185 2.866878
90.477273 2.876712
90.50839 2.879061
90.540607 2.896553
90.571793 2.890026
90.602783 2.901165
90.633895 2.903341
90.664948 2.898119
90.697009 2.912217
90.727979 2.920571
90.75895 2.925531
90.789912 2.913
90.821062 2.929099
90.853198 2.929795
90.884511 2.923356
90.915548 2.946243
90.946496 2.953814
90.977549 2.952682
90.999556 2.943458
91.030544 2.937453
91.061533 2.938846
91.092521 2.957556
91.123612 2.964692
91.155749 2.954075
91.186822 2.964082
91.217923 2.962429
91.248963 2.970348
91.280011 2.972002
91.31234 2.967911
91.343581 2.984446
91.37475 2.978354
91.405969 2.972176
91.437047 2.995672
91.469266 2.998021
91.500565 2.986534
91.531567 2.997586
91.562672 2.978267
91.593881 2.963212
91.625818 2.971915
91.65699 2.979224
91.688081 2.982096
91.719069 2.95947
91.750101 2.988014
91.782177 2.996281
91.813232 3.003243
91.844481 3.026217
91.875579 3.066682
91.906754 3.072252
91.938828 3.06851
91.970025 3.069119
92.00109 3.068423
92.032146 3.065812
92.063391 3.041098
92.095452 3.089308
92.126601 3.096444
92.157687 3.074601
92.188696 3.112282
92.219919 3.108018
92.251736 3.085827
92.28272 3.119853
92.313744 3.102797
92.344935 3.0726
92.375944 3.086524
92.407797 3.089569
92.438797 3.096531
92.469801 3.100708
92.500798 3.116024
92.531826 3.134386
92.563713 3.135517
92.594676 3.181378
92.625734 3.198348
92.646614 3.211401
92.677933 3.215317
92.70982 3.209226
92.740832 3.179203
92.771834 3.172502
92.803123 3.199479
92.834126 3.217319
92.866175 3.226456
92.89711 3.235158
92.92809 3.240815
92.959103 3.200697
92.990286 3.237247
93.022109 3.254477
93.05321 3.232635
93.084306 3.235594
93.115321 3.228893
93.146404 3.244557
93.178222 3.236812
93.209187 3.261961
93.240196 3.2322
93.271259 3.29329
93.302284 3.312261
93.334125 3.333233
93.365203 3.351508
93.396313 3.352117
93.427384 3.373177
93.45838 3.342022
93.490159 3.373177
93.521113 3.356381
93.552143 3.383967
93.583279 3.387622
93.614268 3.411815
93.646127 3.422605
93.67708 3.426783
93.708173 3.442186
93.739489 3.411467
93.770555 3.447233
93.802658 3.456283
93.833681 3.44819
93.864739 3.463593
93.89581 3.451149
93.926895 3.493877
93.958873 3.493094
93.990105 3.501535
94.021198 3.533734
94.052217 3.555054
94.083276 3.569935
94.115325 3.57768
94.146308 3.576984
94.177295 3.535909
94.208518 3.556011
94.239533 3.563756
94.271701 3.581509
94.302861 3.62241
94.333898 3.620147
94.364924 3.641294
94.395924 3.66392
94.427845 3.683674
94.458868 3.688112
94.489851 3.705865
94.520832 3.705778
94.551845 3.694987
94.583614 3.695683
94.614674 3.720746
94.645714 3.735191
94.676921 3.742501
94.708201 3.741892
94.740188 3.7586
94.771304 3.759645
94.802415 3.805071
94.833524 3.796803
94.864735 3.809857
94.896657 3.82613
94.927744 3.828132
94.95904 3.834571
94.990151 3.864594
95.021602 3.874428
95.043282 3.866074
95.074312 3.910107
95.105265 3.864942
95.136314 3.911935
95.16734 3.890005
95.199218 3.966063
95.230217 3.985121
95.26121 3.982075
95.29217 4.00035
95.323194 4.015231
95.355121 4.020539
95.386274 4.00209
95.417321 4.008182
95.448375 3.849713
95.479626 3.822736
95.511885 3.892441
95.543034 3.917939
95.574107 3.941087
95.60531 3.971632
95.63634 3.99304
95.668213 4.031765
95.699227 4.12836
95.730206 4.177528
95.761243 4.1576
95.792316 4.175614
95.82421 4.168652
95.855166 4.181183
95.886236 4.173612
95.917392 4.243404
95.948416 4.250366
95.980168 4.272035
96.011198 4.313893
96.042249 4.350529
96.073473 4.353662
96.104496 4.388558
96.136333 4.37185
96.16739 4.354184
96.198504 4.393867
96.229501 4.390125
96.260462 4.424151
96.292543 4.442512
96.323694 4.474189
96.354732 4.447386
96.385749 4.475755
96.416789 4.529709
96.438668 4.562604
96.469851 4.571393
96.500897 4.580879
96.531898 4.586274
96.563031 4.616732
96.595109 4.653456
96.626219 4.694879
96.657341 4.658503
96.688377 4.674341
96.719567 4.685045
96.75175 4.670686
96.782811 4.701057
96.813805 4.684175
96.844798 4.710282
96.875798 4.702885
96.907696 4.735692
96.938678 4.752488
96.969876 4.781118
97.000885 4.789037
97.031894 4.715416
97.063689 4.677909
97.094609 4.777898
97.125692 4.774243
97.156681 4.824978
97.187678 4.861266
97.219456 4.880846
97.250434 4.888069
97.281403 4.901645
97.312573 4.908432
97.343597 4.888939
97.375539 4.896336
97.406633 4.943242
97.437705 4.945591
97.458613 4.95264
97.489697 4.921225
97.521585 4.991974
97.552578 5.006159
97.583538 5.026522
97.614387 5.154272
97.645497 5.192214
97.67742 5.187427
97.708434 5.234246
97.73947 5.252695
97.770514 5.22711
97.801678 5.227893
97.833708 5.251824
97.864717 5.262093
97.895778 5.314481
97.926804 5.295684
97.957837 5.343024
97.989783 5.407334
98.020779 5.437357
98.051794 5.469729
98.082839 5.497838
98.114124 5.565106
98.146143 5.651955
98.177104 5.689114
98.208157 5.71087
98.239345 5.755164
98.270411 5.708172
98.30252 5.627502
98.333513 5.814862
98.364508 5.850802
98.395523 5.862811
98.426517 5.895619
98.458573 5.926425
98.489626 5.957666
98.520686 5.968196
98.551719 5.715134
98.582684 5.652042
98.614459 5.753076
98.645572 5.713828
98.676534 5.799807
98.707525 5.828959
98.738543 5.825043
98.77073 5.835834
98.801737 5.887439
98.832718 6.253718
98.863707 6.278171
98.894958 6.312806
98.927031 6.298534
98.958071 6.250411
98.989036 6.326382
99.02006 6.297142
99.051086 6.35623
99.083086 6.391214
99.114111 6.395739
99.145065 6.452739
99.176019 6.463791
99.207282 6.58014
99.239337 6.621302
99.270384 6.634877
101.6356 5.546571
