1.8e-05 0.051952
0.03249 0.049428
0.227183 0.052213
0.268709 0.056651
0.300072 0.031676
0.331426 0.037854
0.364008 0.04238
0.395355 0.045164
0.426656 0.050038
0.45794 0.053954
0.489219 0.099728
0.521556 0.101033
0.552844 0.108604
0.584103 0.104688
0.615374 0.107212
0.646681 0.114696
0.679015 0.119482
0.710323 0.124703
0.741636 0.130273
0.772987 0.137321
0.794055 0.156641
0.826277 0.154813
0.857484 0.168737
0.888659 0.173871
0.919865 0.181268
0.951144 0.190231
0.983498 0.204677
1.014795 0.217382
1.04608 0.232872
1.077457 0.249929
1.108744 0.264375
1.14104 0.283433
1.17331 0.305014
1.204544 0.325204
1.235769 0.351223
1.267012 0.370107
1.298323 0.39108
1.33071 0.421625
1.361937 0.459132
1.393173 0.468443
1.42445 0.468878
1.455718 0.466094
1.488059 0.469226
1.519341 0.46766
1.550679 0.477406
1.582006 0.478364
1.613296 0.485064
1.645612 0.506211
1.676931 0.504035
1.70813 0.498118
1.739336 0.49281
1.770496 0.501338
1.802822 0.540411
1.834098 0.614815
1.865373 0.671728
1.896664 0.74944
1.927967 0.856826
1.960333 0.958642
1.991637 1.057152
2.022978 1.207093
2.054237 1.296117
2.085467 1.353552
2.117721 1.41264
2.149037 1.50123
2.170082 1.576678
2.201346 1.664136
2.2326 1.76926
2.2649 1.887089
2.296144 1.993865
2.32736 2.156946
2.358594 2.314283
2.389925 2.46988
2.422313 2.650365
2.453582 2.860264
2.484891 3.089221
2.516166 3.301731
2.547453 3.437486
2.579884 3.749724
2.612392 4.009661
2.644784 4.266726
2.677184 4.564518
2.70848 4.970306
2.739753 5.302907
2.770982 5.639772
2.802233 6.018234
2.834608 6.212904
2.865975 5.921291
2.897213 5.624804
2.928263 5.257046
2.949288 4.809226
2.981511 4.694095
3.012663 3.961625
3.043872 3.66392
3.075147 3.198783
3.106446 1.818776
3.210184 1.804156
3.241457 1.701382
3.272762 1.738802
3.304003 1.509845
3.335192 1.457196
3.367425 1.609486
3.399845 1.811205
3.431079 2.010574
3.462352 2.71337
3.493593 3.151268
3.524821 3.351421
3.557152 3.553401
3.588452 3.740326
3.619694 3.900361
3.650968 4.06962
3.682369 4.347048
3.714812 4.679998
3.746128 5.078997
3.777401 5.356687
3.80856 5.715917
3.839792 6.027545
3.87207 6.543678
3.903162 7.0525
3.934404 7.497708
3.965667 7.951706
3.996928 8.311545
4.029186 8.703844
4.060375 9.190475
4.091609 9.201788
4.122861 9.241123
4.154199 9.370177
4.186576 10.544637
4.217866 11.275106
4.249089 11.120032
4.280338 12.045519
4.311618 9.370265
4.364334 9.169068
4.395604 8.741264
4.426804 8.562693
4.447898 9.732888
4.479121 8.368023
4.511388 7.076083
4.542662 6.589626
4.573971 6.402962
4.625734 5.855937
4.657063 5.141915
4.68953 4.634311
4.720889 2.907344
4.752186 2.425673
4.783492 2.189145
4.814743 1.603568
4.89812 1.591124
4.929215 1.519939
4.960295 1.52986
4.991463 1.128859
5.022626 0.894246
5.054863 0.91487
5.085992 0.969607
5.117127 1.025911
5.148279 1.360079
5.179492 1.587208
5.211915 1.586947
5.243193 1.595475
5.274374 1.61053
5.305499 1.617405
5.336804 1.615926
5.369105 1.632982
5.400352 1.629414
5.431621 1.643164
5.462944 1.631155
5.494263 1.628718
5.526755 1.624976
5.558094 1.630545
5.589303 1.628892
5.620466 1.623409
5.651684 1.620799
5.684095 1.630632
5.715358 1.646558
5.7466 1.649864
5.777991 1.645426
5.809314 1.640988
5.841747 1.640118
5.873037 1.63742
5.904134 1.63829
5.935282 1.631851
5.966525 1.641162
5.998878 1.643512
6.030165 1.645861
6.061475 1.639509
6.092755 1.633939
6.123969 1.638725
6.156203 1.636724
6.187489 1.648124
6.218748 1.643164
6.250012 1.639248
6.281245 1.643599
6.313511 1.650387
6.344727 1.6342
6.375948 1.632634
6.407221 1.634548
6.438557 1.634461
6.470974 1.629066
6.502362 1.639422
6.533716 1.636811
6.565027 1.634287
6.596381 1.639074
6.628736 1.667356
6.659988 1.667965
6.691191 1.667182
6.722433 1.667617
6.753564 1.659872
6.785563 1.663875
6.816591 1.668835
6.847552 1.668139
6.878564 1.672142
6.909603 1.670924
6.941674 1.671707
6.972868 1.673796
7.004094 1.671707
7.035293 1.674927
7.066568 1.666834
7.098837 1.667617
7.129887 1.668835
7.160899 1.666486
7.191974 1.668487
7.222978 1.665354
7.255184 1.663701
7.286287 1.666051
7.317332 1.672577
7.348303 1.678321
7.379325 1.675884
7.41116 1.667182
7.442349 1.66927
7.473346 1.676667
7.504299 1.682237
7.535441 1.674231
7.567451 1.67075
7.598456 1.675449
7.629523 1.675971
7.660594 1.676232
7.691573 1.683716
7.723459 1.683716
7.754623 1.68302
7.785593 1.681454
7.816569 1.689025
7.847582 1.692332
7.879409 1.692854
7.91045 1.691983
7.941468 1.689199
7.972675 1.6912
8.003868 1.694159
8.035935 1.684499
8.066999 1.690678
8.09807 1.685892
8.129043 1.690939
8.160092 1.689895
8.191932 1.690852
8.223057 1.690678
8.254171 1.688067
8.285272 1.694855
8.316359 1.692941
8.348244 1.699032
8.379437 1.695116
8.410427 1.696335
8.441423 1.674405
8.472513 1.673361
8.504268 1.689982
8.535208 1.689895
8.566107 1.678234
8.597119 1.689634
8.628169 1.689895
8.660105 1.697553
8.691161 1.700251
8.722133 1.701121
8.753211 1.691287
8.784252 1.69851
8.816167 1.694855
8.847198 1.69207
8.878492 1.6912
8.909488 1.695116
8.94051 1.69677
8.97236 1.700077
9.003529 1.692941
9.034551 1.701991
9.065565 1.694159
9.096612 1.714435
9.128779 1.72366
9.159878 1.709301
9.190895 1.714174
9.221882 1.71487
9.252942 1.709997
9.284731 1.70817
9.315779 1.700338
9.346822 1.695725
9.378049 1.702861
9.409046 1.701382
9.440869 1.708257
9.471936 1.708866
9.502914 1.699903
9.533929 1.705211
9.564935 1.71809
9.596801 1.724356
9.627837 1.723834
9.659119 1.724617
9.690186 1.724965
9.721246 1.727228
9.753087 1.717481
9.784047 1.696596
9.815134 1.69529
9.846167 1.686327
9.877264 1.696596
9.909054 1.697814
9.940311 1.686327
9.97122 1.692506
10.002172 1.694246
10.033152 1.711128
10.065198 1.720962
10.096174 1.730012
10.127153 1.729142
10.158301 1.731144
10.189352 1.721658
10.221383 1.697292
10.252338 1.696683
10.283376 1.694507
10.314403 1.707038
10.345422 1.710345
10.377518 1.707212
10.408583 1.71226
10.439617 1.717481
10.470653 1.712782
10.50172 1.713304
10.533791 1.710432
10.564838 1.716263
10.59585 1.714174
10.626864 1.716698
10.647972 1.723138
10.680002 1.708257
10.711048 1.714435
10.742105 1.726183
10.773176 1.728707
10.804235 1.729664
10.836281 1.738889
10.867396 1.70347
10.8984 1.679539
10.929354 1.68302
10.960546 1.67719
10.982277 1.677103
11.013298 1.676841
11.044535 1.670402
11.075704 1.679452
11.106685 1.676319
11.1387 1.717829
11.169806 1.748983
11.200849 1.743588
11.231939 1.74411
11.262902 1.733841
11.294689 1.731492
11.325714 1.736452
11.356743 1.736539
11.387656 1.737496
11.418727 1.740107
11.450858 1.739063
11.4821 1.72131
11.513144 1.726706
11.544118 1.725313
11.575003 1.722702
11.60705 1.729055
11.638244 1.736626
11.669397 1.729838
11.700441 1.719918
11.731597 1.735495
11.763727 1.73271
11.794806 1.734364
11.825922 1.743588
11.856974 1.739672
11.888041 1.74002
11.920131 1.745502
11.951234 1.739411
11.98234 1.730535
12.013435 1.74646
12.044624 1.742718
12.076861 1.750289
12.108068 1.758556
12.139365 1.764473
12.170659 1.753247
12.201973 1.758469
12.234381 1.770565
12.255454 1.745764
12.286758 1.736974
12.31809 1.746634
12.349424 1.745764
12.381814 1.755162
12.413115 1.749854
12.444387 1.752812
12.475636 1.755423
12.506955 1.754901
12.539323 1.771087
12.570603 1.768476
12.601864 1.772218
12.633082 1.770565
12.664313 1.77013
12.696582 1.773872
12.727757 1.761254
12.759011 1.769086
12.790346 1.76456
12.821573 1.766475
12.853808 1.770304
12.884974 1.772828
12.916185 1.777005
12.947418 1.777266
12.978637 1.775351
13.010842 1.776657
13.042084 1.783009
13.073316 1.789101
13.104522 1.787186
13.125555 1.790928
13.157919 1.782748
13.189251 1.787708
13.220495 1.789623
13.251684 1.789971
13.282905 1.777005
13.315213 1.790232
13.346446 1.792669
13.37782 1.794061
13.409038 1.776396
13.440301 1.784837
13.472593 1.786403
13.503766 1.786403
13.534978 1.779963
13.566231 1.773872
13.597596 1.769956
13.630048 1.776744
13.661384 1.774481
13.692619 1.788579
13.723834 1.787883
13.755054 1.787447
13.787322 1.782574
13.818554 1.791538
13.84982 1.79789
13.88097 1.798412
13.912178 1.798847
13.944442 1.798847
13.975656 1.790406
14.006971 1.782574
14.038364 1.786838
14.069669 1.791712
14.10214 1.795018
14.133507 1.793365
14.164864 1.799544
14.196139 1.798499
14.227496 1.795889
14.259891 1.807376
14.291168 1.80755
14.322466 1.805548
14.35373 1.805809
14.385087 1.801458
14.417418 1.806244
14.44871 1.808855
14.480072 1.803025
14.501158 1.797716
14.532405 1.813119
14.564735 1.802763
14.595715 1.805287
14.626675 1.804591
14.657935 1.793017
14.689162 1.797194
14.72154 1.796063
14.752753 1.799457
14.783938 1.796585
14.815127 1.789275
14.846334 1.800501
14.878561 1.780225
14.909858 1.788927
14.94112 1.795192
14.9724 1.79293
15.003716 1.794148
15.036016 1.797716
15.067368 1.809986
15.098612 1.814163
15.12988 1.806766
15.161219 1.804765
15.193583 1.804678
15.224855 1.801632
15.256045 1.787099
15.287302 1.803982
15.318508 1.804765
15.350837 1.808159
15.382129 1.809377
15.413331 1.815556
15.444586 1.827739
15.475831 1.802763
15.508069 1.805026
15.539204 1.810247
15.570539 1.817905
15.60204 1.820429
15.633369 1.813554
15.655694 1.81747
15.686981 1.821647
15.718167 1.826521
15.749303 1.821212
15.78057 1.800762
15.812885 1.805635
15.844069 1.815295
15.875241 1.816774
15.906392 1.817035
15.93759 1.818863
15.969976 1.819298
16.001274 1.817383
16.032551 1.828522
16.063836 1.842794
16.095155 1.82156
16.127481 1.821038
16.158648 1.816687
16.189908 1.823475
16.210958 1.823649
16.242207 1.823823
16.274672 1.825824
16.306006 1.82391
16.33733 1.821299
16.368568 1.852715
16.399762 1.851496
16.432036 1.850626
16.463351 1.850626
16.484338 1.850191
16.515574 1.851148
16.546885 1.85254
16.579251 1.842446
16.610541 1.842968
16.64181 1.841402
16.673117 1.842794
16.704492 1.845666
16.736807 1.844708
16.76804 1.839052
16.799249 1.842098
16.830482 1.840966
16.861844 1.848973
16.8944 1.855325
16.925791 1.855499
16.957148 1.856805
16.988477 1.851931
17.019851 1.854107
17.042183 1.866812
17.073758 1.861504
17.10519 1.857414
17.13662 1.865072
17.167929 1.865855
17.200433 1.866116
17.231716 1.864724
17.263017 1.860808
17.294306 1.860634
17.325601 1.865333
17.357953 1.843055
17.38924 1.843751
17.420536 1.837399
17.451843 1.839487
17.483115 1.838356
17.515583 1.834614
17.546909 1.836789
17.578193 1.839922
17.609448 1.853498
17.640682 1.864637
17.673019 1.876124
17.704245 1.87595
17.73555 1.874383
17.766913 1.865072
17.798242 1.862461
17.830561 1.857675
17.861755 1.862374
17.892951 1.86716
17.924155 1.86455
17.955424 1.867682
17.987843 1.868205
18.019258 1.884478
18.050601 1.886392
18.08199 1.870467
18.113308 1.864202
18.145663 1.857414
18.176887 1.861243
18.208231 1.85576
18.239545 1.851757
18.27091 1.855499
18.303307 1.862548
18.334478 1.861243
18.365752 1.861504
18.39696 1.855064
18.428215 1.856369
18.460593 1.853411
18.491946 1.850104
18.52331 1.838617
18.554643 1.847406
18.586064 1.832003
18.618515 1.854977
18.649954 1.867769
18.681217 1.852715
18.712517 1.733928
18.743914 1.625411
18.776304 1.509149
18.807664 1.411422
18.839039 1.303601
18.870401 1.193169
18.901776 1.10632
18.934155 0.986838
18.965472 1.05985
18.99671 1.167497
19.027978 1.270445
19.059203 1.364169
19.091543 1.472164
19.122765 1.563364
19.154052 1.669009
19.185333 1.763864
19.216639 1.805548
19.249052 1.798064
19.280299 1.787534
19.311536 1.799805
19.342772 1.799718
19.374123 1.794235
19.406595 1.793278
19.437932 1.798325
19.469218 1.802154
19.500504 1.815991
19.53181 1.816513
19.564264 1.809812
19.59561 1.800414
19.626904 1.805983
19.65825 1.807463
19.689524 1.802328
19.721899 1.803982
19.742968 1.780747
19.774273 1.797368
19.805538 1.803895
19.836831 1.821821
19.869201 1.812162
19.900491 1.80346
19.931789 1.80755
19.963063 1.790406
19.994445 1.802328
20.026849 1.76282
20.058149 1.755336
20.089384 1.752725
20.120684 1.746286
20.151955 1.762559
20.18437 1.774829
20.215684 1.776221
20.246957 1.766301
20.278324 1.771
20.299471 1.818079
20.331817 1.813554
20.363103 1.80285
20.394403 1.819646
20.42567 1.805548
20.457005 1.807985
20.489323 1.812771
20.520574 1.804765
20.551803 1.811292
20.583027 1.818253
20.614284 1.818166
20.646635 1.813293
20.677941 1.819037
20.709161 1.813554
20.74037 1.823649
20.771586 1.823823
20.803867 1.828435
20.835077 1.825215
20.86628 1.824345
20.897509 1.839661
20.928827 1.838791
20.96141 1.832003
20.992744 1.840183
21.023912 1.838791
21.055102 1.816948
21.086306 1.817992
21.118558 1.819472
21.149764 1.82713
21.180931 1.827826
21.212145 1.832264
21.24336 1.825563
21.275679 1.827391
21.306938 1.838269
21.338251 1.854107
21.369547 1.850452
21.40089 1.856805
21.433274 1.849756
21.464449 1.845492
21.495641 1.849843
21.526841 1.840444
21.558067 1.838704
21.590342 1.839835
21.621531 1.839835
21.652791 1.840879
21.684113 1.84349
21.705182 1.842446
21.73748 1.839487
21.768696 1.842011
21.79986 1.845405
21.830976 1.847145
21.862139 1.848102
21.894429 1.850104
21.925797 1.845753
21.957164 1.844186
21.978246 1.856892
22.009536 1.8622
22.041933 1.863853
22.07314 1.866725
22.104335 1.86455
22.135522 1.861156
22.166758 1.852192
22.199072 1.860634
22.230316 1.854542
22.25139 1.84993
22.282582 1.851496
22.31382 1.849495
22.346092 1.851322
22.377305 1.857501
22.408519 1.860111
22.439794 1.85724
22.471137 1.854455
22.503582 1.86455
22.534903 1.860895
22.566118 1.857849
22.59733 1.859676
22.628525 1.863766
22.660892 1.855586
22.692138 1.866377
22.7234 1.872817
22.754814 1.874818
22.786169 1.870554
22.818557 1.868379
22.849808 1.863331
22.881004 1.865768
22.912219 1.866116
22.9435 1.872643
22.975912 1.868901
23.007227 1.869336
23.038597 1.865681
23.069934 1.871424
23.101252 1.856108
23.133723 1.866116
23.165044 1.862113
23.19634 1.798064
23.227664 1.864289
23.258982 1.864811
23.291383 1.863505
23.322724 1.873252
23.354063 1.87447
23.385306 1.835832
23.416661 1.834701
23.449109 1.83853
23.480379 1.757251
23.511676 1.754727
23.542954 1.755858
23.574275 1.747939
23.606675 1.746721
23.638045 1.759339
23.669352 1.806941
23.70066 1.798238
23.731977 1.823649
23.764443 1.88413
23.795815 1.875776
23.827106 1.881867
23.858391 1.849321
23.889745 1.886914
23.922132 1.882128
23.953422 1.887001
23.984666 1.87186
24.015862 1.859676
24.047177 1.881519
24.079476 1.882911
24.110731 1.88674
24.141943 1.782052
24.173107 1.782487
24.204263 1.771174
24.236414 1.782835
24.267555 1.788144
24.298799 1.794061
24.330093 1.776221
24.36135 1.794235
24.393809 1.808855
24.425111 1.904667
24.456397 1.882824
24.487731 1.88735
24.518991 1.876037
24.551469 1.873774
24.582774 1.875166
24.614078 1.867421
24.645324 1.873948
24.676654 1.860895
24.709021 1.850713
24.740402 1.870032
24.761488 1.871773
24.792747 1.87273
24.824018 1.884913
24.856449 1.88822
24.887827 1.877516
24.919137 1.882563
24.950402 1.888568
24.981648 1.897183
25.014127 1.903014
25.045417 1.893354
25.076649 1.867073
25.107901 1.874122
25.1392 1.872208
25.171568 1.881693
25.202786 1.886479
25.234016 1.885261
25.265263 1.881693
25.296529 1.879343
25.318662 1.897879
25.349937 1.907626
25.3812 1.908322
25.41248 1.918939
25.443766 1.900577
25.476136 1.905102
25.507501 1.912847
25.538743 1.913892
25.56999 1.911542
25.601217 1.910498
25.63348 1.912586
25.664715 1.90545
25.695936 1.903797
25.727224 1.918591
25.75861 1.920592
25.791034 1.913717
25.822315 1.917982
25.853615 1.924508
25.884866 1.922768
25.91614 1.926945
25.948459 1.911716
25.979681 1.901969
26.010925 1.912064
26.042309 1.914066
26.073622 1.918243
26.106102 1.922072
26.127188 1.916589
26.158394 1.920244
26.189615 1.921898
26.220853 1.938171
26.253199 1.929033
26.28445 1.907626
26.315757 1.917111
26.347052 1.919026
26.378444 1.918591
26.410959 1.918243
26.442268 1.914153
26.473528 1.917024
26.504798 1.908409
26.536037 1.908409
26.568432 1.906756
26.599718 1.903188
26.631139 1.901795
26.662488 1.900925
26.693785 1.908061
26.726101 1.907713
26.757393 1.905798
26.788658 1.902405
26.819999 1.941652
26.851352 1.874383
26.883875 1.888481
26.915195 1.887089
26.946457 1.890918
26.97775 1.880301
27.009031 1.889525
27.041431 1.892136
27.072697 1.89144
27.103935 1.892136
27.135225 1.940346
27.166522 1.934777
27.198851 1.929033
27.230098 1.935647
27.261302 1.9306
27.292497 1.920505
27.323831 1.933037
27.356177 1.926249
27.387537 1.931905
27.418789 1.953139
27.450042 1.93382
27.481295 1.926075
27.513577 1.923725
27.544791 1.926336
27.576018 1.917982
27.6072 1.917459
27.638525 1.916676
27.671014 1.916763
27.702355 1.915806
27.733674 1.925988
27.765065 1.934255
27.79643 1.927119
27.82907 1.945568
27.860352 1.952008
27.891665 1.947656
27.922983 1.951572
27.954324 1.951572
27.986764 1.947134
28.018097 1.957577
28.049449 1.93791
28.080744 1.946351
28.112032 1.950267
28.144333 1.953574
28.175556 1.955053
28.206841 1.954618
28.238153 1.94374
28.269474 1.951224
28.301918 1.950615
28.333187 1.945742
28.364468 1.958795
28.395728 1.960971
28.427051 1.963669
28.459441 1.956011
28.490769 1.950963
28.52208 1.954879
28.553417 1.961493
28.584746 1.963843
28.617128 1.959666
28.648343 1.95514
28.679537 1.949571
28.710749 1.954357
28.742104 1.954096
28.774527 1.959143
28.805884 1.956011
28.837185 1.968629
28.868438 1.969325
28.889482 1.967498
28.921766 1.970108
28.953 1.974982
28.984207 1.97533
29.015406 1.976461
29.046695 1.966453
29.079003 1.968455
29.110293 1.963233
29.141569 1.958186
29.172867 1.971501
29.204193 1.971936
29.236617 1.977853
29.267913 1.964104
29.299226 1.97298
29.3306 1.970369
29.361927 1.981856
29.394254 1.984206
29.425399 1.982901
29.456666 1.984902
29.487889 1.986556
29.519187 1.971501
29.551646 1.984641
29.583029 1.995867
29.614468 2.000827
29.645872 1.992212
29.677258 1.977331
29.709782 1.974372
29.74108 1.975504
29.772402 1.964017
29.803611 1.972023
29.834982 1.969673
29.867414 1.975852
29.89873 1.976026
29.930032 2.002394
29.961332 2.003525
29.992705 1.999174
30.025098 2.00074
30.056384 1.984119
30.087644 1.983597
30.118874 1.974111
30.150149 1.978985
30.182521 1.979072
30.213774 1.979681
30.245038 1.984032
30.276292 1.98525
30.307629 1.922159
30.340058 1.953139
30.371376 1.960623
30.402716 1.959666
30.434001 1.961493
30.465365 1.968281
30.497779 1.945133
30.529052 1.965148
30.560327 1.946264
30.591605 1.990211
30.62285 1.978898
30.6553 1.98525
30.686562 1.971588
30.717878 1.979681
30.7492 1.96158
30.780536 1.952704
30.812933 1.959143
30.844188 1.979855
30.875417 1.987339
30.906659 1.990733
30.937999 1.988992
30.970329 1.996302
31.001586 2.001088
31.032843 2.023627
31.064088 2.020843
31.095344 2.013272
31.127747 2.016056
31.159045 2.004047
31.190354 2.02093
31.221666 2.02093
31.253036 2.019711
31.285433 2.019798
31.316749 2.022409
31.348039 2.017971
31.379297 2.020407
31.410593 2.015534
31.44296 2.00892
31.4743 2.004221
31.505589 1.986382
31.53677 1.997781
33.611031 2.046949
33.643319 2.062265
33.674438 2.041641
33.705613 2.049995
33.736745 2.04547
33.768014 2.048342
33.800282 2.043294
33.831477 2.04312
33.862766 2.046775
33.894041 2.026325
33.925375 2.023714
33.957802 2.031459
33.989084 2.031111
34.020201 2.037029
34.051393 2.040684
34.082566 2.038595
34.114914 2.040336
34.146086 2.056
34.177236 2.081497
34.208505 2.067748
34.239744 2.074187
34.271961 2.066007
34.292939 2.052954
34.323949 2.05861
34.354934 2.060438
34.386009 2.060525
34.418026 2.061656
34.449054 2.062875
34.480081 2.06592
34.511156 2.069227
34.542363 2.067835
34.574624 2.064267
34.605781 2.075754
34.636916 2.084282
34.667985 2.083586
34.699003 2.087067
34.731182 2.088633
34.762354 2.086023
34.793375 2.08611
34.824498 2.071142
34.855656 2.069401
34.887747 2.075406
34.918869 2.075493
34.94993 2.073143
34.980975 2.066529
35.012183 2.074362
35.044406 2.071838
35.075554 2.078539
35.10663 2.086893
35.137917 2.075145
35.16921 2.086458
35.201358 2.082455
35.232419 2.089068
35.263481 2.085152
35.294632 2.087763
35.32573 2.069749
35.357999 2.088633
35.388966 2.088633
35.419995 2.079235
35.451025 2.080801
35.481964 2.081933
35.51407 2.063919
35.545132 2.080975
35.576084 2.084804
35.607127 2.085152
35.638242 2.087589
35.670382 2.10656
35.701505 2.116655
35.732628 2.113783
35.763799 2.106038
35.79495 2.074884
35.827241 2.069053
35.858278 2.072186
35.889482 2.067226
35.9207 2.073578
35.951839 2.07558
35.984081 2.073578
36.015172 2.069488
36.046383 2.078278
36.077406 2.121876
36.108523 2.118743
36.140843 2.097074
36.172011 2.094464
36.192934 2.095334
36.223921 2.092027
36.255009 2.096987
36.287254 2.095682
36.318323 2.096639
36.349358 2.091244
36.38033 2.099685
36.411355 2.104123
36.443454 2.10891
36.474576 2.103775
36.50565 2.103601
36.526602 2.106038
36.55778 2.104123
36.589872 2.107778
36.620926 2.105777
36.651981 2.11561
36.683275 2.123616
36.714393 2.123616
36.746608 2.120484
36.77763 2.117873
36.808641 2.113522
36.839641 2.117264
36.870744 2.105255
36.902853 2.113174
36.933896 2.107952
36.964947 2.117351
36.99607 2.11883
37.027144 2.121702
37.059257 2.115784
37.090309 2.108387
37.121339 2.114914
37.152566 2.112216
37.183793 2.106299
37.215839 2.110041
37.246821 2.100468
37.277835 2.107778
37.309151 2.10978
37.340142 2.114305
37.372265 2.130578
37.403361 2.129099
37.434351 2.105342
37.465374 2.111346
37.496482 2.113174
37.528653 2.094899
37.559653 2.097423
37.590747 2.115784
37.621878 2.121006
37.652951 2.114131
37.684799 2.117351
37.716029 2.12701
37.747205 2.12031
37.778271 2.131536
37.809359 2.125183
37.841243 2.12292
37.872394 2.126923
37.903367 2.12292
37.934438 2.119787
37.965534 2.12031
37.997924 2.121615
38.028938 2.119961
38.059943 2.123529
38.091187 2.108039
38.122432 2.127097
38.154443 2.132145
38.185408 2.12379
38.21624 2.130056
38.2472 2.13841
38.2784 2.142935
38.31026 2.144676
38.341249 2.11561
38.37218 2.143284
38.403184 2.139716
38.434115 2.139368
38.465927 2.142587
38.496963 2.143545
38.527978 2.141108
38.548804 2.143371
38.57981 2.141891
38.611608 2.123965
38.642639 2.1197
38.673613 2.126575
38.704565 2.122137
38.735643 2.126662
38.767548 2.132754
38.798536 2.134059
38.829546 2.139716
38.860492 2.143284
38.891467 2.130665
38.923578 2.1472
38.954591 2.155554
38.985851 2.157033
39.01704 2.154161
39.048078 2.150071
39.080213 2.154422
39.111255 2.154858
39.142311 2.1539
39.173483 2.136931
39.20454 2.137714
39.236672 2.145459
39.267744 2.147896
39.298943 2.1425
39.329914 2.154684
39.361297 2.155032
39.393329 2.152421
39.424311 2.165126
39.455368 2.18401
39.486351 2.179137
39.517439 2.176613
39.549444 2.159557
39.580456 2.170174
39.611499 2.166954
39.642457 2.157903
39.67345 2.153117
39.705213 2.1425
39.736164 2.133885
39.767193 2.170783
39.798191 2.178789
39.829223 2.1814
39.861083 2.17992
39.892154 2.181835
39.923178 2.155293
39.954223 2.150419
39.985476 2.152769
40.017456 2.116568
40.04853 2.143806
40.079451 2.143284
40.110392 2.152595
40.141575 2.151551
40.173479 2.166258
40.204501 2.18723
40.235439 2.192364
40.266423 2.190885
40.297425 2.145981
40.319103 2.122659
40.350131 2.123268
40.381108 2.122485
40.412095 2.121702
40.443182 2.115262
40.475339 2.124313
40.506353 2.124574
40.537335 2.128229
40.568483 2.182531
40.599604 2.206201
40.631776 2.199674
40.662899 2.186708
40.694041 2.181051
40.725094 2.183923
40.756121 2.190798
40.788319 2.18314
40.819476 2.186882
40.850621 2.185403
40.881934 1.855325
40.933633 2.15947
40.95578 2.071577
40.987129 2.197064
41.018464 1.908148
41.059989 2.151638
41.091309 1.895182
41.123629 2.07149
41.154886 1.92007
41.186188 1.844273
41.217529 1.788927
41.248911 1.83705
41.281277 1.842446
41.312617 1.690504
41.343921 1.838182
41.375174 1.64386
41.406469 1.767954
41.438962 1.801023
41.470276 2.163821
41.501558 1.95514
41.532785 1.920853
41.563998 1.7254
41.606495 1.829915
41.63765 1.593648
41.66885 1.787796
41.70009 1.601219
41.731338 1.765083
41.763571 1.865507
41.79479 1.906582
41.826059 2.011531
41.857298 1.75316
41.888613 1.970717
41.920918 1.847145
41.952128 1.90954
41.983296 1.664745
42.024639 1.578854
42.086542 1.799457
42.118933 1.77596
42.160426 1.955401
42.191641 1.655086
42.233008 1.907191
42.264223 1.717829
42.306903 1.864898
42.338201 1.553617
42.369472 1.535342
42.400685 1.348505
42.442135 1.516371
42.474385 1.50062
42.505666 1.655695
42.537006 1.439965
42.578478 1.666834
42.609727 1.70582
42.642014 2.052606
42.673237 1.841315
42.70445 1.890221
42.735766 1.695986
42.777326 1.859763
42.809771 1.626107
42.851145 1.808072
42.882419 1.7482
42.913716 1.925117
42.945029 1.674492
42.987632 2.076885
43.018998 1.938345
43.050356 1.924334
43.071461 1.691113
43.112936 1.880127
43.145406 1.745154
43.176766 1.830959
43.208077 1.577113
43.259824 1.775264
43.291142 1.577548
43.323734 1.933733
43.355081 1.81747
43.396594 1.912238
43.417637 1.632808
43.459177 1.881693
43.491439 1.73593
43.532724 1.83705
43.563886 1.775351
43.595016 1.783357
43.626158 1.540216
43.668538 1.771522
43.699716 1.746286
43.730794 1.886305
43.762072 1.765257
43.803574 2.014925
43.836024 1.878212
43.867295 1.944175
43.898519 1.960101
43.92979 1.872643
43.961085 1.638813
44.003678 1.847145
44.034943 1.831829
44.066272 1.94931
44.09754 1.701556
44.128824 1.864027
44.161113 1.635854
44.222924 1.47199
44.274522 1.824171
44.30578 1.627674
44.347195 1.88178
44.37942 1.956533
44.41069 1.993343
44.442059 2.003003
44.473327 1.820777
44.504636 1.546133
44.536939 1.549614
44.568118 1.589123
44.599237 1.5363
44.630451 1.470162
44.661636 1.489307
44.694062 1.48835
44.725347 1.563712
44.75655 1.797455
44.787786 2.060177
44.818978 2.188796
44.851392 2.223519
44.882753 2.255282
44.914096 2.251627
44.945366 2.261722
44.976494 2.263375
45.008791 2.26294
45.039926 2.260068
45.0711 2.258328
45.102333 2.262592
45.133695 2.265202
45.166069 2.25972
45.19735 2.268335
45.228626 2.272338
45.259807 2.27112
45.291067 2.273992
45.32341 2.270772
45.354525 2.261373
45.38575 2.260416
45.41694 2.261461
45.448155 2.263723
45.480462 2.263636
45.511759 2.264854
45.543086 2.248059
45.574445 2.240314
45.605796 2.265638
45.638089 2.258937
45.669354 2.260416
45.700577 2.243882
45.731781 2.258589
45.763013 2.257283
45.795557 2.249016
45.826923 2.260068
45.858351 2.236659
45.889724 2.239879
45.921044 2.244404
45.953475 2.259024
45.984809 2.271903
46.016067 2.257022
46.047302 2.245274
46.078618 2.254151
46.111075 2.270946
46.132149 2.256065
46.163526 2.267813
46.194835 2.244317
46.22618 2.250322
46.258503 2.241706
46.289793 2.264419
46.321077 2.269467
46.352377 2.269641
46.38371 2.265202
46.416093 2.272773
46.44738 2.265812
46.478578 2.273296
46.509792 2.267987
46.541031 2.272686
46.573453 2.26703
46.604692 2.275819
46.635906 2.273818
46.667186 2.272686
46.698443 2.263984
46.730793 2.270598
46.76217 2.274862
46.793529 2.282346
46.824893 2.270859
46.856407 2.275906
46.888835 2.285218
46.920057 2.283825
46.951341 2.295835
46.982638 2.274253
47.013942 2.279648
47.046369 2.281998
47.077713 2.253106
47.109039 2.257196
47.140417 2.263288
47.17176 2.258937
47.204274 2.264158
47.235562 2.265202
47.266831 2.267117
47.298266 2.292093
47.329608 2.283042
47.362062 2.274253
47.393403 2.265028
47.424776 2.253628
47.456135 2.252671
47.487521 2.250235
47.51998 2.252584
47.551404 2.246145
47.582798 2.237703
47.614105 2.269554
47.645493 2.289134
47.677937 2.304189
47.709232 2.294703
47.740512 2.288612
47.76158 2.284173
47.792886 2.294616
47.825207 2.292789
47.856562 2.283477
47.887854 2.280257
47.919152 2.270946
47.950522 2.290874
47.982942 2.291396
48.014259 2.310106
48.045591 2.309323
48.076845 2.310019
48.108139 2.322986
48.140594 2.327163
48.171926 2.323508
48.20326 2.292441
48.234591 2.300969
48.265973 2.298271
48.298424 2.300099
48.329741 2.290526
48.361051 2.284609
48.392343 2.28078
48.4236 2.279474
48.456018 2.286958
48.4874 2.307757
48.518695 2.297836
48.550074 2.303754
48.571317 2.311064
48.603716 2.301665
48.635108 2.319157
48.6664 2.315502
48.697643 2.316894
48.728885 2.317329
48.761175 2.308018
48.792514 2.30941
48.823839 2.308453
48.855139 2.291657
48.886347 2.298271
48.918497 2.318373
48.94976 2.325857
48.980974 2.31907
49.012175 2.323595
49.043479 2.319853
49.075738 2.324987
49.106969 2.314893
49.138195 2.296357
49.169442 2.312717
49.200742 2.32316
49.233158 2.322638
49.264508 2.319331
49.295823 2.316981
49.327104 2.319157
49.358391 2.326641
49.390845 2.325335
49.422238 2.298967
49.453554 2.285479
49.484835 2.284696
49.516134 2.286784
49.548555 2.297836
49.579865 2.293224
49.611164 2.292093
49.642496 2.298532
49.673884 2.313413
49.706288 2.346656
49.737594 2.341609
49.768849 2.31994
49.800092 2.318373
49.831325 2.324987
49.863608 2.323595
49.894894 2.327511
49.926217 2.327946
49.957542 2.32577
49.988881 2.32725
50.021292 2.344915
50.052639 2.345525
50.08393 2.348483
50.115215 2.3363
50.146501 2.346395
50.178965 2.334734
50.210313 2.333776
50.241647 2.344219
50.272948 2.335691
50.304252 2.344306
50.336808 2.353096
50.368167 2.348483
50.39945 2.322551
50.430636 2.324987
50.461853 2.318809
50.494102 2.305668
50.525343 2.322812
50.556614 2.324465
50.587906 2.315415
50.619241 2.319592
50.65159 2.344393
50.68288 2.336474
50.714139 2.34448
50.745291 2.349267
50.776342 2.343175
50.808485 2.358056
50.839738 2.338215
50.870972 2.34039
50.902238 2.340216
50.933475 2.338563
50.965916 2.350746
50.997231 2.323247
51.028498 2.344132
51.059739 2.345786
51.090915 2.349963
51.1233 2.354836
51.154566 2.364234
51.185825 2.368673
51.217012 2.363973
51.248256 2.363973
51.280568 2.314022
51.311925 2.314544
51.343238 2.313848
51.374597 2.317764
51.405907 2.318112
51.43823 2.321332
51.469541 2.324639
51.500821 2.326205
51.532012 2.344915
51.563178 2.369195
51.595479 2.354575
51.62678 2.361798
51.657878 2.368237
51.688956 2.363712
51.720112 2.36728
51.752187 2.372241
51.783358 2.346569
51.814419 2.36467
51.845616 2.367193
51.876878 2.3819
51.909173 2.361102
51.930231 2.358056
51.961514 2.361276
51.992773 2.359535
52.024011 2.359883
52.056261 2.36641
52.087483 2.348396
52.118702 2.353444
52.149958 2.36641
52.181169 2.37694
52.213459 2.365801
52.244695 2.36815
52.275908 2.360231
52.307204 2.371544
52.338516 2.378158
52.370985 2.371457
52.402351 2.370761
52.433642 2.366758
52.464983 2.366323
52.496315 2.37607
52.528696 2.37372
52.559893 2.377984
52.591052 2.375199
52.622298 2.379028
52.65356 2.390689
52.685863 2.393213
52.717014 2.377375
52.748051 2.367889
52.779094 2.363886
52.800059 2.37955
52.832202 2.380247
52.863415 2.384424
52.894514 2.376853
52.925722 2.379028
52.957022 2.381291
52.989342 2.397042
53.020655 2.404961
53.051872 2.359883
53.083075 2.361102
53.114305 2.343175
53.146524 2.360144
53.177785 2.376244
53.209032 2.376157
53.240324 2.375895
53.271692 2.378419
53.304087 2.399305
53.335372 2.394779
53.366669 2.371805
53.397947 2.378941
53.429215 2.366497
53.461585 2.373546
53.492855 2.359535
53.524053 2.374416
53.555411 2.372676
53.586701 2.382161
53.619025 2.402176
53.650286 2.40557
53.68154 2.415578
53.712805 2.404526
53.744108 2.406266
53.776463 2.37868
53.807794 2.378854
53.839097 2.382161
53.870412 2.382074
53.901719 2.392778
53.923864 2.385903
53.955136 2.372415
53.986341 2.358752
54.017502 2.380421
54.048753 2.407398
54.081115 2.414273
54.112455 2.406527
54.143701 2.414969
54.175056 2.41697
54.206411 2.414447
54.238938 2.410356
54.270301 2.36554
54.301596 2.356054
54.332857 2.365627
54.364171 2.368934
54.396627 2.366845
54.428036 2.356054
54.459429 2.370239
54.490743 2.374503
54.522042 2.396607
54.554549 2.422105
54.585866 2.424019
54.617192 2.423758
54.64846 2.42515
54.679764 2.412184
54.712117 2.40235
54.743473 2.400523
54.774858 2.402176
54.806183 2.408094
54.837452 2.424106
54.869958 2.424889
54.901339 2.422192
54.932699 2.43072
54.964081 2.451083
54.985264 2.451605
55.017715 2.429414
55.049037 2.408268
55.080302 2.417057
55.111544 2.409312
55.142797 2.401567
55.175181 2.40557
55.206618 2.411836
55.238041 2.415404
55.269355 2.414447
55.300575 2.438987
55.332892 2.433156
55.364192 2.428805
55.395406 2.426195
55.426684 2.403134
55.458163 2.404874
55.490644 2.407659
55.521946 2.406615
55.553205 2.416883
55.584504 2.428022
55.61578 2.430546
55.648122 2.431329
55.679369 2.449604
55.710696 2.457523
55.742048 2.461439
55.773302 2.461439
55.805746 2.42106
55.837099 2.41845
55.868424 2.409921
55.899624 2.396781
55.930826 2.412358
55.963109 2.41784
55.994404 2.396607
56.02574 2.414273
56.057071 2.406353
56.088311 2.414447
56.120753 2.40879
56.152068 2.413924
56.183295 2.365801
56.214536 2.365453
56.245831 2.371283
56.278132 2.341434
56.309412 2.335169
56.340684 2.301578
56.371974 2.353183
56.403297 2.355184
56.435741 2.379115
56.466996 2.41375
56.498162 2.423758
56.529386 2.428979
56.560714 2.412097
56.593008 2.366671
56.624238 2.312456
56.655483 2.320636
56.686763 2.351877
56.718046 2.34857
56.750496 2.35092
56.781744 2.339085
56.812982 2.340216
56.844242 2.363886
56.875624 2.420799
56.90809 2.45613
56.939382 2.397912
56.970642 2.412967
57.001857 2.408007
57.033094 2.388166
57.065413 2.380769
57.096698 2.404613
57.128087 2.402611
57.159438 2.418798
57.190693 2.433418
57.223125 2.425847
57.254426 2.417492
57.285748 2.412271
57.317041 2.403221
57.348464 2.394953
57.380817 2.391299
57.412139 2.393909
57.443451 2.393996
57.464555 2.399044
57.495887 2.430894
57.528336 2.375373
57.559712 2.411836
57.591011 2.428718
57.622309 2.438639
57.65357 2.440814
57.686002 2.44299
57.707138 2.439161
57.738448 2.42663
57.769744 2.431764
57.801018 2.463005
57.83341 2.440292
57.864626 2.412097
57.895798 2.404961
57.927057 2.411314
57.958421 2.406876
57.990759 2.408442
58.022002 2.402002
58.053242 2.409225
58.084439 2.426369
58.11561 2.468923
58.147888 2.485805
58.179084 2.48128
58.210371 2.457436
58.241786 2.436202
58.273151 2.46492
58.305517 2.450474
58.336836 2.459002
58.368078 2.44386
58.399385 2.440727
58.43075 2.440118
58.463356 2.421495
58.494683 2.418015
58.525946 2.264332
58.557243 2.086197
58.588527 1.956098
58.62084 1.824606
58.652211 1.677712
58.68351 1.544828
58.714814 1.401066
58.746168 1.255564
58.778608 1.305689
58.80999 1.447014
58.841307 1.605918
58.872632 1.728011
58.903925 1.846449
58.93627 1.988905
58.967626 2.11474
58.998865 2.248929
59.030251 2.356837
59.061609 2.363973
59.094018 2.360841
59.125334 2.365366
59.156688 2.364583
59.188006 2.327685
59.219337 2.327772
59.251689 2.335256
59.282997 2.337518
59.314295 2.337779
59.345608 2.338911
59.366674 2.32812
59.399084 2.325944
59.430515 2.32986
59.461929 2.344045
59.493296 2.331775
59.524645 2.326989
59.557039 2.344393
59.588299 2.344828
59.619551 2.346308
59.650793 2.363277
59.682105 2.362668
59.714377 2.354314
59.745629 2.349441
59.776916 2.330296
59.80821 2.329599
59.839487 2.316285
59.871799 2.324465
59.892951 2.329512
59.924251 2.325509
59.955438 2.333602
59.986742 2.301056
60.019097 2.353357
60.050384 2.349789
60.081657 2.351703
60.112954 2.353183
60.144261 2.335604
60.176642 2.33952
60.207919 2.344132
60.239233 2.340651
60.270536 2.272338
60.301888 2.26529
60.334182 2.284609
60.365439 2.295486
60.39666 2.300534
60.427901 2.290526
60.459195 2.3021
60.491572 2.299489
60.522917 2.322289
60.554259 2.329077
60.585543 2.349615
60.616856 2.339607
60.649364 2.344915
60.680664 2.317503
60.711997 2.354314
60.733097 2.3591
60.764468 2.347526
60.796948 2.325248
60.828251 2.283564
60.859553 2.334647
60.890837 2.31846
60.922189 2.310889
60.95453 2.331427
60.985861 2.270424
61.017034 2.266943
61.048303 2.274166
61.079575 2.206375
61.111982 2.191233
61.143276 2.19454
61.174482 2.2109
61.205713 2.212032
61.236992 2.239096
61.26929 2.277125
61.300621 2.279126
61.33187 2.256761
61.363185 2.37285
61.394523 2.358578
61.426869 2.349615
61.458076 2.353879
61.489263 2.344915
61.520442 2.336213
61.551723 2.356315
61.584089 2.358752
61.615397 2.356489
61.646685 2.35414
61.678021 2.362842
61.709355 2.376331
61.741802 2.366584
61.773068 2.363625
61.804329 2.35675
61.835612 2.337083
61.856693 2.347091
61.888956 2.358839
61.920203 2.3591
61.951491 2.371022
61.982785 2.374764
62.01411 2.384163
62.04642 2.391734
62.077644 2.387557
62.108904 2.370239
62.140213 2.365714
62.171577 2.365105
62.204164 2.361885
62.235479 2.36815
62.266765 2.36815
62.298136 2.366932
62.329421 2.36728
62.361878 2.380334
62.383008 2.406615
62.41432 2.404178
62.445665 2.411053
62.477074 2.397303
62.509495 2.387121
62.540814 2.390602
62.572198 2.385468
62.603474 2.391995
62.634731 2.39095
62.667102 2.392604
62.698399 2.392169
62.729671 2.393213
62.760916 2.389906
62.792191 2.378158
62.824683 2.394257
62.856074 2.384946
62.887363 2.389036
62.918706 2.393822
62.950062 2.393213
62.982491 2.387731
63.01375 2.403743
63.045087 2.41845
63.076448 2.405048
63.107793 2.398521
63.140193 2.404961
63.171542 2.387121
63.202765 2.387731
63.234035 2.393822
63.265295 2.384511
63.297573 2.393822
63.328772 2.395824
63.360017 2.40557
63.391338 2.381639
63.422688 2.406266
63.455113 2.396607
63.486503 2.382422
63.5178 2.373807
63.549124 2.377375
63.580465 2.371979
63.6129 2.384859
63.644253 2.387992
63.675587 2.358839
63.706881 2.375112
63.738234 2.382596
63.760354 2.397912
63.791649 2.386425
63.822937 2.396955
63.854246 2.403395
63.885552 2.396607
63.917919 2.409834
63.94919 2.436376
63.980474 2.413489
64.011812 2.43655
64.043112 2.423236
64.075373 2.397999
64.106671 2.39565
64.138 2.399653
64.169307 2.327598
64.200651 2.311412
64.233082 2.332297
64.264365 2.323595
64.285265 2.316198
64.316467 2.335691
64.347717 2.355184
64.380047 2.362668
64.411335 2.357534
64.44264 2.436202
64.473971 2.429937
64.505284 2.421321
64.537662 2.424454
64.569036 2.418972
64.60031 2.421844
64.631586 2.426195
64.662859 2.425847
64.69526 2.426195
64.726528 2.430546
64.757821 2.433679
64.789053 2.414621
64.820276 2.422018
64.842427 2.41375
64.873592 2.405483
64.904748 2.426891
64.936008 2.424976
64.967312 2.428892
64.999677 2.422975
65.030949 2.431329
65.06219 2.443947
65.093393 2.434201
67.167961 2.496683
67.190038 2.464659
67.221251 2.455956
67.252479 2.452389
67.283715 2.433243
67.314991 2.435245
67.347347 2.421147
67.378681 2.437247
67.409994 2.412967
67.44123 2.422975
67.472506 2.445949
67.504878 2.30619
67.536142 2.179833
67.567335 2.049995
67.598675 1.886566
67.630094 1.772218
67.662508 1.614707
67.693849 1.47373
67.714887 1.341717
67.746138 1.276972
67.777389 1.376613
67.809589 1.508539
67.840778 1.644469
67.871981 1.779093
67.903213 1.894834
67.934447 2.020059
67.966854 2.149636
67.998095 2.26529
68.029235 2.287132
68.060437 2.289569
68.091684 2.261809
68.124045 2.278343
68.15538 2.277908
68.186682 2.267291
68.218019 2.268857
68.249358 2.274427
68.281842 2.311847
68.31317 2.323508
68.344521 2.305842
68.375837 2.264593
68.407205 2.291483
68.439645 2.290613
68.47088 2.295312
68.502187 2.287045
68.533452 2.291309
68.56473 2.291657
68.597018 2.306712
68.628205 2.312717
68.659388 2.292963
68.69067 2.288089
68.721986 2.290004
68.754322 2.281737
68.785715 2.283651
68.817069 2.286349
68.838219 2.28487
68.869531 2.297923
68.901915 2.309758
68.933208 2.303144
68.964557 2.30854
68.995869 2.306538
69.027223 2.310193
69.059687 2.314805
69.09101 2.31028
69.122305 2.311151
69.153576 2.307409
69.184929 2.330557
69.217278 2.334647
69.248596 2.342218
69.279903 2.343784
69.311199 2.340912
69.342542 2.334647
69.375177 2.318025
69.40654 2.315502
69.437906 2.308279
69.469102 2.320636
69.500319 2.320462
69.532648 2.320636
69.563894 2.317938
69.595145 2.315328
69.626519 2.324378
69.657816 2.34126
69.690139 2.353183
69.721446 2.353096
69.752721 2.341957
69.78399 2.335778
69.815281 2.340303
69.847436 2.340825
69.878671 2.334647
69.909896 2.329773
69.930995 2.316894
69.96232 2.336561
69.994827 2.340651
70.02612 2.350137
70.05731 2.337692
70.088531 2.343088
70.119802 2.344828
70.152229 2.348657
70.183562 2.347787
70.214822 2.352225
70.246099 2.338041
70.277391 2.334734
70.309839 2.331601
70.341078 2.359622
70.372317 2.360666
70.403584 2.364234
70.434775 2.364408
70.467148 2.348048
70.498169 2.345699
70.529155 2.350833
70.560306 2.346308
70.591519 2.313152
70.623743 2.333254
70.654775 2.327685
70.686014 2.331166
70.717278 2.337083
70.748558 2.353096
70.780862 2.354662
70.812157 2.35414
70.843435 2.362059
70.874697 2.345525
70.90599 2.349267
70.938419 2.35266
70.969732 2.353183
71.000943 2.353357
71.032229 2.346569
71.063491 2.337954
71.095709 2.33865
71.126965 2.358578
71.158238 2.377201
71.189496 2.37607
71.22088 2.368412
71.253268 2.362059
71.284594 2.357882
71.315953 2.358926
71.347284 2.362407
71.37855 2.317938
71.410829 2.329164
71.442057 2.317764
71.473336 2.328816
71.504636 2.319418
71.535924 2.351877
71.568246 2.353183
71.599374 2.356489
71.620258 2.306277
71.651434 2.310889
71.682623 2.336735
71.714845 2.331688
71.746051 2.330644
71.777224 2.324378
71.80847 2.330731
71.839747 2.329512
71.871923 2.329512
71.903122 2.32403
71.934392 2.187056
71.965607 2.060438
71.996941 1.893267
72.029272 1.762385
72.060447 1.645513
72.091626 1.46964
72.122823 1.343022
72.154057 1.242946
72.186368 1.370956
72.217633 1.469118
72.248884 1.63011
72.280174 1.768041
72.311426 1.871337
72.343667 2.001262
72.374903 2.145633
72.406134 2.286175
72.437365 2.33308
72.468566 2.280083
72.500852 2.249277
72.532143 2.217079
72.563438 2.228827
72.594757 2.220125
72.626113 2.216035
72.658536 2.227261
72.689788 2.227522
72.720955 2.238225
72.752175 2.260764
72.783408 2.316633
72.815746 2.320201
72.847071 2.320201
72.878333 2.310193
72.909494 2.299315
72.940743 2.292702
72.973067 2.290178
73.004346 2.283651
73.035531 2.300708
73.066747 2.309236
73.097975 2.313848
73.13018 2.31759
73.161399 2.323856
73.192728 2.338476
73.224116 2.309497
73.255478 2.298706
73.287877 2.282868
73.319211 2.275819
73.340277 2.29218
73.371572 2.286871
73.402874 2.277473
73.435343 2.28748
73.46647 2.28983
73.497515 2.321506
73.528669 2.317068
73.559863 2.325422
73.592018 2.318373
73.623169 2.316459
73.654255 2.323334
73.685337 2.309845
73.71649 2.304624
73.748686 2.309845
73.779878 2.308018
73.811143 2.332471
73.842477 2.329599
73.873768 2.343088
73.906054 2.339868
73.937234 2.334821
73.968365 2.336474
73.999576 2.320288
74.030755 2.320636
74.063024 2.318634
74.094239 2.322638
74.125438 2.31994
74.156596 2.317242
74.187643 2.308192
74.219724 2.332471
74.250919 2.340912
74.282082 2.348222
74.313158 2.360492
74.344158 2.36145
74.376254 2.359796
74.407254 2.356837
74.438234 2.337954
74.469217 2.3249
74.500256 2.328642
74.532382 2.324117
74.563377 2.319853
74.594412 2.31498
74.625517 2.315502
74.656704 2.305059
74.688879 2.337605
74.720007 2.355532
74.751165 2.355358
74.782246 2.35823
74.81322 2.370152
74.845207 2.364931
74.876148 2.374068
74.907073 2.352312
74.938014 2.334995
74.968989 2.331949
75.000959 2.325248
75.03207 2.297662
75.063178 2.323247
75.094246 2.339607
75.125223 2.337954
75.157152 2.333428
75.188264 2.360318
75.219218 2.384859
75.240016 2.379899
75.27122 2.354488
75.303172 2.314196
75.334165 2.294703
75.365186 2.294268
75.396235 2.309236
75.427258 2.309845
75.459304 2.312282
75.490239 2.306103
75.521317 2.293311
75.552386 2.325422
75.583564 2.362233
75.615504 2.349267
75.646581 2.356141
75.677729 2.35588
75.708934 2.345786
75.739927 2.346221
75.771919 2.333254
75.803107 2.332384
75.834156 2.330383
75.865518 2.356054
75.896731 2.368324
75.928835 2.362929
75.959806 2.36145
75.990828 2.353096
76.022055 2.375199
76.053126 2.349441
76.085172 2.36876
76.116233 2.37781
76.147247 2.359448
76.178258 2.358143
76.209312 2.364147
76.241098 2.357969
76.272195 2.337867
76.303203 2.334908
76.334287 2.33456
76.365442 2.33134
76.397309 2.361798
76.428253 2.358143
76.45943 2.369804
76.490685 2.37285
76.521803 2.379637
76.553783 2.376766
76.584835 2.384337
76.615891 2.374677
76.646967 2.372589
76.678363 2.370587
76.710559 2.362755
76.741684 2.373633
76.772991 2.364757
76.80405 2.372676
76.835189 2.382074
76.867203 2.395215
76.898257 2.394866
76.929226 2.396085
76.960484 2.40148
76.991548 2.388166
77.023462 2.398869
77.054456 2.380856
77.085409 2.377723
77.116369 2.376592
77.147336 2.376853
77.179294 2.380856
77.210481 2.382944
77.241502 2.385468
77.27254 2.342131
77.303538 2.367367
77.335334 2.39417
77.366301 2.388079
77.397263 2.383728
77.428283 2.384598
77.459284 2.400001
77.491381 2.391908
77.52262 2.396694
77.553845 2.376766
77.584847 2.381639
77.615905 2.375286
77.637724 2.365627
77.668661 2.350572
77.699621 2.332732
77.730593 2.338563
77.761559 2.335604
77.793457 2.353096
77.824422 2.38512
77.855378 2.383031
77.886362 2.387034
77.917334 2.384946
77.949217 2.395737
77.980301 2.420277
78.011487 2.420016
78.042547 2.411227
78.073569 2.409486
78.105631 2.412532
78.136809 2.41375
78.167748 2.395128
78.198703 2.415665
78.229766 2.409921
78.261773 2.423671
78.292729 2.412967
78.323614 2.411314
78.344454 2.437943
78.375444 2.434462
78.407232 2.422192
78.438269 2.412793
78.469211 2.409051
78.50038 2.400784
78.531459 2.398086
78.563678 2.408703
78.594677 2.408355
78.62568 2.407485
78.656695 2.408442
78.687597 2.418189
78.719423 2.427587
78.750639 2.418015
78.781553 2.406789
78.812479 2.397825
78.84341 2.4047
78.87522 2.408529
78.90629 2.408355
78.937237 2.412619
78.968265 2.405309
78.999304 2.413402
79.03126 2.432199
79.05213 2.454129
79.083086 2.458393
79.11407 2.458306
79.145127 2.458306
79.177117 2.458219
79.208332 2.458219
79.23934 2.441598
79.270321 2.427239
79.301481 2.425934
79.333241 2.426456
79.364309 2.426978
79.395278 2.429502
79.426262 2.424715
79.457275 2.432634
79.489469 2.42985
79.520511 2.461265
79.551554 2.433592
79.582628 2.435071
79.613729 2.438117
79.645767 2.437769
79.676799 2.43246
79.707995 2.428718
79.739064 2.43803
79.759909 2.434201
79.791908 2.440118
79.822957 2.450909
79.854083 2.459002
79.885202 2.45613
79.916285 2.454912
79.948628 2.44534
79.979752 2.441772
80.010961 2.432634
80.041957 2.431155
80.073086 2.440901
80.105177 2.42837
80.136222 2.445427
80.167552 2.424628
80.198541 2.44708
80.229775 2.46344
80.261932 2.457523
80.292922 2.467879
80.323914 2.465268
80.354878 2.448559
80.386088 2.407833
80.418099 2.357534
80.449142 2.337954
80.480111 2.318634
80.511258 2.326728
80.542366 2.282955
80.574627 2.353008
80.605633 2.346743
80.636584 2.349179
80.667614 2.414795
80.698591 2.425237
80.730434 2.393474
80.761705 2.387121
80.792738 2.38834
80.823682 2.360666
80.854793 2.367889
80.886685 2.367193
80.917759 2.37694
80.948761 2.387644
80.979877 2.430111
81.010891 2.425673
81.042644 2.467705
81.073655 2.434114
81.104619 2.419146
81.13572 2.436289
81.166744 2.426195
81.198814 2.439944
81.229941 2.440118
81.26101 2.436637
81.292034 2.418798
81.323121 2.372241
81.35518 2.33308
81.38618 2.383989
81.417163 2.384337
81.448337 2.378419
81.47943 2.380595
81.511486 2.370848
81.542631 2.391211
81.573818 2.441685
81.604846 2.449256
81.636056 2.450474
81.668308 2.437595
81.699388 2.45352
81.730455 2.456305
81.761522 2.437943
81.792603 2.438726
81.824736 2.440205
81.855826 2.434462
81.886955 2.483108
81.918132 2.475275
81.949444 2.464659
81.981822 2.462483
82.013042 2.471882
82.044325 2.471708
82.075655 2.476842
82.107 2.484065
82.139451 2.477886
82.170702 2.482498
82.201987 2.44534
82.233252 2.480323
82.264535 2.485805
82.296881 2.492158
82.328122 2.480584
82.359347 2.475711
82.390597 2.462918
82.421893 2.417753
82.454347 2.449343
82.485651 2.463963
82.516999 2.46344
82.548296 2.450039
82.579536 2.467966
82.601698 2.46988
82.632909 2.485022
82.664105 2.452824
82.6953 2.418537
82.726659 2.413924
82.759112 2.417318
82.790348 2.427326
82.821521 2.426456
82.852771 2.411314
82.873836 2.410792
82.906163 2.413141
82.93747 2.448385
82.968808 2.503384
83.000002 2.473274
83.031206 2.49033
83.063552 2.484761
83.09472 2.471098
83.126022 2.500338
83.147091 2.485544
83.17837 2.463353
83.210758 2.475363
83.24207 2.475363
83.273239 2.489982
83.304402 2.499207
83.335616 2.484674
83.367882 2.462222
83.399151 2.444556
83.420237 2.477103
83.451392 2.487546
83.482567 2.473709
83.514834 2.474405
83.546097 2.488851
83.57738 2.485892
83.608644 2.495378
83.640005 2.504689
83.672383 2.510172
83.703561 2.49503
83.734768 2.494508
83.765992 2.496683
83.797314 2.496944
83.829781 2.492854
83.861006 2.494159
83.892199 2.491549
83.923418 2.495204
83.954701 2.511825
83.987089 2.512086
84.018434 2.519048
84.049752 2.516611
84.081024 2.516524
84.112329 2.492158
84.144684 2.49999
84.175994 2.518787
84.207338 2.511303
84.238641 2.530709
84.269975 2.5415
84.302325 2.536801
84.333633 2.515306
84.364921 2.504341
84.396224 2.506691
84.427576 2.49999
84.46001 2.483021
84.491307 2.462483
84.522631 2.468749
84.543691 2.467443
84.574721 2.469358
84.606942 2.507735
84.638158 2.520614
84.669355 2.508953
84.700521 2.514871
84.731698 2.536191
84.763922 2.519483
84.795111 2.526184
84.826381 2.521398
84.857708 2.514958
84.889061 2.521485
84.921518 2.519831
84.952886 2.514001
84.98412 2.526793
85.015396 2.513566
85.046686 2.510955
85.078987 2.503819
85.100012 2.495987
85.131244 2.511216
85.162457 2.482585
85.193717 2.483891
85.226086 2.507387
85.257395 2.503471
85.288619 2.502949
85.319956 2.54472
85.351257 2.530013
85.383606 2.533929
85.414875 2.513391
85.446124 2.492593
85.477363 2.495552
85.508631 2.499294
85.541084 2.485718
85.572393 2.510694
85.60369 2.513478
85.635008 2.518613
85.666289 2.519744
85.698565 2.547765
85.729792 2.552639
85.76106 2.554988
85.792275 2.546982
85.82352 2.519135
85.85586 2.530013
85.887056 2.534886
85.9183 2.531231
85.949603 2.52923
85.980911 2.534016
86.013306 2.541152
86.044603 2.540804
86.075721 2.560819
86.106884 2.55612
86.137993 2.554901
86.170283 2.563952
86.201536 2.554379
86.23281 2.550028
86.264055 2.536104
86.29533 2.542544
86.327578 2.552204
86.358798 2.564996
86.390088 2.569173
86.421344 2.563081
86.452587 2.571349
86.484886 2.576744
86.516111 2.562733
86.547326 2.516959
86.578529 2.486327
86.609915 2.502253
86.642374 2.498598
86.673655 2.494421
86.704932 2.49825
86.736114 2.49033
86.767295 2.497814
86.799514 2.543501
86.830756 2.589275
86.862007 2.501034
86.893312 2.507735
86.924633 2.505472
86.956983 2.502166
86.988296 2.507735
87.019596 2.493637
87.050904 2.501904
87.082324 2.497118
87.114751 2.520962
87.146012 2.590407
87.177215 2.554553
87.208471 2.547069
87.239816 2.571523
87.27219 2.549941
87.303514 2.546808
87.334827 2.558817
87.366105 2.558904
87.397388 2.558034
87.429862 2.557773
87.461154 2.546547
87.492411 2.459959
87.523674 2.514001
87.55497 2.511738
87.587421 2.5073
87.60852 2.499207
87.639829 2.508866
87.671117 2.499294
87.702439 2.51139
87.734854 2.538106
87.766133 2.485196
87.797331 2.479714
87.828542 2.495378
87.859854 2.523747
87.89218 2.521136
87.923479 2.523138
87.954795 2.522703
87.986129 2.520614
88.017406 2.523399
88.049734 2.605288
88.08099 2.612249
88.112224 2.608942
88.14349 2.606854
88.174783 2.602677
88.207153 2.561254
88.238405 2.560297
88.269715 2.554901
88.300956 2.599979
88.332236 2.603547
88.364756 2.604069
88.396183 2.605897
88.427569 2.598674
88.458931 2.597804
88.490332 2.566998
88.522792 2.55699
88.554134 2.550463
88.585465 2.547243
88.616744 2.554031
88.648051 2.559165
88.680474 2.555946
88.711736 2.543675
88.743 2.582923
88.774322 2.60842
88.805596 2.592321
88.837933 2.596063
88.869187 2.596933
88.900458 2.598326
88.931712 2.5985
88.963032 2.601981
88.985223 2.595802
89.016502 2.595193
89.04778 2.607463
89.079033 2.587883
89.110327 2.618515
89.142678 2.620168
89.174052 2.62539
89.205445 2.609465
89.236837 2.611553
89.268174 2.566649
89.300708 2.579877
89.332028 2.581791
89.363419 2.543588
89.394807 2.540891
89.426222 2.535756
89.458711 2.540107
89.490058 2.538976
89.52136 2.56343
89.55266 2.575874
89.583953 2.585968
89.616326 2.611379
89.647609 2.615469
89.678966 2.626956
89.710318 2.625564
89.741676 2.597717
89.7741 2.616339
89.805411 2.617471
89.836676 2.599892
89.867936 2.604939
89.899228 2.620865
89.931593 2.620429
89.962954 2.618863
89.994302 2.618863
90.025568 2.60111
90.056833 2.596411
90.089122 2.617732
90.120372 2.610074
90.151611 2.613555
90.182899 2.604765
90.214249 2.624084
90.246656 2.604765
90.278002 2.607985
90.309286 2.62626
90.340523 2.609813
90.371809 2.59937
90.404158 2.613381
90.435364 2.623736
90.466592 2.620081
90.497868 2.624084
90.529074 2.543501
90.561198 2.567346
90.592327 2.5757
90.613333 2.563343
90.644446 2.568042
90.675586 2.56839
90.707801 2.570217
90.738924 2.563691
90.770053 2.587622
90.801148 2.634005
90.832199 2.637225
90.86438 2.638878
90.895703 2.648538
90.916734 2.646971
90.947973 2.650452
90.97923 2.618254
91.01156 2.622692
91.04278 2.624346
91.074028 2.623997
91.1053 2.628871
91.136666 2.619472
91.169083 2.617123
91.200356 2.615991
91.231611 2.628523
91.262837 2.653063
91.29417 2.648973
91.326582 2.632178
91.357938 2.625825
91.389189 2.611988
91.420389 2.622431
91.45171 2.624607
91.483928 2.607115
91.515142 2.629045
91.54637 2.626869
91.577605 2.629306
91.608844 2.649582
91.641191 2.63444
91.672495 2.635484
91.703646 2.64001
91.734862 2.652802
91.766148 2.627739
91.798442 2.626434
91.829782 2.619559
91.861017 2.610161
91.892382 2.631916
91.923657 2.627391
91.956226 2.634527
91.987617 2.630002
92.018913 2.629828
92.040014 2.672469
92.071277 2.673687
92.103781 2.659503
92.135094 2.670642
92.166395 2.652106
92.197718 2.661069
92.228879 2.660025
92.261058 2.651932
92.292224 2.659938
92.323325 2.653411
92.35448 2.65315
92.385676 2.654716
92.417954 2.663419
92.449171 2.620865
92.480366 2.664028
92.511452 2.666116
92.542473 2.648625
92.574702 2.662549
92.595596 2.67273
92.626718 2.677081
92.657852 2.637486
92.688968 2.642098
92.721042 2.645492
92.752166 2.633744
92.783172 2.63122
92.814194 2.653759
92.845188 2.655152
92.877275 2.65724
92.908369 2.647929
92.939483 2.650452
92.970612 2.648016
93.00181 2.657153
93.034059 2.661591
93.065232 2.659068
93.096333 2.646536
93.127402 2.660199
93.158586 2.654281
93.190854 2.666465
93.211776 2.673078
93.242902 2.67099
93.27417 2.652367
93.305245 2.656283
93.337292 2.619211
93.368343 2.631046
93.399335 2.634875
93.430308 2.635833
93.46134 2.633657
93.493353 2.655065
93.524464 2.658632
93.545372 2.660199
93.576361 2.679344
93.607331 2.696574
93.639237 2.689352
93.670324 2.684565
93.7013 2.692397
93.732321 2.690483
93.763358 2.682477
93.795405 2.666987
93.826499 2.677952
93.857529 2.68004
93.888565 2.685871
93.919717 2.694138
93.951882 2.683521
93.982911 2.676037
94.014133 2.693442
94.045068 2.695356
94.076141 2.691266
94.108026 2.693703
94.139187 2.664898
94.170191 2.666203
94.201189 2.663593
94.232256 2.679344
94.264095 2.676298
94.29516 2.674036
94.326158 2.697967
94.357402 2.699359
94.388541 2.716764
94.420643 2.726075
94.451608 2.706147
94.482545 2.692136
94.513635 2.696226
94.544655 2.692049
94.576623 2.697793
94.607574 2.697184
94.63855 2.697619
94.669507 2.699707
94.700478 2.696487
94.732436 2.735213
94.763493 2.729643
94.794631 2.696139
94.825638 2.691701
94.856727 2.700142
94.88874 2.698924
94.919821 2.6964
94.950783 2.691875
94.981828 2.701013
95.013011 2.701535
95.045175 2.72973
95.076224 2.740086
95.107239 2.72155
95.138196 2.711194
95.169382 2.721289
95.201227 2.718243
95.232194 2.717721
95.263192 2.706408
95.294176 2.717112
95.325289 2.712152
95.357316 2.728338
95.388322 2.732515
95.419261 2.704929
95.450358 2.706495
95.481445 2.714936
95.513405 2.717373
95.544461 2.719635
95.575463 2.71981
95.606523 2.716155
95.627313 2.71746
95.659185 2.728425
95.69018 2.755489
95.721248 2.736605
95.75237 2.739651
95.783408 2.738258
95.815637 2.718591
95.846838 2.720767
95.877818 2.726249
95.908965 2.729469
95.940198 2.727468
95.972201 2.737214
96.003319 2.742697
96.034298 2.725466
96.065504 2.758274
96.09645 2.763321
96.12842 2.761754
96.159553 2.755054
96.190656 2.760971
96.221768 2.763234
96.252761 2.766019
96.284786 2.76393
96.315795 2.735038
96.346799 2.7353
96.377987 2.709367
96.409084 2.738432
96.441061 2.740347
96.472081 2.737301
96.503172 2.734342
96.53419 2.7306
96.565274 2.743654
96.597406 2.77211
96.628481 2.760014
96.659516 2.721985
96.690555 2.720854
96.721573 2.723116
96.753623 2.723987
96.784726 2.724335
96.815732 2.721376
96.846776 2.720506
96.877886 2.724074
96.91019 2.763321
96.941459 2.779594
96.972704 2.778898
97.0039 2.780725
97.03525 2.774982
97.067617 2.753487
97.098947 2.750529
97.130276 2.750267
97.161597 2.74026
97.192912 2.747135
97.225285 2.749397
97.256557 2.733298
97.287803 2.751138
97.319108 2.758535
97.350408 2.782553
97.382704 2.782553
97.413996 2.782466
97.445245 2.779855
97.476538 2.785599
97.497596 2.784554
97.529977 2.751747
97.561275 2.729643
97.59252 2.730948
97.62378 2.730687
97.654969 2.726075
97.687171 2.730426
97.718438 2.733994
97.749622 2.732863
97.780914 2.727729
97.812278 2.788558
97.844711 2.787513
97.875913 2.792387
97.907211 2.784032
97.938542 2.760275
97.969915 2.733037
98.00228 2.719374
98.033522 2.729382
98.064715 2.737127
98.095862 2.737388
98.127046 2.738084
98.159301 2.738867
98.190559 2.757403
98.221733 2.78177
98.25289 2.773241
100.328586 2.76802
