1.3e-05 283.157
0.267281 289.393
0.298591 294.16
0.329854 296.101
0.361108 299.575
0.39237 301.004
0.424838 300.686
0.568416 302.05
0.599805 303.863
0.63105 304.614
0.662384 305.306
0.694709 305.051
0.725977 304.585
0.757289 304.368
0.788527 304.02
0.8199 303.705
0.852366 300.516
0.883728 297.615
0.915067 295.884
0.946419 289.978
0.977795 285.807
1.010074 282.714
1.041392 280.547
1.0727 279.992
1.104021 278.036
1.135343 276.44
1.167768 277.671
1.199115 276.514
1.230395 280.218
1.261643 281.292
1.292954 281.803
1.325374 285.004
1.356652 283.673
1.387968 285.05
1.419339 286.484
1.450663 285.961
1.483059 290.543
1.514306 287.092
1.545567 282.551
1.576813 281.049
1.608122 279.94
1.640538 277.513
1.671855 277.653
1.703175 304.081
1.90808 349.591
1.939385 395.225
1.971875 389.844
2.003197 386.266
2.03453 368.971
2.06584 377.644
2.332073 344.029
2.36465 293.414
2.395965 278.052
2.427276 276.723
2.458616 276.331
2.489951 277.932
2.624569 276.464
2.655913 277.203
2.687236 278.697
2.718497 276.995
2.749851 275.577
2.782191 276.545
2.81356 275.942
2.844833 274.908
2.876214 275.372
2.907503 276.05
2.939972 276.175
2.971323 276.174
3.002609 277.506
3.033981 277.436
3.065321 277.33
3.097689 277.406
3.129035 307.19
3.35447 463.116
3.385791 491.598
3.417126 464.044
3.449577 486.635
3.480916 497.981
3.512288 517.586
3.543605 537.501
3.574957 551.133
3.607361 563.038
3.638719 583.97
3.670053 323.056
3.701462 282.659
3.732882 322.34
3.765609 340.669
3.796987 335.677
3.828325 338.553
3.859646 340.564
3.891045 343.797
3.9235 335.08
4.097863 305.7
4.129234 304.618
4.16062 314.882
4.191978 334.811
4.224443 344.954
4.255857 361.258
4.28724 367.607
4.318566 380.359
4.349936 410.465
4.382246 427.177
4.413562 441.186
4.444893 446.701
4.476222 425.111
4.507525 332.601
4.539996 320.998
4.571351 327.956
4.602705 341.199
4.634051 351.523
4.665364 367.917
4.697803 337.819
4.729103 306.49
4.760366 309.637
4.791705 321.933
4.823049 334.021
4.855449 326.77
4.886758 293.694
4.918052 295.116
4.949352 308.767
4.98067 323.283
5.013036 333.605
5.044358 353.867
5.075678 370.887
5.107008 373.781
5.138429 361.395
5.170902 306.052
5.20228 305.103
5.233577 315.794
5.264847 330.231
5.29624 342.015
5.328726 351.549
5.360102 362.296
5.391436 393.604
5.422792 365.753
5.464349 324.784
5.496799 311.556
5.528145 322.103
5.549228 334.553
5.580533 352.678
5.611886 370.42
5.644426 386.332
5.675835 406.025
5.707221 422.486
5.738586 438.625
5.769979 373.51
5.80245 315.57
5.833779 320.182
5.865118 330.489
5.89643 349.499
5.927868 362.429
5.960371 372.947
5.991742 346.705
6.023115 302.331
6.054473 302.379
6.07559 314.262
6.107997 334.437
6.139284 349.955
6.170596 364.019
6.201885 319.351
6.233217 295.192
6.265652 304.101
6.296959 318.946
6.328257 337.189
6.359575 352.152
6.390943 374.731
6.423321 306.853
6.454652 300.032
6.485985 308.595
6.517338 337.985
6.548701 348.976
6.581147 372.405
6.612507 389.955
6.643858 405.051
6.675193 378.407
6.706578 326.683
6.739077 323.593
6.770421 332.777
6.801727 345.799
6.83306 361.523
6.864415 362.538
6.896958 312.515
6.928323 302.706
6.959696 312.054
6.991073 320.273
7.02242 336.492
7.054906 361.744
7.086046 376.96
7.117285 378.471
7.148615 318.224
7.17995 321.317
7.21232 331.359
7.243663 351.565
7.274999 364.922
7.306407 353.52
7.337784 310.21
7.370336 311.093
7.40166 317.977
7.432996 346.108
7.464337 368.539
7.495673 384.61
7.528147 402.234
7.559478 416.109
7.590852 433.533
7.622242 427.915
7.663768 403.213
7.696178 381.504
7.727447 390.24
7.758803 406.042
7.790116 421.766
7.8215 429.688
7.853997 453.371
7.885353 481.643
7.906465 433.771
7.93775 394.367
7.969105 398.495
8.001506 406.062
8.032806 408.637
8.064138 439.209
8.095466 432.587
8.238977 427.044
8.2713 433.11
8.30261 443.834
8.333905 452.489
8.365289 311.363
8.396661 330.627
8.429075 345.918
8.46038 377.973
8.491563 395.751
8.522813 402.718
8.554114 416.458
8.586587 468.191
8.617893 390.821
8.649219 292.768
8.680596 333.614
8.711961 357.296
8.744414 363.9
8.84715 383.697
8.878422 406.685
8.909726 409.481
8.941076 397.818
8.973471 386.393
9.00482 372.222
9.128172 312.096
9.159554 304.233
9.190921 316.285
9.223364 328.453
9.254659 341.261
9.285965 360.915
9.317327 377.478
9.34868 394.03
9.381243 406.374
9.412563 443.693
9.443965 460.072
9.475318 475.639
9.506646 486.886
9.539104 536.655
9.570397 426.396
9.601664 375.602
9.632977 378.622
9.664289 388.494
9.696798 403.581
9.728194 414.053
9.75952 408.328
9.923712 408.043
9.955069 419.888
9.987536 438.041
10.018909 414.495
10.050281 338.193
10.081689 357.984
10.113024 382.67
10.145649 405.193
10.177021 413.459
10.198129 441.757
10.229389 468.097
10.260722 494.367
10.293127 537.176
10.334631 558.71
10.366049 523.083
10.82635 468.6
10.857663 400.383
10.89013 374.921
10.921555 358.253
10.952859 369.279
10.98431 382.491
11.015726 401.64
11.048285 430.572
11.079653 444.346
11.110977 459.857
11.14228 471.676
11.173646 479.967
11.206217 494.822
11.237631 517.881
11.268949 545.869
11.300323 434.297
11.331573 362.54
11.364007 341.446
11.395323 345.91
11.426612 365.017
11.457998 380.383
11.489374 396.358
11.521821 409.957
11.553152 421.745
11.584504 404.431
11.84046 366.447
12.137043 322.771
12.169376 329.657
12.200623 340.67
12.231928 442.242
12.355088 460.264
12.386369 486.769
12.4188 499.189
12.439929 518.882
12.471224 547.404
12.502525 549.443
12.533859 646.201
12.617274 469.332
12.648595 403.978
12.679982 358.766
12.711305 349.707
12.742626 350.925
12.774997 368.509
12.8063 396.74
12.837529 427.944
12.868853 505.282
12.951171 505.111
12.983508 522.548
13.014749 551.164
13.045968 514.543
13.07728 462.695
13.108694 464.647
13.14105 474.54
13.172377 496.547
13.203666 511.32
13.234896 522.175
13.26626 538.061
13.288475 437.777
13.31981 385.419
13.351094 390.15
13.38232 407.08
13.41363 424.174
13.44592 433.763
13.4772 378.937
13.508422 347.312
13.539735 347.35
13.571029 358.854
13.603351 379.184
13.634535 388.425
13.665655 393.803
13.696893 421.471
13.728206 381.615
13.760669 356.558
13.792027 357.987
13.823384 379.044
13.854698 399.488
13.886058 430.303
13.918636 447.091
13.949868 476.313
13.981157 485.886
14.01239 518.074
14.04367 534.726
14.076057 475.995
14.107359 472.383
14.13864 480.553
14.169933 486.641
14.201189 492.601
14.233561 533.578
14.264869 560.194
14.296255 507.973
14.327531 429.693
14.35883 418.145
14.391267 434.067
14.422486 448.014
14.453674 455.118
14.484992 466.79
14.516313 477.156
14.548671 534.284
14.579976 571.189
14.611242 513.275
14.642462 485.011
14.673689 491.28
14.705985 512.603
14.737241 536.522
14.768468 544.167
14.799723 529.879
14.831194 468.542
14.863494 463.75
14.894708 466.774
14.925978 473.474
14.957244 511.496
14.988549 538.754
15.02094 558.922
15.052218 599.769
15.083657 614.128
15.114974 622.121
15.146216 552.19
15.178669 513.085
15.209936 507.099
15.241205 499.495
15.272544 513.171
15.304046 553.073
15.336431 573.341
15.367743 363.749
15.399152 384.586
15.430377 393.944
15.461728 423.888
15.495347 448.92
15.526591 467.589
15.557891 512.898
15.589233 532.865
15.620581 558.497
15.653078 574.42
15.684419 602.233
15.715721 605.45
15.746996 511.658
16.258235 402.693
16.29062 367.724
16.321861 370.197
16.353133 376.643
16.384453 426.884
16.415775 447.812
16.448122 479.268
16.479499 486.79
16.510802 529.057
16.542069 555.283
16.573341 574.761
16.605706 591.19
16.636944 613.489
16.668234 640.801
16.699475 656.306
16.730703 673.964
16.763013 719.825
16.794425 737.558
16.825726 753.361
16.856994 784.198
16.888319 808.225
16.920822 808.822
16.952175 747.087
17.238441 607.679
17.269707 399.083
17.300944 394.5
17.333296 393.064
17.364586 412.757
17.395915 431.036
17.427148 446.477
17.458397 468.208
17.490763 483.573
17.522025 505.798
17.553326 525.597
17.584657 536.314
17.615944 573.077
17.648483 588.526
17.679795 617.101
17.711064 650.695
17.742316 665.564
17.773482 645.389
17.805782 494.353
17.837076 430.916
17.868368 433.611
17.889441 446.263
17.920823 461.861
17.953262 475.357
17.984639 482.3
18.016074 526.704
18.047305 551.335
18.078506 584.885
18.110822 531.151
18.142104 441.442
18.173331 440.049
18.204573 460.168
18.235844 471.84
18.268216 477.532
18.299481 502.635
18.330754 536.366
18.362056 555.965
18.393322 574.113
18.425654 513.686
18.456883 456.283
18.488114 450.188
18.519426 459.234
18.550771 472.312
18.583204 475.146
18.614466 503.486
18.645706 542.203
18.677024 551.03
18.708348 575.501
18.730497 611.592
18.761712 555.204
18.792891 508.951
18.824187 493.853
18.855406 495.933
18.887827 506.753
18.919096 523.145
18.950438 537.936
18.98169 552.699
19.00278 601.277
19.035167 624.566
19.06639 504.682
19.097604 490.313
19.128801 491.37
19.160032 507.458
19.192414 516.04
19.223707 536.123
19.254976 570.997
19.286226 581.586
19.317544 539.039
19.350027 483.995
19.381362 463.373
19.412642 470.548
19.454231 490.097
19.485488 509.072
19.51791 530.294
19.549253 562.988
19.580524 562.633
19.611855 496.185
19.643154 491.837
19.675547 501.88
19.706921 503.92
19.738298 542.23
19.769605 561.979
19.800987 575.49
19.833465 586.519
19.864895 500.877
19.998367 514.955
20.029681 540.179
20.061005 575.609
20.093402 585.336
20.124593 647.156
20.166083 667.321
20.197277 682.324
20.228537 709.17
20.261118 532.557
20.292365 551.678
20.324045 567.593
20.345075 602.152
20.376361 620.338
20.40876 636.884
20.440081 665.365
20.471361 687.077
20.502609 700.359
20.534018 716.184
20.566385 759.686
20.598845 773.46
20.630108 665.481
20.95741 426.354
20.988781 362.902
21.021275 361.085
21.052527 373.944
21.083845 389.914
21.115223 406.424
21.146523 419.479
21.178968 441.438
21.210282 462.927
21.241597 475.766
21.272896 496.506
21.304238 512.122
21.336683 519.56
21.368056 414.452
21.399301 334.231
21.430592 328.966
21.461971 341.178
21.494437 367.895
21.525794 388.748
21.557149 409.102
21.588506 424.507
21.619762 440.241
21.652215 458.129
21.68353 440.369
21.704605 397.745
21.735934 399.094
21.767267 410.408
21.799739 428.809
21.831068 440.778
21.86235 409.683
21.893641 346.567
21.924937 339.01
21.957375 342.982
21.988633 366.22
22.019948 392.045
22.051287 409.012
22.082501 439.169
22.114833 463.751
22.146143 476.708
22.177469 400.195
22.208802 392.697
22.240191 406.079
22.262377 415.474
22.293655 437.26
22.32496 454.858
22.3563 477.21
22.387571 411.148
22.420032 340.916
22.451334 344.553
22.482487 359.597
22.513715 370.23
22.544984 388.901
22.577419 343.804
22.608641 304.243
22.639961 304.676
22.67119 319.511
22.702495 359.73
22.745031 369.406
22.776267 384.79
22.807462 321.401
22.838761 321.562
22.87009 330.118
22.902511 342.064
22.923545 362.582
22.954755 377.421
22.986024 364.798
23.262082 353.645
23.294433 319.307
23.539757 304.989
23.571 313.824
23.602337 328.808
23.633606 346.052
23.665958 369.404
23.697331 381.535
23.728569 403.967
23.759873 431.49
23.791222 448.213
23.82369 463.021
23.85502 486.732
23.886324 439.298
23.917588 399.329
23.94887 382.708
23.98131 391.338
24.012657 409.371
24.043975 426.531
24.075334 446.625
24.106856 459.772
24.19028 534.136
24.221491 564.5
24.252704 596.215
24.284024 610.178
24.315366 494.696
24.347857 481.019
24.379132 487.385
24.400212 492.617
24.431476 513.415
24.462777 536.683
24.495048 570.294
24.526299 580.353
24.55755 452.048
24.588881 413.545
24.620215 408.01
24.652698 425.096
24.684033 439.391
24.715348 453.646
24.746603 479.62
24.777881 372.54
24.810243 346.325
24.841444 345.456
24.872686 360.994
24.903956 378.114
24.935218 396.553
24.967566 328.248
24.998758 303.548
25.03005 309.402
25.061429 326.28
25.092763 335.365
25.125174 350.04
25.156438 367.865
25.187719 369.765
25.21893 334.532
25.250149 310.779
25.282465 318.168
25.313766 331.965
25.345025 350.097
25.376328 365.153
25.40756 323.541
25.439982 303.723
25.471272 301.714
25.502499 317.304
25.533802 335.227
25.565058 358.985
25.597425 362.048
25.628724 317.228
25.659933 300.031
25.691104 304.329
25.722293 315.744
25.754592 333.182
25.785833 349.988
25.817049 362.593
25.848262 375.956
25.879501 394.723
25.912067 379.747
25.953531 352.392
25.984712 324.312
26.015903 327.454
26.047178 336.645
26.079636 370.523
26.110932 382.484
26.142198 389.404
26.173423 416.534
26.204665 429.99
26.237051 456.778
26.268317 469.059
26.299479 480.01
26.330738 476.332
26.362059 447.932
26.394456 443.676
26.42573 448.63
26.456968 453.511
26.488261 481.308
26.519665 501.331
26.552048 518.456
26.583349 529.742
26.61454 549.887
26.645793 597.505
26.677163 614.269
26.709657 637.177
26.740898 674.001
26.772417 637.058
26.803722 603.346
26.835048 599.072
26.867522 620.124
26.898806 622.353
26.930091 635.67
26.961317 665.245
26.992519 706.666
27.055367 752.271
27.086664 776.362
27.158711 692.67
27.189986 675.285
27.23144 660.328
27.263842 662.013
27.295132 673.592
27.326333 734.751
27.388273 734.938
27.419667 752.065
27.472585 710.63
27.50397 685.711
27.555749 677.933
27.587011 677.977
27.618341 700.033
27.650824 726.579
27.682079 741.712
27.713332 764.432
27.775151 800.224
27.806432 808.413
27.838834 844.84
27.870174 772.51
27.901451 721.976
27.9327 689.294
27.984443 686.949
28.017008 717.425
28.129996 747.502
28.161229 762.411
28.192553 824.364
28.22385 849.724
28.266291 905.128
28.29752 919.563
28.328667 994.124
28.380293 906.344
28.411512 890.074
28.443729 881.977
28.474921 338.362
28.506099 351.931
28.537333 392.172
28.568475 402.909
28.600868 426.745
28.632071 447.771
29.845715 463.143
29.887121 482.956
29.918347 517.89
29.950616 510.253
29.981762 471.279
30.012884 470.261
30.044062 484.077
30.075336 496.004
30.107596 508.968
30.138796 519.215
30.169945 546.814
30.201151 579.25
30.232334 563.944
30.264687 368.135
30.295865 324.139
30.327045 324.485
30.358252 347.258
30.389435 361.347
30.421682 373.568
30.453003 387.596
30.484144 408.156
30.5153 429.84
30.546462 440.788
30.578783 350.808
30.610012 333.519
30.641221 334.056
30.662184 341.762
30.693367 364.125
30.72562 383.892
30.756836 392.614
30.788223 425.302
30.819458 435.523
30.850703 463.017
30.882971 394.916
30.914147 354.201
30.945307 363.368
30.976466 375.256
31.007739 391.19
31.039956 406.617
31.071106 418.227
31.10225 405.752
31.133433 338.843
31.164674 335.634
31.196992 339.48
31.22841 371.18
31.259799 397.8
31.290973 418.237
31.322129 435.621
31.354347 458.669
31.38554 398.594
31.416715 385.762
31.448009 393.674
31.479178 406.628
31.511686 430.092
31.543015 443.1
31.574204 458.423
31.605361 402.619
31.636618 364.651
31.668977 359.512
31.70028 371.646
31.731599 387.321
31.762939 402.473
31.794193 413.917
31.816409 443.478
31.847683 462.663
31.878872 385.522
31.910161 357.139
31.941423 360.099
31.973735 372.843
32.004984 386.339
32.03627 407.478
32.067548 417.417
32.098717 378.831
32.131009 345.683
32.162317 352.627
32.193572 362.019
32.224996 389.363
32.256491 402.196
32.288826 423.643
32.320071 442.956
32.351364 488.871
32.38255 435.041
32.413924 419.522
32.446174 424.312
32.477417 436.841
32.508746 450.237
32.540097 454.25
32.571335 492.791
32.603661 517.483
32.624636 545.172
32.655946 572.779
32.687131 589.339
32.718338 516.72
32.750648 480.744
32.781929 482.137
32.813249 506.954
32.88525 554.691
32.916467 570.891
32.948782 551.083
32.980026 590.508
33.214958 594.837
33.246188 552.137
33.277417 505.833
33.309722 678.891
33.504144 686.38
33.535336 735.148
33.576687 754.297
33.60814 771.257
33.640424 805.083
33.671644 473.457
33.702729 491.19
33.733838 512.889
33.765029 531.924
33.797465 555.353
33.818376 576.894
33.849861 575.627
33.881213 616.548
33.912484 634.996
33.945041 659.957
33.976312 690.438
34.007519 705.659
34.038732 725.68
34.069899 732.798
34.102162 675.414
34.377309 390.198
34.408496 331.688
34.439707 320.893
34.470946 335.411
34.503216 349.896
34.534388 363.685
34.565442 390.882
34.596564 406.366
34.627702 420.534
34.660049 437.049
34.691224 456.46
34.722349 481.244
34.753472 492.768
34.784566 502.786
34.816777 373.966
34.848023 358.729
34.869073 354.382
34.900332 366.622
34.931555 379.861
34.9638 396.416
34.994943 408.153
35.026137 435.881
35.057307 459.535
35.088403 474.974
35.120612 485.655
35.161992 512.206
35.203303 576.96
35.234492 622.103
35.26566 641.202
35.297954 641.49
35.32932 574.925
35.360495 570.598
35.391725 589.379
35.42294 609.467
35.465323 633.516
35.496433 657.701
35.527644 676.394
35.558907 659.409
35.590122 560.274
35.622353 551.666
35.653472 557.466
35.684818 577.633
35.716069 585.248
35.74717 625.742
35.779386 644.034
35.811706 504.502
35.844131 476.175
35.876494 477.217
35.908687 486.098
35.941087 508.346
35.973449 542.733
36.005872 577.513
36.038188 609.257
36.070531 621.126
36.102889 596.874
36.511955 575.861
36.543139 489.092
36.828923 449.688
36.860139 387.373
36.891288 384.486
36.923482 397.688
36.954564 418.321
36.985629 466.69
37.016799 483.842
37.047992 503.915
37.080251 545.398
37.111449 569.265
37.142596 592.471
37.173763 608.828
37.205004 639.655
37.237417 673.633
37.268627 694.263
37.299825 723.767
37.330974 738.472
37.362148 773.788
37.394303 494.982
37.425357 518.258
37.456743 535.516
37.487929 552.587
37.519172 558.651
37.551405 610.476
37.582719 635.305
37.613783 643.965
37.644913 675.263
37.676054 545.625
38.074633 453.497
38.105817 419.201
38.136984 422.887
38.168188 416.376
38.199343 439.456
38.231445 458.422
38.262523 477.944
38.293583 502.997
38.324701 525.95
38.355937 535.206
38.388267 656.095
38.490783 676.886
38.521909 687.332
38.553158 725.369
38.584279 752.493
38.616487 769.725
38.647545 806.567
38.688857 636.631
39.279803 420.729
39.310947 363.201
39.343224 355.598
39.374459 364.295
39.405655 372.531
39.436839 398.602
39.468039 415.793
39.500233 420.767
39.531348 452.597
39.562565 480.855
41.652361 622.135
41.68357 660.855
41.715858 691.255
41.747095 631.349
41.77826 536.721
41.809469 529.805
41.840628 534.443
41.872864 554.025
41.904171 562.369
41.935321 513.577
41.966516 444.426
41.99771 429.881
42.019904 434.776
42.051086 455.404
42.082272 468.159
42.113547 480.992
42.144674 412.114
42.176952 371.652
42.208167 371.71
42.239443 372.981
42.27056 403.555
42.301741 425.352
42.334013 439.335
42.365478 468.433
42.396678 489.483
42.427933 503.681
42.4592 534.848
42.491507 551.772
42.522813 472.5
42.55408 461.091
42.575132 472.032
42.606457 485.739
42.638762 493.346
42.670064 528.007
42.701282 542.848
42.732494 562.879
42.763665 582.796
42.795869 480.395
42.826986 425.102
42.858215 426.462
42.889461 439.994
42.920634 452.592
42.952853 472.693
42.983963 501.667
43.015017 496.576
43.046284 430.62
43.077402 404.686
43.109635 409.265
43.140823 419.259
43.161789 430.13
43.193129 465.061
43.224253 490.974
43.256494 518.146
43.287592 501.879
43.318698 416.124
43.350006 411.547
43.381326 636.487
43.617204 664.839
43.648433 677.418
43.679702 714.831
43.711442 743.552
43.742714 557.059
43.775138 578.07
43.806422 589.498
43.83765 609.123
43.868897 627.088
43.900211 641.833
43.932657 661.674
43.963933 666.617
43.995142 773.101
44.077312 762.546
44.108566 606.056
44.375727 436.895
44.406964 360.043
44.438293 346.287
44.469489 352.154
44.50065 366.506
44.533001 391.397
44.564183 402.769
44.595342 418.806
44.626478 437.186
44.657639 455.624
44.689956 461.332
44.721271 491.825
44.75253 509.9
44.783845 460.989
44.815148 362.518
44.847586 318.111
44.878906 300.553
44.910176 302.224
44.941476 306.007
44.972699 310.322
45.005026 315.801
45.036279 317.448
45.067483 328.071
45.098578 344.334
45.129748 358.902
45.162059 371.396
45.193291 382.837
45.224447 413.562
45.255652 430.294
45.286919 443.64
45.319334 450.94
45.350562 457.696
45.381723 462.516
45.412925 464.818
45.444163 471.861
45.476533 475.462
45.50778 477.465
45.539056 480.025
45.570342 393.548
45.601639 380.599
45.634038 377.171
45.665316 381.431
45.696566 386.971
45.727702 392.103
45.758748 399.464
45.791032 407.973
45.822196 416.564
45.853296 375.133
45.884461 356.035
45.91565 353.399
45.947917 352.608
45.979128 347.396
46.010198 346.846
46.041301 351.257
46.072582 364.458
46.104832 365.608
46.135918 341.622
46.167094 333.174
46.198367 320.6
46.229668 318.987
46.261945 321.939
46.293121 315.168
46.324301 314.545
46.355656 318.279
46.386822 305.495
46.419059 303.802
46.450361 298.262
46.481596 294.894
46.512784 295.665
46.54392 302.801
46.576169 311.795
46.607359 314.515
46.638523 319.842
46.669692 311.387
46.700894 299.625
46.733154 299.673
46.764333 311.814
46.795766 314.559
46.826879 316.768
46.858066 330.532
46.890318 338.924
46.921463 342.76
46.952629 356.224
46.983832 360.974
47.015033 350.787
47.047273 343.79
47.078562 345.703
47.109804 351.806
47.141081 357.115
47.162186 365.327
47.194574 377.244
47.22583 382.131
47.257103 384.069
47.288368 385.729
47.319644 389.768
47.352051 387.021
47.383256 401.401
47.414504 394.184
47.445772 393.482
47.477008 405.615
47.509413 410.576
47.54067 414.458
47.571967 421.243
47.60315 423.769
47.634406 395.423
47.666798 386.082
47.698082 376.525
47.729344 373.3
47.760573 378.919
47.791858 381.877
47.824178 379.995
47.855384 380.161
47.886643 342.508
47.917904 329.713
47.949198 328.389
47.981735 329.782
48.013006 333.043
48.044315 334.623
48.075614 337.252
48.107021 339.36
48.139469 341.249
48.170776 337.353
48.202056 333.397
48.233354 330.525
48.25446 331.844
48.286871 337.539
48.318161 339.597
48.349544 331.01
48.380924 329.06
48.412303 306.358
48.444697 288.916
48.476127 290.737
48.507423 295.535
48.538724 288.358
48.570051 345.684
48.827073 409.992
48.858327 473.88
48.889588 524.248
48.92085 556.156
48.952181 456.653
48.984476 462.377
49.015741 472.336
49.0469 471.449
49.078142 492.639
49.109341 512.169
49.141725 523.499
49.173023 294.693
49.255203 292.161
49.286531 291.371
49.592895 287.131
49.62512 288.751
49.6563 295.365
49.687579 314.79
49.718759 321.609
49.749945 325.123
49.772025 329.534
49.803305 339.85
49.834437 337.424
49.865554 310.772
49.896941 301.573
49.929392 307.294
49.96051 312.282
49.991853 315.274
50.023113 316.429
50.044146 335.214
50.076475 338.782
50.107839 337.661
50.139078 347.072
50.170331 347.417
50.201611 348.44
50.234029 357.614
50.265233 366.558
50.296411 374.348
50.327581 359.432
50.358851 357.508
50.391221 354.721
50.42248 355.331
50.453687 349.642
50.484863 345.077
50.51607 344.114
50.548402 324.722
50.579585 305.114
50.610749 296.329
50.641935 291.172
50.673167 286.361
50.705481 289.257
50.736672 295.652
50.767908 297.27
50.799074 295.84
50.830319 295.699
50.862665 293.246
50.883729 298.264
50.914987 300.087
50.946252 306.867
50.977474 311.064
51.009866 319.06
51.041197 322.508
51.072521 329.094
51.103755 343.017
51.135063 351.331
51.167427 367.574
51.198723 380.301
51.229976 396.656
51.261139 400.39
51.292414 402.1
51.324722 390.639
51.356034 356.742
51.387305 317.741
51.41862 302.62
51.44995 295.861
51.482371 291.042
51.513686 288.999
51.544981 289.782
51.576231 288.688
51.60756 288.183
51.640109 292.557
51.67135 304.716
51.702694 309.922
51.734007 317.61
51.765332 314.401
51.79779 312.058
51.829118 307.485
51.86039 303.657
51.891634 309.613
51.922886 313.681
51.955241 319.425
51.986596 324.026
52.017829 325.469
52.049115 328.464
52.080455 335.75
52.112896 336.878
52.144268 332.826
52.175698 327.03
52.207004 323.335
52.238349 329.371
52.270827 329.926
52.302164 346.213
52.333503 350.611
52.364835 350.936
52.396248 351.29
52.428723 338.405
52.460098 329.969
52.491395 334.543
52.532965 323.245
52.564299 324.047
52.596716 328.777
52.62802 336.07
52.659285 329.364
52.690552 324.038
52.721815 300.69
52.754173 293.67
52.785468 293.27
52.816792 289.342
52.848066 284.019
52.879393 284.009
52.911789 282.358
52.943125 287.015
52.974456 291.581
53.00572 300.802
53.037076 319.631
53.069523 332.556
53.100874 342.823
53.132207 346.065
53.163453 350.157
53.194738 358.925
53.227152 365.304
53.258409 366.945
53.289661 373.461
53.320974 395.412
53.352315 395.508
53.374484 395.654
53.405772 412.255
53.437023 422.245
53.468318 430.811
53.499641 447.208
53.532056 464.605
53.563385 469.785
53.594684 476.028
53.626019 462.184
53.65732 564.293
53.832767 562.675
53.864059 568.644
53.895338 563.315
53.926789 581.185
53.958142 561.948
53.990531 539.804
54.021825 565.572
54.053153 810.607
54.309037 659.458
54.340334 661.112
54.372789 680.031
54.404141 702.386
54.435375 710.827
54.466655 745.515
54.498172 742.516
54.530497 846.243
54.623026 729.729
54.970616 515.758
55.001907 402.668
55.033236 380.785
55.065652 364.277
55.097023 361.85
55.128347 363.992
55.159723 373.263
55.191068 385.627
55.223489 393.206
55.25479 402.897
55.286098 407.458
55.317419 404.891
55.348676 412.95
55.381155 416.464
55.412496 399.784
55.678693 378.01
55.985666 364.104
56.016998 356.568
56.049386 355.363
56.080732 360.851
56.112108 363.706
56.143435 364.489
56.174772 376.968
56.207222 388.139
56.238601 392.926
56.26996 404.533
56.301344 410.392
56.332786 418.155
56.365266 416.939
56.396693 429.074
56.428067 439.344
56.45937 441.418
56.490684 411.955
56.523121 401.694
56.554377 410.583
56.585773 419.317
56.617198 429.311
56.648581 438.147
56.681116 454.61
56.712441 454.057
56.743803 430.085
56.775095 388.3
56.806351 368.518
56.838712 348.707
56.870033 342.871
56.901351 334.089
56.932668 318.537
56.964034 313.1
56.986197 315.087
57.017402 301.63
57.048579 298.036
57.07987 304.411
57.11114 311.94
57.14354 307.394
57.17483 306.928
57.206142 311.639
57.237461 325.364
57.268753 330.644
57.301123 339.38
57.33241 343.55
57.363743 350.571
57.395058 358.176
57.426424 361.592
57.45885 349.919
57.490226 347.445
57.521539 347.704
57.552867 352.205
57.584249 357.228
57.616743 352.449
57.648076 338.923
57.679368 332.834
57.710651 337.305
57.741932 329.99
57.77426 324.831
57.805594 326.094
57.836874 319.537
57.868169 306.916
57.89948 304.138
57.931938 292.808
57.963303 291.627
57.994623 289.571
58.025933 293.357
58.057291 287.455
58.089735 287.259
58.121009 292.972
58.152322 291.972
58.183654 290.298
58.214961 293.104
58.247387 296.768
58.278721 294.516
58.310021 294.117
58.341304 298.309
58.372572 303.177
58.405033 307.169
58.436352 321.197
58.467561 328.938
58.498864 325.3
58.530197 325.241
58.562668 321.444
58.583831 318.138
58.615179 318.826
58.646472 333.861
58.677796 341.01
58.710176 348.187
58.74148 352.267
58.772802 358.552
58.804077 361.211
58.835417 363.839
58.857631 365.327
58.888893 357.248
58.920201 351.69
58.951497 341.789
58.982757 377.605
59.168289 485.655
59.199518 476.22
59.230884 490.574
59.262214 480.269
59.293541 483.98
59.32599 491.192
59.357289 508.052
59.388536 515.861
59.419829 525.613
59.451151 526.196
59.483555 530.781
59.514845 534.054
59.54611 533.462
59.577436 542.284
59.598654 532.208
59.63106 533.274
59.662343 543.793
59.693591 551.449
59.724856 553.018
59.756149 556.962
59.788513 500.796
60.07489 383.305
60.106221 333.622
60.137448 323.338
60.168805 315.911
60.201305 311.223
60.232579 311.589
60.263996 317.126
60.295335 321.551
60.326681 329.075
60.359137 332.881
60.390445 351.043
60.421763 360.44
60.453057 361.68
60.484397 370.084
60.51685 374.853
60.548205 379.727
60.579463 389.134
60.610692 391.938
60.631817 390.108
60.664209 395.613
60.695463 403.858
60.726746 405.961
60.758108 411.173
60.789411 422.442
60.821802 421.287
60.853099 421.801
60.884406 427.843
60.915817 431.654
60.947146 442.551
60.979516 453.954
61.010781 443.255
61.042073 443.075
61.07335 448.574
61.104712 462.564
61.13723 475.691
61.168543 477.554
61.199874 486.426
61.231084 494.161
61.26239 495.038
61.294861 511.055
61.336398 515.075
61.36769 542.587
61.399029 548.098
61.430366 541.534
61.462781 540.486
61.494074 542.683
61.525367 532.834
61.556609 518.501
61.587954 509.862
61.620348 510.812
61.651747 467.829
61.683085 437.032
61.714337 432.415
61.745689 438.222
61.778092 444.222
61.809431 450.178
61.840773 467.206
61.872133 464.818
61.90344 467.99
61.935932 482.558
61.967302 444.978
61.998657 445.303
62.040289 449.52
62.071633 454.713
62.10405 460.291
62.135412 471.982
62.156483 482.34
62.198072 499.973
62.229427 528.687
62.261864 530.498
62.293187 590.652
62.385808 584.529
62.417102 590.791
62.44843 590.322
62.480812 585.967
62.512147 585.729
62.543444 591.051
62.574792 593.382
62.606163 595.266
62.638602 610.602
62.669886 616.532
62.7012 634.953
62.732576 662.087
62.763912 665.354
62.796384 692.762
62.827714 674.205
62.879479 613.197
62.910796 561.349
62.942141 530.862
62.974623 523.715
63.005934 531.774
63.037253 540.665
63.068657 558.13
63.100041 566.025
63.132419 576.872
63.174011 581.428
63.205338 607.058
63.236598 619.633
63.267991 659.252
63.290119 672.847
63.32143 677.898
63.352787 695.161
63.38416 704.427
63.435975 645.482
63.46848 630.899
63.499832 632.01
63.531125 632.219
63.562479 637.612
63.593818 656.734
63.626278 667.829
63.657561 698.364
63.688873 705.052
63.720242 652.651
63.741384 639.368
63.773876 584.796
63.805211 571.006
63.836459 560.611
63.867817 574.152
63.929912 579.617
63.962378 635.467
64.014103 627.665
64.045436 653.134
64.158413 647.479
64.189724 650.437
64.222142 652.063
64.253501 654.646
64.284888 661.797
64.316263 663.466
64.347628 647.23
64.380109 448.951
64.411434 487.68
68.439221 463.341
69.063058 407.668
69.094313 347.223
69.126726 313.913
69.158072 305.041
69.189366 302.957
69.220697 299.842
69.25204 299.769
69.284671 296.398
69.336477 284.382
69.367773 287.921
69.399109 286.149
69.43041 290.278
69.462926 446.072
69.627121 469.719
69.65838 466.307
69.689672 482.336
69.72103 483.249
69.753516 475.568
69.784859 481.023
69.816134 483.525
69.847447 483.935
69.878802 502.408
69.911305 496.783
69.942677 493.696
69.973997 504.136
70.005355 507.934
70.036709 520.824
70.069229 490.171
70.325412 361.421
70.356742 334.251
70.388081 321.883
70.419351 321.202
70.451839 323.263
70.483178 330.833
70.514471 336.499
70.545786 335.306
70.577118 340.403
70.609584 349.502
70.64088 363.202
70.672219 364.29
70.70351 370.663
70.734877 374.256
70.757078 382.41
70.788367 391.239
70.829819 403.028
70.861132 420.657
70.89241 427.038
70.92485 439.731
70.956204 454.751
70.987479 466.497
71.01882 463.228
71.050138 463.653
71.082553 470.925
71.113823 482.805
71.145138 494.482
71.17643 501.261
71.207799 502.947
71.240203 510.065
71.271542 511.449
71.302873 500.731
71.334075 493.446
71.365375 476.648
71.397762 471.187
71.429051 474.485
71.460374 480.989
71.491716 483.785
71.52303 490.647
71.555408 498.337
71.576492 508.888
71.607835 527.134
71.63919 549.852
71.670529 574.168
71.702963 609.473
71.734313 632.266
71.765684 640.934
71.796967 591.064
71.828207 571.078
71.860669 567.834
71.892106 574.297
71.923431 581.234
71.954746 582.835
71.986075 584.773
72.018522 591.828
72.049906 603.559
72.081218 626.717
72.112532 632.712
72.143907 644.626
72.176424 659.207
72.207788 589.247
72.239132 547.337
72.270426 528.145
72.301816 509.636
72.33439 507.49
72.365777 504.295
72.397115 505.669
72.428419 525.486
72.490451 538.625
72.522934 572.788
72.554262 593.147
72.585577 606.096
72.617038 624.402
72.648364 583.771
72.680842 455.234
73.120915 455.761
73.15222 462.725
73.183574 473.677
73.214872 482.228
73.247383 487.46
73.278729 507.352
73.310064 528.019
73.341348 542.258
73.372631 550.017
73.405357 553.851
73.436744 549.442
73.468069 540.074
73.499403 521.982
73.530707 498.941
73.563261 497.351
73.594544 475.571
73.625857 448.169
73.657145 406.914
73.688484 398.769
73.720905 396.891
73.752242 397.891
73.783535 403.025
73.814864 405.105
73.84625 404.462
73.878648 413.008
73.910016 408.745
73.941303 399.166
73.972635 399.009
74.004011 394.735
74.036414 386.99
74.067753 383.546
74.099026 384.406
74.13031 378.113
74.16165 372.855
74.194097 374.659
74.225342 374.299
74.256652 346.303
74.287958 338.816
74.319268 343.983
74.351755 338.219
74.372856 338.223
74.404182 345.317
74.435507 347.401
74.466803 351.72
74.499136 362.204
74.530481 368.445
74.561687 366.742
74.592977 366.412
74.624297 369.522
74.656692 376.444
74.688042 378.177
74.719334 378.266
74.750671 376.669
74.782006 378.089
74.814392 380.677
74.845698 389.673
74.877079 396.682
74.908479 392.249
74.939788 378.09
74.972188 360.324
75.00347 358.608
75.034763 363.365
75.066074 368.808
75.097402 373.561
75.129877 393.645
75.161253 413.627
75.192555 423.123
75.223929 428.534
75.255242 452.611
75.287757 460.882
75.319086 460.211
75.350427 459.76
75.381728 463.201
75.413053 465.795
75.445439 482.409
75.476726 487.631
75.508107 487.751
75.539425 503.002
75.570785 514.4
75.603127 522.908
75.634397 527.953
75.665683 551.82
75.696991 556.919
75.728359 558.789
75.760646 563.826
75.791931 489.613
75.82313 486.66
75.874776 470.14
75.906149 454.247
75.938624 449.037
75.969889 447.294
76.001205 551.686
76.236876 545.789
76.268204 523.883
76.300604 519.298
76.331908 552.981
76.414327 513.205
76.445782 535.293
76.548704 587.79
76.621982 608.432
76.653305 609.733
76.684617 485.448
76.715985 464.204
76.74731 457.777
76.779714 451.341
76.811114 434.309
76.84242 434.708
76.873731 425.17
76.905097 413.606
76.937493 405.797
76.968854 393.322
77.000197 371.989
77.031454 328.709
77.062753 341.665
77.136032 351.257
77.167379 357.986
77.198735 369.757
77.230052 368.857
77.261426 365.797
77.293967 356.539
77.325326 346.846
77.356616 341.636
77.388002 328.741
77.419294 318.59
77.451768 317.582
77.48309 318.632
77.514356 323.486
77.545604 321.788
77.57685 322.769
77.609286 309.176
77.640573 301.675
77.671948 302.165
77.703242 285.076
77.73453 281.226
77.766996 278.37
77.798282 279.79
77.82954 278.653
77.860833 283.06
77.892257 287.499
77.924652 284.82
77.956002 287.352
77.977114 287.479
78.008387 285.926
78.039641 282.335
78.072002 286.562
78.103215 285.065
78.13445 287.875
78.165873 290.057
78.197218 300.142
78.229672 307.116
78.26098 314.549
78.302539 342.576
78.333913 358.194
78.365377 364.943
78.397759 357.285
78.429001 356.626
78.460348 352.983
78.491702 351.154
78.523076 344.202
78.555428 344.969
78.586712 342.8
78.617991 340.614
78.639194 324.578
78.670435 317.209
78.702886 318.763
78.734184 317.813
78.765439 312.592
78.796624 312.452
78.827945 329.905
78.860191 338.035
78.891588 345.383
78.92292 355.535
78.95424 359.976
78.985516 366.758
79.017908 372.692
79.049243 380.268
79.08055 384.725
79.111859 393.641
79.17383 423.99
79.206297 436.264
79.237594 460.811
79.268865 470.593
79.300202 474.172
79.331476 480.481
79.363848 472.075
79.395167 469.911
79.426431 442.703
79.457725 427.796
79.489011 423.019
79.521488 420.099
79.552723 415.784
79.584102 413.842
79.615355 425.902
79.718211 458.563
79.78126 483.876
79.812497 516.079
79.843796 486.378
80.099821 459.596
80.376273 356.376
80.40879 334.096
80.440132 308.301
80.471425 298.407
80.502745 293.503
80.534121 298.621
80.566501 302.462
80.597849 301.945
80.629182 302.038
80.650299 304.717
80.681634 297.668
80.714077 293.647
80.745355 295.594
80.776777 287.838
80.808331 284.847
80.839712 282.907
80.872221 285.494
80.903568 281.599
80.934905 284.343
80.966258 284.792
80.997684 290.474
81.0301 291.715
81.061439 301.155
81.092755 306.131
81.124112 311.82
81.155487 316.031
81.188048 318.952
81.219361 320.415
81.250625 324.671
81.281925 318.617
81.313263 307.933
81.345699 301.588
81.377044 289.343
81.408354 281.751
81.439676 283.354
81.471045 291.539
81.503467 296.573
81.534824 300.635
81.566145 306.28
81.597446 306.732
81.628781 309.408
81.661164 309.645
81.682322 311.215
81.713649 314.069
81.744962 315.066
81.776323 337.7
81.829143 350.688
81.860503 380.544
81.902096 399.403
81.933341 410.002
81.964645 412.671
81.997086 438.82
82.028407 451.299
82.059691 454.086
82.091035 480.429
82.122375 484.616
82.154801 486.621
82.186119 501.32
82.217377 498.227
82.248679 489.666
82.280019 424.39
82.312439 384.304
82.343763 377.894
82.375059 382.942
84.453545 326.468
84.484867 324.481
84.517323 326.463
84.548635 316.116
84.579948 310.449
84.61123 431.622
84.73453 438.265
84.766882 426.005
84.798173 420.501
84.829491 425.709
84.860807 456.37
84.892208 441.438
84.924572 430.903
84.95587 436.19
84.987225 424.58
85.018536 423.593
85.049879 431.72
85.08236 410.486
85.113727 413.769
85.145024 426.123
85.176346 400.16
85.207691 396.366
85.240063 383.906
85.475425 322.179
85.506675 301.477
85.537982 293.128
85.569249 289.204
85.601749 285.164
85.633119 285.437
85.664417 284.848
85.695683 283.828
85.726898 284.88
85.759211 282.859
85.790472 281.157
85.821698 279.086
85.852964 279.905
85.884299 280.219
85.916739 284.632
85.937856 296.087
85.969117 314.172
86.000355 316.246
86.031671 309.468
86.064038 306.48
86.095347 311.371
86.126586 300.627
86.157888 298.728
86.189276 294.048
86.221682 293.411
86.253005 287.595
86.284362 324.894
86.448274 396.065
86.510176 461.059
86.532316 484.66
86.563538 490.291
86.594911 498.969
86.626155 538.009
86.728894 526.613
86.761225 479.653
86.792516 440.802
86.823846 387.412
86.85511 382.033
86.886389 387.467
86.918933 392.792
86.950265 392.676
86.9816 392.706
87.012942 371.764
87.044344 346.723
87.076838 334.226
87.108264 345.669
87.139596 352.303
87.170898 352.878
87.202194 374.873
87.234722 383.478
87.266131 386.661
87.29746 392.865
87.328749 394.007
87.360131 406.08
87.392498 423.812
87.423764 413.94
87.454973 372.981
87.486271 367.559
87.51757 369.415
87.549983 370.15
87.581278 371.134
87.612615 378.852
87.633704 379.584
87.665006 337.224
87.69756 321.273
87.728863 320.846
87.760389 326.73
87.791589 329.584
87.822975 350.924
87.855356 361.102
87.876372 378.373
87.907929 385.572
87.939183 404.723
87.970505 364.228
88.002801 361.154
88.034126 374.333
88.065356 382.72
88.096656 388.318
88.12792 397.185
88.160235 400.595
88.191729 407.856
88.222995 417.789
88.254266 442.366
88.285535 362.038
88.31796 351.489
88.349266 345.49
88.38051 348.602
88.411983 351.445
88.433092 359.044
88.465509 366.377
88.496838 406.114
88.528142 428.989
88.559405 431.792
88.590693 448.461
88.62304 445.885
88.654345 446.783
88.685665 454.62
88.717065 467.219
88.748368 477.611
88.780771 483.645
88.812111 490.104
88.843424 511.128
88.874946 544.743
88.906247 552.876
88.938593 521.907
88.969885 480.794
89.001166 471.348
89.032424 466.519
89.063794 471.418
89.096168 481.583
89.127594 488.638
89.158988 495.442
89.190327 512.126
89.22165 463.009
89.253995 414.245
89.285315 385.472
89.31663 383.2
89.347955 391.16
89.379281 396.716
89.411725 410.768
89.443089 419.843
89.474445 425.096
89.505767 348.286
89.537045 346.226
89.569453 353.538
89.600768 356.283
89.632107 369.298
89.663388 378.118
89.694693 388.892
89.727132 399.024
89.758511 403.214
89.789699 371.839
89.820961 360.609
89.852302 454.408
89.956146 458.718
89.987361 463.693
90.018661 479.437
90.049923 479.925
90.081195 505.23
90.113571 525.601
90.144813 497.82
90.176084 427.145
90.207324 445.934
90.238602 453.633
90.270997 469.592
90.302321 490.359
90.323349 500.523
90.35468 513.72
90.385996 531.836
90.418341 544.57
90.449646 555.091
90.48093 574.173
90.512223 537.494
91.023292 521.833
91.432909 470.029
91.464186 438.842
91.495459 440.592
91.526708 443.504
91.557935 416.958
91.590265 441.906
91.621439 442.463
91.652693 455.294
91.68393 456.123
91.71526 460.217
91.747552 465.139
91.778894 465.381
91.810154 489.785
91.841388 500.831
91.872724 509.548
91.905189 532.019
91.93647 540.15
91.967797 546.739
91.99906 515.501
92.448659 460.533
92.481067 427.777
92.512327 421.187
92.543633 387.389
92.574885 388.798
92.606252 389.464
92.638598 395.002
92.669805 408.911
92.701085 411.373
92.732326 417.944
92.763673 419.636
92.796345 413.586
92.827727 422.398
92.859106 413.151
92.890439 403.851
92.921766 416.139
92.95418 371.683
93.261104 339.24
93.292366 330.676
93.323641 324.689
93.354969 322.744
93.387448 310.79
93.418754 306.321
93.450023 309.989
93.481305 308.894
93.512568 304.474
93.544924 439.305
101.290074 440.984
