1.3e-05 0.01897
0.267281 0.03185
0.298591 0.044816
0.329854 0.052909
0.361108 0.05961
0.39237 0.065702
0.424838 0.095115
0.568416 0.102947
0.599805 0.101468
0.63105 0.101468
0.662384 0.101468
0.694709 0.103731
0.725977 0.112085
0.757289 0.118263
0.788527 0.123485
0.8199 0.12801
0.852366 0.182486
0.883728 0.187273
0.915067 0.201109
0.946419 0.20955
0.977795 0.210682
1.010074 0.2119
1.041392 0.211465
1.0727 0.211987
1.104021 0.214511
1.135343 0.218862
1.167768 0.219471
1.199115 0.223735
1.230395 0.253497
1.261643 0.302404
1.292954 0.341825
1.325374 0.381942
1.356652 0.416578
1.387968 0.446339
1.419339 0.473839
1.450663 0.518307
1.483059 0.54424
1.514306 0.595757
1.545567 0.623344
1.576813 0.66468
1.608122 0.688524
1.640538 0.760753
1.671855 0.847427
1.703175 0.514304
1.90808 0.590971
1.939385 0.884499
1.971875 1.173328
2.003197 1.277581
2.03453 1.50384
2.06584 1.040357
2.332073 1.140781
2.36465 1.553269
2.395965 1.850974
2.427276 2.000131
2.458616 2.141021
2.489951 2.585185
2.624569 2.518613
2.655913 2.330992
2.687236 2.373459
2.718497 2.56108
2.749851 2.84956
2.782191 3.193387
2.81356 3.511804
2.844833 3.719962
2.876214 4.472448
2.907503 6.075756
2.939972 6.389647
2.971323 6.609815
3.002609 6.743656
3.033981 6.986972
3.065321 7.349596
3.097689 7.646256
3.129035 4.231221
3.35447 4.501253
3.385791 4.883196
3.417126 4.684871
3.449577 4.708715
3.480916 4.89886
3.512288 5.170632
3.543605 5.378268
3.574957 5.511065
3.607361 5.702167
3.638719 5.694074
3.670053 5.105626
3.701462 4.404309
3.732882 4.564257
3.765609 5.135823
3.796987 5.182206
3.828325 5.048017
3.859646 4.917744
3.891045 4.80035
3.9235 2.613033
4.097863 2.935713
4.129234 3.553836
4.16062 4.019408
4.191978 4.672079
4.224443 5.315699
4.255857 5.880912
4.28724 6.326034
4.318566 6.152858
4.349936 6.357971
4.382246 6.759494
4.413562 7.109152
4.444893 7.259005
4.476222 7.574723
4.507525 7.906715
4.539996 8.180576
4.571351 8.537195
4.602705 8.819323
4.634051 9.049063
4.665364 9.273495
4.697803 8.400483
4.729103 6.071492
4.760366 6.522705
4.791705 8.639099
4.823049 10.76846
4.855449 7.485525
4.886758 7.707085
4.918052 8.013492
4.949352 8.317637
4.98067 8.642058
5.013036 8.946899
5.044358 9.117985
5.075678 9.634379
5.107008 10.08916
5.138429 9.470515
5.170902 9.445626
5.20228 9.461377
5.233577 9.489225
5.264847 9.678238
5.29624 9.892836
5.328726 10.111351
5.360102 9.239121
5.391436 9.499754
5.422792 8.996067
5.464349 9.125121
5.496799 9.108848
5.528145 8.97727
5.549228 8.94159
5.580533 8.807401
5.611886 8.879282
5.644426 8.919312
5.675835 8.741525
5.707221 8.594282
5.738586 8.579663
5.769979 8.532061
5.80245 8.936021
5.833779 9.388104
5.865118 9.461725
5.89643 9.51829
5.927868 9.840623
5.960371 9.820955
5.991742 7.381794
6.023115 6.168174
6.054473 6.531059
6.07559 9.02635
6.107997 9.830441
6.139284 10.130931
6.170596 10.078108
6.201885 8.094075
6.233217 7.387973
6.265652 7.798024
6.296959 8.175877
6.328257 8.655111
6.359575 9.381316
6.390943 9.731409
6.423321 7.43453
6.454652 7.688375
6.485985 7.926383
6.517338 8.140546
6.548701 8.430157
6.581147 9.085439
6.612507 9.087266
6.643858 9.153578
6.675193 8.090943
6.706578 7.390757
6.739077 9.502278
6.770421 9.614189
6.801727 9.551707
6.83306 9.98012
6.864415 10.255199
6.896958 6.556644
6.928323 6.82128
6.959696 7.117767
6.991073 7.237162
7.02242 7.889833
7.054906 8.893815
7.086046 9.21023
7.117285 8.642754
7.148615 7.236466
7.17995 7.824044
7.21232 8.218866
7.243663 8.97814
7.274999 10.041819
7.306407 6.942242
7.337784 7.150052
7.370336 7.47369
7.40166 7.527035
7.432996 7.751902
7.464337 8.097121
7.495673 8.425893
7.528147 8.732649
7.559478 8.817235
7.590852 8.591498
7.622242 7.792193
7.663768 7.450368
7.696178 7.438794
7.727447 7.372744
7.758803 7.206008
7.790116 7.443493
7.8215 7.637989
7.853997 7.274669
7.885353 7.596827
7.906465 6.310195
7.93775 6.607726
7.969105 6.95399
8.001506 7.42722
8.032806 7.617626
8.064138 7.8867
8.095466 5.881434
8.238977 6.146941
8.2713 6.64767
8.30261 7.050237
8.333905 7.234029
8.365289 3.991386
8.396661 4.159862
8.429075 4.558427
8.46038 5.023477
8.491563 5.47643
8.522813 5.840969
8.554114 5.986036
8.586587 5.835399
8.617893 4.439119
8.649219 3.783663
8.680596 3.899664
8.711961 4.44756
8.744414 4.847865
8.84715 4.911304
8.878422 4.78164
8.909726 4.832984
8.941076 4.557383
8.973471 4.22043
9.00482 2.280867
9.128172 2.605288
9.159554 3.316612
9.190921 3.918287
9.223364 4.663202
9.254659 4.971524
9.285965 5.360429
9.317327 5.730624
9.34868 6.234834
9.381243 5.905278
9.412563 6.270252
9.443965 6.586928
9.475318 6.524271
9.506646 6.26738
9.539104 6.343612
9.570397 7.377617
9.601664 7.694032
9.632977 8.048563
9.664289 8.395435
9.696798 8.682785
9.728194 8.964564
9.75952 4.964649
9.923712 5.155664
9.955069 5.386013
9.987536 5.634377
10.018909 6.3162
10.050281 5.051324
10.081689 3.738063
10.113024 3.81064
10.145649 4.214774
10.177021 4.453303
10.198129 4.612381
10.229389 4.692181
10.260722 4.747788
10.293127 4.478627
10.334631 4.454783
10.366049 0.892157
10.82635 0.9482
10.857663 1.242076
10.89013 1.604439
10.921555 1.921637
10.952859 2.256587
10.98431 2.63679
11.015726 3.149963
11.048285 3.846668
11.079653 4.463398
11.110977 4.774069
11.14228 5.229285
11.173646 5.440577
11.206217 5.421867
11.237631 5.339195
11.268949 5.449453
11.300323 6.067924
11.331573 6.692051
11.364007 6.928927
11.395323 7.155274
11.426612 7.349683
11.457998 7.530516
11.489374 7.8753
11.521821 7.99748
11.553152 8.237141
11.584504 0.020537
11.84046 0.289002
12.137043 0.862743
12.169376 1.678669
12.200623 2.310193
12.231928 2.120048
12.355088 3.153618
12.386369 3.960232
12.4188 4.306061
12.439929 4.4426
12.471224 4.682782
12.502525 4.86231
12.533859 4.806529
12.617274 5.168805
12.648595 5.075603
12.679982 5.327534
12.711305 5.809118
12.742626 6.134496
12.774997 6.173657
12.8063 6.08324
12.837529 6.167565
12.868853 6.393824
12.951171 7.000808
12.983508 6.621215
13.014749 6.496772
13.045968 6.272863
13.07728 6.22413
13.108694 6.285307
13.14105 6.450737
13.172377 6.526882
13.203666 6.851564
13.234896 6.976529
13.26626 6.686134
13.288475 4.858916
13.31981 5.252608
13.351094 5.680325
13.38232 5.992475
13.41363 6.297229
13.44592 6.642013
13.4772 5.650563
13.508422 5.350595
13.539735 5.600438
13.571029 5.742111
13.603351 6.090637
13.634535 6.443688
13.665655 6.583447
13.696893 6.75845
13.728206 6.494945
13.760669 6.466053
13.792027 6.501733
13.823384 6.556383
13.854698 6.766195
13.886058 6.807966
13.918636 6.811882
13.949868 6.912828
13.981157 6.756622
14.01239 6.933714
14.04367 6.993237
14.076057 6.031374
14.107359 6.058613
14.13864 6.237618
14.169933 6.325076
14.201189 6.008487
14.233561 5.936781
14.264869 6.382772
14.296255 5.832353
14.327531 5.864726
14.35883 6.178269
14.391267 6.390169
14.422486 6.546114
14.453674 6.664465
14.484992 6.605203
14.516313 6.166782
14.548671 6.176441
14.579976 6.338304
14.611242 5.46825
14.642462 5.545874
14.673689 5.939565
14.705985 5.955578
14.737241 6.307063
14.768468 6.586406
14.799723 6.307237
14.831194 6.197414
14.863494 6.349182
14.894708 6.472493
14.925978 6.321856
14.957244 5.794411
14.988549 5.889005
15.02094 5.909978
15.052218 5.838184
15.083657 5.957579
15.114974 5.591039
15.146216 5.209096
15.178669 5.501058
15.209936 5.66527
15.241205 5.230852
15.272544 5.345722
15.304046 5.421345
15.336431 5.525163
15.367743 3.620669
15.399152 3.708823
15.430377 3.885741
15.461728 4.100948
15.495347 4.359754
15.526591 4.388819
15.557891 4.470099
15.589233 4.575309
15.620581 4.73517
15.653078 4.808269
15.684419 4.937846
15.715721 5.219974
15.746996 0.173436
16.258235 0.587229
16.29062 1.198042
16.321861 1.711564
16.353133 1.926858
16.384453 1.973502
16.415775 2.154684
16.448122 2.442207
16.479499 2.611292
16.510802 2.629915
16.542069 2.748701
16.573341 2.951377
16.605706 3.125858
16.636944 3.299903
16.668234 3.398239
16.699475 3.528599
16.730703 3.681846
16.763013 3.588906
16.794425 3.680106
16.825726 3.794628
16.856994 3.821692
16.888319 3.902014
16.920822 4.026892
16.952175 0.009224
17.238441 0.24114
17.269707 0.89033
17.300944 1.294986
17.333296 1.65117
17.364586 2.132406
17.395915 2.553683
17.427148 2.909258
17.458397 3.182597
17.490763 3.37718
17.522025 3.537214
17.553326 3.750855
17.584657 3.865464
17.615944 3.860504
17.648483 3.969892
17.679795 3.956403
17.711064 4.145765
17.742316 4.343568
17.773482 4.606463
17.805782 5.938869
17.837076 6.198632
17.868368 6.416102
17.889441 6.560125
17.920823 6.699622
17.953262 6.544722
17.984639 6.341263
18.016074 6.235356
18.047305 6.041295
18.078506 6.13206
18.110822 4.919832
18.142104 4.109302
18.173331 4.222258
18.204573 4.390821
18.235844 4.628132
18.268216 4.737694
18.299481 4.81819
18.330754 4.965693
18.362056 5.718353
18.393322 6.090115
18.425654 5.22885
18.456883 4.905474
18.488114 5.153576
18.519426 5.361299
18.550771 5.607661
18.583204 5.616972
18.614466 5.723314
18.645706 5.890311
18.677024 6.048518
18.708348 6.049214
18.730497 5.851411
18.761712 4.647364
18.792891 4.808269
18.824187 5.005637
18.855406 5.152531
18.887827 5.284284
18.919096 5.469468
18.950438 5.610967
18.98169 5.669186
19.00278 5.593911
19.035167 5.745331
19.06639 5.032353
19.097604 5.333626
19.128801 5.50245
19.160032 5.706431
19.192414 5.852282
19.223707 5.999611
19.254976 6.230309
19.286226 6.249018
19.317544 4.73926
19.350027 4.909564
19.381362 5.041577
19.412642 5.238336
19.454231 5.387406
19.485488 5.646038
19.51791 5.783447
19.549253 6.058613
19.580524 5.894662
19.611855 5.457807
19.643154 5.786405
19.675547 6.023368
19.706921 6.152423
19.738298 5.981945
19.769605 6.119093
19.800987 6.336998
19.833465 6.020497
19.864895 5.062811
19.998367 5.180901
20.029681 5.142959
20.061005 5.052977
20.093402 5.028263
20.124593 4.659199
20.166083 4.739956
20.197277 4.934017
20.228537 4.910173
20.261118 4.444862
20.292365 4.242969
20.324045 4.334082
20.345075 4.240881
20.376361 4.370371
20.40876 4.431461
20.440081 4.433288
20.471361 4.415535
20.502609 4.386905
20.534018 4.406137
20.566385 4.427196
20.598845 4.6659
20.630108 0.493941
20.95741 0.822017
20.988781 1.396106
21.021275 2.048255
21.052527 2.540891
21.083845 3.010553
21.115223 3.508149
21.146523 3.882608
21.178968 4.313023
21.210282 4.714633
21.241597 4.976832
21.272896 5.21014
21.304238 5.454065
21.336683 5.571285
21.368056 6.410359
21.399301 6.881674
21.430592 6.951031
21.461971 7.177813
21.494437 7.363171
21.525794 7.574201
21.557149 7.830048
21.588506 7.978509
21.619762 8.022717
21.652215 7.907238
21.68353 6.352837
21.704605 5.282021
21.735934 5.528209
21.767267 5.81112
21.799739 6.714068
21.831068 8.378031
21.86235 6.828851
21.893641 6.309325
21.924937 6.682131
21.957375 6.818147
21.988633 6.905431
22.019948 7.131516
22.051287 7.28459
22.082501 7.50467
22.114833 7.542873
22.146143 7.298774
22.177469 6.293661
22.208802 6.469447
22.240191 6.676126
22.262377 6.892117
22.293655 7.157797
22.32496 7.448366
22.3563 7.646256
22.387571 5.986993
22.420032 6.307672
22.451334 6.688135
22.482487 7.023173
22.513715 7.250303
22.544984 7.8069
22.577419 7.23986
22.608641 6.039642
22.639961 6.313676
22.67119 6.551074
22.702495 6.893248
22.745031 7.520334
22.776267 9.282023
22.807462 7.307041
22.838761 7.617104
22.87009 8.063791
22.902511 8.369241
22.923545 8.627003
22.954755 9.42126
22.986024 0.011312
23.262082 0.015141
23.294433 0.448863
23.539757 1.117894
23.571 2.011444
23.602337 2.795519
23.633606 3.270838
23.665958 3.77879
23.697331 4.095466
23.728569 4.286829
23.759873 4.566781
23.791222 4.877278
23.82369 4.811924
23.85502 4.777463
23.886324 7.095315
23.917588 7.504235
23.94887 7.444276
23.98131 7.230809
24.012657 7.114286
24.043975 7.297556
24.075334 7.129515
24.106856 6.027806
24.19028 5.947484
24.221491 5.996652
24.252704 6.088113
24.284024 6.113002
24.315366 4.980835
24.347857 5.368957
24.379132 6.168087
24.400212 6.255458
24.431476 6.094814
24.462777 6.161125
24.495048 6.297925
24.526299 6.18262
24.55755 4.997544
24.588881 4.867271
24.620215 5.103363
24.652698 5.296728
24.684033 5.529949
24.715348 5.753511
24.746603 5.935823
24.777881 5.135562
24.810243 4.973961
24.841444 5.24173
24.872686 5.448235
24.903956 5.693639
24.935218 6.099165
24.967566 6.082805
24.998758 6.220562
25.03005 6.513133
25.061429 6.856698
25.092763 7.076257
25.125174 7.884263
25.156438 9.918769
25.187719 10.174703
25.21893 6.653326
25.250149 6.92797
25.282465 8.26464
25.313766 9.895621
25.345025 9.64195
25.376328 9.997003
25.40756 7.282327
25.439982 7.352467
25.471272 7.663922
25.502499 8.070144
25.533802 8.478107
25.565058 9.656918
25.597425 10.396263
25.628724 7.042231
25.659933 7.214362
25.691104 7.453588
25.722293 7.843798
25.754592 9.70391
25.785833 10.05174
25.817049 9.930082
25.848262 9.623849
25.879501 9.434487
25.912067 8.73787
25.953531 8.573919
25.984712 8.598372
26.015903 8.387603
26.047178 8.165695
26.079636 8.210686
26.110932 8.459832
26.142198 8.157167
26.173423 7.964847
26.204665 7.852587
26.237051 7.7204
26.268317 7.551836
26.299479 7.372308
26.330738 6.887679
26.362059 6.509913
26.394456 6.47841
26.42573 6.087243
26.456968 6.120573
26.488261 5.916678
26.519665 5.936259
26.552048 6.038597
26.583349 5.809553
26.61454 5.581554
26.645793 5.53108
26.677163 5.523858
26.709657 5.443013
26.740898 5.386101
26.772417 4.744656
26.803722 4.672253
26.835048 4.727164
26.867522 4.804266
26.898806 4.934974
26.930091 4.786949
26.961317 4.794607
26.992519 4.525532
27.055367 4.67321
27.086664 4.434071
27.158711 4.479932
27.189986 4.404048
27.23144 4.334169
27.263842 4.514741
27.295132 4.678257
27.326333 4.620387
27.388273 5.006768
27.419667 4.618386
27.472585 4.49899
27.50397 4.134974
27.555749 4.132798
27.587011 4.263333
27.618341 4.18214
27.650824 4.257415
27.682079 4.272122
27.713332 4.038205
27.775151 4.09094
27.806432 4.058133
27.838834 4.000002
27.870174 4.006354
27.901451 4.050736
27.9327 4.136714
27.984443 4.348876
28.017008 3.697946
28.129996 3.66244
28.161229 3.58499
28.192553 3.65835
28.22385 3.567237
28.266291 3.622236
28.29752 3.66801
28.328667 3.555054
28.380293 3.377702
28.411512 3.463593
28.443729 3.261874
28.474921 1.474862
28.506099 1.467291
28.537333 1.552486
28.568475 1.603046
28.600868 1.761428
28.632071 2.232047
29.845715 2.497901
29.887121 2.685523
29.918347 2.84138
29.950616 3.111673
29.981762 3.643208
30.012884 4.274646
30.044062 4.800002
30.075336 5.189777
30.107596 5.231809
30.138796 5.159406
30.169945 5.038357
30.201151 5.20431
30.232334 5.517331
30.264687 5.723227
30.295865 5.964019
30.327045 6.070622
30.358252 6.315765
30.389435 6.618343
30.421682 6.819279
30.453003 6.975224
30.484144 7.093836
30.5153 7.272841
30.546462 7.343591
30.578783 8.332257
30.610012 8.724904
30.641221 8.547725
30.662184 8.007923
30.693367 8.009489
30.72562 8.442254
30.756836 8.379162
30.788223 8.029417
30.819458 8.057613
30.850703 7.93552
30.882971 6.175919
30.914147 6.045472
30.945307 8.276736
30.976466 8.463139
31.007739 8.607162
31.039956 8.56687
31.071106 8.313112
31.10225 7.505801
31.133433 6.066358
31.164674 6.393128
31.196992 6.390953
31.22841 6.470404
31.259799 6.771503
31.290973 7.335498
31.322129 8.019236
31.354347 8.054567
31.38554 6.654719
31.416715 6.789256
31.448009 7.007248
31.479178 7.199829
31.511686 7.45411
31.543015 7.316266
31.574204 7.351597
31.605361 6.715112
31.636618 6.45213
31.668977 6.648888
31.70028 7.026393
31.731599 7.309565
31.762939 7.411817
31.794193 7.552446
31.816409 7.738065
31.847683 7.886961
31.878872 5.721312
31.910161 6.15808
31.941423 6.509304
31.973735 6.912132
32.004984 7.462464
32.03627 8.698884
32.067548 7.998263
32.098717 6.049214
32.131009 6.473276
32.162317 6.828155
32.193572 6.913872
32.224996 7.13491
32.256491 7.230026
32.288826 7.295206
32.320071 7.31322
32.351364 7.347159
32.38255 6.514177
32.413924 6.619997
32.446174 6.674734
32.477417 6.816146
32.508746 6.438032
32.540097 6.450824
32.571335 6.185405
32.603661 6.281217
32.624636 6.143286
32.655946 6.120486
32.687131 6.245886
32.718338 5.921726
32.750648 6.146767
32.781929 6.351444
32.813249 5.78014
32.88525 5.983947
32.916467 6.213861
32.948782 6.02859
32.980026 5.051933
33.214958 5.856807
33.246188 5.863682
33.277417 5.615057
33.309722 4.189363
33.504144 4.26925
33.535336 4.067357
33.576687 4.139238
33.60814 4.239575
33.640424 4.233136
33.671644 3.295552
33.702729 3.233505
33.733838 3.481085
33.765029 3.654086
33.797465 3.907061
33.818376 4.350007
33.849861 4.452085
33.881213 4.303972
33.912484 4.494987
33.945041 4.407442
33.976312 4.303189
34.007519 4.44112
34.038732 4.565737
34.069899 5.154794
34.102162 0.095986
34.377309 0.670423
34.408496 1.446057
34.439707 2.097162
34.470946 2.665507
34.503216 3.116894
34.534388 3.509019
34.565442 3.979116
34.596564 4.508998
34.627702 4.759536
34.660049 4.954729
34.691224 5.111805
34.722349 5.30047
34.753472 5.429177
34.784566 5.51559
34.816777 6.790648
34.848023 7.296773
34.869073 7.567762
34.900332 7.731451
34.931555 7.879129
34.9638 7.719355
34.994943 7.416255
35.026137 7.034573
35.057307 6.975746
35.088403 6.510261
35.120612 6.143547
35.161992 5.827741
35.203303 5.683805
35.234492 5.542829
35.26566 5.534126
35.297954 5.341632
35.32932 5.04297
35.360495 5.211185
35.391725 5.217276
35.42294 5.057241
35.465323 5.212403
35.496433 5.07804
35.527644 5.152357
35.558907 5.169762
35.590122 5.150008
35.622353 5.35512
35.653472 5.452412
35.684818 5.304299
35.716069 5.370697
35.74717 5.486003
35.779386 5.691028
35.811706 4.614557
35.844131 5.019299
35.876494 5.220322
35.908687 5.2768
35.941087 5.407943
35.973449 5.520464
36.005872 5.616363
36.038188 5.719398
36.070531 5.815732
36.102889 0.010181
36.511955 0.013575
36.543139 0.152637
36.828923 0.334689
36.860139 0.783727
36.891288 1.184293
36.923482 1.497488
36.954564 1.917721
36.985629 1.942174
37.016799 2.066529
37.047992 2.197064
37.080251 2.302361
37.111449 2.429153
37.142596 2.673252
37.173763 2.82502
37.205004 2.853999
37.237417 2.970783
37.268627 3.102101
37.299825 3.225151
37.330974 3.262919
37.362148 3.274493
37.394303 4.039597
37.425357 5.080825
37.456743 5.08796
37.487929 5.283327
37.519172 5.50654
37.551405 5.257655
37.582719 5.254348
37.613783 5.342937
37.644913 5.334061
37.676054 0.204242
38.074633 0.442858
38.105817 0.902687
38.136984 1.433265
38.168188 1.987426
38.199343 2.179659
38.231445 2.417579
38.262523 2.599283
38.293583 2.79639
38.324701 2.967389
38.355937 2.962864
38.388267 2.631133
38.490783 2.787078
38.521909 2.987666
38.553158 2.996629
38.584279 2.975395
38.616487 3.079997
38.647545 3.078778
38.688857 0.179179
39.279803 0.641967
39.310947 1.370608
39.343224 1.788405
39.374459 2.039465
39.405655 2.387818
39.436839 2.795519
39.468039 3.146917
39.500233 3.389711
39.531348 3.499621
39.562565 3.76739
41.652361 5.106322
41.68357 5.217276
41.715858 5.205702
41.747095 4.742567
41.77826 4.62439
41.809469 4.868228
41.840628 5.056893
41.872864 5.342241
41.904171 5.670839
41.935321 5.372177
41.966516 4.737085
41.99771 4.939935
42.019904 5.164453
42.051086 5.331102
42.082272 5.624369
42.113547 5.910935
42.144674 5.385056
42.176952 5.233463
42.208167 5.429438
42.239443 5.439184
42.27056 5.63368
42.301741 5.862985
42.334013 5.937477
42.365478 6.090637
42.396678 6.157122
42.427933 6.386862
42.4592 6.445255
42.491507 6.615123
42.522813 5.640903
42.55408 5.948355
42.575132 6.088113
42.606457 6.341176
42.638762 6.391562
42.670064 6.381293
42.701282 6.362148
42.732494 6.362409
42.763665 6.343699
42.795869 5.492442
42.826986 5.304038
42.858215 5.64012
42.889461 6.077584
42.920634 6.315678
42.952853 6.39922
42.983963 6.606856
43.015017 5.983077
43.046284 4.920268
43.077402 5.254
43.109635 5.383838
43.140823 5.631766
43.161789 5.804941
43.193129 5.906149
43.224253 6.116744
43.256494 6.32264
43.287592 6.240403
43.318698 5.959146
43.350006 6.249541
43.381326 4.522573
43.617204 4.622824
43.648433 4.674602
43.679702 4.62204
43.711442 4.597761
43.742714 4.54137
43.775138 4.086154
43.806422 4.218081
43.83765 4.511086
43.868897 4.684436
43.900211 4.935671
43.932657 5.023303
43.963933 5.065422
43.995142 4.376723
44.077312 4.589146
44.108566 0.223039
44.375727 0.721331
44.406964 1.408376
44.438293 2.000305
44.469489 2.512608
44.50065 3.06442
44.533001 3.580291
44.564183 4.110521
44.595342 4.389516
44.626478 4.695227
44.657639 4.885284
44.689956 5.028263
44.721271 5.12451
44.75253 5.314916
44.783845 6.027806
44.815148 6.277736
44.847586 5.56032
44.878906 5.235029
44.910176 4.998849
44.941476 4.792866
44.972699 4.633702
45.005026 4.51126
45.036279 4.417102
45.067483 4.235311
45.098578 4.16491
45.129748 3.970414
45.162059 4.37011
45.193291 4.924184
45.224447 4.943242
45.255652 4.901471
45.286919 5.184556
45.319334 5.056632
45.350562 5.005115
45.381723 5.190473
45.412925 5.326577
45.444163 5.193171
45.476533 5.266444
45.50778 5.338325
45.539056 5.468511
45.570342 5.740805
45.601639 5.875517
45.634038 5.940958
45.665316 5.915373
45.696566 5.954794
45.727702 6.031897
45.758748 5.949399
45.791032 5.97333
45.822196 5.711392
45.853296 4.909129
45.884461 4.927926
45.91565 6.522009
45.947917 6.527404
45.979128 6.567348
46.010198 6.570132
46.041301 6.662812
46.072582 6.65759
46.104832 6.685003
46.135918 5.940436
46.167094 6.723293
46.198367 6.915874
46.229668 6.972613
46.261945 6.954512
46.293121 6.923097
46.324301 6.920747
46.355656 6.96539
46.386822 6.767674
46.419059 7.161713
46.450361 7.522684
46.481596 7.492487
46.512784 7.606139
46.54392 7.653305
46.576169 7.875909
46.607359 8.068491
46.638523 7.572809
46.669692 7.869731
46.700894 8.134976
46.733154 8.090595
46.764333 7.81421
46.795766 7.948573
46.826879 7.997567
46.858066 7.724838
46.890318 7.885395
46.921463 7.911589
46.952629 7.395195
46.983832 7.152576
47.015033 7.204703
47.047273 6.815885
47.078562 6.733039
47.109804 6.752793
47.141081 6.652804
47.162186 6.375463
47.194574 6.007617
47.22583 6.193759
47.257103 6.355534
47.288368 6.261202
47.319644 6.210554
47.352051 6.281739
47.383256 5.807291
47.414504 6.131016
47.445772 6.360669
47.477008 6.216037
47.509413 6.39278
47.54067 6.407052
47.571967 6.446125
47.60315 6.614253
47.634406 6.455698
47.666798 6.323684
47.698082 6.412534
47.729344 6.911262
47.760573 6.838685
47.791858 6.917876
47.824178 6.927013
47.855384 7.02004
47.886643 5.972895
47.917904 5.587384
47.949198 6.118136
47.981735 6.493813
48.013006 6.535497
48.044315 6.530711
48.075614 6.515569
48.107021 6.557862
48.139469 6.592758
48.170776 6.384948
48.202056 6.914569
48.233354 7.239425
48.25446 7.245777
48.286871 7.393455
48.318161 7.469948
48.349544 7.771308
48.380924 7.868164
48.412303 7.125425
48.444697 7.247953
48.476127 7.531038
48.507423 7.446626
48.538724 7.483175
48.570051 4.907475
48.827073 4.672949
48.858327 4.429633
48.889588 4.378203
48.92085 4.243665
48.952181 3.218624
48.984476 2.811706
49.015741 2.590842
49.0469 2.80309
49.078142 2.949028
49.109341 3.037965
49.141725 3.166323
49.173023 1.911194
49.255203 2.134146
49.286531 4.125227
49.592895 3.993388
49.62512 3.969109
49.6563 3.929426
49.687579 3.790973
49.718759 3.998609
49.749945 4.064311
49.772025 4.113827
49.803305 4.275342
49.834437 4.480977
49.865554 5.112414
49.896941 5.441795
49.929392 5.319963
49.96051 5.524032
49.991853 5.835921
50.023113 5.818604
50.044146 5.517418
50.076475 5.642818
50.107839 5.907802
50.139078 5.78336
50.170331 6.074277
50.201611 6.448562
50.234029 6.444994
50.265233 6.454566
50.296411 6.536629
50.327581 6.689267
50.358851 6.820671
50.391221 7.082175
50.42248 7.316701
50.453687 7.302951
50.484863 7.551227
50.51607 7.609097
50.548402 6.729123
50.579585 6.511827
50.610749 6.946593
50.641935 7.033442
50.673167 7.055371
50.705481 7.081826
50.736672 7.044842
50.767908 6.992715
50.799074 7.049193
50.830319 7.655133
50.862665 8.226611
50.883729 8.106694
50.914987 7.837097
50.946252 7.696207
50.977474 7.512415
51.009866 7.474908
51.041197 7.373005
51.072521 7.328275
51.103755 7.356557
51.135063 7.12264
51.167427 6.952946
51.198723 6.640534
51.229976 6.54916
51.261139 6.738522
51.292414 7.048149
51.324722 7.255959
51.356034 7.311044
51.387305 7.206965
51.41862 6.957819
51.44995 6.612513
51.482371 6.329689
51.513686 6.401569
51.544981 6.179748
51.576231 5.971851
51.60756 5.72984
51.640109 6.161386
51.67135 7.029613
51.702694 7.045364
51.734007 6.736085
51.765332 7.222368
51.79779 7.293031
51.829118 7.538957
51.86039 7.684198
51.891634 7.440882
51.922886 7.375963
51.955241 7.546615
51.986596 7.849106
52.017829 7.756166
52.049115 7.829613
52.080455 7.766261
52.112896 7.58273
52.144268 7.50876
52.175698 7.179988
52.207004 7.301385
52.238349 7.221063
52.270827 7.37022
52.302164 6.946071
52.333503 7.049889
52.364835 7.180249
52.396248 7.220715
52.428723 7.135345
52.460098 7.046756
52.491395 6.422803
52.532965 7.185732
52.564299 7.559843
52.596716 7.489441
52.62802 7.511284
52.659285 7.624152
52.690552 7.31148
52.721815 7.027437
52.754173 7.492052
52.785468 7.545745
52.816792 7.460811
52.848066 7.473951
52.879393 7.493096
52.911789 7.399982
52.943125 7.25448
52.974456 7.287635
53.00572 7.24569
53.037076 7.015776
53.069523 6.870796
53.100874 6.447517
53.132207 6.648453
53.163453 6.544809
53.194738 6.169654
53.227152 6.09464
53.258409 6.322814
53.289661 6.074538
53.320974 5.780488
53.352315 6.041208
53.374484 6.139022
53.405772 5.96106
53.437023 6.263551
53.468318 6.444559
53.499641 6.289049
53.532056 6.235617
53.563385 6.389908
53.594684 6.252412
53.626019 6.278519
53.65732 3.856066
53.832767 3.950486
53.864059 3.980073
53.895338 4.147679
53.926789 3.979725
53.958142 3.956403
53.990531 4.05996
54.021825 3.887046
54.053153 2.757316
54.309037 3.07991
54.340334 3.683761
54.372789 3.749028
54.404141 3.7861
54.435375 3.795063
54.466655 3.712217
54.498172 3.741979
54.530497 3.805071
54.623026 0.114347
54.970616 0.338083
55.001907 0.718721
55.033236 0.990493
55.065652 1.242946
55.097023 1.563886
55.128347 1.721745
55.159723 1.885609
55.191068 2.081236
55.223489 2.256935
55.25479 2.470837
55.286098 2.667944
55.317419 2.837638
55.348676 2.962081
55.381155 3.082346
55.412496 0.020624
55.678693 0.158381
55.985666 0.284303
56.016998 0.421016
56.049386 0.754748
56.080732 1.19256
56.112108 1.632373
56.143435 1.999609
56.174772 2.222387
56.207222 2.474231
56.238601 2.662897
56.26996 2.717547
56.301344 2.908823
56.332786 3.15562
56.365266 3.385447
56.396693 3.380051
56.428067 6.028764
56.45937 6.357362
56.490684 6.388255
56.523121 6.441948
56.554377 6.29662
56.585773 6.317418
56.617198 6.412273
56.648581 6.472667
56.681116 6.393824
56.712441 6.641926
56.743803 6.468664
56.775095 5.321094
56.806351 5.159406
56.838712 6.029286
56.870033 6.008226
56.901351 6.030765
56.932668 5.928165
56.964034 5.823303
56.986197 5.86081
57.017402 5.330406
57.048579 6.777769
57.07987 6.936324
57.11114 6.978704
57.14354 6.995065
57.17483 7.013949
57.206142 7.02648
57.237461 6.782729
57.268753 6.487113
57.301123 5.893965
57.33241 6.168348
57.363743 6.377116
57.395058 6.155034
57.426424 6.338826
57.45885 6.927709
57.490226 6.715983
57.521539 6.669338
57.552867 6.626871
57.584249 6.527143
57.616743 6.736694
57.648076 6.958863
57.679368 6.958428
57.710651 6.852695
57.741932 6.855567
57.77426 6.81545
57.805594 6.846517
57.836874 6.778639
57.868169 6.767848
57.89948 7.036923
57.931938 6.948246
57.963303 6.954338
57.994623 6.975485
58.025933 6.89525
58.057291 6.937369
58.089735 6.907346
58.121009 6.925795
58.152322 6.986972
58.183654 6.938065
58.214961 6.598937
58.247387 6.695184
58.278721 6.878367
58.310021 6.945201
58.341304 6.716418
58.372572 6.39043
58.405033 6.405485
58.436352 6.003179
58.467561 6.143634
58.498864 6.292704
58.530197 6.482501
58.562668 6.85783
58.583831 6.98906
58.615179 6.996109
58.646472 6.495815
58.677796 6.879498
58.710176 6.853218
58.74148 6.639751
58.772802 6.697186
58.804077 7.14779
58.835417 7.070513
58.857631 6.732865
58.888893 6.654893
58.920201 6.198458
58.951497 6.107519
58.982757 4.112435
59.168289 4.032548
59.199518 4.050301
59.230884 4.046733
59.262214 4.115655
59.293541 4.083805
59.32599 4.147679
59.357289 3.981553
59.388536 4.031069
59.419829 3.869903
59.451151 3.953793
59.483555 3.887568
59.514845 3.94918
59.54611 4.056566
59.577436 4.227479
59.598654 4.388993
59.63106 4.504212
59.662343 4.512479
59.693591 4.976745
59.724856 6.110391
59.756149 6.120312
59.788513 0.243402
60.07489 0.301011
60.106221 0.700794
60.137448 1.070902
60.168805 1.40533
60.201305 1.675275
60.232579 1.87769
60.263996 2.018928
60.295335 2.156511
60.326681 2.340825
60.359137 2.461352
60.390445 2.545155
60.421763 4.483674
60.453057 6.335258
60.484397 6.138064
60.51685 6.012229
60.548205 5.894662
60.579463 5.666227
60.610692 5.666314
60.631817 5.79154
60.664209 5.783447
60.695463 5.759863
60.726746 5.846712
60.758108 5.719833
60.789411 5.890485
60.821802 6.328644
60.853099 6.237792
60.884406 6.052347
60.915817 6.065139
60.947146 5.92512
60.979516 5.727491
61.010781 5.610184
61.042073 5.387145
61.07335 5.125815
61.104712 4.95995
61.13723 5.178899
61.168543 5.401242
61.199874 5.396195
61.231084 5.476865
61.26239 5.739587
61.294861 5.410989
61.336398 5.336323
61.36769 5.162452
61.399029 4.655892
61.430366 4.566346
61.462781 4.70741
61.494074 4.867706
61.525367 5.179421
61.556609 5.466945
61.587954 5.807639
61.620348 5.793802
61.651747 5.298469
61.683085 4.57966
61.714337 4.702972
61.745689 4.775897
61.778092 4.763714
61.809431 4.819843
61.840773 4.900687
61.872133 5.600873
61.90344 5.521769
61.935932 5.539783
61.967302 4.688091
61.998657 4.648844
62.040289 4.712892
62.071633 4.831939
62.10405 4.831243
62.135412 4.876843
62.156483 4.692268
62.198072 4.5177
62.229427 4.48089
62.261864 4.549028
62.293187 4.251759
62.385808 4.757883
62.417102 4.554859
62.44843 4.29936
62.480812 4.288569
62.512147 4.513088
62.543444 4.401003
62.574792 4.472796
62.606163 4.527621
62.638602 4.478192
62.669886 4.566085
62.7012 4.409096
62.732576 4.303798
62.763912 4.351835
62.796384 4.309803
62.827714 3.40494
62.879479 3.429393
62.910796 3.546613
62.942141 3.654608
62.974623 3.897924
63.005934 4.017928
63.037253 3.995302
63.068657 4.040032
63.100041 4.102166
63.132419 3.989646
63.174011 3.974852
63.205338 3.730057
63.236598 3.605266
63.267991 3.56132
63.290119 3.619799
63.32143 3.660178
63.352787 3.658785
63.38416 3.520941
63.435975 3.472383
63.46848 3.642425
63.499832 4.305452
63.531125 4.403526
63.562479 4.25872
63.593818 4.088156
63.626278 4.205201
63.657561 4.032113
63.688873 4.11026
63.720242 3.898968
63.741384 3.796455
63.773876 3.912022
63.805211 3.987557
63.836459 3.891484
63.867817 3.89218
63.929912 3.837704
63.962378 3.842926
64.014103 3.887046
64.045436 3.732668
64.158413 3.595781
64.189724 3.629981
64.222142 3.878605
64.253501 3.914023
64.284888 3.994519
64.316263 4.05091
64.347628 3.821518
64.380109 3.318352
64.411434 4.623346
68.439221 0.060828
69.063058 0.176917
69.094313 0.675296
69.126726 1.325879
69.158072 1.815295
69.189366 2.186273
69.220697 2.441685
69.25204 2.604417
69.284671 4.883892
69.336477 4.957165
69.367773 4.957687
69.399109 4.922182
69.43041 4.734996
69.462926 2.896727
69.627121 2.972959
69.65838 2.903341
69.689672 2.839031
69.72103 2.802568
69.753516 3.030655
69.784859 3.210183
69.816134 3.826304
69.847447 3.957622
69.878802 3.865987
69.911305 3.855892
69.942677 4.076843
69.973997 4.181879
70.005355 4.214078
70.036709 4.914785
70.069229 0.120961
70.325412 0.402915
70.356742 0.803481
70.388081 1.221364
70.419351 1.427434
70.451839 1.745938
70.483178 2.035375
70.514471 2.352486
70.545786 2.622257
70.577118 2.741478
70.609584 2.781161
70.64088 2.928055
70.672219 3.818559
70.70351 5.430221
70.734877 5.794585
70.757078 5.764998
70.788367 5.457372
70.829819 5.714176
70.861132 5.846538
70.89241 6.021541
70.92485 5.940175
70.956204 5.886917
70.987479 5.79093
71.01882 5.392018
71.050138 5.402809
71.082553 5.334757
71.113823 5.243209
71.145138 5.187253
71.17643 5.020953
71.207799 5.017385
71.240203 4.674254
71.271542 4.702624
71.302873 4.804788
71.334075 4.804179
71.365375 4.825761
71.397762 5.096402
71.429051 5.012512
71.460374 4.987971
71.491716 4.925924
71.52303 4.855784
71.555408 4.523966
71.576492 4.282042
71.607835 4.258024
71.63919 4.083108
71.670529 4.046472
71.702963 4.218255
71.734313 4.228785
71.765684 4.336519
71.796967 4.356186
71.828207 4.164127
71.860669 3.972851
71.892106 3.86764
71.923431 3.919941
71.954746 3.801155
71.986075 3.774874
72.018522 3.676712
72.049906 3.551225
72.081218 3.679845
72.112532 3.669402
72.143907 3.623628
72.176424 3.806637
72.207788 3.607964
72.239132 3.466639
72.270426 4.130797
72.301816 4.437726
72.33439 4.494552
72.365777 4.553554
72.397115 4.590886
72.428419 4.490984
72.490451 4.572786
72.522934 4.467923
72.554262 4.335997
72.585577 4.291093
72.617038 4.214426
72.648364 3.698642
72.680842 4.422758
73.120915 4.545722
73.15222 5.191779
73.183574 5.102319
73.214872 5.035747
73.247383 5.080476
73.278729 4.900513
73.310064 4.772068
73.341348 4.516134
73.372631 4.564344
73.405357 4.54137
73.436744 4.54781
73.468069 4.630134
73.499403 4.62761
73.530707 5.008335
73.563261 5.045493
73.594544 5.307693
73.625857 5.283327
73.657145 4.420409
73.688484 4.377681
73.720905 4.407268
73.752242 4.443731
73.783535 4.382902
73.814864 4.623085
73.84625 5.011554
73.878648 5.067336
73.910016 5.038096
73.941303 4.958645
73.972635 4.968565
74.004011 4.954555
74.036414 5.735323
74.067753 5.809814
74.099026 6.137629
74.13031 6.113698
74.16165 6.089158
74.194097 6.1338
74.225342 6.141023
74.256652 5.926599
74.287958 5.943307
74.319268 5.957927
74.351755 5.952967
74.372856 5.927121
74.404182 5.899013
74.435507 5.954446
74.466803 5.904582
74.499136 5.830091
74.530481 5.797109
74.561687 5.874211
74.592977 5.914416
74.624297 5.827567
74.656692 5.789886
74.688042 6.012665
74.719334 5.94235
74.750671 6.04173
74.782006 6.189669
74.814392 6.104212
74.845698 5.769349
74.877079 5.867249
74.908479 6.084545
74.939788 6.02128
74.972188 6.222563
75.00347 6.220649
75.034763 6.215689
75.066074 6.030765
75.097402 5.552227
75.129877 5.533256
75.161253 5.147484
75.192555 5.12216
75.223929 4.784251
75.255242 4.781553
75.287757 5.012773
75.319086 4.852477
75.350427 4.987449
75.381728 4.937324
75.413053 5.023128
75.445439 4.510564
75.476726 4.489505
75.508107 4.601242
75.539425 4.576354
75.570785 4.685045
75.603127 4.761799
75.634397 4.614905
75.665683 4.819495
75.696991 5.097881
75.728359 5.129296
75.760646 5.030786
75.791931 4.990321
75.82313 4.723074
75.874776 4.797739
75.906149 4.793736
75.938624 4.69366
75.969889 4.697228
76.001205 3.938128
76.236876 4.118005
76.268204 4.194933
76.300604 4.395955
76.331908 4.18945
76.414327 4.917918
76.445782 4.07954
76.548704 3.721616
76.621982 3.780182
76.653305 3.591343
76.684617 3.555315
76.715985 3.532602
76.74731 3.556098
76.779714 3.719353
76.811114 3.681933
76.84242 3.515894
76.873731 3.683848
76.905097 3.876777
76.937493 3.97024
76.968854 4.092594
77.000197 4.901993
77.031454 5.202134
77.062753 5.17246
77.136032 5.156273
77.167379 5.124858
77.198735 5.174809
77.230052 5.190038
77.261426 5.100144
77.293967 5.054805
77.325326 5.374439
77.356616 5.747332
77.388002 5.84062
77.419294 6.154599
77.451768 6.408096
77.48309 6.538282
77.514356 6.613296
77.545604 6.756883
77.57685 6.853392
77.609286 6.864531
77.640573 6.893509
77.671948 7.048584
77.703242 6.884372
77.73453 6.634877
77.766996 6.33082
77.798282 6.086199
77.82954 5.828002
77.860833 5.735845
77.892257 5.667445
77.924652 5.847582
77.956002 5.860201
77.977114 5.808596
78.008387 6.043732
78.039641 6.321247
78.072002 6.426284
78.103215 6.703016
78.13445 6.776202
78.165873 6.880543
78.197218 6.463965
78.229672 6.411403
78.26098 5.400372
78.302539 5.514372
78.333913 5.508019
78.365377 5.43492
78.397759 5.571285
78.429001 5.620105
78.460348 5.725837
78.491702 5.814601
78.523076 6.13467
78.555428 6.339087
78.586712 6.489027
78.617991 6.617386
78.639194 6.419844
78.670435 6.39365
78.702886 6.399394
78.734184 6.398001
78.765439 6.350748
78.796624 6.389995
78.827945 6.371459
78.860191 6.292008
78.891588 6.164171
78.92292 5.898752
78.95424 5.76726
78.985516 5.756208
79.017908 5.61906
79.049243 5.583555
79.08055 5.561974
79.111859 4.857611
79.17383 4.875625
79.206297 4.854826
79.237594 4.601068
79.268865 4.771285
79.300202 4.945243
79.331476 4.961342
79.363848 5.229372
79.395167 5.433267
79.426431 5.363126
79.457725 5.62959
79.489011 5.849149
79.521488 5.908498
79.552723 6.100209
79.584102 6.448823
79.615355 5.630286
79.718211 5.161147
79.78126 5.164541
79.812497 5.219626
79.843796 0.020885
80.099821 0.010703
80.376273 0.372631
80.40879 0.886849
80.440132 1.352682
80.471425 1.947047
80.502745 2.272599
80.534121 2.340129
80.566501 2.684478
80.597849 3.018646
80.629182 3.192952
80.650299 5.179857
80.681634 6.815972
80.714077 7.068425
80.745355 6.903865
80.776777 7.024391
80.808331 7.040404
80.839712 7.00951
80.872221 6.983491
80.903568 7.016646
80.934905 7.06068
80.966258 7.216625
80.997684 7.18869
81.0301 7.429569
81.061439 7.333322
81.092755 7.222977
81.124112 7.151532
81.155487 7.338805
81.188048 7.554447
81.219361 7.565934
81.250625 7.539218
81.281925 7.528601
81.313263 7.650955
81.345699 7.590997
81.377044 7.15188
81.408354 6.789691
81.439676 6.666641
81.471045 6.537934
81.503467 6.393389
81.534824 6.328383
81.566145 6.327165
81.597446 6.60059
81.628781 6.641143
81.661164 6.687178
81.682322 6.660462
81.713649 6.696316
81.744962 6.814754
81.776323 5.908933
81.829143 5.664051
81.860503 5.342589
81.902096 5.391061
81.933341 5.427523
81.964645 5.30778
81.997086 5.132864
82.028407 5.186731
82.059691 5.116852
82.091035 4.745874
82.122375 4.939239
82.154801 4.919919
82.186119 4.634746
82.217377 4.900949
82.248679 5.109803
82.280019 5.622977
82.312439 5.722357
82.343763 5.82252
82.375059 5.849149
84.453545 7.077388
84.484867 7.189474
84.517323 6.814579
84.548635 7.238032
84.579948 7.531038
84.61123 5.302994
84.73453 5.042883
84.766882 5.076909
84.798173 5.494879
84.829491 5.648213
84.860807 5.312653
84.892208 5.348681
84.924572 5.216319
84.95587 5.167238
84.987225 5.075429
85.018536 5.080738
85.049879 5.155925
85.08236 5.44458
85.113727 5.655784
85.145024 6.443514
85.176346 7.136912
85.207691 6.959124
85.240063 1.166105
85.475425 1.077342
85.506675 1.273143
85.537982 1.974285
85.569249 2.56195
85.601749 3.033004
85.633119 3.407202
85.664417 3.786013
85.695683 4.137672
85.726898 4.402221
85.759211 8.93254
85.790472 8.970569
85.821698 8.544157
85.852964 8.181794
85.884299 7.749726
85.916739 7.31557
85.937856 6.979662
85.969117 6.453174
86.000355 6.372939
86.031671 6.3618
86.064038 6.470839
86.095347 6.491464
86.126586 7.319051
86.157888 7.807248
86.189276 8.377857
86.221682 8.831855
86.253005 7.364302
86.284362 5.423433
86.448274 4.807921
86.510176 4.71646
86.532316 4.728295
86.563538 4.782859
86.594911 4.734561
86.626155 4.08746
86.728894 4.308062
86.761225 4.927403
86.792516 5.530645
86.823846 5.659787
86.85511 5.844449
86.886389 5.933648
86.918933 5.850454
86.950265 5.83653
86.9816 5.886394
87.012942 3.594563
87.044344 3.651214
87.076838 3.69168
87.108264 5.170632
87.139596 5.824521
87.170898 6.181576
87.202194 5.910326
87.234722 5.910413
87.266131 6.197849
87.29746 6.382859
87.328749 6.439685
87.360131 6.101515
87.392498 5.826523
87.423764 6.156774
87.454973 7.008988
87.486271 7.325316
87.51757 7.281283
87.549983 7.499188
87.581278 7.795326
87.612615 7.747464
87.633704 7.745984
87.665006 6.218822
87.69756 6.250672
87.728863 6.424891
87.760389 7.006987
87.791589 8.079282
87.822975 7.944831
87.855356 7.951706
87.876372 7.992781
87.907929 7.688723
87.939183 7.220367
87.970505 6.4986
88.002801 6.662725
88.034126 6.687526
88.065356 6.893509
88.096656 6.811882
88.12792 7.000373
88.160235 7.173548
88.191729 7.069295
88.222995 6.813883
88.254266 6.75027
88.285535 7.164846
88.31796 7.487701
88.349266 7.474038
88.38051 7.539566
88.411983 7.557754
88.433092 7.413035
88.465509 6.846778
88.496838 6.628525
88.528142 6.491116
88.559405 6.561691
88.590693 6.231701
88.62304 5.631157
88.654345 5.699034
88.685665 5.703734
88.717065 5.835747
88.748368 5.735149
88.780771 5.459287
88.812111 5.418821
88.843424 4.976571
88.874946 5.014861
88.906247 5.057241
88.938593 5.158971
88.969885 5.521856
89.001166 5.540566
89.032424 5.665705
89.063794 5.803549
89.096168 5.982033
89.127594 5.936955
89.158988 5.891877
89.190327 5.757166
89.22165 5.178116
89.253995 4.436856
89.285315 4.521529
89.31663 5.033832
89.347955 6.08237
89.379281 6.070796
89.411725 6.134932
89.443089 6.212643
89.474445 6.100906
89.505767 4.928535
89.537045 4.931232
89.569453 6.121443
89.600768 7.285721
89.632107 7.226284
89.663388 7.071471
89.694693 6.876888
89.727132 7.016298
89.758511 6.907085
89.789699 5.931559
89.820961 5.59278
89.852302 5.150704
89.956146 5.092225
89.987361 4.854652
90.018661 4.845689
90.049923 4.99824
90.081195 4.887025
90.113571 4.743959
90.144813 4.9348
90.176084 4.814883
90.207324 4.738999
90.238602 4.89799
90.270997 4.929231
90.302321 4.893029
90.323349 4.951509
90.35468 4.958819
90.385996 5.028785
90.418341 5.089266
90.449646 5.235812
90.48093 4.4493
90.512223 0.013923
91.023292 0.010442
91.432909 0.270205
91.464186 0.834983
91.495459 1.084216
91.526708 1.444752
91.557935 1.857762
91.590265 1.986904
91.621439 2.220995
91.652693 2.436289
91.68393 2.64497
91.71526 2.873405
91.747552 3.14274
91.778894 3.371958
91.810154 3.476299
91.841388 3.571153
91.872724 3.639466
91.905189 3.688634
91.93647 3.744155
91.967797 5.46181
91.99906 0.130012
92.448659 0.403698
92.481067 0.924791
92.512327 1.424649
92.543633 1.944872
92.574885 2.234396
92.606252 2.494943
92.638598 2.758361
92.669805 3.031525
92.701085 3.159188
92.732326 3.383706
92.763673 3.501187
92.796345 3.742762
92.827727 3.889744
92.859106 5.329971
92.890439 7.668447
92.921766 7.067381
92.95418 0.244882
93.261104 0.748308
93.292366 1.259567
93.323641 1.671446
93.354969 2.153465
93.387448 2.79169
93.418754 3.181465
93.450023 3.380399
93.481305 3.670881
93.512568 3.95475
93.544924 3.844579
101.290074 3.02787
