2.2e-05 0.010703
0.236731 0.019928
0.26809 0.027325
0.299374 0.033503
0.330649 0.038464
0.362055 0.048645
0.445473 0.053693
0.477936 0.056129
0.509192 0.107212
0.540503 0.107647
0.571833 0.107821
0.603141 0.107908
0.635502 0.112085
0.666779 0.115218
0.698049 0.106428
0.729338 0.115044
0.760631 0.133754
0.792936 0.143326
0.82424 0.147677
0.855571 0.155944
0.886831 0.165604
0.918107 0.17274
0.950433 0.182051
0.981702 0.208506
1.012929 0.210421
1.044127 0.204068
1.075352 0.213814
1.107623 0.20781
1.138874 0.194495
1.170179 0.207462
1.201418 0.203894
1.232727 0.205373
1.265178 0.204503
1.296427 0.227129
1.327687 0.225563
1.35892 0.23792
1.390174 0.241662
1.432628 0.238964
1.464091 0.241488
1.495354 0.253845
1.526594 0.282127
1.557926 0.303883
1.590321 0.328423
1.621552 0.376634
1.652819 0.404394
1.684149 0.444599
1.715451 0.510301
1.747875 0.561993
1.779113 0.598803
1.810373 0.619428
1.841698 0.645273
1.873018 0.702186
1.90533 0.718547
1.936622 0.718808
1.96776 0.800435
1.999034 0.834026
2.030315 0.949244
2.062604 1.030349
2.093834 1.093441
2.125187 1.150528
2.156503 1.246514
2.187878 1.304123
2.220347 1.381051
2.251708 1.475558
2.283092 1.525857
2.304209 1.633852
2.335502 1.746025
2.367915 1.835571
2.399122 1.936517
2.430342 2.140064
2.461551 2.315415
2.492813 2.505124
2.525145 2.693355
2.556585 2.901948
2.587766 3.100186
2.61894 3.330274
2.650193 3.521028
2.682591 3.744677
2.713922 4.023237
2.745159 4.280215
2.776411 4.547462
2.807754 4.825413
2.840072 5.239032
2.871324 5.66292
2.902562 5.966717
2.933857 6.405137
2.965136 6.884546
2.997518 7.005159
3.028701 7.247692
3.05992 7.78323
3.091406 7.942569
3.122747 8.362628
3.1448 8.429287
3.176008 8.637968
3.207139 8.714026
3.238336 8.75162
3.269589 9.063857
3.302033 9.311785
3.333239 9.327797
3.36453 9.314222
3.395796 9.753513
3.416904 9.730974
3.449292 9.433878
3.480656 9.65744
3.511939 7.837271
3.543253 8.189278
3.574513 9.178988
3.606886 8.082762
3.638164 7.321487
3.669394 6.256937
3.700647 5.473819
3.731896 4.7457
3.764282 4.252803
3.795498 4.884762
3.826691 4.192148
3.857954 4.314241
3.889172 4.887373
3.921539 5.693813
3.952903 6.166869
3.984156 6.482675
4.01532 7.151097
4.04671 7.514069
4.079068 8.047953
4.110299 8.71681
4.141586 9.347203
4.17293 9.440231
4.20431 9.443016
4.236757 9.767872
4.268035 10.08272
4.299293 10.053045
4.330649 9.915897
4.36196 7.072428
4.394487 7.767479
4.425817 10.973659
4.457056 11.218628
4.488352 11.278152
4.519669 7.852587
4.552171 8.169785
4.583449 8.365761
4.614694 8.50169
4.645985 8.665119
4.677291 9.402028
4.709673 9.720183
4.740997 9.469035
4.772281 9.293684
4.803538 9.407771
4.834839 8.741873
4.867214 8.796784
4.898505 8.02933
4.929829 7.930386
4.961096 7.790714
4.992447 6.356666
5.10654 7.020998
5.137865 6.578139
5.179386 6.889854
5.210691 7.211403
5.24206 7.789931
5.274539 7.96154
5.305892 7.967283
5.337185 7.000373
5.419558 8.026024
5.450917 4.623259
5.718492 4.50778
5.749893 4.416841
5.781197 4.494813
5.81247 4.456349
5.843872 1.449799
6.01936 1.436311
6.050684 1.371827
6.082069 1.202132
6.113347 2.695095
7.278795 2.610161
7.311307 2.550376
7.342633 2.765758
7.373987 2.756794
7.405281 2.731471
7.436591 2.613555
7.469025 2.642794
7.500342 2.785077
7.552141 3.28041
7.583387 4.440859
7.614708 5.184556
7.647152 5.952184
7.678461 7.107933
7.709799 7.972157
7.741026 8.944201
7.772319 9.480957
7.804699 9.587473
7.836009 8.686701
7.867293 10.267643
7.898539 10.317769
7.929917 8.101037
7.962324 7.657482
7.993649 6.866445
8.025003 6.456394
8.056336 5.331189
8.087636 4.940109
8.12013 4.09329
8.151403 3.733973
8.182657 3.821605
8.203736 4.252194
8.235013 4.786601
8.267426 5.181597
8.298749 5.47234
8.33007 5.868729
8.361361 6.47493
8.392685 7.704474
8.425141 8.093118
8.456482 7.803593
8.48777 7.331321
8.519159 6.770807
8.550496 6.605899
8.582927 6.162083
8.614203 5.801982
8.645483 5.243818
8.676819 4.865704
8.708164 4.968304
8.740456 5.051672
8.771757 5.516635
8.802964 5.654566
8.834337 5.658482
8.865607 5.789625
8.898108 6.078367
8.929441 6.20542
8.960764 6.109521
8.992055 5.732886
9.023368 5.580074
9.055767 5.38436
9.087085 5.170023
9.118442 4.929753
9.149795 4.562256
9.181102 4.231221
9.213512 4.156643
9.244852 4.149768
9.276119 4.253151
9.307376 4.162473
9.338727 4.131232
9.371212 4.214861
9.402541 4.385513
9.43389 4.449909
9.465216 4.434593
9.496506 4.298838
9.528909 4.038901
9.560202 3.923683
9.59151 3.753553
9.622803 3.658959
9.654151 3.435311
9.686504 3.29825
9.717868 3.09627
9.749188 2.920484
9.780505 3.042229
9.81185 3.04162
9.844405 2.978615
9.875708 2.965823
9.907026 3.01473
9.938351 3.007855
9.969736 2.961907
10.002272 3.026826
10.03366 3.041098
10.065031 2.841119
10.096355 2.829458
10.127663 2.593539
10.160142 2.489721
10.19143 2.409747
10.222722 2.330644
10.254112 2.22317
10.285449 2.157555
10.317957 2.157642
10.349282 1.417862
10.462357 1.592342
10.493735 1.909279
10.52509 2.154335
10.557477 2.166693
10.588814 1.404982
10.824349 0.725595
10.855636 0.440596
11.101269 0.178048
11.133691 0.317807
11.164949 0.441727
11.196253 0.515784
11.22755 0.602719
11.258875 0.659545
11.291365 0.714718
11.322682 0.778592
11.354047 1.101882
11.385325 1.400196
11.40647 1.384097
11.438919 1.327358
11.470253 1.279408
11.501615 1.20892
11.532932 1.17646
11.564239 1.123812
11.596556 1.005026
11.62783 0.989971
11.65917 1.000936
11.690468 0.986403
11.721798 0.997107
11.754263 1.041053
11.785531 1.055064
11.816853 1.042793
11.848173 1.067856
11.879434 1.11276
11.911837 1.113543
11.943062 1.115545
11.974342 1.1078
12.005662 1.086653
12.036952 1.084129
12.069411 1.080561
12.100694 1.07621
12.132014 1.077429
12.163331 1.085348
12.194651 1.08909
12.227124 1.090047
12.258445 1.095007
12.289772 1.09814
12.321047 1.100664
12.352338 1.104058
12.384703 1.10954
12.415963 1.107974
12.447246 1.109279
12.478493 1.108409
12.509804 1.102839
12.542057 1.113282
12.573307 1.122071
12.604602 1.116328
12.635862 1.118677
12.667182 1.119199
12.699594 1.119112
12.730931 1.117111
12.762265 1.120244
12.793512 1.118155
12.824803 1.126248
12.857145 1.123116
12.888438 1.130251
12.919696 1.115458
12.951025 1.115545
12.982326 1.118416
13.014812 1.11685
13.046081 1.107016
13.077377 1.116328
13.108658 1.117372
13.139939 1.114674
13.172454 1.11772
13.203657 1.134603
13.234933 1.129033
13.26622 1.131731
13.29754 1.130948
13.329897 1.088306
13.361185 1.086914
13.392466 1.092483
13.423794 1.089699
13.455102 1.089525
13.487519 1.09405
13.51879 1.093615
13.55011 1.093441
13.581432 1.11685
13.612762 1.14374
13.645159 1.146003
13.676496 1.146438
13.707816 1.146177
13.739123 1.130599
13.770443 1.131383
13.802859 1.131644
13.823964 1.123986
13.855245 1.118764
13.886571 1.124682
13.917877 1.128424
13.950349 1.126335
13.981736 1.125987
14.01306 1.140085
14.044403 1.144088
14.075852 1.14287
14.098143 1.142696
14.129475 1.156532
14.160781 1.15279
14.192082 1.152181
14.223453 1.154705
14.2559 1.152877
14.287285 1.153312
14.318588 1.149832
14.34997 1.141912
14.381296 1.139128
14.413766 1.139998
14.445098 1.143392
14.476447 1.145306
14.507734 1.145654
14.539036 1.145045
14.571471 1.145393
14.602893 1.149744
14.634241 1.159665
14.665536 1.133993
14.69686 1.141303
14.729301 1.142783
14.760646 1.139389
14.791989 1.139041
14.823315 1.141912
14.854695 1.14609
14.88719 1.144784
14.918449 1.155836
14.949792 1.164103
14.981049 1.166366
15.0124 1.166018
15.044859 1.166975
15.076212 1.128685
15.107493 1.11685
15.13884 1.133993
15.170136 1.132166
15.202598 1.134254
15.233874 1.136604
15.26517 1.138867
15.296494 0.849864
15.368663 1.046797
15.401036 1.100054
15.432366 0.672686
15.606637 0.4627
15.852237 0.606113
15.883627 0.702099
15.916151 0.442945
16.110797 0.349744
16.142151 0.17944
16.173513 0.233656
16.204852 0.302404
16.237308 0.365321
16.268679 0.41884
16.299977 0.460872
16.331295 0.497248
16.362598 0.733428
16.395025 0.967867
16.42631 0.995627
16.457611 1.018862
16.488929 1.044273
16.520214 1.064201
16.552567 1.087088
16.583902 1.113456
16.615174 1.124856
16.646495 1.156445
16.677823 1.164625
16.710159 1.104841
16.741436 1.087349
16.772707 1.003459
16.803986 1.023474
16.835265 0.944458
16.867666 0.909736
16.898971 0.877885
16.930162 0.780855
16.961377 0.756053
16.992633 0.773458
17.025068 0.757968
17.056392 0.757011
17.087679 0.776852
17.118953 0.789992
17.150301 0.777635
17.182694 0.780159
17.214027 0.822452
17.245379 0.828195
17.27669 0.829588
17.308084 0.822452
17.340535 0.825237
17.361725 0.829414
17.393023 0.831676
17.424293 0.824453
17.455578 0.833852
17.487989 0.831328
17.519256 0.825237
17.550509 0.826803
17.581822 0.828891
17.613109 0.829501
17.645478 0.798782
17.676777 0.803655
17.708132 0.805221
17.739448 0.805221
17.770813 0.805134
17.803356 0.811574
17.834713 0.812531
17.866055 0.810443
17.897421 0.819406
17.918509 0.842641
17.950869 0.839856
17.982217 0.843163
18.013575 0.845252
18.044992 0.840204
18.07632 0.845078
18.10885 0.844295
18.140162 0.825237
18.1613 0.821059
18.1926 0.821146
18.223917 0.820711
18.256371 0.820798
18.287771 0.820711
18.319144 0.825498
18.350536 0.819319
18.382025 0.81784
18.414476 0.838986
18.445854 0.837681
18.477171 0.841423
18.508472 0.845861
18.53981 0.845165
18.572235 0.847166
18.603554 0.846122
18.634936 0.847775
18.666432 0.827934
18.697789 0.830284
18.730217 0.8342
18.761546 0.832111
18.792844 0.833243
18.824139 0.836724
18.855419 0.83742
18.887882 0.838725
18.919159 0.84325
18.95045 0.84969
18.981738 0.852127
19.012992 0.856217
19.045299 0.852388
19.076513 0.845078
19.107777 0.84647
19.139125 0.850908
19.170431 0.842989
19.202902 0.847949
19.223973 0.85378
19.255271 0.853519
19.286528 0.858914
19.317875 0.855085
19.350219 0.864919
19.381519 0.842293
19.412789 0.846557
19.444082 0.849516
19.475316 0.849864
19.507803 0.848298
19.539043 0.850821
19.570294 0.85143
19.601683 0.852736
19.632974 0.836114
19.66534 0.838725
19.696607 0.826368
19.727921 0.84882
19.759207 0.863353
19.790494 0.861264
19.822903 0.863962
19.85425 0.866746
19.885565 0.853171
19.916918 0.848385
19.948241 0.827064
19.980685 0.812618
20.012075 0.811661
20.043381 0.808093
20.074813 0.808354
20.106083 0.807049
20.13844 0.805656
20.169824 0.814707
20.201158 0.827151
20.232406 0.859175
20.263709 0.879887
20.296066 0.877798
20.327371 0.882672
20.358628 0.88476
20.389932 0.885717
20.421189 0.883803
20.453524 0.660067
20.535876 0.829066
20.567205 0.872316
20.598567 0.866137
20.630072 0.864571
20.66249 0.864223
20.693793 0.866746
20.725119 0.6632
20.797086 0.606635
20.828374 0.580615
20.860796 0.579484
20.892034 0.59071
20.923297 0.594452
20.954561 0.588796
20.985864 0.609594
21.018321 0.63457
21.049589 0.753269
21.080984 0.883455
21.11216 0.885456
21.143455 0.888937
21.175815 0.89381
21.20711 0.884847
21.238479 0.87745
21.269767 0.86196
21.301077 0.867007
21.333549 0.879365
21.364782 0.881279
21.396031 0.883194
21.427363 0.880148
21.458647 0.883107
21.491156 0.893288
21.522431 0.89207
21.553754 0.849777
21.585009 0.849342
21.616259 0.848559
21.64864 0.848559
21.679988 0.849777
21.71126 0.852649
21.742591 0.85056
21.773932 0.851778
21.796154 0.855085
21.827445 0.88711
21.858764 0.904601
21.890158 0.90669
21.921529 0.898423
21.954017 0.90025
21.985321 0.900859
22.01659 0.899728
22.047953 0.897552
22.079502 0.899467
22.111965 0.900163
22.143248 0.899815
22.174508 0.89851
22.20579 0.907299
22.237115 0.906951
22.269576 0.902513
22.300889 0.903644
22.332332 0.896943
22.36364 0.890504
22.39496 0.893985
22.427393 0.900511
22.458673 0.89851
22.490095 0.895986
22.521607 0.899728
22.552977 0.902513
22.58544 0.902339
22.61674 0.913739
22.648 0.914522
22.679231 0.914435
22.710535 0.915827
22.743071 0.905646
22.774387 0.901381
22.805719 0.900598
22.837052 0.902339
22.868335 0.902513
22.900685 0.906603
22.932031 0.903992
22.963347 0.901991
22.994698 0.903296
23.026039 0.921571
23.058381 0.924704
23.089671 0.923746
23.120948 0.926183
23.152196 0.924268
23.183499 0.927401
23.215899 0.922354
23.247266 0.921136
23.278536 0.916785
23.309909 0.918351
23.341247 0.91983
23.373777 0.911128
23.405024 0.916262
23.436354 0.919221
23.467686 0.918612
23.49898 0.916088
23.531464 0.918351
23.562802 0.889198
23.59411 0.867878
23.62543 0.833939
23.65675 0.79095
23.678965 0.771631
23.71028 0.733166
23.741567 0.705145
23.77284 0.677037
23.804205 0.658066
23.83663 0.653715
23.867936 0.651539
23.899143 0.65502
23.930542 0.663113
23.961976 0.662939
23.994258 0.655977
24.025487 0.654933
24.056885 0.658414
24.088149 0.651626
24.119392 0.657196
24.1518 0.660241
24.183166 0.658588
24.204182 0.6518
24.235478 0.654933
24.266712 0.652061
24.299155 0.654498
24.330429 0.650147
24.361734 0.648232
24.392984 0.642924
24.424342 0.65006
24.456678 0.652844
24.487933 0.646231
24.519236 0.649189
24.550549 0.653018
24.581799 0.624823
24.61419 0.588622
24.646583 0.555205
24.67891 0.506472
24.701136 0.468269
24.733474 0.434069
24.765927 0.406222
24.798268 0.361231
24.830691 0.333732
24.852923 0.338083
24.885262 0.337387
24.917616 0.33495
24.95001 0.331121
24.982521 0.331469
25.014888 0.33234
25.047163 0.327466
25.07945 0.331643
25.111798 0.324246
25.144153 0.324507
25.176562 0.330686
25.208959 0.321462
25.241225 0.32355
25.27355 0.329381
25.305965 0.32355
25.33842 0.325378
25.370952 0.32503
25.403386 0.326683
25.435868 0.322158
25.468297 0.238355
25.623239 0.284303
25.65446 0.215642
25.777765 0.234004
25.809028 0.199978
25.891411 0.197019
25.923753 0.133057
25.975423 0.10695
26.037384 0.090938
26.068666 0.097813
26.161277 0.108343
26.193728 0.106776
26.225248 0.101294
26.256528 0.10756
26.287883 0.114957
26.319204 0.11661
26.351593 0.129925
26.382924 0.128271
26.414302 0.160295
26.445621 0.155683
26.476975 0.148895
26.509386 0.150114
26.540685 0.150897
26.571993 0.151245
26.60329 0.152899
26.634645 0.149679
26.667223 0.15168
26.698515 0.153508
26.729835 0.154639
26.761107 0.155335
26.792458 0.154465
26.814646 0.154813
26.845965 0.154639
26.877156 0.153943
26.908414 0.154813
26.939718 0.155596
26.972069 0.157424
27.003327 0.155857
27.034597 0.155161
27.065941 0.154726
27.097224 0.15725
27.12967 0.159599
27.160927 0.149505
27.192193 0.147068
27.223555 0.139758
27.254918 0.134972
27.287314 0.120004
27.339019 0.120526
27.370419 0.118525
27.401754 0.116088
27.433055 0.119308
27.465572 0.121135
27.496879 0.118002
27.528124 0.116088
27.559401 0.115218
27.590733 0.122528
27.62317 0.121657
27.654497 0.122702
27.685865 0.119743
27.717252 0.121918
27.748591 0.121135
27.781099 0.118002
27.812381 0.116088
27.843739 0.124442
27.875046 0.123572
27.906405 0.121657
27.938902 0.122702
27.970186 0.117393
28.00146 0.119395
28.032766 0.108169
28.064126 0.103818
28.096487 0.089546
28.137993 0.090068
28.169311 0.069792
28.517166 0.042293
28.783282 0.01636
28.815794 0.028717
28.8471 0.03507
28.878355 0.03916
28.919858 0.042467
28.951198 0.045338
28.983572 0.047862
29.025108 0.086413
29.087083 0.081453
29.128465 0.081801
29.15976 0.077885
29.192125 0.07658
29.233681 0.077798
29.264879 0.078146
29.296222 0.077276
29.327684 0.076754
29.370305 0.084934
29.401591 0.056216
29.494089 0.060654
29.535603 0.060393
29.57706 0.061438
29.619699 0.060741
29.671416 0.059523
29.723151 0.06866
29.764646 0.061612
29.816435 0.058218
29.87941 0.059523
29.910703 0.060741
29.95213 0.063091
30.003814 0.062308
30.04526 0.063787
30.087825 0.06518
30.129262 0.063004
30.201444 0.067007
30.232876 0.060741
30.264246 0.063091
30.306898 0.046557
30.399511 0.04499
30.471704 0.047862
30.503075 0.047775
30.565018 0.04325
30.648674 0.04908
30.690237 0.051865
30.752316 0.046731
30.814359 0.04734
30.866108 0.04325
30.929098 0.03272
31.092975 0.033068
31.134469 0.035766
31.206619 0.035766
31.380708 0.030632
31.464123 0.030544
31.536132 0.035766
31.659137 0.030632
31.731181 0.030544
31.823713 0.023061
31.968222 0.027412
31.999418 0.025845
32.091891 0.026715
32.266227 0.025932
32.36895 0.020537
32.513446 0.026715
32.544758 0.025932
32.6373 0.021581
32.80129 0.021755
32.904149 0.021755
33.069243 0.022016
33.161978 0.017665
33.315722 0.009572
33.469538 0.012183
33.521246 0.014097
33.584274 0.01897
33.779059 0.016186
33.851244 0.012531
33.923411 0.013575
34.005856 0.008354
34.23214 0.006787
34.31453 0.010181
34.42762 0.014271
34.540644 0.013662
34.643431 0.013923
34.706536 0.014445
34.94218 0.009398
35.014284 0.007222
35.249542 0.008615
35.352205 0.010094
35.445729 0.014097
35.548518 0.0067
35.753184 0.009485
35.855919 0.012183
36.111749 0.011574
36.236131 0.008093
36.420526 0.007745
36.543589 0.009398
36.727915 0.011574
36.800071 0.011748
36.914123 0.014184
37.037316 0.015403
37.088999 0.014967
37.304028 0.016447
37.386387 0.01723
37.429038 0.018709
37.562527 0.020537
37.736526 0.021494
37.767789 0.021581
37.900962 0.024888
38.014889 0.023583
38.138079 0.025932
38.240782 0.02454
38.384323 0.027499
38.476881 0.030283
38.570629 0.024366
38.673299 0.030632
38.765799 0.031415
38.848078 0.032285
38.930335 0.029935
39.064805 0.030632
39.09606 0.031415
39.178298 0.032285
39.250501 0.029935
39.332731 0.034809
39.416042 0.036636
39.498313 0.038464
39.549968 0.039421
39.622066 0.040639
39.694135 0.042119
39.757235 0.036636
39.829244 0.038464
39.891172 0.039421
39.953011 0.036723
40.066018 0.030806
40.118897 0.03037
40.160311 0.030893
40.263047 0.023409
40.396348 0.034112
40.427568 0.028108
40.521131 0.030022
40.60336 0.023757
40.726561 0.020015
40.788431 0.021407
40.880941 0.020102
41.086868 0.024105
41.118206 0.023409
41.190285 0.018883
41.344018 0.024192
41.395741 0.027499
41.428015 0.02689
41.520552 0.022016
41.602929 0.029239
41.746288 0.029674
41.777593 0.029935
41.860931 0.031502
41.932977 0.033416
42.015256 0.033938
42.097565 0.034199
42.17996 0.034461
42.273678 0.036288
42.335508 0.034199
42.407607 0.036549
42.490152 0.034461
42.552178 0.041944
42.615289 0.041857
42.677209 0.043424
42.749468 0.045164
42.811474 0.044816
42.87347 0.041944
42.946794 0.041857
42.998488 0.043424
43.060365 0.045164
43.122293 0.044816
43.184127 0.044555
43.236863 0.045773
43.298744 0.049167
43.360547 0.050299
43.412147 0.050734
43.463794 0.052213
43.51667 0.052822
43.568322 0.054476
43.619988 0.049167
43.671598 0.050299
43.723294 0.050734
43.775927 0.039595
43.878601 0.0409
43.90989 0.041596
43.941118 0.04177
44.003001 0.042815
44.076189 0.04325
44.189177 0.040726
44.261242 0.040813
44.323183 0.04238
44.385083 0.046557
44.45824 0.044903
44.520147 0.044729
44.582039 0.044381
44.654214 0.046905
44.695691 0.048558
44.758845 0.0409
44.871899 0.044729
44.903218 0.044381
44.93449 0.042728
45.037197 0.034199
45.161422 0.031328
45.264057 0.029935
45.366658 0.029674
45.45911 0.02689
45.551625 0.029935
45.655787 0.035853
45.68709 0.036897
45.779404 0.036984
45.861802 0.029674
46.076796 0.02776
58.383563 0.00583
58.618855 0.006613
58.772672 0.007919
58.926458 0.008702
59.100726 0.008876
59.174053 0.010616
59.460397 0.012009
59.593806 0.012357
59.645481 0.010268
59.880975 0.013662
59.97464 0.013401
60.17946 0.014532
60.343408 0.015403
60.547933 0.013401
60.589448 0.015577
60.764515 0.018274
60.908048 0.017926
61.092349 0.019057
61.123585 0.020363
61.267054 0.01897
61.513389 0.014532
61.728102 0.011835
61.790088 0.015228
61.994715 0.014097
62.240059 0.01488
62.282788 0.015228
62.446348 0.016969
62.610324 0.017839
62.764166 0.019232
62.89765 0.016186
63.073111 0.020537
63.104406 0.02132
63.227579 0.021755
63.371302 0.012357
63.535186 0.012444
63.771872 0.012096
64.007126 0.010268
64.232264 0.014097
64.283874 0.015141
64.478408 0.012531
64.6947 0.012357
64.777012 0.016534
64.818356 0.017491
64.982017 0.017839
65.186604 0.018883
65.218946 0.018709
65.362474 0.019232
65.506132 0.020798
65.670252 0.02132
65.701528 0.018709
65.815558 0.019232
65.938701 0.024192
66.061995 0.02367
66.185105 0.024366
66.298287 0.021581
66.473722 0.024192
66.545862 0.021929
66.658871 0.026628
66.690152 0.027412
66.762394 0.024279
66.85613 0.027238
66.95894 0.028108
67.051668 0.028891
67.144253 0.028543
67.267612 0.020711
67.453209 0.024453
67.484524 0.02219
67.59746 0.021146
67.730901 0.020711
67.905211 0.021929
67.937825 0.022538
68.050965 0.022103
68.174086 0.015664
68.317623 0.01636
68.369422 0.016708
68.555012 0.015664
68.780308 0.016534
68.811638 0.013923
68.996004 0.018448
69.027252 0.013227
69.212806 0.011138
69.315558 0.01227
69.397997 0.013053
69.653921 0.018883
69.705744 0.013662
69.932135 0.016273
70.075728 0.017665
70.117223 0.013662
70.281257 0.020798
70.394344 0.016969
70.63113 0.018187
70.846328 0.021929
70.877739 0.019754
70.980579 0.015577
71.144722 0.020798
71.207901 0.024975
71.331147 0.025845
71.423799 0.024801
71.608086 0.028282
71.639374 0.024975
71.722717 0.025845
71.815293 0.024801
71.907797 0.028282
71.990071 0.032198
72.072432 0.033242
72.166203 0.033764
72.248633 0.03507
72.32082 0.03507
72.403213 0.033503
72.485512 0.033242
72.589491 0.033764
72.631069 0.03507
72.703232 0.03507
72.775418 0.035766
72.857833 0.034635
72.920815 0.040987
72.992989 0.040291
73.065149 0.041248
73.127071 0.042119
73.199239 0.042989
73.262228 0.043946
73.324154 0.043076
73.396264 0.043424
73.447994 0.043772
73.509976 0.043859
73.572911 0.044033
73.624664 0.044729
73.707032 0.043511
73.748556 0.047775
73.800263 0.048906
73.863384 0.049864
73.915151 0.050038
73.977127 0.051517
74.028813 0.053257
74.08057 0.052648
74.133472 0.052039
74.185261 0.052822
74.23701 0.053519
74.288818 0.038986
74.350803 0.03916
74.424067 0.039856
74.506326 0.039856
74.578409 0.039334
74.650551 0.038638
74.722804 0.037941
74.806229 0.039943
74.86812 0.041248
74.929987 0.039334
75.002223 0.038638
75.054049 0.037941
75.137673 0.039943
75.199666 0.041248
75.261686 0.041944
75.344107 0.045338
75.385704 0.045948
75.438599 0.048123
75.500538 0.048123
75.562464 0.048558
75.614168 0.050386
75.676079 0.045338
75.728868 0.045948
75.790825 0.048123
75.842518 0.048123
75.894295 0.048558
75.956335 0.052561
76.009185 0.050473
76.06085 0.05378
76.112578 0.054998
76.154067 0.056042
76.205806 0.055955
76.25874 0.057086
76.310461 0.057435
76.36219 0.059262
76.403662 0.051604
76.680047 0.057435
76.712455 0.059262
76.743758 0.027586
76.948546 0.034461
76.979851 0.039247
77.021412 0.039247
77.064048 0.039334
77.115761 0.042032
77.157254 0.044207
77.198736 0.036462
77.342416 0.059175
77.374886 0.0637
77.406255 0.0637
77.437538 0.064309
77.468815 0.064744
77.510282 0.065354
77.552835 0.055259
77.604557 0.053606
77.635726 0.061264
77.697611 0.065441
77.72891 0.065354
77.771561 0.05056
77.823254 0.063787
77.885195 0.056216
77.947132 0.05378
77.998916 0.051952
78.051764 0.050821
78.113725 0.049951
78.175685 0.051256
78.217229 0.051952
78.279214 0.051865
78.342294 0.052648
78.383858 0.050821
78.435639 0.049951
78.477138 0.051256
78.528892 0.051952
78.581763 0.051865
78.63351 0.05378
78.685229 0.055259
78.736933 0.042206
78.839804 0.043511
78.872272 0.043859
78.934268 0.042467
78.975805 0.042467
79.037853 0.044294
79.150945 0.043859
79.234467 0.04177
79.286341 0.042815
79.348287 0.032981
79.4511 0.034286
79.492614 0.032459
79.545588 0.033329
79.638279 0.032981
79.761435 0.038028
79.792802 0.033938
79.844572 0.035157
79.928117 0.038115
80.030911 0.038115
80.072525 0.038725
80.144666 0.038551
80.22707 0.043685
80.290164 0.038115
80.362322 0.039073
80.424314 0.038551
80.496543 0.030457
80.630045 0.030544
80.703358 0.025149
80.97972 0.030544
81.011007 0.016708
81.256681 0.025149
81.298374 0.021668
81.525274 0.016882
81.638602 0.019841
81.802892 0.008528
82.110329 0.007919
82.172423 0.009224
82.286751 0.018883
82.379404 0.015403
82.553874 0.01227
82.636384 0.019493
82.678046 0.019232
82.823157 0.020189
82.997673 0.015316
83.059741 0.016012
83.132083 0.012096
83.30663 0.011487
83.369902 0.009746
83.472846 0.01897
83.565675 0.014358
83.780987 0.009311
83.873787 0.007135
84.090373 0.009224
84.193263 0.010181
84.306505 0.01314
84.419625 0.006787
84.604412 0.008702
84.729227 0.009398
84.914005 0.011487
84.986371 0.011574
85.099571 0.007658
85.294557 0.007658
85.419037 0.009485
85.603779 0.011487
85.676101 0.012009
85.779047 0.007658
85.973917 0.008006
86.08812 0.009398
86.283001 0.011835
86.345034 0.011748
86.45817 0.007832
86.65321 0.007832
86.767538 0.009485
86.952212 0.011661
87.02441 0.011661
87.137578 0.007745
87.33255 0.006526
87.589965 0.009398
87.641839 0.011748
87.703948 0.009833
87.89898 0.007832
88.012122 0.009398
88.198125 0.009485
88.311297 0.010877
88.403965 0.013488
88.527409 0.007222
88.722356 0.008963
88.836564 0.009398
89.020954 0.011487
89.093036 0.011748
89.206133 0.014184
89.329384 0.015316
89.382251 0.01488
89.597455 0.016969
89.679714 0.01723
89.72115 0.018622
89.854511 0.020624
90.029844 0.021581
90.061162 0.02132
90.194528 0.024714
90.307435 0.023931
90.420435 0.025671
90.534506 0.015925
90.698358 0.015577
90.903099 0.020885
90.975275 0.015577
91.169956 0.020885
91.243376 0.016795
91.407645 0.027064
91.438983 0.02454
91.541859 0.020189
91.675381 0.027934
91.74874 0.027934
91.851534 0.023148
91.984849 0.033242
92.016103 0.032024
92.067756 0.01897
92.25312 0.018274
92.335489 0.021755
92.51976 0.020711
92.622424 0.016273
92.786315 0.024975
92.818838 0.023409
92.931866 0.019493
93.055065 0.026454
93.137479 0.027064
93.250432 0.017578
93.405337 0.018013
93.518383 0.021755
93.672265 0.016882
93.83646 0.021755
93.867787 0.024018
93.971724 0.020276
94.10517 0.025062
94.197781 0.02628
94.310879 0.020711
94.525899 0.029152
94.558445 0.012444
94.824683 0.011574
95.059934 0.015141
95.121982 0.018013
95.235093 0.014445
95.400356 0.022886
95.431673 0.018013
95.554851 0.024975
95.678114 0.024366
95.801477 0.023583
95.925824 0.020276
96.059192 0.02628
96.09051 0.027325
96.172857 0.027499
96.265427 0.023148
96.349093 0.030109
96.441667 0.030893
96.544404 0.020537
96.698347 0.019232
96.739953 0.019319
96.87463 0.020189
97.059128 0.021842
97.090426 0.022364
97.1932 0.0181
97.357237 0.01723
97.420409 0.017926
97.46199 0.012009
97.677063 0.021581
97.728767 0.018013
97.862236 0.01958
98.047969 0.021146
98.079326 0.018013
98.182183 0.016882
98.336067 0.018709
98.479812 0.018274
98.655269 0.014967
98.819405 0.01958
98.850821 0.008963
99.127257 0.007832
99.189234 0.009398
99.313706 0.01636
99.48805 0.013923
99.601137 0.012531
99.683519 0.01636
99.755754 0.004699
100.063822 0.007832
