2.2e-05 275.568
0.236731 277.718
0.26809 283.046
0.299374 287.7
0.330649 292.166
0.362055 305.123
0.445473 307.195
0.477936 309.384
0.509192 304.042
0.540503 303.334
0.571833 304.614
0.603141 305.864
0.635502 305.497
0.666779 305.851
0.698049 301.578
0.729338 301.078
0.760631 303.033
0.792936 302.408
0.82424 303.623
0.855571 303.928
0.886831 308.348
0.918107 309.05
0.950433 310.823
0.981702 305.431
1.012929 301.886
1.044127 299.858
1.075352 296.09
1.107623 288.543
1.138874 283.316
1.170179 278.493
1.201418 275.533
1.232727 272.279
1.265178 271.862
1.296427 273.244
1.327687 271.056
1.35892 269.501
1.390174 269.039
1.432628 267.389
1.464091 266.5
1.495354 270.998
1.526594 273.887
1.557926 274.779
1.590321 275.327
1.621552 274.819
1.652819 276.427
1.684149 277.232
1.715451 274.741
1.747875 274.336
1.779113 276.495
1.810373 279.075
1.841698 282.148
1.873018 276.457
1.90533 279.087
1.936622 281.285
1.96776 283.237
1.999034 286.951
2.030315 285.148
2.062604 281.293
2.093834 276.256
2.125187 275.659
2.156503 270.392
2.187878 269.479
2.220347 267.782
2.251708 268.141
2.283092 270.59
2.304209 274.515
2.335502 271.302
2.367915 273.136
2.399122 273.701
2.430342 270.129
2.461551 267.951
2.492813 267.516
2.525145 266.006
2.556585 267.156
2.587766 268.772
2.61894 268.706
2.650193 269.178
2.682591 271.137
2.713922 268.572
2.745159 267.188
2.776411 268.25
2.807754 270.002
2.840072 269.384
2.871324 269.06
2.902562 270.478
2.933857 270.254
2.965136 269.999
2.997518 274.959
3.028701 281.648
3.05992 281.704
3.091406 288.619
3.122747 290.439
3.1448 298.64
3.176008 303.928
3.207139 313.359
3.238336 326.887
3.269589 305.862
3.302033 295.286
3.333239 301.545
3.36453 309.801
3.395796 316.711
3.416904 328.074
3.449292 349.957
3.480656 364.432
3.511939 333.378
3.543253 303.369
3.574513 284.402
3.606886 277.005
3.638164 272.469
3.669394 269.18
3.700647 268.634
3.731896 269.846
3.764282 270.179
3.795498 268.915
3.826691 268.619
3.857954 280.873
3.889172 292.875
3.921539 302.865
3.952903 314.301
3.984156 333.716
4.01532 345.869
4.04671 356.677
4.079068 369.595
4.110299 370.575
4.141586 320.372
4.17293 307.222
4.20431 295.697
4.236757 300.882
4.268035 305.719
4.299293 310.435
4.330649 315.001
4.36196 286.399
4.394487 279.617
4.425817 282.005
4.457056 288.889
4.488352 294.115
4.519669 290.866
4.552171 284.719
4.583449 286.785
4.614694 292.464
4.645985 298.266
4.677291 312.04
4.709673 319.975
4.740997 333.502
4.772281 361.921
4.803538 364.966
4.834839 328.928
4.867214 319.978
4.898505 322.74
4.929829 331.11
4.961096 334.886
4.992447 438.285
5.10654 440.231
5.137865 476.133
5.179386 478.707
5.210691 478.52
5.24206 380.499
5.274539 367.661
5.305892 362.815
5.337185 417.882
5.419558 402.275
5.450917 434.226
5.718492 511.337
5.749893 522.843
5.781197 529.449
5.81247 532.561
5.843872 305.813
6.01936 285.649
6.050684 272.467
6.082069 271.032
6.113347 270.495
7.278795 269.483
7.311307 271.475
7.342633 268.296
7.373987 267.248
7.405281 267.995
7.436591 271.456
7.469025 267.53
7.500342 267.575
7.552141 273.354
7.583387 273.652
7.614708 279.433
7.647152 288.307
7.678461 288.582
7.709799 290.064
7.741026 283.429
7.772319 279.406
7.804699 280.119
7.836009 289.403
7.867293 305.949
7.898539 302.623
7.929917 285.306
7.962324 273.673
7.993649 268.848
8.025003 267.67
8.056336 266.773
8.087636 266.614
8.12013 267.284
8.151403 271.257
8.182657 271.842
8.203736 274.569
8.235013 284.829
8.267426 286.608
8.298749 292.949
8.33007 294.944
8.361361 293.923
8.392685 282.418
8.425141 274.083
8.456482 270.492
8.48777 268.82
8.519159 267.509
8.550496 268.53
8.582927 269.301
8.614203 267.171
8.645483 267.532
8.676819 267.09
8.708164 267.469
8.740456 269.024
8.771757 267.074
8.802964 268.531
8.834337 269.483
8.865607 272.638
8.898108 269.035
8.929441 269.68
8.960764 268.311
8.992055 273.336
9.023368 270.586
9.055767 267.926
9.087085 265.587
9.118442 265.361
9.149795 269.406
9.181102 266.752
9.213512 266.874
9.244852 271.312
9.276119 271.433
9.307376 271.958
9.338727 272.489
9.371212 269.282
9.402541 269.149
9.43389 271.4
9.465216 271.974
9.496506 269.912
9.528909 270.704
9.560202 271.546
9.59151 269.407
9.622803 269.097
9.654151 270.473
9.686504 269.724
9.717868 268.389
9.749188 269.133
9.780505 270.265
9.81185 268.244
9.844405 270.35
9.875708 272.649
9.907026 272.225
9.938351 272.479
9.969736 272.598
10.002272 274.65
10.03366 271.5
10.065031 272.523
10.096355 268.418
10.127663 266.921
10.160142 268.478
10.19143 267.13
10.222722 266.95
10.254112 267.459
10.285449 270.417
10.317957 269.723
10.349282 287.125
10.462357 327.878
10.493735 290.161
10.52509 265.895
10.557477 267.112
10.588814 299.105
10.824349 289.323
10.855636 287.193
11.101269 278.605
11.133691 269.498
11.164949 269.017
11.196253 269.051
11.22755 268.808
11.258875 268.625
11.291365 270.034
11.322682 271.34
11.354047 268.289
11.385325 268.739
11.40647 266.949
11.438919 266.033
11.470253 265.421
11.501615 269.555
11.532932 271.332
11.564239 267.578
11.596556 268.648
11.62783 269.783
11.65917 269.548
11.690468 271.718
11.721798 273.475
11.754263 271.899
11.785531 273.369
11.816853 273.322
11.848173 269.647
11.879434 268.394
11.911837 269.149
11.943062 269.672
11.974342 268.875
12.005662 269.9
12.036952 269.881
12.069411 269.273
12.100694 271.391
12.132014 271.371
12.163331 270.483
12.194651 270.398
12.227124 271.106
12.258445 270.006
12.289772 268.45
12.321047 270.47
12.352338 270.611
12.384703 270.294
12.415963 270.644
12.447246 269.78
12.478493 269.539
12.509804 269.498
12.542057 270.253
12.573307 269.013
12.604602 268.519
12.635862 269.258
12.667182 270.661
12.699594 269.25
12.730931 270.535
12.762265 270.319
12.793512 270.228
12.824803 270.232
12.857145 270.197
12.888438 270.894
12.919696 269.624
12.951025 271.032
12.982326 269.734
13.014812 271.005
13.046081 273.364
13.077377 270.887
13.108658 269.536
13.139939 270.376
13.172454 270.11
13.203657 269.692
13.234933 269.277
13.26622 270.231
13.29754 267.979
13.329897 268.3
13.361185 270.372
13.392466 268.9
13.423794 270.517
13.455102 270.292
13.487519 269.229
13.51879 268.998
13.55011 271.021
13.581432 269.179
13.612762 268.386
13.645159 268.968
13.676496 268.983
13.707816 268.447
13.739123 269.369
13.770443 269.134
13.802859 268.907
13.823964 268.597
13.855245 270.791
13.886571 270.005
13.917877 268.878
13.950349 269.376
13.981736 270.072
14.01306 268.851
14.044403 269.19
14.075852 270.966
14.098143 269.885
14.129475 268.543
14.160781 269.403
14.192082 269.297
14.223453 268.983
14.2559 268.959
14.287285 269.58
14.318588 271.515
14.34997 269.704
14.381296 270.198
14.413766 269.674
14.445098 269.414
14.476447 269.506
14.507734 269.381
14.539036 269.379
14.571471 269.399
14.602893 268.892
14.634241 269.087
14.665536 270.723
14.69686 269.985
14.729301 269.32
14.760646 270.158
14.791989 271.613
14.823315 270.374
14.854695 269.217
14.88719 269.811
14.918449 269.333
14.949792 268.068
14.981049 269.086
15.0124 269.567
15.044859 269.016
15.076212 269.792
15.107493 273.89
15.13884 270.051
15.170136 270.036
15.202598 269.907
15.233874 269.523
15.26517 269.312
15.296494 280.916
15.368663 288.269
15.401036 279.71
15.432366 335.058
15.606637 410.897
15.852237 381.261
15.883627 327.021
15.916151 319.171
16.110797 290.758
16.142151 276.296
16.173513 271.463
16.204852 270.737
16.237308 271.408
16.268679 270.788
16.299977 271.935
16.331295 272.717
16.362598 271.446
16.395025 271.964
16.42631 270.689
16.457611 270.6
16.488929 270.645
16.520214 271.015
16.552567 273.076
16.583902 272.303
16.615174 274.149
16.646495 276.566
16.677823 270.15
16.710159 270.202
16.741436 271.42
16.772707 273.866
16.803986 272.431
16.835265 271.706
16.867666 271.103
16.898971 269.585
16.930162 269.22
16.961377 270.866
16.992633 270.907
17.025068 271.421
17.056392 272.016
17.087679 271.511
17.118953 272.119
17.150301 272.592
17.182694 271.473
17.214027 272.83
17.245379 273.501
17.27669 272.278
17.308084 270.406
17.340535 271.82
17.361725 273.475
17.393023 271.36
17.424293 272.194
17.455578 273.24
17.487989 270.986
17.519256 269.96
17.550509 271.436
17.581822 271.091
17.613109 271.071
17.645478 270.625
17.676777 270.825
17.708132 271.037
17.739448 271.051
17.770813 271.298
17.803356 271.359
17.834713 272.041
17.866055 273.366
17.897421 271.395
17.918509 271.311
17.950869 272.027
17.982217 272.206
18.013575 271.393
18.044992 272.699
18.07632 272.607
18.10885 272.076
18.140162 270.907
18.1613 271.1
18.1926 271.993
18.223917 272.336
18.256371 272.201
18.287771 272.203
18.319144 273.257
18.350536 273.731
18.382025 275.527
18.414476 272.214
18.445854 271.873
18.477171 272.33
18.508472 270.995
18.53981 271.018
18.572235 271.206
18.603554 271.371
18.634936 271.383
18.666432 270.755
18.697789 271.44
18.730217 271.348
18.761546 271.832
18.792844 272.554
18.824139 271.724
18.855419 271.992
18.887882 272.56
18.919159 271.103
18.95045 270.874
18.981738 272.224
19.012992 271.203
19.045299 270.383
19.076513 270.955
19.107777 271.739
19.139125 270.862
19.170431 272.261
19.202902 272.779
19.223973 271.907
19.255271 270.968
19.286528 270.831
19.317875 271.99
19.350219 271.761
19.381519 270.919
19.412789 271.58
19.444082 271.162
19.475316 270.522
19.507803 271.149
19.539043 270.958
19.570294 271.014
19.601683 270.925
19.632974 275.606
19.66534 279.239
19.696607 282.712
19.727921 279.677
19.759207 273.771
19.790494 271.727
19.822903 270.998
19.85425 270.527
19.885565 268.425
19.916918 268.076
19.948241 267.553
19.980685 270.092
20.012075 271.78
20.043381 270.549
20.074813 270.923
20.106083 271.056
20.13844 271.768
20.169824 271.508
20.201158 271.872
20.232406 272.844
20.263709 272.348
20.296066 271.338
20.327371 272.536
20.358628 272.081
20.389932 271.879
20.421189 270.984
20.453524 282.788
20.535876 290.418
20.567205 276.427
20.598567 271.511
20.630072 273.274
20.66249 272.411
20.693793 271.81
20.725119 270.864
20.797086 270.484
20.828374 272.582
20.860796 271.45
20.892034 271.216
20.923297 271.227
20.954561 271.422
20.985864 270.956
21.018321 271.416
21.049589 272.109
21.080984 270.975
21.11216 270.024
21.143455 271.409
21.175815 270.521
21.20711 270.651
21.238479 271.926
21.269767 273.811
21.301077 272.951
21.333549 271.342
21.364782 270.656
21.396031 270.43
21.427363 271.57
21.458647 271.737
21.491156 270.522
21.522431 270.509
21.553754 270.289
21.585009 270.728
21.616259 271.103
21.64864 272.364
21.679988 271.509
21.71126 271.098
21.742591 271.138
21.773932 271.364
21.796154 271.607
21.827445 270.93
21.858764 270.929
21.890158 270.294
21.921529 269.387
21.954017 270.714
21.985321 270.617
22.01659 270.893
22.047953 271.41
22.079502 271.245
22.111965 270.61
22.143248 270.426
22.174508 271.341
22.20579 270.678
22.237115 271.306
22.269576 272.587
22.300889 270.591
22.332332 270.252
22.36364 272.448
22.39496 272.386
22.427393 270.865
22.458673 271.592
22.490095 272.316
22.521607 271.175
22.552977 270.743
22.58544 270.637
22.61674 270.174
22.648 270.318
22.679231 270.406
22.710535 270.105
22.743071 268.823
22.774387 270.507
22.805719 270.332
22.837052 270.519
22.868335 271.138
22.900685 270.346
22.932031 270.873
22.963347 271.715
22.994698 272.063
23.026039 270.86
23.058381 270.833
23.089671 272.488
23.120948 270.51
23.152196 270.273
23.183499 270.911
23.215899 272.981
23.247266 269.895
23.278536 271.595
23.309909 270.917
23.341247 270.286
23.373777 270.324
23.405024 270.723
23.436354 270.139
23.467686 270.29
23.49898 270.183
23.531464 268.939
23.562802 266.852
23.59411 266.28
23.62543 266.566
23.65675 265.619
23.678965 268.008
23.71028 267.64
23.741567 267.375
23.77284 267.378
23.804205 270.003
23.83663 270.689
23.867936 269.976
23.899143 270.524
23.930542 268.908
23.961976 267.978
23.994258 270.597
24.025487 271.818
24.056885 272.486
24.088149 273.267
24.119392 273.839
24.1518 273.105
24.183166 272.69
24.204182 274.425
24.235478 273.396
24.266712 271.3
24.299155 272.159
24.330429 272.594
24.361734 272.971
24.392984 274.962
24.424342 274.493
24.456678 272.289
24.487933 272.189
24.519236 273.158
24.550549 270.42
24.581799 269.746
24.61419 270.286
24.646583 271.171
24.67891 268.999
24.701136 269.075
24.733474 270.476
24.765927 270.203
24.798268 271.252
24.830691 270.256
24.852923 268.454
24.885262 267.304
24.917616 267.231
24.95001 269.609
24.982521 268.992
25.014888 269.519
25.047163 270.615
25.07945 271.627
25.111798 274.051
25.144153 277.105
25.176562 275.63
25.208959 275.838
25.241225 278.066
25.27355 276.916
25.305965 274.852
25.33842 274.518
25.370952 279.044
25.403386 280.738
25.435868 281.717
25.468297 313.953
25.623239 290.527
25.65446 329.946
25.777765 344.883
25.809028 326.183
25.891411 320.628
25.923753 319.802
25.975423 313.425
26.037384 303.615
26.068666 299.385
26.161277 295.451
26.193728 296.099
26.225248 298.061
26.256528 299.435
26.287883 300.125
26.319204 300.727
26.351593 302.194
26.382924 304.101
26.414302 296.822
26.445621 296.05
26.476975 296.691
26.509386 297.791
26.540685 298.784
26.571993 299.599
26.60329 300.062
26.634645 299.313
26.667223 299.491
26.698515 299.128
26.729835 299.45
26.761107 299.747
26.792458 300.246
26.814646 300.404
26.845965 300.19
26.877156 299.648
26.908414 299.412
26.939718 298.523
26.972069 297.047
27.003327 296.403
27.034597 295.5
27.065941 294.489
27.097224 294.814
27.12967 295.685
27.160927 293.274
27.192193 291.555
27.223555 287.162
27.254918 286.99
27.287314 288.691
27.339019 285.615
27.370419 282.313
27.401754 281.847
27.433055 281.779
27.465572 283.542
27.496879 285.194
27.528124 287.268
27.559401 287.775
27.590733 284.656
27.62317 285.061
27.654497 285.109
27.685865 286.78
27.717252 286.85
27.748591 286.238
27.781099 285.605
27.812381 284.92
27.843739 282.117
27.875046 281.402
27.906405 281.052
27.938902 280.55
27.970186 282.789
28.00146 284.105
28.032766 285.406
28.064126 282.807
28.096487 286.16
28.137993 282.689
28.169311 322.238
28.517166 324.004
28.783282 312.82
28.815794 313.852
28.8471 316.788
28.878355 320.081
28.919858 322.252
28.951198 323.974
28.983572 325.972
29.025108 331.718
29.087083 330.547
29.128465 328.907
29.15976 327.383
29.192125 325.384
29.233681 323.789
29.264879 322.578
29.296222 320.84
29.327684 314.901
29.370305 314.189
29.401591 312.534
29.494089 311.531
29.535603 307.452
29.57706 305.08
29.619699 305.991
29.671416 307.542
29.723151 303.64
29.764646 301.221
29.816435 301.172
29.87941 300.273
29.910703 304.763
29.95213 307.122
30.003814 309.715
30.04526 311.013
30.087825 311.328
30.129262 312.955
30.201444 311.948
30.232876 311.126
30.264246 310.567
30.306898 304.843
30.399511 299.95
30.471704 297.354
30.503075 297.514
30.565018 302.457
30.648674 301.807
30.690237 299.244
30.752316 300.838
30.814359 301.769
30.866108 298.88
30.929098 304.372
31.092975 299.255
31.134469 297.523
31.206619 296.044
31.380708 300.634
31.464123 304.759
31.536132 322.488
31.659137 315.369
31.731181 311.179
31.823713 311.778
31.968222 305.876
31.999418 300.805
32.091891 300.357
32.266227 297.931
32.36895 313.908
32.513446 308.464
32.544758 303.403
32.6373 298.899
32.80129 294.544
32.904149 290.714
33.069243 287.407
33.161978 302.994
33.315722 303.241
33.469538 310.194
33.521246 304.474
33.584274 304.816
33.779059 306.847
33.851244 311.942
33.923411 326.445
34.005856 323.956
34.23214 322.59
34.31453 334.386
34.42762 330.539
34.540644 329.289
34.643431 323.496
34.706536 333.327
34.94218 330.369
35.014284 327.896
35.249542 329.113
35.352205 341.938
35.445729 337.35
35.548518 333.617
35.753184 330.179
35.855919 333.838
36.111749 339.09
36.236131 335.185
36.420526 331.523
36.543589 327.93
36.727915 334.096
36.800071 338.604
36.914123 334.76
37.037316 329.304
37.088999 336.844
37.304028 339.101
37.386387 339.058
37.429038 329.674
37.562527 332.383
37.736526 333.25
37.767789 333.775
37.900962 326.502
38.014889 332.033
38.138079 332.669
38.240782 352.922
38.384323 351.183
38.476881 348.67
38.570629 341.056
38.673299 345.973
38.765799 349.134
38.848078 350.707
38.930335 355.515
39.064805 352.982
39.09606 349.505
39.178298 346.13
39.250501 337.024
39.332731 334.31
39.416042 342.299
39.498313 346.952
39.549968 349.788
39.622066 350.955
39.694135 350.345
39.757235 347.983
39.829244 346.525
39.891172 344.476
39.953011 355.848
40.066018 347.441
40.118897 337.497
40.160311 333.223
40.263047 333.685
40.396348 329.415
40.427568 333.667
40.521131 334.424
40.60336 330.93
40.726561 322.604
40.788431 317.381
40.880941 322.964
41.086868 320.388
41.118206 319.296
41.190285 337.235
41.344018 333.882
41.395741 331.949
41.428015 331.064
41.520552 322.656
41.602929 325.978
41.746288 328.214
41.777593 329.857
41.860931 329.125
41.932977 321.425
42.015256 323.899
42.097565 323.271
42.17996 325.201
42.273678 324.772
42.335508 323.98
42.407607 322.793
42.490152 317.757
42.552178 321.501
42.615289 324.859
42.677209 326.246
42.749468 325.822
42.811474 325.773
42.87347 326.004
42.946794 325.085
42.998488 323.686
43.060365 321.495
43.122293 319.288
43.184127 316.211
43.236863 314.274
43.298744 319.52
43.360547 323.097
43.412147 325.867
43.463794 327.033
43.51667 327.594
43.568322 326.786
43.619988 325.375
43.671598 323.966
43.723294 321.759
43.775927 319.912
43.878601 314.203
43.90989 307.893
43.941118 304.5
44.003001 304.693
44.076189 304.366
44.189177 306.569
44.261242 308.464
44.323183 308.618
44.385083 303.363
44.45824 306.042
44.520147 308.515
44.582039 311.07
44.654214 311.045
44.695691 309.713
44.758845 315.541
44.871899 313.443
44.903218 309.751
44.93449 313.704
45.037197 311.012
45.161422 312.848
45.264057 314.393
45.366658 311.966
45.45911 308.693
45.551625 318.842
45.655787 319.219
45.68709 318.857
45.779404 318.432
45.861802 331.725
46.076796 325.188
58.383563 467.78
58.618855 491.385
58.772672 498.677
58.926458 497.038
59.100726 484.13
59.174053 490.306
59.460397 489.611
59.593806 487.193
59.645481 501.218
59.880975 502.806
59.97464 514.303
60.17946 508.427
60.343408 515.943
60.547933 502.201
60.589448 491.367
60.764515 499.654
60.908048 505.642
61.092349 509.246
61.123585 508.164
61.267054 509.161
61.513389 503.566
61.728102 474.986
61.790088 475.429
61.994715 480.377
62.240059 481.458
62.282788 477.32
62.446348 463.276
62.610324 465.276
62.764166 463.911
62.89765 478.056
63.073111 480.398
63.104406 479.412
63.227579 478.104
63.371302 455.533
63.535186 448.956
63.771872 452.777
64.007126 484.465
64.232264 488.425
64.283874 486.013
64.478408 484.122
64.6947 491.001
64.777012 495.726
64.818356 496.299
64.982017 495.596
65.186604 488.373
65.218946 495.387
65.362474 499.615
65.506132 497.306
65.670252 495.059
65.701528 490.223
65.815558 482.264
65.938701 471.154
66.061995 473.874
66.185105 474.44
66.298287 482.735
66.473722 482.583
66.545862 487.138
66.658871 486.573
66.690152 483.967
66.762394 471.489
66.85613 464.014
66.95894 455.087
67.051668 455.602
67.144253 458.935
67.267612 463.157
67.453209 457.483
67.484524 456.851
67.59746 457.478
67.730901 457.708
67.905211 458.716
67.937825 457.0
68.050965 454.437
68.174086 445.602
68.317623 430.317
68.369422 424.65
68.555012 429.576
68.780308 431.017
68.811638 442.403
68.996004 446.327
69.027252 440.712
69.212806 426.135
69.315558 418.642
69.397997 422.148
69.653921 417.554
69.705744 432.027
69.932135 430.626
70.075728 428.3
70.117223 419.295
70.281257 406.261
70.394344 420.006
70.63113 437.428
70.846328 440.786
70.877739 428.594
70.980579 412.196
71.144722 406.562
71.207901 414.058
71.331147 418.612
71.423799 425.019
71.608086 423.466
71.639374 420.407
71.722717 415.869
71.815293 401.29
71.907797 396.974
71.990071 401.802
72.072432 406.365
72.166203 409.523
72.248633 410.287
72.32082 410.989
72.403213 410.622
72.485512 411.89
72.589491 408.436
72.631069 404.604
72.703232 400.768
72.775418 396.964
72.857833 389.775
72.920815 391.281
72.992989 392.772
73.065149 393.609
73.127071 394.249
73.199239 394.659
73.262228 394.265
73.324154 395.3
73.396264 393.537
73.447994 391.555
73.509976 389.165
73.572911 386.378
73.624664 385.956
73.707032 381.061
73.748556 380.921
73.800263 380.429
73.863384 379.863
73.915151 380.161
73.977127 379.53
74.028813 378.838
74.08057 378.028
74.133472 376.522
74.185261 375.232
74.23701 374.062
74.288818 360.918
74.350803 352.333
74.424067 348.224
74.506326 347.69
74.578409 350.584
74.650551 353.99
74.722804 357.8
74.806229 358.717
74.86812 358.029
74.929987 355.868
75.002223 353.09
75.054049 349.675
75.137673 347.438
75.199666 345.125
75.261686 345.41
75.344107 350.475
75.385704 354.327
75.438599 355.494
75.500538 356.558
75.562464 357.026
75.614168 354.016
75.676079 353.081
75.728868 352.142
75.790825 351.175
75.842518 348.791
75.894295 346.834
75.956335 344.975
76.009185 343.738
76.06085 346.637
76.112578 349.027
76.154067 350.962
76.205806 352.683
76.25874 353.341
76.310461 353.616
76.36219 352.477
76.403662 379.01
76.680047 372.834
76.712455 367.848
76.743758 354.824
76.948546 346.699
76.979851 345.462
77.021412 347.113
77.064048 348.485
77.115761 349.667
77.157254 350.588
77.198736 362.858
77.342416 376.714
77.374886 374.196
77.406255 372.098
77.437538 369.428
77.468815 366.604
77.510282 364.028
77.552835 351.685
77.604557 341.094
77.635726 339.151
77.697611 338.848
77.72891 338.99
77.771561 330.668
77.823254 323.633
77.885195 322.13
77.947132 320.232
77.998916 321.784
78.051764 324.616
78.113725 327.859
78.175685 329.547
78.217229 330.46
78.279214 331.324
78.342294 330.597
78.383858 328.883
78.435639 326.367
78.477138 324.419
78.528892 321.586
78.581763 318.73
78.63351 317.51
78.685229 316.419
78.736933 314.84
78.839804 308.768
78.872272 307.591
78.934268 304.206
78.975805 303.576
79.037853 304.266
79.150945 303.444
79.234467 304.788
79.286341 304.995
79.348287 305.566
79.4511 300.348
79.492614 295.726
79.545588 295.092
79.638279 296.451
79.761435 292.945
79.792802 293.959
79.844572 292.831
79.928117 289.351
80.030911 291.447
80.072525 292.378
80.144666 293.636
80.22707 290.303
80.290164 289.872
80.362322 287.761
80.424314 285.58
80.496543 284.651
80.630045 284.827
80.703358 310.396
80.97972 306.912
81.011007 302.202
81.256681 303.355
81.298374 299.012
81.525274 304.698
81.638602 325.011
81.802892 322.869
82.110329 328.371
82.172423 346.567
82.286751 336.588
82.379404 341.842
82.553874 343.181
82.636384 337.705
82.678046 328.824
82.823157 332.749
82.997673 338.676
83.059741 352.335
83.132083 346.612
83.30663 342.155
83.369902 340.882
83.472846 331.444
83.565675 340.556
83.780987 337.079
83.873787 333.46
84.090373 331.108
84.193263 343.138
84.306505 341.895
84.419625 336.96
84.604412 333.319
84.729227 330.464
84.914005 336.646
84.986371 341.821
85.099571 337.299
85.294557 334.371
85.419037 330.746
85.603779 336.719
85.676101 340.028
85.779047 335.793
85.973917 332.658
86.08812 329.703
86.283001 334.583
86.345034 339.06
86.45817 334.858
86.65321 331.032
86.767538 327.538
86.952212 333.322
87.02441 338.462
87.137578 334.34
87.33255 348.08
87.589965 343.346
87.641839 346.949
87.703948 342.366
87.89898 337.591
88.012122 333.611
88.198125 330.162
88.311297 338.928
88.403965 337.074
88.527409 333.481
88.722356 330.274
88.836564 327.253
89.020954 333.794
89.093036 338.453
89.206133 334.714
89.329384 328.331
89.382251 336.264
89.597455 337.053
89.679714 337.19
89.72115 328.064
89.854511 331.245
90.029844 331.947
90.061162 333.092
90.194528 325.795
90.307435 330.661
90.420435 330.861
90.534506 324.079
90.698358 330.243
90.903099 323.902
90.975275 317.118
91.169956 310.678
91.243376 325.931
91.407645 318.201
91.438983 315.567
91.541859 309.392
91.675381 309.837
91.74874 310.209
91.851534 326.56
91.984849 324.15
92.016103 323.498
92.067756 316.527
92.25312 310.327
92.335489 304.762
92.51976 301.885
92.622424 320.185
92.786315 316.682
92.818838 315.984
92.931866 309.506
93.055065 312.203
93.137479 313.535
93.250432 307.523
93.405337 302.071
93.518383 297.79
93.672265 314.476
93.83646 317.081
93.867787 315.326
93.971724 308.967
94.10517 313.901
94.197781 316.259
94.310879 329.523
94.525899 344.695
94.558445 339.832
94.824683 360.222
95.059934 351.291
95.121982 358.018
95.235093 356.989
95.400356 352.187
95.431673 348.469
95.554851 338.816
95.678114 341.372
95.801477 345.027
95.925824 364.886
96.059192 367.748
96.09051 368.386
96.172857 364.331
96.265427 354.633
96.349093 357.674
96.441667 360.175
96.544404 359.457
96.698347 351.985
96.739953 348.645
96.87463 350.161
97.059128 348.157
97.090426 345.264
97.1932 362.548
97.357237 359.422
97.420409 347.468
97.46199 344.332
97.677063 340.159
97.728767 348.259
97.862236 351.213
98.047969 350.404
98.079326 345.542
98.182183 335.488
98.336067 330.921
98.479812 329.466
98.655269 349.102
98.819405 351.975
98.850821 346.47
99.127257 345.317
99.189234 360.311
99.313706 359.796
99.48805 367.124
99.601137 367.721
99.683519 355.414
99.755754 349.536
100.063822 352.102
