
1.3e-05 1.254712861421885
0.736284 1.8535509402137145
0.882588 2.5824419267042216
1.038791 3.4958552927778808
1.185273 4.185559818625741
1.341934 5.335238081355093
1.488564 7.12849178004738
1.645381 9.662183049482744
1.802393 13.575651412305673
1.959482 18.981404844672515
2.105976 24.26598930025969
2.262521 36.046860919194955
2.409219 48.77577558981981
2.565837 65.37714894040248
2.722498 92.66065923642401
2.879206 125.37280900917266
3.035902 170.2592437919625
3.192391 217.03987763416384
3.348919 199.344744709172
3.49546 205.87544065804934
3.66212 205.39009278976326
3.818593 158.91492132284966
3.974595 197.77752348198297
4.120455 178.43430510290636
4.29671 193.32720632694028
4.45243 167.89584093636037
4.648842 182.85746965386102
4.825057 143.26359982615165
4.99125 130.74707062198297
5.14729 121.44577214959092
5.394832 49.74060697254172
5.551016 4.246578945480717
6.205301 21.927629511516663
6.371444 21.495377752169933
6.537359 26.63546942540761
6.703367 27.448252250020943
6.859363 27.944644684732793
7.015359 27.940757302613804
7.161014 28.105765256537715
7.316959 28.092810321506608
7.473181 28.16827938760074
7.629323 28.172891962986803
7.785922 28.110556308354834
7.942359 27.90790098288507
8.098876 26.706106063807308
8.25489 28.15700607547827
8.411034 28.13885688672221
8.638859 27.827053836278314
8.856369 28.050097887762742
9.01262 28.120183476065687
9.168885 28.343996429102816
9.325548 28.261998368073584
9.482215 28.249111191022568
9.63945 28.340877779964572
9.79619 28.506543955058866
9.953133 28.471076380999914
10.109882 28.345755923906996
10.255846 28.53522176667909
10.442398 28.20918124841102
10.598515 25.885728753481306
10.764618 27.288159116871473
10.920642 28.613475903951123
11.066402 27.97681712705774
11.222227 28.10263315817977
11.377848 28.47043582862959
11.533471 28.256660997211803
11.689289 28.501243044868005
11.845075 28.671700837746606
12.000994 28.763247458612756
12.156883 28.528434152780193
12.313267 28.649067459508352
12.468907 28.361610534312486
12.624747 28.811363737883593
12.821122 28.51343336366416
12.977165 28.815594321632883
13.153667 28.49455251201976
13.309605 28.77356567629368
13.465775 28.798967332237854
13.673386 28.06545714812445
13.881338 28.847438009170638
14.038217 27.529171859068768
14.194987 28.8305630622293
14.362078 28.550689571739653
14.51948 28.95774396899294
14.676898 28.83080016559229
14.834597 28.06669612735641
14.992425 29.001971332152763
15.150132 29.207979930713176
15.307353 28.804629946654003
15.465123 28.0215418284807
15.632995 25.241999130252708
15.800968 26.4034397141646
15.958709 29.196211337713258
16.116831 29.19936154301213
16.274807 29.091124760446743
16.442805 26.875562044594286
16.774308 20.065917763384288
17.064587 28.593845349141315
17.222598 28.341932162260445
17.400939 24.50511924143706
17.558897 29.35886407560913
17.726863 29.388631475358505
17.884601 28.709699704394808
18.042211 29.014691075851225
18.200012 28.90984865101996
18.357499 29.329515699524528
18.514918 28.521526189747377
18.672636 25.498377375985164
18.962475 19.93571236190366
19.109563 20.285614910898786
19.287597 26.328455111842825
19.445283 29.180968357853143
19.623396 26.591928551792574
19.780636 28.380365595783736
19.938117 28.735445084697943
20.0957 28.123409309428197
20.253017 29.489056505865562
20.410053 28.019116108878706
20.566151 25.366905052656413
20.845316 18.471553159034325
21.023316 16.536884225207125
21.180301 18.521703959572104
21.336763 29.348606788338643
21.493964 29.449049965073602
21.65109 29.732740665670605
21.808341 29.67425256581883
21.965782 29.6338044880827
22.112644 29.7580483009763
22.2696 29.8518595873551
22.426495 29.313634648979843
22.583548 29.82309280651822
22.740852 29.773025252844146
22.897831 29.497896419319876
23.044075 29.69484002219345
23.200697 29.869155267596426
23.377648 29.156422028329597
23.534225 29.51580444496578
23.69061 28.452799519426136
23.908602 28.87331760291311
24.105758 29.948192301264555
24.262526 29.8220866598229
24.418736 28.58892621607366
24.585225 23.684233644613506
24.742293 29.522665800356986
24.919667 29.286627294354506
25.066415 29.68533544429052
25.222995 30.179174879003863
25.37963 29.966371072463126
25.536502 30.02565061128405
25.693717 29.808844172356263
25.85108 28.16481478271421
26.008391 27.00851745713013
26.175903 25.640217576280907
26.333132 24.72099248586352
26.47969 30.074521919188562
26.636047 30.259253619932185
26.792522 30.242070178824612
26.948567 30.276832657422837
27.104895 30.050821241805995
27.261408 30.397036177383
27.417613 30.094127005170357
27.777159 21.171686232712638
27.974356 30.019807791064483
28.130957 30.409434950785315
28.277525 30.32043183645343
28.433973 30.43578510491123
28.590523 30.39676005251563
28.757371 27.417790118087847
29.117583 21.617920117992547
29.416347 30.27162588283022
29.57312 30.12508074461213
29.719392 30.27724675956109
29.875884 30.27423596225665
30.033081 30.408363038619953
30.189708 30.5635999108933
30.33592 30.606675997668486
30.492501 30.41942946965252
30.648544 29.982241622875986
30.804825 28.995890843957433
30.95108 29.662689158839612
31.107548 28.255267960275855
31.254003 30.586688141378467
31.410348 30.38242222760397
31.566805 30.750718630924528
31.723671 30.703946856844514
31.870072 30.737180794080903
32.02629 30.514799236026008
32.182633 30.6491915094653
32.338718 30.391087623244204
32.495266 30.834697946952733
32.733212 24.745139347628147
32.920339 30.54074302586929
33.076933 30.847756897715723
33.233769 30.876734402904997
33.390511 31.003249980455443
33.547356 30.54185385532227
33.704394 30.81823523108133
33.953329 25.17884759742785
34.182173 30.45874102411682
34.339152 31.102438443090584
36.549432 30.929876148504473
36.706246 31.215128695896365
36.862787 30.273059557084498
37.090528 22.768621287315238
37.24712 28.16057519472738
37.495144 31.0158232024754
37.651811 31.245274668535288
37.808492 31.474182031630214
37.96484 30.7945829990962
38.121838 29.782528566162917
38.400857 22.09266646210494
38.638877 31.286940574698676
38.795445 31.206611570247933
38.941631 31.394575419407285
39.097985 31.208275254933607
39.254384 31.12971446134032
39.400867 31.265962802764985
39.557579 31.652976382867273
39.704002 31.697489871312655
39.860388 31.73385279514904
40.016648 31.252751122457965
40.173488 31.464469710100566
40.330747 31.22723928805408
40.48802 29.812883274804758
40.879973 12.66785453829949
41.047745 9.633674725682909
41.215694 22.518671260090024
41.373208 25.357855838253407
41.530918 26.574770289970658
41.688432 26.538149516023275
41.846053 25.96678885338679
42.003474 26.36054734135366
42.161309 26.425304765966207
42.318936 26.504620240562247
42.527585 24.90298213211032
42.685372 26.703656175591377
42.853703 26.657484644178115
43.011633 25.318055438537368
43.179819 26.325779698633337
43.358555 25.68824331881276
43.516579 26.693369890144808
43.674588 26.679962328956847
43.822007 26.817036093859627
43.979885 26.85320913662257
44.13803 25.730836109935673
44.285709 26.84384791449079
44.515272 22.13623189291048
44.673449 26.477700014223558
44.882594 26.563729167047804
45.03035 26.79708406385531
45.188168 26.912301867799606
45.346382 26.653569569775026
45.493976 26.724587060368805
45.65185 26.8018780448317
45.809618 26.373435703906132
45.967498 26.85818832390327
46.125669 26.698185357713967
46.293793 25.137848835809397
46.451634 26.99507971453479
46.609741 27.119197556748816
46.767582 26.680565832109256
46.925351 26.605024424284714
47.083033 26.972839542506502
47.240834 25.53858478900712
47.511284 15.320536546741693
47.750698 23.98092125601731
47.908312 24.2075698809683
48.13784 24.05857354369201
48.295499 24.18887816467444
48.453402 24.285081861707468
48.611448 23.567212404556038
48.810627 24.241166244731996
48.97874 23.98406929709074
49.136571 24.13970967504237
49.294403 24.404870544677078
49.442109 24.141761127498217
49.599752 23.95017313158365
49.87986 18.802216465663655
50.160043 18.00849488307897
50.460753 24.22090526370069
50.618492 23.009220452640402
50.776226 23.454438649269274
50.934074 24.207950261260667
51.091603 23.722831068282215
51.249252 24.209167204648157
51.407053 24.59739071236454
51.554411 24.30149734271286
51.712154 24.64386563438236
51.869634 24.59180718597554
52.026902 24.631860776439087
52.184269 24.60210652756615
52.342029 24.666622142077962
52.499785 24.76881692386793
52.718568 20.645385687977665
52.937321 20.408163265306126
53.094956 24.69044264847631
53.252572 24.631270618518574
53.410301 24.802051968328314
53.567713 24.872876932941647
53.725234 24.7515219741968
53.883097 24.91900577491621
54.041041 24.822156072642617
54.198648 24.97594163328335
54.346097 24.770499915068353
54.503812 24.32797063815589
54.661514 24.84968161345433
54.819495 25.016007266554492
54.977173 25.07010468221073
55.134817 24.99044111915006
55.292636 24.444170587254526
55.45004 23.902687989111943
55.607688 23.99224407030054
55.765391 24.679271749612788
55.922798 24.783492319241265
56.080096 24.976289500584922
56.237638 24.096128170894527
56.394912 25.18002978522697
56.55224 24.79157525230364
56.781091 25.279142474318892
56.979324 24.73289781293015
57.136936 25.22008265841318
57.294516 25.287663901525285
57.452165 25.374984643220124
57.71156 21.519541874544977
57.951099 24.743971646626512
58.108808 25.165577558850522
58.266648 25.506779433481004
58.496133 25.24407766274914
58.705029 25.48670986363941
58.862594 25.50046334029274
59.020026 25.595799663644943
59.177564 24.312836497591388
59.334807 25.628314889842226
59.492576 25.5694178457877
59.650285 25.356506731864897
59.807725 25.63081651714117
59.965143 25.51186701828202
60.122242 25.74367507751085
60.279672 25.699472602127468
60.437269 24.38473696093926
60.59516 23.390071401983015
61.027884 13.767953120557081
61.216366 14.245154919145785
61.373935 20.635270696365883
61.531622 25.19779028043641
61.729489 25.710720969610556
61.886789 25.869496298230235
62.043956 25.85387491286991
62.201646 24.331053610261907
62.348814 25.853023255813955
62.50671 25.919473552661522
62.664273 25.602381891141977
62.822038 25.92912705272256
62.979568 25.850830309355697
63.13719 26.025996132683304
63.294819 25.963966245354268
63.452636 26.042307563232022
63.661367 22.293867909471064
63.818868 26.042480959506847
64.017065 26.081024153652873
64.174552 26.0238923692214
64.331786 26.174353764617564
64.489323 25.97854364728391
64.657186 23.742766404323756
64.814453 25.988520997409278
64.972 26.06674599379469
65.129951 25.753144194208836
65.287571 25.89858226954527
65.445337 26.272773646799493
65.602739 25.78005115089514
65.760545 24.69153083291924
65.918274 20.474493786390894
66.075877 25.422265703680257
66.223472 26.007993417185848
66.381264 26.112260591509088
66.538949 26.193131874219784
66.696807 26.43467370398533
66.854893 26.358165317344298
67.012537 26.505484665323486
67.16996 26.53728682719811
67.327297 26.423964263036527
67.485193 26.37108947228224
67.642727 26.423193692240968
67.800242 26.328695697065125
67.957726 26.457183088153556
68.115263 26.312691311514012
68.27294 25.72569332038416
68.430804 26.781608765705784
68.680545 10.775685403641079
68.919974 23.461723585972216
69.077586 23.049008467431545
69.27611 23.365736199054666
69.433987 23.419953890103507
69.581687 23.202368851372253
69.739344 23.16184985974213
69.897111 23.481618713867995
70.054728 23.56903614142915
70.212398 23.570454189681776
70.369945 23.63173873799951
70.527647 23.13438830428147
72.843459 23.88513664624055
73.001249 23.736586124765243
73.158891 23.9427164913851
73.316806 23.893172953821416
73.474566 23.94673529905444
73.703714 23.104776136559572
73.861471 23.92612752432898
74.059807 24.028099900815107
74.207742 23.11715706321703
74.36548 23.993132077435085
74.523578 24.03404077894713
74.681499 23.866806394001564
74.839394 23.971625422968728
74.997326 24.105618320269922
75.155174 24.167742031731354
75.312917 24.21773579837952
75.460373 22.623125629436547
75.617971 22.831146401567008
75.775523 23.93825520152816
75.933046 24.08425044065587
76.090541 24.226200435000838
76.247885 24.282897997667114
76.405489 24.339863237410608
76.562906 24.387515382033783
76.720506 21.357961392382325
76.929314 24.458621552107093
77.17877 23.654539743742482
77.336717 24.422186834938163
77.494626 24.369598146663105
77.65235 24.49417443904765
77.809761 24.46756261999375
77.967329 24.550576871478402
78.124916 24.41492022902885
78.282397 24.576978074356532
78.440081 24.62364989646874
78.689363 24.377205174810218
78.918464 24.55710306406685
79.076225 24.69882893483499
79.233878 24.518622160037314
79.391371 24.73210618676026
79.548823 24.709746125604152
79.706371 24.689428861629814
79.864134 24.61511119010064
80.021765 24.594985553035713
80.179636 24.180899268037646
80.337044 24.769364988027398
80.514903 22.545719962694132
80.692684 21.543430124058442
80.870512 22.458922751251638
81.037959 22.70156811998818
81.195382 22.968319086755486
81.352708 24.10532037828361
81.510003 24.572508681700295
81.667277 24.899500005567866
81.82464 24.8971879515394
81.981751 24.846649584595077
82.271491 14.621591390376073
82.745041 22.48022480224802
82.902763 24.946640674417488
83.060567 25.0510753686713
83.218257 23.737746389796563
83.375494 25.191377658126605
83.522869 25.004987697014034
83.680251 25.06397461013447
83.888575 25.20614762326103
84.056301 25.205023160367887
84.213476 25.196967444626136
84.370851 25.240625812925046
84.527859 24.978026544669554
84.674813 25.246097503960936
84.832275 25.378400757920495
84.989474 25.09108610033484
85.146849 25.38689312252081
85.303745 25.230614329922854
85.450496 25.161133136946553
85.607112 24.33140311804009
85.753582 23.679227616055268
85.910449 25.42165002861794
86.067234 24.8745363299149
86.223927 23.514770645040414
86.482415 19.401751027851084
86.669942 25.317202714665093
86.837253 25.40857687538174
86.994619 25.583111568307352
87.151845 25.56513979773944
87.299345 25.633856374352725
87.456524 25.7017802438087
87.613588 25.646371976647202
87.770115 25.644742270340185
87.927 25.75510996312167
88.084044 25.832202800731018
88.241196 25.748966173801804
88.398212 25.790879325950677
88.555464 25.85985123874504
88.90561 17.02587264961461
89.205221 24.46358278113051
89.372286 25.416939504903773
89.529574 25.93543763251411
89.686842 25.805399112383252
89.843984 25.899119950880976
90.000991 25.887420169315313
90.178544 25.822222222222223
90.335214 25.70531066114118
90.491771 25.941456844235912
90.6587 24.30620810624569
90.815456 25.294853531372706
90.972533 25.47659365270115
91.129741 25.133824321896892
91.286535 25.655575365083084
91.443498 25.27345313700246
91.600259 25.098499095452954
91.756849 25.055500431868314
91.91359 25.34469873384817
92.070181 25.333511061795466
92.227048 25.631586045511376
92.383763 25.595279189846188
92.539786 25.362762395131963
92.736373 25.642982523086314
92.903006 24.246256193860088
93.059069 25.96045592682801
93.215195 26.379926175022675
93.371625 26.201941790762593
93.51755 26.434974815832607
93.673333 26.293311546031866
93.901202 25.538626632624766
94.058238 26.523792633524373
94.255368 26.253159691939274
94.452698 23.573607894972223
94.649713 26.54332500279757
94.806051 26.46100757091223
94.962352 26.61836921410833
95.118737 26.347987121718976
95.274887 26.183098333302773
95.431073 26.38951515733917
95.587432 26.564773027453988
95.743261 26.721065255890068
95.899293 25.419210838706007
96.055266 26.729946943070136
96.211041 26.663391431538283
96.367151 25.557327397069685
96.523044 24.936927920602155
96.679248 24.074154838146935
96.835369 26.826100586681
96.991632 26.689836474624606
97.147955 26.740076634053793
97.304196 26.871988564475977
97.460575 26.60911214262484
97.617336 26.9099457099681
97.773987 26.606164573072878
97.930588 26.98019062415967
98.086945 25.095706911046417
98.264675 26.285485950923587
98.441895 26.82841825044306
98.598099 26.931766159617986
98.754028 25.207892073495195
99.001957 26.773860451394007
99.240077 26.901741943372947
99.397077 26.89626045656958
99.553409 27.10520038167939
99.70944 27.087531615157395
99.865545 26.979476485556496
100.022038 26.918954876381243