1.4e-05 457.299
0.032522 447.083
0.064973 443.142
0.106554 435.352
0.342077 428.602
0.383601 427.644
0.486418 418.808
0.518816 421.896
0.652021 404.23
0.683309 394.456
0.714555 387.272
0.756012 379.862
0.788366 372.667
0.81976 366.516
0.851081 355.335
0.882363 350.208
0.913657 346.396
0.946025 338.575
0.977316 330.194
1.008588 323.057
1.039798 320.121
1.07112 314.576
1.103589 307.802
1.134922 302.502
1.166238 299.37
1.197498 296.731
1.228837 294.968
1.261295 291.515
1.292584 288.682
1.323915 286.531
1.355259 285.887
1.386595 283.446
1.419131 281.482
1.450459 281.362
1.481737 280.715
1.513072 284.214
1.544378 288.985
1.576808 282.557
1.608108 278.313
1.639386 274.411
1.670641 270.456
1.702083 274.756
1.754879 272.62
1.786222 269.932
1.817586 269.932
1.848912 271.952
1.880259 270.669
1.912718 270.857
1.944043 270.826
1.975298 270.783
2.006521 270.514
2.037906 270.635
2.070357 269.394
2.101648 268.901
2.132973 268.967
2.164272 269.523
2.195566 267.862
2.227954 268.128
2.259271 268.6
2.290606 267.434
2.321953 267.275
2.353286 267.616
2.385569 271.547
2.416883 267.558
2.448146 266.817
2.479418 267.242
2.510737 266.673
2.543202 267.59
2.574542 267.192
2.60585 267.701
2.63719 268.281
2.668527 268.277
2.700957 267.261
2.732272 267.12
2.763409 268.639
2.794746 268.425
2.826012 269.405
2.858435 274.343
2.889766 282.691
2.921034 284.959
2.952273 281.962
2.983574 279.923
3.016092 282.183
3.047467 275.695
3.078787 277.882
3.110054 280.399
3.141409 283.247
3.173845 287.076
3.205166 299.066
3.236494 313.694
3.26788 323.013
3.299237 300.902
3.331632 305.145
3.362833 309.845
3.394135 324.201
3.425461 343.446
3.4568 366.791
3.489142 376.599
3.520398 390.671
3.551614 403.595
3.582938 412.812
3.614298 325.263
3.646781 304.634
3.678168 310.693
3.709531 326.286
3.740844 341.994
3.772189 360.096
3.804603 349.227
3.835836 394.016
3.95906 395.729
3.990446 405.077
4.021847 422.474
4.054378 441.918
4.085779 316.593
4.117144 345.491
4.148533 359.388
4.179863 371.876
4.212279 385.972
4.243594 412.842
4.274931 410.833
4.306297 362.968
4.34788 341.591
4.625421 294.512
4.656624 285.922
4.687936 284.971
4.719202 285.688
4.750536 283.812
4.782981 282.314
4.814373 280.377
4.886542 276.395
4.917854 282.383
4.949177 295.428
4.981664 306.051
5.012992 311.918
5.044282 325.123
5.075541 338.04
5.106821 346.448
5.13913 363.2
5.170494 369.712
5.201831 380.161
5.233205 385.75
5.264553 303.36
5.29702 284.376
5.328313 285.616
5.359556 290.205
5.390923 289.187
5.42224 291.107
5.454712 295.61
5.486044 291.8
5.537885 282.64
5.569285 287.319
5.600543 293.742
5.632986 300.809
5.664297 309.537
5.695605 313.422
5.726978 320.008
5.758249 328.042
5.790724 345.095
5.822096 349.224
5.853311 340.432
5.905051 306.306
5.936345 295.749
5.968744 299.067
6.000052 307.85
6.031356 314.596
6.062602 324.019
6.093893 331.614
6.126336 341.527
6.15784 341.597
6.189193 324.152
6.22049 292.255
6.251845 289.331
6.284127 302.478
6.315436 311.208
6.34673 318.645
6.378118 329.446
6.399257 335.405
6.431649 337.396
6.462953 337.728
6.494304 309.507
6.52558 281.914
6.556981 282.354
6.589337 293.609
6.62059 296.395
6.651882 305.086
6.683131 314.515
6.71439 289.104
6.746841 283.509
6.7781 288.957
6.809374 302.778
6.840692 310.063
6.872022 316.723
6.904524 325.043
6.935837 286.173
6.967159 286.393
6.99845 296.195
7.029752 299.232
7.062196 306.927
7.093473 318.703
7.124784 318.96
7.156091 288.528
7.187424 286.576
7.219771 285.509
7.251022 291.01
7.282327 298.624
7.31362 314.564
7.344945 321.737
7.37754 294.229
7.40883 295.536
7.44013 306.17
7.471455 313.404
7.502765 331.812
7.535196 341.282
7.566632 298.099
7.597974 291.793
7.629296 289.851
7.66069 292.199
7.693284 300.448
7.724633 315.029
7.755968 308.991
7.817962 280.966
7.849389 279.399
7.88185 285.667
7.913252 293.396
7.944436 303.94
7.975745 309.299
8.007083 322.022
8.039538 330.889
8.07094 332.356
8.102396 324.3
8.133805 292.705
8.165113 288.994
8.197718 293.885
8.229035 306.957
8.260269 311.886
8.291559 319.06
8.32298 332.142
8.355361 334.365
8.386626 325.581
8.438316 291.219
8.469628 283.948
8.500947 284.247
8.533408 299.857
8.564759 311.162
8.585822 319.293
8.617092 328.631
8.648419 354.49
8.680918 358.702
8.712319 338.521
8.743699 297.828
8.775042 291.099
8.806336 309.986
8.951065 392.32
8.982419 417.15
9.013757 472.351
9.045109 499.918
9.076414 398.817
9.108954 371.301
9.140293 381.215
9.171649 388.083
9.20298 399.508
9.234333 423.63
9.266909 433.348
9.298188 412.534
9.737454 333.652
9.768734 282.959
9.800062 270.013
9.832371 269.66
9.863638 272.336
9.894884 270.566
9.926302 270.921
9.957601 275.717
9.989934 273.645
10.021264 273.307
10.052594 278.081
10.083881 283.793
10.115156 298.301
10.147639 296.391
10.178914 298.231
10.210243 294.488
10.24159 290.844
10.283159 276.293
10.315571 273.069
10.34691 276.443
10.378205 286.852
10.409575 288.669
10.440891 288.665
10.473253 284.789
10.504623 278.495
10.535949 275.189
10.567216 286.64
10.59857 287.351
10.630954 286.467
10.662303 287.435
10.693662 276.885
10.724951 274.561
10.756218 275.829
10.78852 277.508
10.81982 372.993
11.004176 386.917
11.035545 484.62
11.066918 501.865
11.099373 509.527
11.130695 508.265
11.162013 457.966
11.19328 457.117
11.224595 462.349
11.25705 474.271
11.288359 469.451
11.319681 440.705
11.35095 342.653
11.38223 333.208
11.414669 312.158
11.446043 322.975
11.518256 349.182
11.549519 337.597
11.580838 332.171
11.613341 310.998
11.644738 290.626
11.67612 288.914
11.707455 295.104
11.748993 277.349
11.781587 273.207
11.802813 273.22
11.834174 272.795
11.865505 276.721
11.927526 275.915
11.959966 275.16
11.991346 277.144
12.012473 286.134
12.043845 308.305
12.075182 313.182
12.107623 316.115
12.138923 314.948
12.170252 313.544
12.201592 316.169
12.232986 312.759
12.265464 312.571
12.296808 306.57
12.32813 281.835
12.359483 274.877
12.390824 272.525
12.423369 272.465
12.454666 272.466
12.486026 272.847
12.517268 279.676
12.548604 281.608
12.581054 279.288
12.612393 290.697
12.643718 283.309
12.675034 279.311
12.706418 281.568
12.738932 282.788
12.770263 286.107
12.801545 285.539
12.832886 282.094
12.864178 276.918
12.896651 275.447
12.958544 271.603
12.989843 272.332
13.021213 278.339
13.052568 277.992
13.084979 277.918
13.116262 279.907
13.147525 285.967
13.178856 283.481
13.210213 281.248
13.263133 273.998
13.294512 274.348
13.325827 276.173
13.357066 283.445
13.388398 286.147
13.420781 287.719
13.452106 298.85
13.483435 298.104
13.514724 297.021
13.546148 293.808
13.57864 286.838
13.609993 289.403
13.641327 292.861
13.672631 315.162
13.703973 331.407
13.736425 339.544
13.767725 349.852
13.799081 357.284
13.830402 364.242
13.861703 374.883
13.894064 371.32
13.925369 321.477
13.956695 313.29
13.987929 312.151
14.019276 314.647
14.051682 317.909
14.083029 274.43
14.114352 272.49
14.145688 274.79
14.177038 284.732
14.209496 282.22
14.240845 382.479
14.323255 383.963
14.344341 386.584
14.375692 420.625
14.408081 428.607
14.439424 384.54
14.470768 342.092
14.502143 298.477
14.53346 284.678
14.586287 269.221
14.617602 278.795
14.781688 287.956
14.812998 285.149
14.844242 280.716
14.876622 285.846
14.907851 285.285
14.939196 278.143
14.97038 275.326
15.001748 280.917
15.034235 277.238
15.05531 284.477
15.086587 280.073
15.117937 271.507
15.149409 270.588
15.181795 273.135
15.213102 272.835
15.244421 273.829
15.275769 274.59
15.307218 271.314
15.339635 270.5
15.370888 269.764
15.524427 268.666
15.555736 268.096
15.587087 269.323
15.619547 270.397
15.650914 271.92
15.682282 286.052
15.723834 284.923
15.755154 274.992
15.787613 271.774
15.818894 269.767
15.850138 269.004
15.881511 269.838
15.912878 268.957
15.945329 267.837
15.976665 268.782
16.007974 268.439
16.039289 269.864
16.070612 276.128
16.103133 272.93
16.134628 270.58
16.165934 270.613
16.197276 271.171
16.228708 268.889
16.261242 270.397
16.292591 272.338
16.323922 274.148
16.355298 271.282
16.386712 270.094
16.419225 270.298
16.450543 268.897
16.481851 268.596
16.513058 271.799
16.544374 269.794
16.576768 270.858
16.60807 270.026
16.63938 267.774
16.670685 267.94
16.702024 269.507
16.734394 272.546
16.765779 271.064
16.797106 271.243
16.828453 273.34
16.859785 271.093
16.892241 274.178
16.923605 288.38
16.954913 275.371
16.98626 271.903
17.017497 272.42
17.049814 268.88
17.081059 269.225
17.112354 271.863
17.143684 271.096
17.175021 270.866
17.207479 276.456
17.238816 283.557
17.270157 280.617
17.301467 277.343
17.332792 273.552
17.365226 271.975
17.396564 271.841
17.427837 271.155
17.459052 269.422
17.490386 269.997
17.522856 274.078
17.554171 276.119
17.585438 270.131
17.616719 271.648
17.648041 269.725
17.680447 269.349
17.711731 269.636
17.742959 273.78
17.774288 279.018
17.805603 277.304
17.82795 275.142
17.859255 275.008
17.890594 276.275
17.921913 274.071
17.953229 271.369
17.985534 269.422
18.016855 270.066
18.048109 269.325
18.079458 269.027
18.110732 271.164
18.143193 270.514
18.174447 268.767
18.205798 268.9
18.237097 272.66
18.26844 272.034
18.300897 271.648
18.332185 282.799
18.36359 275.409
18.394911 270.485
18.426258 273.043
18.458658 279.05
18.490081 272.343
18.521361 270.205
18.552649 271.727
18.583987 268.969
18.6165 269.273
18.647821 272.247
18.679037 270.339
18.710372 270.009
18.741669 271.288
18.774141 270.182
18.805446 270.905
18.836689 274.066
18.868032 272.813
18.899341 272.912
18.931788 273.086
18.963111 278.833
18.994425 273.593
19.025764 271.598
19.057075 274.848
19.089443 287.736
19.120734 284.583
19.141846 284.316
19.173183 284.435
19.204463 452.171
19.390096 463.528
19.421476 443.713
19.452809 446.772
19.484134 385.092
19.515486 378.448
19.547892 361.037
19.568983 321.488
19.661576 267.842
19.692869 267.774
19.72424 268.781
19.756675 270.142
19.788028 270.605
19.982924 268.401
20.014249 266.304
20.045606 268.224
20.078128 270.184
20.109486 272.596
20.140826 269.318
20.172145 269.103
20.234181 267.911
20.266724 270.012
20.29809 269.183
20.329347 267.231
20.360648 267.917
20.391966 268.841
20.424415 267.735
20.455748 267.766
20.487047 268.19
20.518557 267.708
20.549931 267.395
20.582524 270.359
20.613891 269.457
20.645107 268.087
20.676428 267.704
20.707716 270.407
20.740234 269.761
20.771572 269.705
20.802845 271.775
20.83407 269.515
20.86544 274.02
20.897908 277.397
20.92918 269.065
20.96058 269.52
20.991954 270.934
21.023303 271.038
21.055815 270.099
21.087197 269.6
21.11845 271.484
21.149748 269.78
21.181113 271.593
21.213527 269.631
21.244812 268.691
21.276038 269.972
21.307199 272.123
21.338634 269.154
21.371118 269.989
21.402375 269.722
21.433579 268.375
21.464802 268.326
21.496006 268.519
21.528479 268.761
21.559728 271.34
21.591116 272.403
21.622464 270.936
21.653798 268.335
21.686177 267.928
21.717525 270.291
21.748816 269.765
21.780064 269.007
21.81139 270.319
21.843791 272.844
21.875135 270.436
21.906586 270.509
21.937968 268.958
21.969336 268.688
22.001741 269.063
22.033056 269.893
22.064461 360.736
22.238593 390.322
22.26997 403.448
22.302445 405.753
22.333769 405.947
22.365168 419.515
22.437449 400.268
22.499455 290.467
22.53199 273.921
22.563271 269.339
22.59453 268.303
22.625764 267.635
22.657062 267.702
22.689378 266.582
22.720692 267.516
22.752029 268.499
22.783351 268.149
22.814593 268.582
22.847087 270.538
22.878486 277.125
22.909789 270.052
22.941079 271.034
22.972349 269.681
23.004837 267.762
23.036125 269.285
23.067405 271.372
23.098739 268.402
23.130012 267.974
23.16256 268.134
23.193829 267.912
23.225105 268.811
23.256392 269.72
23.287711 268.107
23.320064 269.269
23.351438 272.08
23.382758 270.085
23.414037 268.957
23.445249 269.637
23.477673 271.159
23.508946 269.137
23.540206 269.434
23.571477 272.487
23.602734 268.634
23.63513 268.406
23.666445 271.971
23.697692 269.687
23.728995 268.087
23.760202 268.181
23.792736 268.967
23.824025 268.919
23.855342 271.925
23.886633 278.755
23.917949 276.992
23.950361 275.023
23.981654 270.56
24.012971 268.008
24.044218 267.918
24.075526 267.92
24.107957 269.54
24.139304 267.996
24.170634 268.795
24.20199 269.629
24.233396 268.248
24.266024 271.814
24.297355 270.266
24.328638 268.389
24.359952 268.186
24.39148 269.325
24.423863 344.281
24.557207 314.793
24.588549 291.958
24.609648 278.013
24.640891 271.825
24.673437 270.444
24.704709 271.715
24.838123 270.181
24.869474 272.772
24.900825 272.936
24.933202 269.632
24.96456 269.565
24.995859 271.384
25.027197 269.28
25.058535 268.587
25.091013 268.897
25.122378 269.011
25.153681 269.722
25.184969 269.537
25.216277 270.077
25.248789 269.01
25.280082 269.25
25.31138 271.003
25.342705 269.823
25.37409 270.764
25.406635 272.925
25.437984 268.94
25.469235 268.034
25.500508 269.846
25.531847 268.649
25.564253 267.591
25.595522 269.547
25.626805 269.47
25.658103 268.839
25.689339 268.093
25.721599 268.842
25.752892 267.892
25.784168 268.287
25.815417 269.77
25.846705 268.187
25.879138 282.386
25.910383 274.78
25.941685 268.989
25.972955 270.941
26.004218 271.858
26.036533 270.556
26.067832 267.996
26.09926 268.739
26.130482 269.133
26.161801 268.504
26.19419 267.868
26.215232 267.708
26.246566 267.25
26.277817 268.266
26.30911 267.647
26.341522 267.146
26.3729 267.105
26.404258 267.27
26.435581 267.495
26.466961 267.227
26.499367 268.025
26.530742 268.76
26.561943 268.317
26.593215 270.045
26.624537 272.599
26.656907 271.043
26.688143 271.776
26.719464 277.969
26.750793 271.472
26.782179 270.537
26.814619 269.748
26.84594 270.35
26.877217 273.175
26.908474 274.098
26.939795 274.698
26.972207 274.686
27.003514 269.176
27.03486 269.933
27.066175 270.476
27.097524 269.247
27.129955 271.912
27.161294 279.066
27.192636 272.755
27.223946 271.196
27.255307 272.754
27.287788 270.119
27.319025 269.628
27.350393 272.13
27.381719 268.68
27.413072 267.893
27.445499 268.581
27.476844 267.495
27.508115 268.031
27.539459 267.777
27.570799 267.949
27.603176 268.734
27.63452 267.487
27.665905 267.894
27.697266 266.412
27.72862 268.273
27.761087 266.883
27.792412 266.268
27.82375 266.617
27.855005 267.188
27.88634 267.433
27.918803 267.108
27.950157 266.777
27.98145 267.291
28.012746 266.726
28.044075 267.198
28.076644 267.245
28.107876 266.807
28.139308 267.024
28.170658 268.46
28.20203 266.659
28.234517 266.724
28.265847 266.613
28.297187 267.0
28.328498 267.267
28.359878 268.882
28.392303 269.098
28.423626 267.219
28.454942 269.596
28.486305 272.421
28.517683 273.58
28.550204 268.864
28.581513 267.812
28.612836 266.308
28.644129 266.262
28.675483 267.437
28.707914 266.881
28.739222 267.116
28.770631 266.695
28.801961 268.289
28.833281 267.086
28.865766 268.139
28.897145 266.731
28.928399 266.825
28.959729 267.487
28.991031 267.377
29.023445 266.478
29.054608 266.279
29.085939 267.563
29.117216 266.913
29.148598 266.847
29.170777 266.568
29.202086 266.998
29.233377 266.925
29.264668 266.881
29.295987 267.195
29.328451 269.024
29.359768 269.346
29.391118 269.681
29.422624 273.459
29.453905 306.187
29.588426 355.084
29.619673 362.325
29.650914 320.293
29.682209 288.54
29.71346 278.173
29.745786 281.969
29.899505 278.099
29.930863 270.92
29.962281 268.421
29.993726 268.622
30.026284 269.491
30.057599 268.506
30.088872 267.705
30.120094 270.293
30.151377 270.042
30.18378 274.285
30.215074 274.016
30.246417 270.585
30.277801 272.332
30.309237 271.966
30.341693 270.772
30.372961 270.995
30.404169 271.138
30.435412 269.765
30.466695 269.355
30.499209 268.105
30.530533 271.649
30.561909 267.842
30.593241 267.478
30.624568 268.65
30.656979 273.593
30.688247 276.906
30.71948 287.604
30.750731 292.479
30.782032 305.81
30.814434 319.277
30.845733 338.499
30.877004 344.535
30.908225 365.686
30.939506 369.305
30.971785 368.374
31.003112 354.278
31.034464 327.664
31.065793 280.334
31.097089 275.605
31.129482 270.238
31.160753 268.202
31.192023 268.406
31.223309 268.706
31.254627 273.22
31.287013 269.024
31.318299 271.365
31.349574 275.671
31.380832 271.589
31.412105 267.232
31.444576 267.045
31.475814 266.203
31.507055 266.9
31.538368 267.354
31.569693 268.405
31.602152 266.318
31.633434 268.108
31.664741 266.543
31.696001 266.391
31.727336 266.718
31.759761 266.782
31.791147 266.957
31.822508 266.766
31.853844 268.392
31.885102 268.517
31.917552 269.616
31.94885 271.049
31.980147 271.686
32.011393 273.706
32.042819 280.238
32.075216 293.532
32.106544 283.768
32.137923 277.936
32.169211 281.822
32.200556 288.816
32.233021 300.592
32.264346 295.406
32.295675 278.492
32.326902 275.063
32.358195 274.869
32.390649 269.431
32.422017 267.846
32.453335 272.25
32.47443 277.149
32.505771 278.552
32.538212 270.405
32.569511 270.177
32.600825 267.483
32.632224 266.516
32.663549 266.972
32.696028 267.129
32.72724 266.596
32.758447 266.399
32.789658 266.929
32.820896 266.548
32.853351 268.924
32.884617 270.225
32.915916 287.411
33.028891 317.977
33.060268 378.65
33.092673 390.905
33.123927 387.874
33.155218 338.895
33.186528 346.439
33.432052 314.5
33.454139 276.235
33.485421 269.915
33.516658 267.027
33.547899 266.629
33.579251 267.718
33.611731 267.847
33.64306 266.74
33.674324 267.246
33.705619 267.141
33.736901 266.498
33.769261 266.355
33.800495 267.008
33.831805 268.304
33.863001 267.261
33.894363 267.004
33.927048 267.08
33.958372 266.343
33.989604 267.227
34.020918 266.588
34.05227 266.409
34.08473 266.475
34.116021 266.861
34.147278 266.618
34.178535 267.23
34.209889 268.043
34.242615 268.306
34.273892 269.191
34.305175 269.401
34.336453 272.36
34.367823 273.125
34.400459 270.027
34.431882 269.833
34.463338 268.55
34.494671 267.388
34.526022 267.634
34.55847 267.238
34.58972 266.83
34.621 269.081
34.652271 267.971
34.683551 279.547
34.756788 325.449
34.787946 291.544
34.819163 277.796
36.928519 266.299
36.959788 266.745
36.992078 266.587
37.013157 267.323
37.044423 268.743
37.075766 269.22
37.10715 266.601
37.139642 266.492
37.17102 266.648
37.202415 266.835
37.233739 267.106
37.265122 268.553
37.287472 268.568
37.318778 267.785
37.350081 267.295
37.381406 268.077
37.412743 267.001
37.445198 269.871
37.476536 269.829
37.507854 269.69
37.528994 266.942
37.560311 267.292
37.592732 267.259
37.623979 266.286
37.655306 267.119
37.68664 268.021
37.717895 266.923
37.750329 267.965
37.781642 268.437
37.812931 267.015
37.844223 267.351
37.875509 267.143
37.907916 267.124
37.939315 267.17
37.970618 267.812
38.001983 269.957
38.033317 268.289
38.065817 267.426
38.097113 267.845
38.128415 266.501
38.159727 266.963
38.191058 268.245
38.223511 266.54
38.254796 266.822
38.286039 267.209
38.317341 270.089
38.338443 268.36
38.370871 267.944
38.402188 267.974
38.433443 267.341
38.464725 267.345
38.496066 268.413
38.528616 267.076
38.559846 266.677
38.591096 267.512
38.622381 267.675
38.653649 266.637
38.686038 268.074
38.71735 267.958
38.748624 267.71
38.77994 268.141
38.811286 266.987
38.843756 268.3
38.875084 271.293
38.90646 272.44
38.937773 268.22
38.969071 266.509
39.001482 266.377
39.032827 266.38
39.064186 266.559
39.09547 266.704
39.126833 266.709
39.149018 266.486
39.180393 265.971
39.211713 266.209
39.242984 266.316
39.274327 266.352
39.306779 268.115
39.338186 270.862
39.369571 268.66
39.390708 269.492
39.422114 270.886
39.454558 274.875
39.485939 269.491
39.517284 271.013
39.548588 268.62
39.579943 302.665
39.72457 360.521
39.755879 354.873
39.787014 291.752
39.818423 275.081
39.849887 274.145
39.882339 272.129
39.995317 267.618
40.026615 268.463
40.057916 267.439
40.089317 269.47
40.12174 269.183
40.153108 269.218
40.184408 269.674
40.215738 268.579
40.247088 269.477
40.27952 268.73
40.310952 270.222
40.342273 270.493
40.373572 268.468
40.404901 267.768
40.437349 267.977
40.468628 268.651
40.499905 270.037
40.53129 269.298
40.562719 270.182
40.595218 268.779
40.626542 268.448
40.657845 267.971
40.689122 268.433
40.720481 266.782
40.752943 267.59
40.784357 267.401
40.815684 267.805
40.846978 267.935
40.868107 268.918
40.900591 268.27
40.931908 268.758
40.963233 270.295
40.994569 269.466
41.025906 267.412
41.058429 268.144
41.089827 267.93
41.121155 269.579
41.152294 270.896
41.183521 274.198
41.215898 268.513
41.247183 268.218
41.278428 269.652
41.309716 269.563
41.340971 290.111
41.373323 279.792
41.404751 290.823
41.456424 278.751
41.48777 273.081
41.519231 268.459
41.551731 267.688
41.583061 268.241
41.614405 268.325
41.645685 268.169
41.676978 270.015
41.709335 269.207
41.740623 267.929
41.771857 268.393
41.803129 272.707
41.834505 268.56
41.866938 273.153
41.898263 275.647
41.929496 270.352
41.960744 268.357
41.992248 268.392
42.024582 267.329
42.055894 268.453
42.087187 268.399
42.11846 268.622
42.149717 267.499
42.182233 267.237
42.21355 267.617
42.244834 267.887
42.276188 267.897
42.307511 269.439
42.339942 267.804
42.371245 268.352
42.402572 268.022
42.433898 267.446
42.465257 267.633
42.497688 269.503
42.528948 267.972
42.56029 267.674
42.591593 269.597
42.622962 268.305
42.655447 268.894
42.686815 268.276
42.718108 269.778
42.749402 267.713
42.780707 269.065
42.813109 268.263
42.844431 267.36
42.875749 268.616
42.907042 268.276
42.938459 267.888
42.971009 266.399
43.002372 267.353
43.033652 267.832
43.064933 267.583
43.096194 267.238
43.128626 266.885
43.159967 267.031
43.19127 266.818
43.222576 268.519
43.253911 268.384
43.286357 268.064
43.317682 271.028
43.348965 269.777
43.380214 271.031
43.411568 272.538
43.444048 271.859
43.475435 272.919
43.496545 281.622
43.527889 286.782
43.55928 289.943
43.591714 297.58
43.622969 278.867
43.654304 272.445
43.685592 268.988
43.716846 269.332
43.749398 314.058
43.862342 342.38
43.89369 385.141
43.924988 349.701
43.956292 349.616
43.988623 319.181
44.019921 294.333
44.051165 290.616
44.143823 282.489
44.175179 268.828
44.20775 269.905
44.239139 271.947
44.270514 270.123
44.301969 267.673
44.333343 267.409
44.365944 269.886
44.397281 268.13
44.428556 268.119
44.459902 268.006
44.491218 267.987
44.523719 267.896
44.554979 269.882
44.58629 268.943
44.617582 268.074
44.648935 270.572
44.681445 276.516
44.712763 270.154
44.744099 270.741
44.775435 270.945
44.806677 269.324
44.839202 279.994
44.931771 317.218
44.963095 308.793
44.994421 304.007
45.025772 276.447
45.048028 271.019
45.079372 271.104
45.110596 268.699
45.141891 268.463
45.203849 267.76
45.236312 268.885
45.267663 269.176
45.299112 270.406
45.33048 272.325
45.361929 271.955
45.39442 273.359
45.425732 270.07
45.446809 271.849
45.478133 274.689
45.509355 274.09
45.541731 269.319
45.573055 269.319
45.604383 270.906
45.635732 268.375
45.667095 268.979
45.699662 269.458
45.730981 268.456
45.762292 269.408
45.793515 269.482
45.824805 268.862
45.857207 268.95
45.888473 270.965
45.9197 268.99
45.951027 268.631
45.982394 270.307
46.014849 268.345
46.046151 268.704
46.077315 269.352
46.108548 268.818
46.139856 268.091
46.17231 268.441
46.203686 269.614
46.234998 268.611
46.256105 269.329
46.287281 269.687
46.31972 268.041
46.351052 267.666
46.382404 267.924
46.413702 269.998
46.445046 268.144
46.47759 269.214
46.508877 271.686
46.540165 269.652
46.571436 270.751
46.602782 272.864
46.635253 273.221
46.666571 270.705
46.697838 270.009
46.729156 269.517
46.760492 269.126
46.792961 269.553
46.824245 268.721
46.85553 268.383
46.88682 268.169
46.918161 269.113
46.950565 268.564
46.981964 269.073
47.013263 270.059
47.044589 268.329
47.075969 268.903
47.108322 269.71
47.139653 269.222
47.170976 271.613
47.202347 271.845
47.233696 278.382
47.266084 270.44
47.297455 270.787
47.318595 272.317
47.349905 269.27
47.38117 270.147
47.413647 273.222
47.445055 270.7
47.47644 269.849
47.507673 269.092
47.538988 268.886
47.571434 270.001
47.602814 269.554
47.634141 271.433
47.665516 269.279
47.696818 270.272
47.729382 271.868
47.76074 270.809
47.792092 270.319
47.823429 270.739
47.844659 272.368
47.877231 276.07
47.908658 275.959
47.940045 273.665
47.971529 270.276
48.00304 270.164
48.03558 271.454
48.066929 269.18
48.098342 269.267
48.129718 270.091
48.161078 271.586
48.193706 270.426
48.22502 272.78
48.256285 277.303
48.28762 283.429
48.318908 274.883
48.351381 275.284
48.382719 272.799
48.414099 276.276
48.445431 276.003
48.476774 285.39
48.509328 285.436
48.540683 277.167
48.572012 273.942
48.603333 272.929
48.634696 276.084
48.667094 275.11
48.698457 273.705
48.729763 274.316
48.761127 278.448
48.792497 272.42
48.824926 271.32
48.856399 273.311
48.887727 278.946
48.919106 341.325
48.981029 348.283
49.013201 346.252
49.044474 341.709
49.075757 348.894
49.117247 365.306
49.148522 367.599
49.181007 373.983
49.212384 364.171
49.243703 302.918
49.275006 287.845
49.306325 276.399
49.338732 275.57
49.370073 275.548
49.401436 277.826
49.432724 273.601
49.464075 271.114
49.496601 272.206
49.527951 270.48
49.559204 270.861
49.590509 277.006
49.62189 281.497
49.654297 288.029
49.685633 287.481
49.716976 278.0
49.748355 272.932
49.77966 271.704
49.812108 389.953
49.955756 404.363
49.987085 401.16
50.018418 422.537
50.049733 416.873
50.082091 421.518
50.11343 411.392
50.14479 411.152
50.176105 402.837
50.207472 405.15
50.239956 299.821
50.271236 286.645
50.302536 283.941
50.333848 274.268
50.365215 273.164
50.397579 273.017
50.428912 272.023
50.521409 269.749
50.552744 269.658
50.584108 270.92
50.616573 274.14
50.647881 270.483
50.67922 274.561
50.710529 279.679
50.74191 275.748
50.774252 274.17
50.80549 271.73
50.836824 273.387
50.86812 278.739
50.899445 284.696
50.931905 305.207
50.963253 326.469
50.994575 338.93
51.025849 361.183
51.087848 391.02
51.120247 417.966
51.151552 426.772
51.182867 450.799
51.214215 458.272
51.245503 467.0
51.277954 451.723
51.309217 417.547
51.340474 315.958
51.371771 275.329
51.403069 275.324
51.436207 273.143
51.467566 272.19
51.4989 271.767
51.530216 271.926
51.561523 268.288
51.59399 269.724
51.625254 271.575
51.656463 269.965
51.687735 269.136
51.719004 269.74
51.751487 269.715
51.77267 269.349
51.804004 270.074
51.835289 274.713
51.866553 271.247
51.899013 270.282
51.930341 272.32
51.961587 270.35
51.99285 268.75
52.024091 269.865
52.056379 270.308
52.087637 270.333
52.118905 270.653
52.150259 269.457
52.181598 269.196
52.21401 269.015
52.245394 269.597
52.276607 268.744
52.307793 269.034
52.33904 269.642
52.371529 269.515
52.402871 273.036
52.434156 272.929
52.465497 270.761
52.496871 270.268
52.529274 269.807
52.560585 269.863
52.591926 268.912
52.623247 271.731
52.65462 270.461
52.68714 269.881
52.718545 270.285
52.749842 273.949
52.781254 269.808
52.812651 269.757
52.845177 275.483
52.876569 273.335
52.907908 269.669
52.939206 270.28
52.970572 270.763
53.003044 271.068
53.034383 272.12
53.065705 274.663
53.097057 269.798
53.118197 269.029
53.150616 271.236
53.181934 269.426
53.213202 268.544
53.244487 271.113
53.275758 272.342
53.308151 278.273
53.339477 300.298
53.370793 316.06
53.4021 314.234
53.433394 299.247
53.465819 282.295
53.497169 275.32
53.528434 273.557
53.559787 272.573
53.591091 291.066
53.664267 285.918
53.695523 293.542
53.73698 303.58
53.768171 322.909
53.799494 326.758
53.831911 319.11
53.8632 325.401
53.904654 320.215
53.935854 288.96
53.967256 279.684
53.999684 272.354
54.031001 269.782
54.0623 271.962
54.0936 271.102
54.124931 269.615
54.157281 268.72
54.1886 270.875
54.21992 268.933
54.251188 277.861
54.282562 274.977
54.314976 271.335
54.346403 270.393
54.377703 269.919
54.409049 270.428
54.440361 270.253
54.472819 270.973
54.504125 269.907
54.535325 268.775
54.566686 270.066
54.598002 281.314
54.630346 277.413
54.66168 272.727
54.693 272.976
54.724304 327.026
54.9497 409.948
55.033166 524.731
55.064491 542.466
55.095794 612.841
55.290524 695.487
55.321814 699.589
55.354193 692.385
55.385432 694.372
55.416742 387.142
55.448022 365.374
55.479355 362.526
55.511814 354.502
55.543127 305.38
55.574427 288.469
55.65663 280.98
55.687905 280.166
55.80178 273.675
55.833118 275.294
55.8643 274.857
55.895591 272.845
55.92689 270.445
55.949159 268.718
55.980415 268.366
56.011699 269.31
56.042972 268.478
56.074271 270.806
56.106679 270.995
56.138027 272.38
56.169368 268.933
56.200713 269.12
56.23201 268.964
56.264454 269.675
56.29578 269.863
56.327148 268.199
56.358404 267.689
56.389712 267.859
56.422198 268.804
56.453597 267.976
56.484884 267.649
56.516212 268.208
56.547579 267.823
56.580092 268.35
56.611427 269.511
56.642755 271.969
56.674086 271.185
56.705359 268.949
56.737789 270.111
56.76904 268.382
56.800442 268.215
56.831792 268.808
56.863172 274.154
56.895769 274.45
56.92711 279.451
56.958461 278.466
56.989825 269.817
57.021142 270.533
57.053697 274.995
57.085002 271.604
57.116324 275.895
57.147631 272.817
57.178888 269.561
57.21146 267.849
57.24281 268.823
57.274134 269.994
57.305427 268.323
57.336754 268.783
57.369205 272.271
57.400547 272.984
57.431887 273.593
57.46317 276.408
57.494518 288.372
57.527048 276.159
57.558352 276.945
57.589671 270.957
57.620993 269.809
57.652271 271.836
57.68473 273.078
57.716071 268.866
57.747432 267.809
57.778785 268.901
57.799888 268.081
57.832248 269.789
57.863576 272.111
57.894917 275.737
57.926236 271.446
57.957581 276.396
57.990083 289.895
58.031678 297.198
58.06301 312.374
58.094372 329.387
58.166654 378.784
58.199141 425.552
58.230475 443.411
58.261778 442.95
58.293067 421.45
58.324351 407.533
58.346664 379.64
58.37799 360.037
58.40925 321.734
58.440535 277.509
58.471842 271.614
58.504218 269.149
58.535583 268.327
58.566976 270.545
58.598348 269.796
58.629664 268.89
58.662207 269.366
58.693538 268.815
58.724791 268.401
58.756102 269.324
58.787426 271.637
58.819931 270.75
58.85127 271.882
58.882607 274.705
58.913928 278.264
58.945283 272.779
58.977731 271.172
59.009063 269.899
59.040391 270.783
59.071674 274.319
59.103017 274.55
59.135552 269.54
59.166851 269.073
59.198184 272.158
59.229478 271.119
59.260689 270.176
59.293113 271.358
59.324364 270.139
59.355659 269.054
59.386954 275.115
59.418251 276.463
59.450709 274.29
59.482059 272.974
59.513362 274.219
59.544592 270.673
59.575927 271.772
59.608254 272.161
59.63953 274.399
59.670767 271.411
59.702064 271.538
59.73333 269.818
59.765631 268.702
59.796907 270.349
59.828228 269.691
59.859491 269.822
59.890806 272.941
59.923183 280.395
59.954457 276.333
59.985659 274.812
60.016972 274.042
60.048252 273.253
60.080795 270.887
60.112064 288.535
60.245263 382.884
60.276555 390.988
60.307843 371.963
60.340208 369.458
60.371507 370.537
60.402771 361.446
60.43409 349.023
60.465394 338.44
60.508031 288.708
60.53936 272.008
60.570664 273.14
60.601974 270.488
60.633174 269.81
60.665513 267.659
60.696844 268.34
60.728093 269.064
60.759327 267.735
60.790637 268.386
60.823076 270.852
60.854432 270.152
60.885704 269.409
60.917136 269.961
60.94844 271.159
60.980848 270.486
61.012104 270.389
61.043382 270.796
61.074711 268.366
61.106037 268.387
61.138468 268.985
61.169784 269.933
61.201175 269.532
61.232372 269.962
61.263659 270.922
61.296083 270.195
61.327337 270.048
61.358577 272.05
61.389889 271.15
61.421135 271.064
61.453426 273.324
61.484765 270.784
61.51607 272.087
61.54731 273.853
61.57855 269.441
61.610976 269.976
61.642255 274.45
61.673488 273.531
61.704733 270.677
61.735983 269.063
61.768394 270.327
61.799485 268.321
61.830761 268.187
61.86205 268.221
61.893277 269.494
61.925634 269.577
61.956875 270.096
61.988226 268.664
62.01943 268.93
62.050673 268.951
62.083057 269.814
62.114312 270.021
62.145617 271.772
62.176924 272.75
62.208264 284.43
62.240575 275.227
62.271754 276.088
62.302977 284.312
62.334269 281.486
62.365559 278.639
62.398046 283.984
62.42933 274.472
62.46058 271.461
62.49181 271.952
62.523099 269.836
62.555559 270.828
62.58686 273.366
62.618119 274.812
62.649398 272.55
62.680713 272.053
62.713113 278.171
62.754643 302.795
62.785977 310.428
62.817263 317.353
62.848609 320.425
62.881074 322.156
62.91248 323.75
62.943809 325.466
62.97501 326.769
63.006386 301.385
63.038834 288.319
63.070192 281.312
63.101414 279.641
63.132715 288.595
63.164018 291.117
63.196381 294.996
63.227685 293.349
63.25901 292.854
63.290304 290.389
63.321575 291.892
63.353961 301.755
63.385207 397.608
63.51856 426.284
63.549821 435.108
63.581123 470.095
63.613671 475.527
63.645006 505.512
63.676315 531.594
63.717822 548.805
63.749106 560.93
63.781603 560.609
63.8129 583.797
63.844187 617.936
63.895908 637.645
63.92718 648.459
63.959739 469.975
63.991142 468.391
64.022515 491.653
64.053835 500.357
64.085155 500.62
64.117534 494.988
64.148845 493.463
64.180129 444.369
64.211426 427.65
64.253019 389.157
64.2854 347.63
64.316671 328.546
64.347888 303.628
64.379157 285.242
64.410489 281.089
64.442958 273.113
64.474321 272.815
64.505622 269.26
64.536948 268.646
64.56825 272.461
64.610891 274.027
64.64224 271.075
64.673565 269.047
64.704915 268.685
64.736226 268.052
64.768662 267.917
64.799984 267.835
64.831271 270.945
64.862566 268.033
64.893888 267.71
64.926296 270.489
64.957607 270.93
64.988888 270.318
65.02019 271.088
65.051539 273.658
65.08392 270.53
65.115277 269.875
65.146656 270.735
65.178001 268.143
65.20928 269.535
65.241671 271.797
65.272995 267.052
65.304369 269.982
65.335679 268.173
65.36711 269.818
65.399674 275.426
65.430999 277.322
65.462314 294.328
65.493583 272.8
65.524877 279.399
65.557401 283.944
65.588675 268.832
65.619974 268.378
65.651249 274.368
65.682588 270.186
65.715138 271.153
65.746471 460.488
66.012737 430.739
66.044026 414.312
66.075302 419.522
66.107727 409.499
66.139009 414.738
66.445856 305.484
66.477177 274.77
66.508492 269.607
66.540905 268.342
66.572199 268.449
66.603508 268.178
66.6348 268.027
66.666183 269.432
66.698685 267.442
66.729984 267.034
66.761249 266.952
66.792536 266.579
66.823777 266.866
66.856153 268.292
66.877199 267.817
66.908445 266.342
66.93972 267.676
66.970983 267.132
67.003397 266.712
67.034698 267.009
67.066035 267.784
67.097326 269.217
67.128659 268.379
67.161053 269.388
67.192305 269.236
67.223581 266.732
67.25487 267.22
67.286148 267.028
67.31865 268.39
67.349977 267.503
67.381276 266.959
67.412551 266.989
67.443873 268.236
67.476266 267.344
67.50758 268.099
67.538892 267.142
67.570199 266.868
67.601493 267.014
67.633981 268.311
67.665313 267.727
67.696682 268.47
67.727963 267.706
67.759255 272.154
67.791783 272.61
67.823073 277.09
67.854384 268.897
67.88564 273.28
67.917015 274.818
67.949521 271.228
67.980764 283.519
68.012046 284.143
68.043227 286.173
68.074579 275.65
68.107015 274.869
68.138331 272.151
68.16974 272.854
68.200971 273.777
68.232464 279.27
68.254667 273.541
68.28604 271.021
68.31731 267.282
68.348598 267.932
68.3799 267.492
68.412242 268.199
68.44348 266.728
68.474722 266.542
68.506077 267.471
68.537426 266.266
68.569747 266.908
68.601092 270.754
68.632371 270.904
68.663661 271.15
68.694918 267.679
68.727372 279.239
68.81993 298.987
68.851192 310.102
68.882504 293.847
68.913892 280.868
68.946432 273.721
68.977753 267.395
69.009051 267.31
69.040287 267.146
69.081833 267.197
69.11429 267.456
69.145644 268.66
69.177009 268.01
69.208357 266.63
69.23966 267.221
69.272179 266.568
69.303412 266.891
69.334818 267.056
69.366121 267.568
69.397346 267.259
69.429684 267.088
69.460969 267.22
69.492228 267.04
69.52344 266.708
69.554802 267.048
69.587151 266.859
69.61836 269.608
69.649647 269.019
69.680916 266.801
69.712224 267.22
69.744632 267.43
69.775935 266.474
69.807177 266.425
69.838398 267.133
69.8697 266.326
69.902179 267.017
69.933455 266.569
69.964707 266.416
69.996076 266.607
70.027372 266.945
70.059876 267.648
70.091168 266.509
70.122401 267.901
70.153662 267.684
70.184989 266.708
70.217467 269.942
70.248816 269.249
70.280164 268.514
70.311498 267.637
70.34283 270.108
70.375315 271.034
70.406687 267.493
70.438045 269.874
72.558281 266.459
72.589676 267.38
72.62221 267.263
72.653497 266.379
72.684821 267.683
72.716115 268.207
72.747462 266.905
72.779926 267.138
72.800995 268.259
72.832311 267.826
72.863634 266.509
72.894985 266.719
72.927477 269.157
72.95881 273.577
72.990115 278.15
73.021451 276.144
73.052788 268.189
73.085255 267.652
73.116565 268.343
73.147894 271.52
73.179269 278.025
73.210597 278.211
73.24307 282.387
73.284673 272.103
73.315999 268.898
73.347385 266.993
73.378739 266.836
73.411267 266.914
73.442618 267.816
73.473954 267.654
73.505248 267.3
73.536591 268.017
73.569 266.972
73.600326 266.738
73.63156 269.044
73.662921 269.309
73.694307 270.503
73.726733 268.556
73.758055 381.573
73.911987 316.674
73.943338 284.99
73.974725 266.25
74.007259 267.679
74.038581 287.511
74.274093 278.804
74.3054 277.226
74.530398 268.69
74.562736 267.721
74.594045 266.733
74.625318 267.113
74.656624 267.549
74.687875 267.35
74.72023 267.224
74.751554 267.548
74.782811 267.608
74.814026 268.165
74.845295 267.458
74.877631 267.391
74.908891 272.603
74.940113 277.004
74.971433 282.297
75.002686 280.919
75.035085 271.253
75.066421 268.445
75.097724 268.708
75.128965 268.939
75.160201 275.712
75.192567 277.785
75.223668 278.429
75.254956 270.621
75.286468 272.212
75.317791 272.736
75.33985 272.954
75.371115 270.601
75.402431 276.215
75.433754 277.42
75.465044 272.141
75.497462 271.392
75.528735 271.016
75.559967 270.05
75.591241 267.417
75.622552 267.866
75.655075 268.52
75.686542 267.752
75.717888 266.745
75.74909 267.299
75.780406 268.984
75.812884 268.179
75.84415 268.238
75.875384 268.608
75.906618 269.444
75.937915 267.986
75.970273 268.241
76.001512 268.006
76.032822 266.863
76.0641 267.2
76.095353 269.075
76.127838 267.974
76.159049 267.432
76.190293 269.294
76.22153 266.725
76.25282 268.077
76.285208 267.823
76.316543 267.392
76.347795 266.48
76.379091 267.828
76.410423 268.104
76.432517 266.626
76.463829 267.636
76.495111 268.628
76.526391 266.795
76.557636 267.266
76.590076 267.674
76.621328 267.123
76.652637 268.208
76.683858 267.635
76.715068 266.618
76.747402 266.268
76.77871 294.682
76.993768 371.398
77.045519 444.939
77.076855 447.53
77.109625 442.666
77.130774 438.32
77.162081 435.602
77.193391 450.145
77.255339 427.359
77.287806 375.291
77.319126 301.047
77.350433 275.069
77.3817 269.821
77.413034 268.529
77.44543 268.751
77.476797 268.466
77.508045 268.737
77.539322 268.446
77.570623 267.197
77.60316 267.705
77.634499 271.635
77.655594 269.217
77.686842 270.408
77.718108 268.711
77.750539 267.601
77.781774 266.662
77.813087 269.216
77.84434 269.14
77.875684 266.781
77.908156 272.33
77.939489 274.762
77.970843 272.317
78.002141 267.892
78.033476 268.232
78.065968 266.948
78.09742 267.161
78.128658 268.993
78.159915 270.142
78.191168 267.337
78.213359 267.004
78.244661 268.533
78.275965 268.72
78.307249 267.654
78.338571 270.679
78.370953 281.203
78.4124 275.217
78.443681 275.415
78.474925 273.247
78.5063 272.983
78.538731 273.045
78.570067 277.541
78.601377 271.536
78.632709 273.577
78.664037 273.811
78.696359 268.932
78.727634 268.455
78.758972 272.531
78.790326 268.94
78.821618 268.497
78.854114 269.942
78.88539 272.067
78.916749 269.536
78.94805 276.214
78.979271 277.696
79.011731 270.632
79.043045 270.438
79.074313 270.593
79.105608 270.163
79.136934 281.616
79.210266 316.898
79.241576 293.32
79.272901 282.621
79.304208 273.172
79.335521 268.621
79.367946 270.115
79.39926 270.161
79.430587 270.396
79.482352 273.958
79.513689 267.766
79.546167 268.124
79.57755 269.064
79.608927 266.964
79.640173 268.68
79.671466 269.155
79.70387 268.72
79.73511 269.046
79.76641 269.66
79.797726 269.149
79.818807 268.242
79.851254 267.885
79.882581 267.496
79.913935 267.097
79.945309 266.909
79.976629 267.166
80.009128 271.262
80.040424 268.019
80.061518 266.535
80.092853 266.976
80.124136 267.095
80.156562 267.958
80.187939 268.568
80.219223 267.458
80.250609 266.06
80.282 266.928
80.314591 267.185
80.345922 266.446
80.377325 267.102
80.408679 267.157
80.44003 266.714
80.472458 266.386
80.503794 266.998
80.535194 266.16
80.566543 266.671
80.597956 268.154
80.63057 267.213
80.66197 266.8
80.693331 269.188
80.724673 266.873
80.75604 266.87
80.78864 266.521
80.820044 267.447
80.851377 266.633
80.88272 268.44
80.914219 272.136
80.94698 275.44
80.978451 275.829
81.009832 274.663
81.041219 268.372
81.072556 268.717
81.105078 270.396
81.136459 275.483
81.167886 269.087
81.199464 268.771
81.230896 269.135
81.263548 268.763
81.294873 268.845
81.326269 268.861
81.357594 266.802
81.388942 267.218
81.421422 267.745
81.45288 267.032
81.484307 266.772
81.515788 268.787
81.547257 266.999
81.579774 267.249
81.611127 269.347
81.642554 268.972
81.673837 271.648
81.705273 271.255
81.737807 269.902
81.769216 268.636
81.800577 268.139
81.831932 267.357
81.8634 267.815
81.895926 270.6
81.927307 268.617
81.958723 267.619
81.990199 267.38
82.021561 267.369
82.054002 272.855
82.08528 267.806
82.116688 269.425
82.148061 268.79
82.1795 267.44
82.212121 268.465
82.243471 271.926
82.274861 268.266
82.306272 268.064
82.337658 269.487
82.370055 267.871
82.401417 267.305
82.432744 268.17
82.464131 267.003
82.49562 269.783
82.528107 269.942
82.559469 267.822
82.590829 267.116
82.622216 267.268
82.653527 268.69
82.686038 267.22
82.717467 267.293
82.748922 267.114
82.780344 266.696
82.81178 267.059
82.84451 269.645
82.875924 267.608
82.907365 266.949
82.938689 267.372
82.970081 267.89
83.002618 267.0
83.033982 269.642
83.065311 268.24
83.096711 267.36
83.128076 267.278
83.160631 269.459
83.192017 269.123
83.223366 267.845
83.254698 269.169
83.286116 267.625
83.31856 266.59
83.349943 268.189
83.381316 280.592
83.463801 293.514
83.495175 322.683
83.527765 344.548
83.559149 362.16
83.590536 368.743
83.621773 343.683
83.653189 338.725
83.685984 336.545
83.717384 330.26
83.748764 324.869
83.780282 320.968
83.81173 302.088
83.844432 298.662
83.875773 298.508
83.907138 296.095
83.938473 283.261
83.969894 277.869
84.002427 272.214
84.033762 272.089
84.065153 269.541
84.096545 286.814
84.230179 349.844
84.26275 350.842
84.294139 325.29
84.325489 274.704
84.356825 271.402
84.388234 270.852
84.492193 270.849
84.523514 268.397
84.554841 267.053
84.586136 267.972
84.617473 268.602
84.649979 266.888
84.681369 268.341
84.712734 268.927
84.744125 303.927
84.898085 283.26
84.930726 268.368
84.962181 268.073
84.993649 267.013
85.025074 266.877
85.168817 267.782
85.201282 268.151
85.232602 266.829
85.263922 267.659
85.295225 269.514
85.326506 266.935
85.359149 266.718
85.390566 267.179
85.421924 268.161
85.45327 266.816
85.484593 267.505
85.516949 268.642
85.548378 266.866
85.579711 268.679
85.611153 268.415
85.642504 268.489
85.675028 267.631
85.706444 267.553
85.73781 267.706
85.769123 267.109
85.800448 267.261
85.832862 266.808
85.864195 266.966
85.895545 267.399
85.926849 269.57
85.95817 267.14
85.990643 267.919
86.021945 267.859
86.05322 267.756
86.084531 267.097
86.115908 269.511
86.148424 276.903
86.179762 282.84
86.211099 274.446
86.242503 269.273
86.273853 267.37
86.306246 268.754
86.337642 270.888
86.368932 272.403
86.400233 269.569
86.431531 268.578
86.464023 267.154
86.495282 266.941
86.526591 267.911
86.547748 270.017
86.579187 266.945
86.611927 268.254
86.643343 267.693
86.674703 267.319
86.706228 268.569
86.737604 268.4
86.770178 268.222
86.801473 267.896
86.832699 268.791
86.86397 272.573
86.895394 269.466
86.927932 273.34
86.959295 275.329
86.990595 270.091
87.021892 269.391
87.053233 275.616
87.085626 272.099
87.116882 269.741
87.148119 270.424
87.179441 269.97
87.21069 267.926
87.243268 272.194
87.274571 272.622
87.305893 267.191
87.326933 269.905
87.358294 269.758
87.390681 267.398
87.421996 267.592
87.453307 268.191
87.484576 267.032
87.51586 267.28
87.548269 268.641
87.579608 270.712
87.610874 268.905
87.642105 269.646
87.673379 269.436
87.705796 269.161
87.737015 269.149
87.768343 270.706
87.799691 269.214
87.830948 268.304
87.863464 268.857
87.894738 266.812
87.926017 266.6
87.957296 266.964
87.988574 283.011
88.11282 308.541
88.215516 404.405
88.246788 404.522
88.278108 399.526
88.309393 436.824
88.413186 421.233
88.444444 401.735
88.47565 299.691
88.506948 270.536
88.538277 267.719
88.570764 267.595
88.602062 268.302
88.633349 267.61
88.66462 268.617
88.695903 273.199
88.728322 268.35
88.759603 267.315
88.790853 267.224
88.82211 268.875
88.853397 267.146
88.88582 267.267
88.917259 267.805
88.948649 266.694
88.980002 266.329
89.011411 266.492
89.043819 267.035
89.075197 267.426
89.106498 268.877
89.137856 267.97
89.169249 266.848
89.201946 268.811
89.233296 267.802
89.264692 267.171
89.296097 268.512
89.327481 269.427
89.360059 268.212
89.391429 270.759
89.422721 275.16
89.443856 268.746
89.475192 270.628
89.50762 272.281
89.538913 267.138
89.570261 268.751
89.601589 269.151
89.632854 280.654
89.665197 270.391
89.696659 269.281
89.727951 266.919
89.759285 267.047
89.79065 269.143
89.823178 268.44
89.854596 293.11
89.957358 336.205
89.988715 281.926
90.020122 274.536
90.052512 268.604
90.083895 267.408
90.115248 268.024
90.146603 268.733
90.177995 268.227
90.220719 269.428
90.252059 267.274
90.283315 266.544
90.314553 271.545
90.345884 271.588
90.378382 269.781
90.409738 269.451
90.441042 272.202
90.472339 268.551
90.503659 269.339
90.535974 271.519
90.567292 273.084
90.598592 267.927
90.629922 269.21
90.661181 269.505
90.693652 268.373
90.725006 270.734
90.756315 271.45
90.78766 269.385
90.818985 272.091
90.851409 268.594
90.882724 270.463
90.914037 269.382
90.945299 274.601
90.976581 274.443
91.008982 270.3
91.040213 268.691
91.071529 269.174
91.102831 270.022
91.134171 272.857
91.166663 271.767
91.19801 269.233
91.229294 270.386
91.260625 270.731
91.29188 270.904
91.324274 270.057
91.355556 270.3
91.386839 273.617
91.418156 268.573
91.449444 268.576
91.481885 267.596
91.513206 267.664
91.544454 269.668
91.565498 276.62
91.59685 269.962
91.629259 271.161
91.660553 274.432
91.691847 269.681
91.723035 269.701
91.754368 268.206
91.786711 267.831
91.817985 268.188
91.849163 269.292
91.880352 272.159
91.911634 273.43
91.9441 270.713
91.975562 275.985
92.006931 269.014
92.038319 267.403
92.069545 269.642
92.101948 270.171
92.13318 269.296
92.164492 268.778
92.195807 267.806
92.227095 268.586
92.259609 268.38
92.290981 269.454
92.3223 268.142
92.353532 267.624
92.384871 268.414
92.417304 267.04
92.448617 268.068
92.479882 270.788
92.511183 268.672
92.542546 268.443
92.574979 268.632
92.606313 274.013
92.627368 275.302
92.658598 272.385
92.689891 273.589
92.722249 272.025
92.753512 270.931
92.784764 284.768
92.816059 278.069
92.847324 268.594
92.87977 268.57
92.911052 272.974
92.942367 274.333
92.973632 275.791
93.004935 270.316
93.037308 268.836
93.068593 279.525
93.099863 288.619
93.131225 290.878
93.162603 296.934
93.195078 300.924
93.226479 342.149
93.268006 351.467
93.299274 361.392
93.330536 383.183
93.363068 390.436
93.394509 389.809
93.425796 353.902
93.457067 310.715
93.488396 304.959
93.531073 272.618
93.562417 269.041
93.593736 267.412
93.625058 270.61
93.656326 270.531
93.688723 268.673
93.719956 271.714
93.751237 268.445
93.782469 274.824
93.813755 274.431
93.846198 269.472
93.877588 269.985
93.908961 273.408
93.940269 277.366
93.971581 270.938
94.004018 270.146
94.035192 268.978
94.066484 268.039
94.097778 268.655
94.129094 273.546
94.161561 268.779
94.192919 268.677
94.224202 271.304
94.245382 270.09
94.276741 269.366
94.309133 270.933
94.3404 268.677
94.371736 271.73
94.403016 272.054
94.434339 274.538
94.466774 273.514
94.498169 270.408
94.529468 270.078
94.56079 272.77
94.592049 269.538
94.62436 271.716
94.655654 268.492
94.686969 267.831
94.718242 272.216
94.749574 272.944
94.782031 269.22
94.813329 268.886
94.844598 413.023
94.988342 403.859
95.019685 403.493
95.052227 405.894
95.083552 395.964
95.11485 369.561
95.146182 371.074
95.177481 353.593
95.209927 317.081
95.251512 281.788
95.282792 273.241
95.314023 269.013
95.345313 269.839
95.367567 272.084
95.398929 271.332
95.521898 275.036
95.553174 276.452
95.584436 270.522
95.616866 269.624
95.637936 275.811
95.669194 271.078
95.70051 269.052
95.73189 269.259
95.764365 271.12
95.795665 270.024
95.82701 271.767
95.858315 271.232
95.889603 269.31
95.921935 270.939
95.953305 274.875
95.984546 270.957
96.015837 269.138
96.047143 271.236
96.079614 272.333
96.110874 269.923
96.142153 269.447
96.173398 268.916
96.204599 268.565
96.23699 268.946
96.268315 271.341
96.299591 269.745
96.330856 268.447
96.362224 269.288
96.394712 270.689
96.426092 269.889
96.457354 269.833
96.488658 268.031
96.519996 269.011
96.552254 268.767
96.583588 272.49
96.614866 269.056
96.646236 268.794
96.67753 269.888
96.710058 268.449
96.7413 268.825
96.772584 269.56
96.803822 268.427
96.835065 267.26
96.867443 268.149
96.898775 268.508
96.930037 269.131
96.961316 269.617
96.992607 268.389
97.024987 268.005
97.056303 267.528
97.087661 267.976
97.118988 268.134
97.150347 267.967
97.182899 269.169
97.214255 267.649
97.245648 267.261
97.276988 269.757
97.308206 269.546
97.340708 268.171
97.37201 270.707
97.403364 269.012
97.434684 269.892
97.466071 268.833
97.498597 271.142
97.529925 269.555
97.561238 267.623
97.592506 269.249
97.623814 272.084
97.65625 269.775
97.687527 271.601
97.718771 269.237
97.750095 267.401
97.781412 269.746
97.813773 282.069
97.845066 275.505
97.876379 272.038
97.907671 275.194
97.938946 282.72
98.002011 309.808
98.033318 317.996
98.064642 327.898
98.095863 317.149
98.127123 316.205
98.15959 304.955
98.190884 300.109
98.222175 302.686
98.263621 283.747
98.29495 273.467
98.327389 268.599
98.358693 271.261
98.389998 270.235
98.421287 272.729
98.452638 269.063
98.485077 271.381
98.516397 276.403
98.547668 270.804
98.578984 270.031
98.600075 272.778
98.632519 275.248
98.663797 269.922
98.695027 271.291
98.7263 272.117
98.757629 269.837
98.790061 285.761
98.923597 322.822
98.975383 393.607
99.006726 399.176
99.038025 446.358
99.121453 394.227
99.152796 391.6
99.184093 377.693
99.215462 351.632
99.246795 292.392
99.279169 276.086
99.310441 271.89
99.341691 270.922
99.372964 267.965
99.404239 267.975
99.436635 269.359
99.467893 270.424
99.49922 268.462
99.530607 269.381
99.56198 268.947
99.594357 270.21
99.625662 271.581
99.656991 271.211
99.68831 272.495
99.719689 270.147
99.752098 269.834
99.783437 270.422
99.814764 269.164
99.846057 273.223
99.877348 272.085
99.909861 271.823
99.941132 273.233
99.97237 271.54
100.003581 270.813
