1.4e-05 0.016882
0.032522 0.024627
0.064973 0.031241
0.106554 0.048558
0.342077 0.050908
0.383601 0.040726
0.486418 0.043076
0.518816 0.047949
0.652021 0.056303
0.683309 0.060741
0.714555 0.063265
0.756012 0.065354
0.788366 0.067268
0.81976 0.074404
0.851081 0.07919
0.882363 0.082584
0.913657 0.084586
0.946025 0.091199
0.977316 0.104427
1.008588 0.114609
1.039798 0.120265
1.07112 0.125138
1.103589 0.137408
1.134922 0.15081
1.166238 0.162123
1.197498 0.169172
1.228837 0.183705
1.261295 0.205199
1.292584 0.21834
1.323915 0.232698
1.355259 0.252366
1.386595 0.270205
1.419131 0.29492
1.450459 0.323985
1.481737 0.339998
1.513072 0.356271
1.544378 0.377591
1.576808 0.423887
1.608108 0.450516
1.639386 0.45713
1.670641 0.459654
1.702083 0.474274
1.754879 0.463309
1.786222 0.44982
1.817586 0.444077
1.848912 0.471315
1.880259 0.516741
1.912718 0.580615
1.944043 0.649625
1.975298 0.719417
2.006521 0.774415
2.037906 0.882846
2.070357 1.007114
2.101648 1.112934
2.132973 1.166453
2.164272 1.237463
2.195566 1.300207
2.227954 1.371217
2.259271 1.456674
2.290606 1.554661
2.321953 1.651083
2.353286 1.765431
2.385569 1.909018
2.416883 2.079496
2.448146 2.225781
2.479418 2.385207
2.510737 2.527315
2.543202 2.683695
2.574542 2.883847
2.60585 3.074688
2.63719 3.298598
2.668527 3.555315
2.700957 3.800894
2.732272 4.056218
2.763409 4.30667
2.794746 4.598457
2.826012 4.869707
2.858435 5.01286
2.889766 5.183511
2.921034 5.534735
2.952273 6.039729
2.983574 6.473711
3.016092 6.746093
3.047467 7.622238
3.078787 7.931256
3.110054 8.320074
3.141409 8.863618
3.173845 9.329973
3.205166 9.071689
3.236494 9.009294
3.26788 8.645278
3.299237 8.563128
3.331632 8.257504
3.362833 8.124446
3.394135 7.861377
3.425461 7.768871
3.4568 8.111654
3.489142 8.324164
3.520398 8.35758
3.551614 8.559125
3.582938 8.554774
3.614298 8.590801
3.646781 8.999983
3.678168 9.389235
3.709531 9.812514
3.740844 9.93278
3.772189 10.198286
3.804603 6.433942
3.835836 6.637053
3.95906 6.888723
3.990446 6.997849
4.021847 6.92153
4.054378 7.068947
4.085779 6.796479
4.117144 5.531167
4.148533 6.202113
4.179863 6.796653
4.212279 6.945288
4.243594 6.930407
4.274931 7.145353
4.306297 4.230525
4.34788 2.391124
4.625421 2.728773
4.656624 3.199566
4.687936 3.731884
4.719202 4.029241
4.750536 4.613425
4.782981 5.060809
4.814373 4.739869
4.886542 5.008857
4.917854 5.588341
4.949177 6.10195
4.981664 6.527665
5.012992 7.119507
5.044282 7.167109
5.075541 7.675322
5.106821 7.820215
5.13913 7.690029
5.170494 8.098078
5.201831 8.373419
5.233205 8.418148
5.264553 8.487418
5.29702 8.74692
5.328313 8.951163
5.359556 8.935673
5.390923 9.003376
5.42224 9.202049
5.454712 9.00503
5.486044 9.545441
5.537885 9.539785
5.569285 9.159756
5.600543 9.263923
5.632986 9.269318
5.664297 9.568676
5.695605 9.709653
5.726978 9.534564
5.758249 9.402376
5.790724 9.564934
5.822096 9.607228
5.853311 8.721771
5.905051 9.032529
5.936345 9.251391
5.968744 9.150445
6.000052 9.189605
6.031356 9.136869
6.062602 9.082306
6.093893 9.344593
6.126336 9.284373
6.15784 9.314918
6.189193 8.593499
6.22049 8.857178
6.251845 8.989975
6.284127 8.896774
6.315436 9.187604
6.34673 9.201875
6.378118 9.154448
6.399257 9.424132
6.431649 9.579032
6.462953 9.688855
6.494304 9.270101
6.52558 9.636032
6.556981 9.944267
6.589337 10.135021
6.62059 10.14381
6.651882 10.307413
6.683131 10.443691
6.71439 8.02028
6.746841 8.010534
6.7781 8.272733
6.809374 10.120575
6.840692 10.530626
6.872022 10.642277
6.904524 10.540547
6.935837 8.657635
6.967159 8.851609
6.99845 9.227025
7.029752 10.454916
7.062196 10.631051
7.093473 10.778728
7.124784 10.970875
7.156091 8.11235
7.187424 8.260115
7.219771 9.991694
7.251022 10.765327
7.282327 10.362498
7.31362 10.583449
7.344945 10.593805
7.37754 8.077889
7.40883 8.174049
7.44013 8.497687
7.471455 9.918421
7.502765 9.705911
7.535196 9.933737
7.566632 8.864836
7.597974 8.647801
7.629296 8.724904
7.66069 9.593043
7.693284 10.610687
7.724633 11.007685
7.755968 7.579162
7.817962 7.693074
7.849389 9.403159
7.88185 9.91085
7.913252 9.809033
7.944436 9.796589
7.975745 9.869514
8.007083 9.832181
8.039538 10.078456
8.07094 10.304367
8.102396 9.195349
8.133805 9.466599
8.165113 9.631594
8.197718 9.600875
8.229035 9.639252
8.260269 9.837403
8.291559 9.773963
8.32298 9.813385
8.355361 10.116311
8.386626 8.85918
8.438316 9.154361
8.469628 9.304214
8.500947 9.555188
8.533408 9.664227
8.564759 9.44902
8.585822 9.291422
8.617092 8.950815
8.648419 8.757015
8.680918 9.10937
8.712319 9.232072
8.743699 9.409512
8.775042 9.441623
8.806336 6.08968
8.951065 5.993258
8.982419 6.04582
9.013757 6.096032
9.045109 5.951575
9.076414 5.819996
9.108954 4.893639
9.140293 4.854739
9.171649 5.167238
9.20298 5.516983
9.234333 5.460505
9.266909 5.760211
9.298188 2.387121
9.737454 2.435419
9.768734 2.748614
9.800062 3.468118
9.832371 3.839706
9.863638 4.051432
9.894884 5.186818
9.926302 5.658395
9.957601 5.655523
9.989934 6.304191
10.021264 7.142394
10.052594 7.273538
10.083881 7.553751
10.115156 7.757732
10.147639 8.655111
10.178914 9.200309
10.210243 9.893794
10.24159 9.263488
10.283159 9.36922
10.315571 9.654655
10.34691 9.811992
10.378205 9.591302
10.409575 9.731409
10.440891 9.639948
10.473253 8.861094
10.504623 8.551815
10.535949 8.737435
10.567216 10.107347
10.59857 10.178358
10.630954 10.589976
10.662303 10.709719
10.693662 8.777378
10.724951 8.910175
10.756218 9.431093
10.78852 9.641427
10.81982 5.71261
11.004176 5.531342
11.035545 5.436313
11.066918 5.574418
11.099373 5.646299
11.130695 5.552749
11.162013 5.613926
11.19328 5.628546
11.224595 5.589386
11.25705 5.224934
11.288359 5.841665
11.319681 6.296185
11.35095 6.737999
11.38223 4.88337
11.414669 4.83542
11.446043 4.802265
11.518256 5.023999
11.549519 4.881803
11.580838 4.685828
11.613341 4.420409
11.644738 5.914242
11.67612 6.14346
11.707455 7.043972
11.748993 8.485417
11.781587 8.836815
11.802813 9.156972
11.834174 9.354948
11.865505 8.124881
11.927526 8.365064
11.959966 8.667294
11.991346 8.85187
12.012473 8.057787
12.043845 7.761648
12.075182 7.585688
12.107623 7.707868
12.138923 8.027677
12.170252 8.484025
12.201592 8.720291
12.232986 10.736957
12.265464 10.751403
12.296808 7.789496
12.32813 7.888354
12.359483 7.848584
12.390824 7.708303
12.423369 7.527296
12.454666 7.382664
12.486026 7.357167
12.517268 7.238119
12.548604 7.472298
12.581054 8.329037
12.612393 10.211427
12.643718 9.257483
12.675034 9.297775
12.706418 9.229027
12.738932 9.328842
12.770263 9.348335
12.801545 9.737501
12.832886 10.159213
12.864178 10.378684
12.896651 9.186037
12.958544 9.435619
12.989843 9.55336
13.021213 9.484874
13.052568 9.418388
13.084979 9.39611
13.116262 9.20875
13.147525 8.839077
13.178856 9.273234
13.210213 9.192129
13.263133 9.424306
13.294512 9.591041
13.325827 9.427613
13.357066 9.262791
13.388398 9.247562
13.420781 9.367306
13.452106 9.180903
13.483435 9.086483
13.514724 9.395066
13.546148 9.281675
13.57864 9.132083
13.609993 8.918355
13.641327 8.722554
13.672631 8.286396
13.703973 8.110088
13.736425 7.636423
13.767725 7.697774
13.799081 7.870253
13.830402 7.756514
13.861703 7.500058
13.894064 7.474908
13.925369 8.46166
13.956695 8.831245
13.987929 8.960648
14.019276 8.873887
14.051682 8.884242
14.083029 8.62944
14.114352 6.872102
14.145688 6.851564
14.177038 6.758711
14.209496 8.089376
14.240845 6.649758
14.323255 6.738522
14.344341 6.397044
14.375692 6.177399
14.408081 6.107519
14.439424 5.939304
14.470768 5.381401
14.502143 5.120681
14.53346 3.572024
14.586287 3.473427
14.617602 1.33519
14.781688 0.597063
14.812998 0.434417
14.844242 0.593582
14.876622 0.944197
14.907851 1.761341
14.939196 2.714066
14.97038 3.097662
15.001748 3.368216
15.034235 4.015927
15.05531 6.539152
15.086587 6.835117
15.117937 8.294141
15.149409 8.518573
15.181795 8.258287
15.213102 8.120791
15.244421 7.994782
15.275769 7.531734
15.307218 7.446539
15.339635 6.932843
15.370888 1.93704
15.524427 2.224128
15.555736 2.240401
15.587087 2.236572
15.619547 2.557338
15.650914 2.9244
15.682282 2.952508
15.723834 3.428349
15.755154 3.85624
15.787613 6.48311
15.818894 6.497555
15.850138 6.435073
15.881511 6.308368
15.912878 6.317331
15.945329 6.372765
15.976665 5.609923
16.007974 5.497229
16.039289 5.475908
16.070612 5.246168
16.103133 5.433441
16.134628 5.668751
16.165934 5.732625
16.197276 5.702602
16.228708 5.939826
16.261242 6.594934
16.292591 6.633224
16.323922 6.578052
16.355298 6.233615
16.386712 6.201504
16.419225 6.171133
16.450543 6.208292
16.481851 6.205681
16.513058 6.112393
16.544374 6.253892
16.576768 6.26416
16.60807 6.437597
16.63938 6.770981
16.670685 6.782468
16.702024 6.758624
16.734394 6.671514
16.765779 6.771155
16.797106 6.692661
16.828453 6.618778
16.859785 6.735215
16.892241 6.460136
16.923605 6.084197
16.954913 6.626784
16.98626 6.778465
17.017497 6.649062
17.049814 6.815537
17.081059 6.854088
17.112354 6.809271
17.143684 6.824587
17.175021 6.831114
17.207479 6.363018
17.238816 6.025196
17.270157 6.168522
17.301467 6.292182
17.332792 6.289223
17.365226 6.364585
17.396564 6.420714
17.427837 6.473363
17.459052 6.581358
17.490386 6.615384
17.522856 6.51
17.554171 6.423586
17.585438 6.524533
17.616719 6.444733
17.648041 6.457699
17.680447 6.496424
17.711731 6.463181
17.742959 6.283218
17.774288 6.618169
17.805603 6.836161
17.82795 6.784905
17.859255 6.686047
17.890594 6.693357
17.921913 6.793259
17.953229 6.841731
17.985534 6.915787
18.016855 6.931538
18.048109 6.918833
18.079458 7.043014
18.110732 7.133779
18.143193 7.171721
18.174447 7.150487
18.205798 7.15771
18.237097 6.982969
18.26844 7.084872
18.300897 7.111501
18.332185 6.70467
18.36359 7.136651
18.394911 7.324707
18.426258 7.235857
18.458658 7.017952
18.490081 7.379618
18.521361 7.242645
18.552649 7.177551
18.583987 7.226632
18.6165 6.885764
18.647821 6.637923
18.679037 6.708586
18.710372 6.786123
18.741669 6.771764
18.774141 6.785862
18.805446 6.894553
18.836689 6.88237
18.868032 7.161017
18.899341 7.42635
18.931788 7.396675
18.963111 7.078955
18.994425 7.360038
19.025764 7.441318
19.057075 7.123249
19.089443 6.93206
19.120734 7.183643
19.141846 7.255872
19.173183 7.022999
19.204463 4.110782
19.390096 4.170566
19.421476 4.314589
19.452809 4.14298
19.484134 4.04038
19.515486 3.861374
19.547892 4.100426
19.568983 3.373264
19.661576 3.284065
19.692869 3.033092
19.72424 2.959644
19.756675 2.900904
19.788028 3.043099
19.982924 2.959644
20.014249 2.583358
20.045606 2.696748
20.078128 3.170326
20.109486 3.657132
20.140826 4.113305
20.172145 4.500905
20.234181 4.795129
20.266724 4.936106
20.29809 5.291681
20.329347 5.184904
20.360648 5.035051
20.391966 4.613947
20.424415 4.444949
20.455748 4.527882
20.487047 5.142002
20.518557 5.201003
20.549931 5.197957
20.582524 5.18473
20.613891 5.191953
20.645107 5.225108
20.676428 5.242948
20.707716 5.201177
20.740234 5.284632
20.771572 5.444319
20.802845 5.403244
20.83407 5.463899
20.86544 5.371394
20.897908 5.28263
20.92918 5.431352
20.96058 5.476256
20.991954 5.436487
21.023303 5.424826
21.055815 5.463203
21.087197 5.47321
21.11845 5.484175
21.149748 5.466423
21.181113 5.367739
21.213527 5.341371
21.244812 5.393933
21.276038 5.423259
21.307199 5.376093
21.338634 5.404723
21.371118 5.423085
21.402375 5.453717
21.433579 5.611228
21.464802 5.647952
21.496006 5.658221
21.528479 5.681282
21.559728 5.543264
21.591116 5.536824
21.622464 5.531864
21.653798 5.583207
21.686177 5.621845
21.717525 5.573374
21.748816 5.64012
21.780064 5.643427
21.81139 5.655523
21.843791 5.772134
21.875135 5.746723
21.906586 5.696772
21.937968 5.719746
21.969336 5.738456
22.001741 5.756034
22.033056 5.747071
22.064461 3.572981
22.238593 3.727881
22.26997 3.854935
22.302445 3.935866
22.333769 3.956055
22.365168 3.599958
22.437449 3.588645
22.499455 3.380835
22.53199 3.234462
22.563271 2.99776
22.59453 2.906734
22.625764 2.951464
22.657062 3.040314
22.689378 2.523138
22.720692 2.344132
22.752029 3.841011
22.783351 4.099121
22.814593 4.288743
22.847087 4.3809
22.878486 4.533103
22.909789 5.027654
22.941079 5.233376
22.972349 5.531864
23.004837 5.826349
23.036125 6.020845
23.067405 6.022411
23.098739 6.095597
23.130012 5.709477
23.16256 5.679106
23.193829 5.648126
23.225105 5.669099
23.256392 5.607573
23.287711 5.653522
23.320064 5.69068
23.351438 5.61149
23.382758 5.671883
23.414037 6.0929
23.445249 6.138674
23.477673 6.110652
23.508946 6.186275
23.540206 6.082979
23.571477 6.022585
23.602734 6.109173
23.63513 6.141719
23.666445 6.067663
23.697692 6.133452
23.728995 6.152423
23.760202 6.099861
23.792736 6.120834
23.824025 6.193498
23.855342 5.940436
23.886633 5.737237
23.917949 5.894401
23.950361 5.950878
23.981654 6.036683
24.012971 6.105866
24.044218 6.134322
24.075526 6.12388
24.107957 6.198023
24.139304 6.142938
24.170634 5.887787
24.20199 5.819996
24.233396 5.841926
24.266024 5.776224
24.297355 5.798937
24.328638 5.826871
24.359952 5.824434
24.39148 5.859678
24.423863 4.603679
24.557207 5.571111
24.588549 5.991692
24.609648 6.090376
24.640891 6.174614
24.673437 6.195325
24.704709 4.124357
24.838123 3.341239
24.869474 3.162059
24.900825 2.975569
24.933202 3.014469
24.96456 3.270229
24.995859 3.550877
25.027197 3.844144
25.058535 4.035333
25.091013 5.059939
25.122378 6.268599
25.153681 6.244406
25.184969 6.209858
25.216277 6.195586
25.248789 6.222215
25.280082 6.188277
25.31138 6.184099
25.342705 6.212208
25.37409 6.244058
25.406635 6.179139
25.437984 6.36267
25.469235 6.371372
25.500508 6.284263
25.531847 6.317592
25.564253 6.336215
25.595522 6.329776
25.626805 6.309586
25.658103 6.363279
25.689339 6.260679
25.721599 6.251542
25.752892 6.364237
25.784168 6.36824
25.815417 6.183142
25.846705 6.287918
25.879138 6.10108
25.910383 6.09055
25.941685 6.227611
25.972955 6.385296
26.004218 6.319072
26.036533 6.296794
26.067832 6.346136
26.09926 6.20864
26.130482 5.967065
26.161801 5.586688
26.19419 5.496532
26.215232 5.362256
26.246566 5.163583
26.277817 4.897294
26.30911 4.682521
26.341522 4.501079
26.3729 4.43294
26.404258 4.429198
26.435581 4.53319
26.466961 4.405702
26.499367 4.280215
26.530742 4.305974
26.561943 4.383424
26.593215 4.281955
26.624537 4.386644
26.656907 4.417624
26.688143 4.395868
26.719464 4.351835
26.750793 4.536149
26.782179 4.559384
26.814619 4.540152
26.84594 4.551639
26.877217 4.417972
26.908474 4.351574
26.939795 4.327033
26.972207 4.376897
27.003514 4.243839
27.03486 4.193453
27.066175 4.222693
27.097524 4.243665
27.129955 4.290484
27.161294 4.223476
27.192636 4.445384
27.223946 4.457045
27.255307 4.49725
27.287788 4.624825
27.319025 4.604375
27.350393 4.529187
27.381719 4.475233
27.413072 4.601416
27.445499 4.337389
27.476844 4.265769
27.508115 4.310151
27.539459 4.341827
27.570799 4.330775
27.603176 4.423367
27.63452 4.452607
27.665905 4.169783
27.697266 4.201807
27.72862 4.035072
27.761087 3.929339
27.792412 3.769652
27.82375 3.543741
27.855005 3.289461
27.88634 3.060591
27.918803 3.077647
27.950157 3.1068
27.98145 3.219668
28.012746 3.248386
28.044075 3.234114
28.076644 3.268749
28.107876 3.312348
28.139308 3.398152
28.170658 3.391364
28.20203 3.382227
28.234517 3.385273
28.265847 3.378311
28.297187 3.380748
28.328498 3.390146
28.359878 3.306604
28.392303 3.322442
28.423626 3.362299
28.454942 3.3529
28.486305 3.22898
28.517683 3.314436
28.550204 3.398848
28.581513 3.40346
28.612836 3.465073
28.644129 3.445754
28.675483 3.337758
28.707914 3.350377
28.739222 3.362125
28.770631 3.230633
28.801961 3.129426
28.833281 3.13952
28.865766 3.141087
28.897145 3.165975
28.928399 3.288155
28.959729 3.327142
28.991031 3.339586
29.023445 3.358818
29.054608 3.52564
29.085939 3.504233
29.117216 3.521463
29.148598 3.534517
29.170777 3.532602
29.202086 3.537476
29.233377 3.552008
29.264668 3.558622
29.295987 3.557404
29.328451 3.592735
29.359768 3.65017
29.391118 3.650344
29.422624 3.586208
29.453905 2.415143
29.588426 2.599805
29.619673 2.681694
29.650914 3.146047
29.682209 3.532863
29.71346 3.461679
29.745786 2.352747
29.899505 2.200893
29.930863 1.672838
29.962281 1.657696
29.993726 1.729577
30.026284 1.969499
30.057599 2.121876
30.088872 2.244578
30.120094 2.345176
30.151377 2.88437
30.18378 3.443056
30.215074 3.511456
30.246417 3.594388
30.277801 3.576288
30.309237 3.60953
30.341693 3.651649
30.372961 3.644427
30.404169 3.683239
30.435412 3.717352
30.466695 3.644253
30.499209 3.64112
30.530533 3.584033
30.561909 3.635724
30.593241 3.65922
30.624568 3.622845
30.656979 3.537737
30.688247 3.246994
30.71948 3.117156
30.750731 3.047972
30.782032 2.890287
30.814434 2.89577
30.845733 2.780203
30.877004 2.743045
30.908225 2.740956
30.939506 2.758709
30.971785 2.824237
31.003112 3.052672
31.034464 3.082346
31.065793 2.935539
31.097089 2.953379
31.129482 2.7125
31.160753 2.638878
31.192023 2.522355
31.223309 2.441859
31.254627 2.316372
31.287013 2.414969
31.318299 2.673165
31.349574 2.687002
31.380832 2.90569
31.412105 3.227674
31.444576 3.414077
31.475814 3.54583
31.507055 3.659133
31.538368 3.725184
31.569693 3.864594
31.602152 3.854413
31.633434 3.792974
31.664741 3.78697
31.696001 3.79106
31.727336 3.789407
31.759761 3.801938
31.791147 3.807594
31.822508 3.814382
31.853844 3.815339
31.885102 3.97607
31.917552 3.970936
31.94885 3.936823
31.980147 3.954141
32.011393 3.913066
32.042819 3.550268
32.075216 3.492398
32.106544 3.830394
32.137923 3.969196
32.169211 3.759993
32.200556 3.647037
32.233021 3.48152
32.264346 3.684022
32.295675 3.891745
32.326902 3.648169
32.358195 3.358209
32.390649 3.225586
32.422017 3.227152
32.453335 3.248299
32.47443 3.203395
32.505771 3.311825
32.538212 3.28772
32.569511 3.239161
32.600825 3.505538
32.632224 3.828828
32.663549 3.867727
32.696028 3.862767
32.72724 3.867205
32.758447 3.631025
32.789658 3.688895
32.820896 3.706474
32.853351 3.720049
32.884617 3.655914
32.915916 2.441598
33.028891 2.385642
33.060268 2.369369
33.092673 2.546895
33.123927 2.698924
33.155218 3.257262
33.186528 2.562037
33.432052 2.109954
33.454139 1.467639
33.485421 1.607658
33.516658 1.76926
33.547899 1.881171
33.579251 1.977679
33.611731 2.071925
33.64306 2.131013
33.674324 2.659242
33.705619 3.032047
33.736901 3.123334
33.769261 3.211575
33.800495 3.307822
33.831805 3.390146
33.863001 3.499795
33.894363 3.597782
33.927048 3.71039
33.958372 4.001307
33.989604 4.096423
34.020918 4.113566
34.05227 4.127838
34.08473 4.116873
34.116021 4.096858
34.147278 4.107301
34.178535 4.091027
34.209889 4.025934
34.242615 4.029154
34.273892 4.024977
34.305175 4.027675
34.336453 3.960841
34.367823 3.981901
34.400459 4.055696
34.431882 4.04595
34.463338 4.131145
34.494671 4.0436
34.526022 4.012185
34.55847 4.025934
34.58972 3.981901
34.621 3.833875
34.652271 3.82204
34.683551 2.845383
34.756788 2.984794
34.787946 3.605005
34.819163 3.878518
36.928519 4.024194
36.959788 3.985904
36.992078 3.984686
37.013157 4.02898
37.044423 4.026631
37.075766 4.027327
37.10715 4.083021
37.139642 4.110956
37.17102 4.104081
37.202415 4.103733
37.233739 4.142458
37.265122 4.067009
37.287472 4.084849
37.318778 4.107997
37.350081 4.074145
37.381406 4.04125
37.412743 4.058481
37.445198 4.017232
37.476536 4.042556
37.507854 4.052389
37.528994 4.128447
37.560311 4.058655
37.592732 4.045166
37.623979 4.0778
37.655306 4.098947
37.68664 4.08276
37.717895 4.068489
37.750329 4.060657
37.781642 4.033244
37.812931 4.058655
37.844223 4.11374
37.875509 4.101209
37.907916 4.109911
37.939315 4.124444
37.970618 4.121747
38.001983 4.12662
38.033317 4.153684
38.065817 4.154902
38.097113 4.164475
38.128415 4.167956
38.159727 4.158122
38.191058 4.121311
38.223511 4.13654
38.254796 4.125663
38.286039 4.069707
38.317341 4.011141
38.338443 4.059612
38.370871 4.065182
38.402188 4.07136
38.433443 4.090679
38.464725 4.115916
38.496066 4.092246
38.528616 4.142371
38.559846 4.197456
38.591096 4.119049
38.622381 4.030721
38.653649 4.051171
38.686038 4.050649
38.71735 4.038031
38.748624 4.056305
38.77994 4.044383
38.811286 4.044731
38.843756 4.083631
38.875084 4.155511
38.90646 4.030547
38.937773 4.072057
38.969071 4.124096
39.001482 4.118092
39.032827 4.117482
39.064186 4.120354
39.09547 4.128621
39.126833 4.105212
39.149018 4.126707
39.180393 4.22043
39.211713 4.184925
39.242984 4.181792
39.274327 4.18684
39.306779 4.185273
39.338186 4.160298
39.369571 4.207638
39.390708 4.21869
39.422114 4.184577
39.454558 4.144808
39.485939 4.303189
39.517284 4.244623
39.548588 4.305626
39.579943 2.794562
39.72457 2.971131
39.755879 3.20705
39.787014 3.658002
39.818423 3.869119
39.849887 3.890962
39.882339 2.830415
39.995317 2.680562
40.026615 2.505124
40.057916 2.1814
40.089317 2.059394
40.12174 2.095595
40.153108 2.180442
40.184408 2.387557
40.215738 2.581269
40.247088 3.427218
40.27952 4.100861
40.310952 4.232701
40.342273 4.282913
40.373572 4.248974
40.404901 4.26107
40.437349 4.138803
40.468628 4.121485
40.499905 4.130362
40.53129 4.134017
40.562719 4.12105
40.595218 4.149246
40.626542 4.175701
40.657845 4.234354
40.689122 4.239314
40.720481 4.408226
40.752943 4.408661
40.784357 4.398305
40.815684 4.41101
40.846978 4.408922
40.868107 4.416232
40.900591 4.428328
40.931908 4.414926
40.963233 4.364105
40.994569 4.384903
41.025906 4.437117
41.058429 4.448169
41.089827 4.467314
41.121155 4.473406
41.152294 4.429981
41.183521 4.362452
41.215898 4.517265
41.247183 4.537106
41.278428 4.505169
41.309716 4.529448
41.340971 4.050214
41.373323 4.532668
41.404751 4.064224
41.456424 4.361929
41.48777 4.270555
41.519231 4.347832
41.551731 4.36689
41.583061 4.367499
41.614405 3.839097
41.645685 3.794541
41.676978 3.830742
41.709335 3.608051
41.740623 3.749289
41.771857 3.756947
41.803129 3.682978
41.834505 3.775657
41.866938 3.811336
41.898263 3.954837
41.929496 4.405963
41.960744 4.447473
41.992248 4.689744
42.024582 4.73752
42.055894 4.746309
42.087187 4.573656
42.11846 4.550247
42.149717 4.561299
42.182233 4.531276
42.21355 4.467836
42.244834 4.475842
42.276188 4.490549
42.307511 4.480541
42.339942 4.606637
42.371245 4.73195
42.402572 4.728034
42.433898 4.766411
42.465257 4.870578
42.497688 4.861788
42.528948 4.894422
42.56029 4.912871
42.591593 4.781205
42.622962 4.820452
42.655447 4.82637
42.686815 4.843426
42.718108 4.814448
42.749402 4.901558
42.780707 4.881194
42.813109 4.889549
42.844431 4.960037
42.875749 5.009814
42.907042 5.020866
42.938459 5.027741
42.971009 5.044362
43.002372 4.948463
43.033652 4.949246
43.064933 4.967434
43.096194 4.981793
43.128626 4.99824
43.159967 5.014687
43.19127 5.021823
43.222576 5.026696
43.253911 5.11868
43.286357 5.195956
43.317682 5.146527
43.348965 5.186731
43.380214 5.173939
43.411568 5.151487
43.444048 5.176289
43.475435 5.159754
43.496545 4.884675
43.527889 4.767891
43.55928 4.518048
43.591714 4.642056
43.622969 5.190821
43.654304 5.183337
43.685592 5.172286
43.716846 5.175244
43.749398 3.446624
43.862342 3.210009
43.89369 3.531819
43.924988 3.787927
43.956292 3.475776
43.988623 3.707518
44.019921 4.34
44.051165 3.706126
44.143823 3.399893
44.175179 3.326097
44.20775 3.3643
44.239139 3.389102
44.270514 2.890026
44.301969 2.725727
44.333343 2.95451
44.365944 3.166236
44.397281 3.859112
44.428556 4.621605
44.459902 5.025304
44.491218 5.183424
44.523719 5.33145
44.554979 5.413078
44.58629 5.502711
44.617582 5.579987
44.648935 5.580161
44.681445 5.499752
44.712763 5.742546
44.744099 5.723836
44.775435 5.734975
44.806677 5.824173
44.839202 4.502384
44.931771 4.798001
44.963095 5.240424
44.994421 5.181597
45.025772 5.598436
45.048028 5.726099
45.079372 5.703212
45.110596 5.746549
45.141891 4.714024
45.203849 4.609335
45.236312 4.557731
45.267663 4.598196
45.299112 4.417537
45.33048 4.356534
45.361929 4.426935
45.39442 4.42798
45.425732 4.669642
45.446809 5.25722
45.478133 5.921465
45.509355 6.091594
45.541731 6.17122
45.573055 6.129362
45.604383 6.122574
45.635732 6.181054
45.667095 6.146419
45.699662 6.091159
45.730981 6.17122
45.762292 6.193324
45.793515 6.152858
45.824805 6.340566
45.857207 6.37816
45.888473 6.327861
45.9197 6.405833
45.951027 6.485198
45.982394 6.495206
46.014849 6.519572
46.046151 6.552032
46.077315 6.603201
46.108548 6.625653
46.139856 6.735476
46.17231 6.624696
46.203686 6.575702
46.234998 6.629743
46.256105 6.650193
46.287281 6.646625
46.31972 6.685003
46.351052 6.719202
46.382404 6.718419
46.413702 6.663682
46.445046 6.905866
46.47759 6.876888
46.508877 6.819453
46.540165 6.88646
46.571436 6.902995
46.602782 6.766978
46.635253 6.794825
46.666571 6.988364
46.697838 6.953207
46.729156 7.009162
46.760492 7.096098
46.792961 6.927448
46.824245 6.976529
46.85553 7.030744
46.88682 6.949726
46.918161 6.875931
46.950565 6.956601
46.981964 7.007161
47.013263 6.98906
47.044589 7.16093
47.075969 7.294075
47.108322 7.28633
47.139653 7.325664
47.170976 7.435226
47.202347 7.518159
47.233696 7.253522
47.266084 7.637554
47.297455 7.621194
47.318595 7.600395
47.349905 7.707085
47.38117 7.707172
47.413647 7.48596
47.445055 7.62598
47.47644 7.69351
47.507673 7.541655
47.538988 7.454632
47.571434 7.503104
47.602814 7.54531
47.634141 7.492052
47.665516 7.684459
47.696818 7.779923
47.729382 7.726752
47.76074 7.85746
47.792092 8.091378
47.823429 8.116962
47.844659 8.089289
47.877231 7.965456
47.908658 7.950488
47.940045 7.952663
47.971529 8.062834
48.00304 8.135237
48.03558 8.053175
48.066929 8.166652
48.098342 8.176486
48.129718 8.199634
48.161078 8.199982
48.193706 8.329211
48.22502 8.300929
48.256285 7.995218
48.28762 7.871906
48.318908 8.374811
48.351381 8.293532
48.382719 8.460267
48.414099 8.329907
48.445431 8.566348
48.476774 8.092857
48.509328 8.35819
48.540683 8.392651
48.572012 7.933518
48.603333 7.935868
48.634696 7.916462
48.667094 7.936303
48.698457 8.068665
48.729763 8.13515
48.761127 8.199025
48.792497 8.153773
48.824926 8.697926
48.856399 8.713765
48.887727 7.638598
48.919106 6.456742
48.981029 6.859135
49.013201 6.941111
49.044474 6.98584
49.075757 6.409314
49.117247 6.525403
49.148522 6.607204
49.181007 6.332647
49.212384 6.681261
49.243703 6.376246
49.275006 6.157906
49.306325 5.97333
49.338732 5.870208
49.370073 5.954185
49.401436 5.725228
49.432724 5.575897
49.464075 5.399937
49.496601 5.986036
49.527951 7.073298
49.559204 7.172939
49.590509 7.140828
49.62189 7.232115
49.654297 7.282936
49.685633 7.690986
49.716976 8.206944
49.748355 8.64171
49.77966 8.840557
49.812108 5.516374
49.955756 5.693813
49.987085 5.758819
50.018418 5.489745
50.049733 5.675712
50.082091 5.814166
50.11343 5.696076
50.14479 5.540305
50.176105 5.649083
50.207472 5.839054
50.239956 6.194629
50.271236 6.120747
50.302536 5.82017
50.333848 5.677975
50.365215 5.444667
50.397579 5.356948
50.428912 3.451845
50.521409 3.315742
50.552744 3.63555
50.584108 3.937345
50.616573 3.663398
50.647881 3.924031
50.67922 3.973373
50.710529 4.214513
50.74191 4.621953
50.774252 5.493574
50.80549 6.982795
50.836824 6.966869
50.86812 6.438119
50.899445 5.955404
50.931905 5.783969
50.963253 5.500274
50.994575 5.153315
51.025849 4.340435
51.087848 4.345482
51.120247 4.352705
51.151552 4.325119
51.182867 4.084327
51.214215 4.026631
51.245503 3.937867
51.277954 4.183707
51.309217 5.073689
51.340474 5.007203
51.371771 4.499773
51.403069 4.442512
51.436207 4.340522
51.467566 4.194062
51.4989 4.036116
51.530216 3.55897
51.561523 3.46107
51.59399 3.673405
51.625254 4.42389
51.656463 4.756839
51.687735 5.028263
51.719004 5.530384
51.751487 5.996478
51.77267 6.410098
51.804004 6.723206
51.835289 6.938587
51.866553 7.454545
51.899013 7.477954
51.930341 7.350379
51.961587 7.454284
51.99285 7.478128
52.024091 7.491617
52.056379 7.504757
52.087637 7.573331
52.118905 7.601962
52.150259 7.616494
52.181598 7.853806
52.21401 7.861812
52.245394 7.871123
52.276607 7.899318
52.307793 7.929254
52.33904 7.958755
52.371529 7.994521
52.402871 7.926295
52.434156 7.947964
52.465497 8.044734
52.496871 8.189017
52.529274 8.211556
52.560585 8.215298
52.591926 8.235661
52.623247 8.226785
52.65462 8.278738
52.68714 8.187016
52.718545 8.210077
52.749842 8.04804
52.781254 8.185449
52.812651 8.193978
52.845177 7.970677
52.876569 8.109827
52.907908 8.266206
52.939206 8.274909
52.970572 8.370721
53.003044 8.442689
53.034383 8.373157
53.065705 8.280652
53.097057 8.434857
53.118197 8.390736
53.150616 8.082937
53.181934 8.121662
53.213202 8.190062
53.244487 8.123837
53.275758 8.080848
53.308151 7.096881
53.339477 6.979227
53.370793 7.046408
53.4021 7.2007
53.433394 7.882523
53.465819 8.336086
53.497169 8.520226
53.528434 8.563041
53.559787 8.542156
53.591091 7.279281
53.664267 7.047713
53.695523 6.740697
53.73698 6.593977
53.768171 5.819213
53.799494 5.53665
53.831911 5.606355
53.8632 5.5001
53.904654 5.980814
53.935854 7.35064
53.967256 7.993738
53.999684 7.579336
54.031001 7.159625
54.0623 7.170068
54.0936 6.94085
54.124931 6.926317
54.157281 6.845995
54.1886 6.633137
54.21992 6.825631
54.251188 6.736085
54.282562 7.486569
54.314976 8.161344
54.346403 8.309805
54.377703 8.512916
54.409049 8.638403
54.440361 8.870928
54.472819 8.990932
54.504125 8.958821
54.535325 8.735781
54.566686 8.680957
54.598002 8.209729
54.630346 8.445299
54.66168 8.697056
54.693 8.637185
54.724304 4.65041
54.9497 4.072405
55.033166 4.192757
55.064491 4.25054
55.095794 3.128381
55.290524 3.121072
55.321814 3.058415
55.354193 2.926576
55.385432 2.977397
55.416742 3.343676
55.448022 3.018211
55.479355 3.079127
55.511814 3.165888
55.543127 2.654107
55.574427 1.743675
55.65663 1.665529
55.687905 1.465376
55.80178 2.075754
55.833118 2.458393
55.8643 2.875319
55.895591 2.564039
55.92689 2.800306
55.949159 3.200175
55.980415 3.740413
56.011699 4.323987
56.042972 4.931232
56.074271 5.301775
56.106679 5.311348
56.138027 5.1856
56.169368 5.727752
56.200713 6.444036
56.23201 6.552641
56.264454 6.557862
56.29578 6.562474
56.327148 6.598502
56.358404 6.544548
56.389712 6.532887
56.422198 6.459091
56.453597 6.50182
56.484884 6.546462
56.516212 6.53367
56.547579 6.580227
56.580092 6.550291
56.611427 6.579792
56.642755 6.633572
56.674086 6.693183
56.705359 6.810228
56.737789 6.780989
56.76904 6.803354
56.800442 6.72747
56.831792 6.748964
56.863172 6.632267
56.895769 6.674995
56.92711 6.497207
56.958461 6.428807
56.989825 6.653413
57.021142 6.625479
57.053697 6.489636
57.085002 6.67369
57.116324 6.602505
57.147631 6.802483
57.178888 6.795434
57.21146 6.755926
57.24281 6.70789
57.274134 6.678824
57.305427 6.733213
57.336754 6.67308
57.369205 6.504256
57.400547 6.573352
57.431887 6.573091
57.46317 6.324641
57.494518 6.222302
57.527048 6.82946
57.558352 6.736433
57.589671 6.884285
57.620993 7.000634
57.652271 6.99315
57.68473 7.008988
57.716071 6.959298
57.747432 6.426458
57.778785 6.359015
57.799888 6.368327
57.832248 6.44247
57.863576 6.263812
57.894917 6.223956
57.926236 6.453696
57.957581 6.26329
57.990083 5.296206
58.031678 5.083783
58.06301 4.846559
58.094372 3.926728
58.166654 4.021061
58.199141 4.073797
58.230475 4.327555
58.261778 4.4426
58.293067 4.648582
58.324351 4.606028
58.346664 5.189603
58.37799 5.594085
58.40925 4.492464
58.440535 4.407616
58.471842 4.275864
58.504218 4.026021
58.535583 3.731449
58.566976 3.571153
58.598348 3.161276
58.629664 3.370479
58.662207 3.606137
58.693538 4.668337
58.724791 5.186992
58.756102 5.484784
58.787426 5.805376
58.819931 6.18671
58.85127 6.435334
58.882607 6.647931
58.913928 6.830592
58.945283 7.315918
58.977731 7.464814
59.009063 7.508064
59.040391 7.494314
59.071674 7.388147
59.103017 7.406944
59.135552 7.358907
59.166851 7.258048
59.198184 7.042666
59.229478 7.017168
59.260689 7.063552
59.293113 7.0069
59.324364 7.105671
59.355659 7.148312
59.386954 7.027524
59.418251 7.132039
59.450709 7.396588
59.482059 7.455415
59.513362 7.353076
59.544592 7.478824
59.575927 7.426872
59.608254 7.38249
59.63953 7.369611
59.670767 7.317745
59.702064 7.21384
59.73333 7.265096
59.765631 7.387015
59.796907 7.392585
59.828228 7.35386
59.859491 7.395979
59.890806 7.319747
59.923183 7.191562
59.954457 7.493096
59.985659 7.591345
60.016972 7.602658
60.048252 7.556623
60.080795 7.743548
60.112064 5.062463
60.245263 5.075168
60.276555 5.32649
60.307843 5.71757
60.340208 5.594172
60.371507 5.414035
60.402771 5.723836
60.43409 5.776398
60.465394 5.190473
60.508031 5.034354
60.53936 4.809575
60.570664 4.62265
60.601974 4.440772
60.633174 4.356621
60.665513 3.967977
60.696844 3.739368
60.728093 3.754858
60.759327 4.938455
60.790637 5.897185
60.823076 6.084719
60.854432 6.437162
60.885704 6.651412
60.917136 6.889332
60.94844 7.100536
60.980848 7.340893
61.012104 7.592737
61.043382 7.802549
61.074711 7.896708
61.106037 7.837793
61.138468 7.783056
61.169784 7.756949
61.201175 7.785058
61.232372 7.651042
61.263659 7.558189
61.296083 7.620933
61.327337 7.596827
61.358577 7.544962
61.389889 7.745201
61.421135 7.76774
61.453426 7.665662
61.484765 7.796109
61.51607 7.869296
61.54731 7.680891
61.57855 7.784361
61.610976 7.772787
61.642255 7.64382
61.673488 7.702125
61.704733 7.7888
61.735983 7.773222
61.768394 7.720052
61.799485 7.841361
61.830761 7.807248
61.86205 7.801853
61.893277 7.83057
61.925634 7.776181
61.956875 7.744592
61.988226 7.754948
62.01943 7.761648
62.050673 7.756688
62.083057 7.845016
62.114312 7.89227
62.145617 7.835705
62.176924 7.843972
62.208264 7.46464
62.240575 7.909239
62.271754 7.813514
62.302977 7.585514
62.334269 7.805682
62.365559 7.800199
62.398046 7.538087
62.42933 7.91681
62.46058 7.175376
62.49181 7.123684
62.523099 7.095141
62.555559 7.133431
62.58686 7.062681
62.618119 7.01273
62.649398 7.02883
62.680713 6.982359
62.713113 5.882391
62.754643 5.997697
62.785977 6.300014
62.817263 6.63888
62.848609 6.560386
62.881074 6.604593
62.91248 6.684045
62.943809 6.557601
62.97501 6.544809
63.006386 6.764019
63.038834 6.790387
63.070192 6.770981
63.101414 6.635487
63.132715 6.552815
63.164018 6.433246
63.196381 6.361452
63.227685 6.319855
63.25901 6.212295
63.290304 6.088287
63.321575 6.030243
63.353961 5.562061
63.385207 3.94422
63.51856 4.116873
63.549821 3.835529
63.581123 3.943959
63.613671 3.821866
63.645006 3.675842
63.676315 3.530862
63.717822 3.63294
63.749106 3.53443
63.781603 3.546526
63.8129 3.401894
63.844187 3.098707
63.895908 3.059285
63.92718 2.987579
63.959739 3.241076
63.991142 3.946744
64.022515 3.79602
64.053835 3.763039
64.085155 3.827522
64.117534 3.827261
64.148845 3.704472
64.180129 3.438618
64.211426 2.921963
64.253019 2.539672
64.2854 2.554814
64.316671 2.490243
64.347888 2.225868
64.379157 2.036594
64.410489 1.846536
64.442958 1.625324
64.474321 1.409507
64.505622 1.423953
64.536948 1.534994
64.56825 1.569281
64.610891 2.358404
64.64224 3.051888
64.673565 3.580204
64.704915 4.063615
64.736226 4.471926
64.768662 4.907214
64.799984 5.104408
64.831271 5.174635
64.862566 5.227632
64.893888 5.351204
64.926296 5.336323
64.957607 5.350595
64.988888 5.417864
65.02019 5.410467
65.051539 5.372699
65.08392 5.510195
65.115277 5.527948
65.146656 5.657612
65.178001 5.729928
65.20928 5.650389
65.241671 5.41682
65.272995 5.465813
65.304369 5.438662
65.335679 5.374701
65.36711 5.319615
65.399674 5.317788
65.430999 5.192562
65.462314 4.866749
65.493583 5.225979
65.524877 5.511587
65.557401 5.445102
65.588675 5.410728
65.619974 5.331015
65.651249 4.949855
65.682588 4.777898
65.715138 4.510042
65.746471 2.334995
66.012737 2.16443
66.044026 2.150158
66.075302 2.131013
66.107727 2.24423
66.139009 1.164016
66.445856 0.448602
66.477177 0.572609
66.508492 0.647188
66.540905 0.71437
66.572199 0.766409
66.603508 0.848037
66.6348 0.901556
66.666183 0.944458
66.698685 1.491831
66.729984 1.945133
66.761249 2.051213
66.792536 2.171479
66.823777 2.27521
66.856153 2.389558
66.877199 2.514088
66.908445 2.632091
66.93972 2.726075
66.970983 2.847559
67.003397 2.928403
67.034698 2.941805
67.066035 2.940325
67.097326 2.940064
67.128659 2.95042
67.161053 2.956424
67.192305 2.975482
67.223581 3.004896
67.25487 3.008464
67.286148 3.022388
67.31865 3.036485
67.349977 3.049452
67.381276 3.012554
67.412551 3.02056
67.443873 3.047102
67.476266 3.042055
67.50758 3.047015
67.538892 3.076168
67.570199 3.090265
67.601493 3.103493
67.633981 3.126119
67.665313 3.181117
67.696682 3.185642
67.727963 3.210183
67.759255 3.147788
67.791783 3.204874
67.823073 3.116981
67.854384 3.234375
67.88564 3.155533
67.917015 3.178942
67.949521 3.246732
67.980764 3.019864
68.012046 3.107061
68.043227 3.14509
68.074579 3.160319
68.107015 3.010466
68.138331 3.00246
68.16974 3.019168
68.200971 2.996977
68.232464 2.898467
68.254667 2.921702
68.28604 2.913261
68.31731 2.931101
68.348598 2.981139
68.3799 3.125945
68.412242 3.12142
68.44348 3.10445
68.474722 3.14918
68.506077 3.062592
68.537426 3.170326
68.569747 3.183641
68.601092 2.884109
68.632371 3.179377
68.663661 3.238813
68.694918 3.270229
68.727372 2.437943
68.81993 2.490766
68.851192 2.893681
68.882504 3.083478
68.913892 2.985403
68.946432 2.972698
68.977753 3.031264
69.009051 3.063724
69.040287 2.578049
69.081833 2.477364
69.11429 2.294181
69.145644 2.24101
69.177009 2.447776
69.208357 2.435158
69.23966 2.399131
69.272179 2.405222
69.303412 2.509911
69.334818 2.869228
69.366121 3.303558
69.397346 3.361341
69.429684 3.406245
69.460969 3.438879
69.492228 3.455413
69.52344 3.446885
69.554802 3.446015
69.587151 3.445667
69.61836 3.436181
69.649647 3.452889
69.680916 3.461505
69.712224 3.429132
69.744632 3.366911
69.775935 3.394932
69.807177 3.4099
69.838398 3.407812
69.8697 3.41138
69.902179 3.418776
69.933455 3.412946
69.964707 3.414425
69.996076 3.499795
70.027372 3.505451
70.059876 3.498489
70.091168 3.513022
70.122401 3.506844
70.153662 3.515459
70.184989 3.525292
70.217467 3.487873
70.248816 3.479779
70.280164 3.50345
70.311498 3.512761
70.34283 3.434876
70.375315 3.430699
70.406687 3.472208
70.438045 3.442186
72.558281 2.930318
72.589676 2.914392
72.62221 2.955554
72.653497 3.017776
72.684821 3.325749
72.716115 3.563147
72.747462 3.567237
72.779926 3.56863
72.800995 3.553662
72.832311 3.553923
72.863634 3.5695
72.894985 3.496401
72.927477 3.473688
72.95881 3.301644
72.990115 3.14274
73.021451 3.386752
73.052788 3.5011
73.085255 3.481868
73.116565 3.424955
73.147894 3.345938
73.179269 3.328882
73.210597 3.465682
73.24307 3.208965
73.284673 3.093398
73.315999 3.044056
73.347385 3.061287
73.378739 3.111325
73.411267 3.131775
73.442618 3.109846
73.473954 3.089221
73.505248 3.111412
73.536591 3.277103
73.569 3.429828
73.600326 3.426522
73.63156 3.412337
73.662921 3.410596
73.694307 3.405288
73.726733 3.437051
73.758055 2.245883
73.911987 2.667857
73.943338 3.112891
73.974725 3.346461
74.007259 3.376832
74.038581 2.227696
74.274093 1.60557
74.3054 0.642315
74.530398 0.446949
74.562736 0.485413
74.594045 0.662417
74.625318 0.808354
74.656624 0.935494
74.687875 1.050103
74.72023 1.143479
74.751554 1.225889
74.782811 1.999174
74.814026 2.402176
74.845295 2.416535
74.877631 2.429589
74.908891 2.392952
74.940113 2.317329
74.971433 2.344306
75.002686 2.416187
75.035085 2.42576
75.066421 2.429153
75.097724 2.440553
75.128965 2.430633
75.160201 2.322463
75.192567 2.420886
75.223668 2.408094
75.254956 2.338389
75.286468 2.332123
75.317791 2.340303
75.33985 2.359274
75.371115 2.37546
75.402431 2.342914
75.433754 2.358056
75.465044 2.372502
75.497462 2.404178
75.528735 2.508866
75.559967 2.518091
75.591241 2.546199
75.622552 2.552291
75.655075 2.549854
75.686542 2.451953
75.717888 2.491549
75.74909 2.507126
75.780406 2.517395
75.812884 2.536801
75.84415 2.54733
75.875384 2.569434
75.906618 2.588579
75.937915 2.679083
75.970273 2.73878
76.001512 2.773241
76.032822 2.781422
76.0641 2.768107
76.095353 2.763408
76.127838 2.784641
76.159049 2.78351
76.190293 2.779072
76.22153 2.79639
76.25282 2.798043
76.285208 2.800741
76.316543 2.833548
76.347795 2.869054
76.379091 2.836072
76.410423 2.851214
76.432517 2.858002
76.463829 2.875754
76.495111 2.876712
76.526391 2.89925
76.557636 2.912652
76.590076 2.881411
76.621328 2.890548
76.652637 2.930753
76.683858 2.945286
76.715068 2.962516
76.747402 2.973655
76.77871 1.623497
76.993768 1.538388
77.045519 1.642729
77.076855 1.806418
77.109625 1.866377
77.130774 1.935473
77.162081 1.905015
77.193391 1.67397
77.255339 1.703732
77.287806 1.502448
77.319126 1.418471
77.350433 1.129468
77.3817 1.016861
77.413034 0.897552
77.44543 0.884325
77.476797 0.95551
77.508045 1.172806
77.539322 1.668487
77.570623 1.924856
77.60316 2.033287
77.634499 2.138845
77.655594 2.295225
77.686842 2.421931
77.718108 2.569086
77.750539 2.735822
77.781774 2.860786
77.813087 2.980791
77.84434 3.121333
77.875684 3.1705
77.908156 3.085044
77.939489 3.027174
77.970843 3.074775
78.002141 3.129426
78.033476 3.124814
78.065968 3.148223
78.09742 3.161537
78.128658 3.146569
78.159915 3.222279
78.191168 3.214186
78.213359 3.160319
78.244661 3.081824
78.275965 3.07756
78.307249 3.087133
78.338571 3.056327
78.370953 2.725727
78.4124 3.063811
78.443681 3.074775
78.474925 3.172502
78.5063 3.306517
78.538731 3.094007
78.570067 3.032308
78.601377 3.161972
78.632709 3.127946
78.664037 2.860525
78.696359 2.753574
78.727634 2.785773
78.758972 2.700926
78.790326 2.773764
78.821618 2.960079
78.854114 2.979224
78.88539 2.91622
78.916749 2.940934
78.94805 2.982009
78.979271 3.247516
79.011731 3.336366
79.043045 3.188949
79.074313 3.203743
79.105608 3.206528
79.136934 2.397999
79.210266 2.614773
79.241576 3.052237
79.272901 3.041359
79.304208 3.173459
79.335521 3.255957
79.367946 3.224542
79.39926 3.22811
79.430587 2.598761
79.482352 2.458567
79.513689 2.270511
79.546167 2.326554
79.57755 2.269293
79.608927 2.277995
79.640173 2.283825
79.671466 2.338476
79.70387 2.458741
79.73511 3.014904
79.76641 3.342806
79.797726 3.365345
79.818807 3.38797
79.851254 3.400937
79.882581 3.407202
79.913935 3.405114
79.945309 3.407464
79.976629 3.409204
80.009128 3.385621
80.040424 3.485088
80.061518 3.430263
80.092853 3.425042
80.124136 3.444361
80.156562 3.444622
80.187939 3.436529
80.219223 3.445492
80.250609 3.461244
80.282 3.456631
80.314591 3.469598
80.345922 3.526076
80.377325 3.523813
80.408679 3.525379
80.44003 3.537824
80.472458 3.40668
80.503794 3.366563
80.535194 3.382575
80.566543 3.396934
80.597956 3.385534
80.63057 3.397195
80.66197 3.405201
80.693331 3.383793
80.724673 3.421909
80.75604 3.560363
80.78864 3.543132
80.820044 3.532863
80.851377 3.526685
80.88272 3.473862
80.914219 3.411031
80.94698 3.394845
80.978451 3.387709
81.009832 3.395628
81.041219 3.503189
81.072556 3.491092
81.105078 3.477169
81.136459 3.402938
81.167886 3.572285
81.199464 3.426783
81.230896 3.403722
81.263548 3.392496
81.294873 3.376832
81.326269 3.348027
81.357594 3.384141
81.388942 3.07756
81.421422 3.063724
81.45288 3.111238
81.484307 3.227239
81.515788 3.223062
81.547257 3.244557
81.579774 3.262397
81.611127 3.221931
81.642554 3.243426
81.673837 3.354989
81.705273 3.478561
81.737807 3.483695
81.769216 3.506669
81.800577 3.508236
81.831932 3.512674
81.8634 3.511804
81.895926 3.478561
81.927307 3.459416
81.958723 3.485784
81.990199 3.516677
82.021561 3.481955
82.054002 3.27719
82.08528 3.470381
82.116688 3.409378
82.148061 3.40581
82.1795 3.46194
82.212121 3.455326
82.243471 3.434702
82.274861 3.503624
82.306272 3.508497
82.337658 3.336888
82.370055 3.324792
82.401417 3.374569
82.432744 3.359775
82.464131 3.367607
82.49562 3.350986
82.528107 3.361864
82.559469 3.364126
82.590829 3.439314
82.622216 3.530775
82.653527 3.518505
82.686038 3.53704
82.717467 3.537302
82.748922 3.53356
82.780344 3.52477
82.81178 3.508323
82.84451 3.493007
82.875924 3.528251
82.907365 3.529382
82.938689 3.49936
82.970081 3.492572
83.002618 3.508149
83.033982 3.50345
83.065311 3.519897
83.096711 3.547918
83.128076 3.525118
83.160631 3.476647
83.192017 3.523726
83.223366 3.524422
83.254698 3.388406
83.286116 3.401633
83.31856 3.425651
83.349943 3.396064
83.381316 2.564561
83.463801 2.456914
83.495175 2.424019
83.527765 2.399479
83.559149 2.409747
83.590536 2.487024
83.621773 2.829632
83.653189 2.946504
83.685984 2.844339
83.717384 2.686045
83.748764 2.627826
83.780282 2.590581
83.81173 2.467356
83.844432 2.362233
83.875773 2.224128
83.907138 1.98934
83.938473 1.816774
83.969894 1.852715
84.002427 2.207767
84.033762 2.509388
84.065153 2.653846
84.096545 1.911629
84.230179 1.977244
84.26275 2.420016
84.294139 2.739216
84.325489 3.281106
84.356825 3.350899
84.388234 2.377549
84.492193 2.267813
84.523514 2.13171
84.554841 1.952965
84.586136 1.768215
84.617473 1.568585
84.649979 1.71139
84.681369 1.877603
84.712734 2.033374
84.744125 2.710846
84.898085 3.426957
84.930726 3.447059
84.962181 3.459851
84.993649 3.457328
85.025074 2.180529
85.168817 1.681454
85.201282 1.598869
85.232602 1.601741
85.263922 1.610095
85.295225 1.767258
85.326506 1.979855
85.359149 2.113609
85.390566 2.223954
85.421924 3.151443
85.45327 3.602917
85.484593 3.564366
85.516949 3.530775
85.548378 3.539564
85.579711 3.522334
85.611153 3.528686
85.642504 3.532689
85.675028 3.530949
85.706444 3.545743
85.73781 3.568891
85.769123 3.599088
85.800448 3.479866
85.832862 3.495182
85.864195 3.503798
85.895545 3.498663
85.926849 3.494834
85.95817 3.500404
85.990643 3.49875
86.021945 3.498837
86.05322 3.541131
86.084531 3.629459
86.115908 3.60779
86.148424 3.39354
86.179762 3.391277
86.211099 3.541479
86.242503 3.552966
86.273853 3.562103
86.306246 3.5011
86.337642 3.403199
86.368932 3.431743
86.400233 3.495879
86.431531 3.332015
86.464023 3.343241
86.495282 3.374134
86.526591 3.347853
86.547748 3.330709
86.579187 3.433657
86.611927 3.473862
86.643343 3.449409
86.674703 3.444796
86.706228 3.567585
86.737604 3.612402
86.770178 3.643469
86.801473 3.650431
86.832699 3.443578
86.86397 3.408508
86.895394 3.459242
86.927932 3.407812
86.959295 3.357512
86.990595 3.482999
87.021892 3.515894
87.053233 3.415731
87.085626 3.550529
87.116882 3.694465
87.148119 3.517634
87.179441 3.483086
87.21069 3.524248
87.243268 3.44497
87.274571 3.362299
87.305893 3.406419
87.326933 3.406854
87.358294 3.390842
87.390681 3.460286
87.421996 3.604135
87.453307 3.454543
87.484576 3.473949
87.51586 3.548266
87.548269 3.577506
87.579608 3.550616
87.610874 3.595085
87.642105 3.592996
87.673379 3.60779
87.705796 3.683413
87.737015 3.740848
87.768343 3.711956
87.799691 3.746852
87.830948 3.67062
87.863464 3.544524
87.894738 3.555924
87.926017 3.564627
87.957296 3.552792
87.988574 2.431938
88.11282 1.974285
88.215516 2.28017
88.246788 2.559688
88.278108 2.611205
88.309393 2.252758
88.413186 2.662549
88.444444 2.136322
88.47565 2.012662
88.506948 1.669183
88.538277 1.568933
88.570764 1.495225
88.602062 1.596171
88.633349 1.642119
88.66462 1.690156
88.695903 1.952791
88.728322 2.477364
88.759603 2.676298
88.790853 2.773241
88.82211 2.955728
88.853397 3.113414
88.88582 3.249256
88.917259 3.40407
88.948649 3.617188
88.980002 3.740239
89.011411 3.912109
89.043819 3.955446
89.075197 3.756512
89.106498 3.686285
89.137856 3.698816
89.169249 3.72031
89.201946 3.701426
89.233296 3.721007
89.264692 3.751204
89.296097 3.757121
89.327481 3.765736
89.360059 4.058394
89.391429 4.039597
89.422721 3.944742
89.443856 4.091898
89.475192 4.02576
89.50762 4.017754
89.538913 4.05996
89.570261 4.029241
89.601589 4.06553
89.632854 3.755729
89.665197 4.075886
89.696659 3.914719
89.727951 3.915764
89.759285 3.993736
89.79065 3.957012
89.823178 3.986687
89.854596 2.935278
89.957358 2.991495
89.988715 3.70804
90.020122 3.907061
90.052512 3.946135
90.083895 3.971719
90.115248 3.980857
90.146603 3.97111
90.177995 3.139172
90.220719 3.020647
90.252059 2.851301
90.283315 2.762016
90.314553 2.695878
90.345884 2.730774
90.378382 2.757838
90.409738 2.828414
90.441042 2.953901
90.472339 3.529818
90.503659 4.328165
90.535974 4.364888
90.567292 4.390734
90.598592 4.347832
90.629922 4.328687
90.661181 4.323813
90.693652 4.366716
90.725006 4.270642
90.756315 4.270817
90.78766 4.326685
90.818985 4.310064
90.851409 4.393084
90.882724 4.442948
90.914037 4.472448
90.945299 4.232004
90.976581 4.298142
91.008982 4.439032
91.040213 4.385251
91.071529 4.367325
91.102831 4.39291
91.134171 4.324162
91.166663 4.383424
91.19801 4.517613
91.229294 4.389081
91.260625 4.413795
91.29188 4.449909
91.324274 4.540326
91.355556 4.51274
91.386839 4.499948
91.418156 4.602547
91.449444 4.589668
91.481885 4.649888
91.513206 4.773808
91.544454 4.637879
91.565498 4.439815
91.59685 4.698359
91.629259 4.657024
91.660553 4.410401
91.691847 4.45896
91.723035 4.470882
91.754368 4.517874
91.786711 4.564605
91.817985 4.694705
91.849163 4.615601
91.880352 4.569479
91.911634 4.792257
91.9441 4.825152
91.975562 4.643187
92.006931 4.835942
92.038319 4.861005
92.069545 4.816623
92.101948 4.828372
92.13318 4.999284
92.164492 5.009205
92.195807 4.894248
92.227095 5.057938
92.259609 4.897642
92.290981 4.868054
92.3223 4.92897
92.353532 4.956382
92.384871 4.923313
92.417304 4.940196
92.448617 5.006507
92.479882 5.065422
92.511183 5.183598
92.542546 5.332756
92.574979 5.343894
92.606313 5.234246
92.627368 5.291159
92.658598 5.378878
92.689891 5.355817
92.722249 5.433528
92.753512 5.4934
92.784764 4.991974
92.816059 5.313959
92.847324 5.462071
92.87977 5.487482
92.911052 5.306562
92.942367 5.297424
92.973632 5.345287
93.004935 5.389581
93.037308 5.416733
93.068593 5.175679
93.099863 5.03653
93.131225 4.754576
93.162603 4.454783
93.195078 4.325902
93.226479 3.675059
93.268006 3.905756
93.299274 3.850409
93.330536 3.769913
93.363068 3.798283
93.394509 3.820126
93.425796 4.426935
93.457067 4.908607
93.488396 3.996347
93.531073 3.890179
93.562417 3.850932
93.593736 3.795324
93.625058 3.716742
93.656326 3.537214
93.688723 3.394932
93.719956 3.380051
93.751237 3.505538
93.782469 4.01993
93.813755 4.726033
93.846198 4.983707
93.877588 5.123379
93.908961 5.222411
93.940269 5.378704
93.971581 5.842796
94.004018 5.980205
94.035192 5.995347
94.066484 6.045124
94.097778 6.041034
94.129094 5.860897
94.161561 6.010576
94.192919 6.038075
94.224202 5.800068
94.245382 5.874037
94.276741 5.934431
94.309133 5.976463
94.3404 6.139892
94.371736 6.050171
94.403016 6.188712
94.434339 6.141197
94.466774 6.316983
94.498169 6.56291
94.529468 6.625218
94.56079 6.45561
94.592049 6.582142
94.62436 6.559864
94.655654 6.58832
94.686969 6.630178
94.718242 6.596587
94.749574 6.595456
94.782031 6.688309
94.813329 6.700754
94.844598 4.418233
94.988342 4.307975
95.019685 4.367499
95.052227 4.373503
95.083552 4.509085
95.11485 4.846211
95.146182 4.841947
95.177481 4.998414
95.209927 4.656327
95.251512 4.592018
95.282792 4.410488
95.314023 4.311804
95.345313 4.126446
95.367567 3.910455
95.398929 3.027174
95.521898 2.952508
95.553174 2.894377
95.584436 2.947461
95.616866 3.048321
95.637936 2.890896
95.669194 2.90482
95.70051 3.135778
95.73189 3.301644
95.764365 3.393018
95.795665 4.913567
95.82701 4.873188
95.858315 4.844993
95.889603 4.842208
95.921935 4.824804
95.953305 4.689222
95.984546 4.780335
96.015837 4.828284
96.047143 4.812185
96.079614 4.936715
96.110874 5.033745
96.142153 5.046886
96.173398 5.008596
96.204599 5.131211
96.23699 5.135214
96.268315 5.073341
96.299591 5.121986
96.330856 5.151052
96.362224 5.087612
96.394712 5.05202
96.426092 5.232679
96.457354 5.234159
96.488658 5.282456
96.519996 5.318223
96.552254 5.320137
96.583588 5.244688
96.614866 5.401504
96.646236 5.140087
96.67753 5.024086
96.710058 5.058112
96.7413 5.077692
96.772584 5.093704
96.803822 5.141828
96.835065 5.200655
96.867443 5.21014
96.898775 5.194476
96.930037 5.512284
96.961316 5.486438
96.992607 5.460853
97.024987 5.513154
97.056303 5.531603
97.087661 5.529079
97.118988 5.548746
97.150347 5.57668
97.182899 5.578073
97.214255 5.639424
97.245648 5.752815
97.276988 5.642557
97.308206 5.646473
97.340708 5.702689
97.37201 5.693639
97.403364 5.718005
97.434684 5.726186
97.466071 5.769697
97.498597 5.74272
97.529925 5.860462
97.561238 5.862898
97.592506 5.779269
97.623814 5.773091
97.65625 5.855153
97.687527 5.795021
97.718771 5.847234
97.750095 5.886133
97.781412 5.845494
97.813773 5.537172
97.845066 5.914155
97.876379 5.94148
97.907671 5.864204
97.938946 4.798001
98.002011 5.032353
98.033318 4.704103
98.064642 4.851694
98.095863 5.288809
98.127123 5.219539
98.15959 5.184469
98.190884 5.32327
98.222175 5.033397
98.263621 5.065073
98.29495 5.029916
98.327389 4.860396
98.358693 4.646059
98.389998 4.76937
98.421287 4.848474
98.452638 4.752749
98.485077 4.63988
98.516397 4.715764
98.547668 5.40629
98.578984 5.527513
98.600075 5.647169
98.632519 5.767956
98.663797 5.977072
98.695027 6.044341
98.7263 6.092725
98.757629 6.202548
98.790061 4.201198
98.923597 3.752683
98.975383 3.900012
99.006726 4.128969
99.038025 3.492746
99.121453 4.061875
99.152796 4.511348
99.184093 4.470447
99.215462 3.898881
99.246795 3.846145
99.279169 3.559927
99.310441 3.590734
99.341691 3.656871
99.372964 3.192343
99.404239 2.44386
99.436635 2.438726
99.467893 3.526511
99.49922 4.341131
99.530607 4.553989
99.56198 4.781988
99.594357 5.035486
99.625662 5.239032
99.656991 5.658047
99.68831 5.856111
99.719689 6.125968
99.752098 6.367195
99.783437 6.500688
99.814764 6.623477
99.846057 6.441774
99.877348 6.584491
99.909861 6.624087
99.941132 6.517484
99.97237 6.515395
100.003581 6.520617
