1.2e-05 280.725
0.267321 285.828
0.29863 290.051
0.32993 293.688
0.361239 298.121
0.392599 304.005
0.424913 307.9
0.46647 309.364
0.49777 303.594
0.529122 300.05
0.560462 301.125
0.592905 304.722
0.624172 304.976
0.655401 305.672
0.686662 304.397
0.717942 303.948
0.750325 303.946
0.781692 302.748
0.81303 303.591
0.844338 328.993
1.008363 314.955
1.040694 301.616
1.071966 293.852
1.103218 290.099
1.134525 286.436
1.165819 283.573
1.269561 281.399
1.300832 278.807
1.33213 279.41
1.363374 278.65
1.394762 291.045
1.478169 300.938
1.509461 296.24
1.540658 278.607
1.571924 275.005
1.603139 270.993
1.63557 269.442
1.73821 270.407
1.769531 271.34
1.800782 272.583
1.832094 270.161
1.864409 272.022
1.895663 270.939
1.926899 269.625
1.958135 270.199
1.98938 271.642
2.021809 269.666
2.05308 270.611
2.084349 269.503
2.115578 268.481
2.146846 268.035
2.179198 269.402
2.210532 268.461
2.24178 268.899
2.273048 268.28
2.30434 269.565
2.336718 270.731
2.368037 269.004
2.399304 273.481
2.430639 269.558
2.461945 268.956
2.494372 275.402
2.525649 269.423
2.556921 266.474
2.588172 272.646
2.619535 273.288
2.651995 268.124
2.683258 270.901
2.71451 267.122
2.745766 267.01
2.777064 277.715
2.809468 294.852
2.86113 319.712
2.892428 320.006
2.923658 323.207
2.954928 317.382
2.987438 313.104
3.018689 312.996
3.049919 326.867
3.081147 328.629
3.112401 335.819
3.144761 341.611
3.176124 361.129
3.207333 368.076
3.238551 370.943
3.269843 373.844
3.302288 372.378
3.333571 360.04
3.364782 353.367
3.396127 358.173
3.427464 370.138
3.459929 384.33
3.491238 394.268
3.522605 397.46
3.553846 430.285
3.585117 457.51
3.617452 470.039
3.648702 420.206
3.6801 396.04
3.7114 399.807
3.742638 411.152
3.764784 420.806
3.796052 435.565
3.827345 444.609
3.858587 480.35
3.889862 496.734
3.922235 462.998
3.953523 404.274
3.984771 389.303
4.016081 396.493
4.047274 412.164
4.079644 425.508
4.110984 434.633
4.142231 414.108
4.173466 376.062
4.204728 368.311
4.237177 374.753
4.268475 385.726
4.299779 399.469
4.331099 405.45
4.362422 361.058
4.394697 328.285
4.42604 331.884
4.457356 346.351
4.488651 362.809
4.519884 374.791
4.552231 394.654
4.583461 413.257
4.614653 397.353
4.645987 363.466
4.677295 356.579
4.709647 360.658
4.74098 372.203
4.772271 388.917
4.803584 409.711
4.834824 357.396
4.867319 336.652
4.898625 340.398
4.929895 346.721
4.961214 362.451
4.992603 382.605
5.025018 391.294
5.056314 354.304
5.087587 333.147
5.118871 404.426
5.272731 448.695
5.30514 464.378
5.337219 487.658
5.36852 511.353
5.399838 514.582
5.431127 549.151
5.463567 562.206
5.49491 680.364
5.597743 542.066
5.62905 415.176
5.660409 392.502
5.692878 393.253
5.724188 403.011
5.755567 413.783
5.786963 442.194
5.818235 450.985
5.850658 470.562
5.88196 482.059
5.913223 503.873
5.944537 533.938
5.975848 475.012
6.008209 383.148
6.039564 363.62
6.070812 369.955
6.10208 389.556
6.133321 413.751
6.165731 440.219
6.197023 280.944
6.228272 293.62
6.259601 316.077
6.290911 328.227
6.323413 342.46
6.354738 359.308
6.386068 377.377
6.417416 397.99
6.448727 414.895
6.481407 436.884
6.512798 452.961
6.544107 436.93
6.861139 367.607
6.892474 360.811
6.924873 368.319
6.956205 387.87
6.987494 398.629
7.018814 415.856
7.050174 421.984
7.082717 424.772
7.113958 439.42
7.145167 447.582
7.176431 455.64
7.207706 471.244
7.240196 478.463
7.271547 507.041
7.302805 512.599
7.33408 546.77
7.365408 319.133
7.397764 328.424
7.429059 354.738
7.4603 312.512
7.491516 283.931
7.522854 279.351
7.555302 273.6
7.586591 273.35
7.617885 269.406
7.649141 267.907
7.680391 269.506
7.712766 269.947
7.744004 279.332
7.775217 291.089
7.80646 302.522
7.837764 318.411
7.870146 330.084
7.9015 338.854
7.932816 352.851
7.964098 373.416
7.995371 387.201
8.027802 408.091
8.059074 422.705
8.090489 387.371
8.121751 308.701
8.153088 299.686
8.185531 302.101
8.216863 318.424
8.248166 331.979
8.279454 339.277
8.310745 348.555
8.343141 348.217
8.374536 295.943
8.405787 288.543
8.43709 294.61
8.468366 308.314
8.500774 337.856
8.532106 349.09
8.563385 362.42
8.594752 345.128
8.626049 307.453
8.65855 306.287
8.689858 312.943
8.721211 323.111
8.752509 340.867
8.78383 352.145
8.816216 366.256
8.847397 372.334
8.878673 374.812
8.90991 313.143
8.941363 312.754
8.973694 330.078
9.004942 343.782
9.036239 360.39
9.067412 367.573
9.0988 326.356
9.131237 319.277
9.162539 326.624
9.193773 334.837
9.224977 340.915
9.256316 343.417
9.288801 325.864
9.320037 301.232
9.35118 304.382
9.382425 310.719
9.413674 316.875
9.445963 329.614
9.477252 334.596
9.508553 346.763
9.539753 298.998
9.571031 291.709
9.603435 296.906
9.634764 303.243
9.666086 317.321
9.697353 329.837
9.728617 339.896
9.761015 351.212
9.792311 303.446
9.823624 290.855
9.854924 298.275
9.875967 315.82
9.908306 325.068
9.939502 334.099
9.97077 329.825
10.002082 308.187
10.033409 296.503
10.065962 299.563
10.097286 319.967
10.128539 336.711
10.159853 350.549
10.191172 357.637
10.223557 388.445
10.254869 403.127
10.286202 415.946
10.317571 412.102
10.348878 360.326
10.381427 363.611
10.412761 369.279
10.444071 383.402
10.475384 397.715
10.506774 415.111
10.539201 438.801
10.570519 370.195
10.601812 345.708
10.633107 340.782
10.664471 350.974
10.696868 364.224
10.728156 373.66
10.759457 388.299
10.790735 399.146
10.822007 406.17
10.85442 371.284
10.885712 356.016
10.917063 350.201
10.93821 353.053
10.969588 357.674
11.002078 378.372
11.033378 389.754
11.064662 406.345
11.095902 416.592
11.127123 437.899
11.15949 478.092
11.190742 491.087
11.221928 464.11
11.25314 449.065
11.284449 449.082
11.316786 457.7
11.348097 470.974
11.379383 490.879
11.410677 520.747
11.441986 546.583
11.474505 568.768
11.5058 584.28
11.537066 579.494
11.568262 483.63
11.599518 466.608
11.631808 466.478
11.663278 468.678
11.694622 482.626
11.725883 491.694
11.757312 504.918
11.840594 595.507
11.871825 424.401
11.90309 426.151
11.934348 418.865
11.965574 537.9
12.059006 449.175
12.090238 467.78
12.121517 481.029
12.152832 330.176
12.184145 300.182
12.216479 287.012
12.247747 383.959
12.46275 326.458
12.494038 324.956
12.78039 323.088
12.812669 323.776
12.843933 340.279
12.875149 352.576
12.906407 378.611
12.937701 393.585
12.970147 416.714
13.00139 436.186
13.032647 447.659
13.063913 462.637
13.095205 480.529
13.127743 492.217
13.159053 502.373
13.190345 508.272
13.221667 514.893
13.252935 521.568
13.285249 544.81
13.316498 558.134
13.347807 573.137
13.379077 598.313
13.410355 463.906
13.442739 442.161
13.473982 393.752
13.505216 376.234
13.536476 369.041
13.567739 373.602
13.600164 383.657
13.631404 388.219
13.66272 394.278
13.693994 394.836
13.725291 393.153
13.757737 397.189
13.789071 366.715
13.820348 361.724
13.851622 360.485
13.882968 367.743
13.915366 374.207
13.94669 376.469
13.977993 382.727
14.009237 392.48
14.040504 376.183
14.072953 362.82
14.104218 341.506
14.135497 339.364
14.166787 341.743
14.19807 343.73
14.220213 349.221
14.251519 357.875
14.282793 354.757
14.314053 321.816
14.345353 308.09
14.377798 309.968
14.409148 326.633
14.440407 330.982
14.471794 343.663
14.503156 319.043
14.535628 309.892
14.566881 310.142
14.598167 317.816
14.629476 319.586
14.66076 331.836
14.693223 342.123
14.724611 300.52
14.755944 289.55
14.787264 288.525
14.818536 291.004
14.85079 295.286
14.882088 306.598
14.913449 316.434
14.944845 320.207
14.97614 324.454
15.008571 305.817
15.039873 302.578
15.07115 306.476
15.102403 320.097
15.133676 336.464
15.166087 346.404
15.197374 354.941
15.228616 360.327
15.259901 327.511
15.291196 316.711
15.323676 319.013
15.354987 320.378
15.386298 324.38
15.417541 335.015
15.448811 326.185
15.481112 302.812
15.512447 293.738
15.543752 288.549
15.575141 292.119
15.60644 296.276
15.6389 298.443
15.670257 304.353
15.701611 310.851
15.73291 320.109
15.764228 300.538
15.796703 288.419
15.828021 297.517
15.859308 300.927
15.890648 307.141
15.922012 322.911
15.954451 344.05
15.985762 361.375
16.017094 374.741
16.048432 380.259
16.079775 449.206
16.204203 436.842
16.235521 436.988
16.266874 442.84
16.298171 454.557
16.329478 463.418
16.361957 467.971
16.393248 475.346
16.424531 532.722
16.486466 456.979
16.517672 372.791
16.550065 351.665
16.58138 340.822
16.612607 340.936
16.643886 360.494
16.67514 360.896
16.707478 359.451
16.738831 365.802
16.770207 358.467
16.80145 344.495
16.832763 339.406
16.865218 330.778
16.896487 402.443
17.029947 445.877
17.061237 471.401
17.09253 481.193
17.12479 494.707
17.156086 390.888
17.187393 386.503
17.218872 388.34
17.250226 406.268
17.282615 405.411
17.313839 405.253
17.345121 437.823
17.376374 436.98
17.407669 439.986
17.440061 461.365
17.471371 441.444
17.777434 327.537
17.808728 305.191
17.839984 292.931
17.872303 285.938
17.903519 275.534
17.934833 275.718
17.966048 278.372
17.997287 278.58
18.029671 276.99
18.060931 283.262
18.092176 285.736
18.123422 281.633
18.154734 285.841
18.187104 298.352
18.218381 308.821
18.249684 307.474
18.280976 317.922
18.312273 325.836
18.344684 328.678
18.376048 336.721
18.407318 342.732
18.438635 349.787
18.469969 358.236
18.502305 303.974
18.533593 284.496
18.564918 284.21
18.596151 278.87
18.627502 274.839
18.659878 275.525
18.691174 271.085
18.722411 272.606
18.753635 275.573
18.784929 278.404
18.817285 282.791
18.848551 287.535
18.879869 298.398
18.911146 304.335
18.942506 298.926
18.974933 288.186
19.006243 296.797
19.037533 314.582
19.068809 322.556
19.100171 354.227
19.142738 352.913
19.174058 356.506
19.205328 362.69
19.236592 335.446
19.2679 316.906
19.300255 318.362
19.33156 320.564
19.362786 316.309
19.394002 316.769
19.425332 296.274
19.457746 277.329
19.489014 273.69
19.520267 272.509
19.551497 270.171
19.582806 273.33
19.615234 286.791
19.646491 287.753
19.677653 282.555
19.708876 278.308
19.740152 271.669
19.772556 275.373
19.803792 283.062
19.835133 285.779
19.866448 287.269
19.897723 293.663
19.93017 298.492
19.96147 296.8
19.992747 284.983
20.024044 287.26
20.055363 281.871
20.087787 285.176
20.119106 293.074
20.150384 292.299
20.171389 289.649
20.202645 289.682
20.235092 289.343
20.266392 282.281
20.297607 281.528
20.328892 294.381
20.360178 298.772
20.392547 290.41
20.42387 285.367
20.455124 277.518
20.486343 272.591
20.517581 276.772
20.549941 283.679
20.581203 283.027
20.612597 282.525
20.64388 281.173
20.675222 277.468
20.707725 273.236
20.739009 282.922
20.770339 285.804
20.801591 287.638
20.832861 289.825
20.865303 282.193
20.896567 277.808
20.927866 277.638
20.959279 276.158
20.990698 272.108
21.023212 276.175
21.054499 297.199
21.085761 294.077
21.11694 297.46
21.148222 301.868
21.180657 306.389
21.212014 311.792
21.243342 295.27
21.274641 277.141
21.305911 274.706
21.338341 283.048
21.369526 285.423
21.400662 279.406
21.431964 280.691
21.463295 282.578
21.495734 272.651
21.527023 273.014
21.558354 277.317
21.589663 274.207
21.620923 278.237
21.653213 300.926
21.684488 316.059
21.715777 317.844
21.747099 308.502
21.778401 296.843
21.810792 294.485
21.84204 295.61
21.873418 295.961
21.904728 415.328
22.048591 318.215
22.081035 335.266
22.112265 338.942
22.143512 345.772
22.174802 350.357
22.206075 354.219
22.238444 352.538
22.26977 366.793
22.301306 370.631
22.332598 351.249
22.36395 331.033
22.62103 289.853
22.652385 285.749
22.683717 285.544
22.715013 274.488
22.746477 270.608
22.778993 272.469
22.810293 271.272
22.841668 276.896
22.872965 279.72
22.90431 277.781
22.936832 276.727
22.968087 281.394
22.999419 292.577
23.030731 288.363
23.062083 286.326
23.094555 279.998
23.125856 276.201
23.157119 277.547
23.1884 287.075
23.229876 308.199
23.262272 313.455
23.293612 331.192
23.324979 330.172
23.356275 310.204
23.387563 307.017
23.419903 323.028
23.451176 335.021
23.482492 345.927
23.513743 352.306
23.545002 365.266
23.577382 365.929
23.608642 376.039
23.639912 355.508
23.671199 337.557
23.70258 332.382
23.734978 329.002
23.766326 326.316
23.797624 332.545
23.828908 343.977
23.860254 350.537
23.892672 346.946
23.923994 328.012
23.95526 289.228
23.986545 282.398
24.017812 281.435
24.050221 274.912
24.081511 275.771
24.11283 285.521
24.144115 289.037
24.175426 287.253
24.207854 284.268
24.239109 282.369
24.270422 282.705
24.301734 290.777
24.333043 296.976
24.365371 298.981
24.396645 302.478
24.42795 314.899
24.459276 322.969
24.490597 327.889
24.523015 334.529
24.554309 313.598
24.585539 308.559
24.616767 314.207
24.648113 326.185
24.680526 328.349
24.711773 327.36
24.743068 320.802
24.774331 302.543
24.795342 289.555
24.827653 285.347
24.85895 279.104
24.890161 278.635
24.92132 279.354
24.952627 280.653
24.985057 276.123
25.016348 278.287
25.047594 279.898
25.07883 274.648
25.110148 276.284
25.142544 283.149
25.173822 278.505
25.205093 275.007
25.236388 273.131
25.267772 273.199
25.300247 274.245
25.321234 274.04
25.352385 280.966
25.383544 292.805
25.414724 297.882
25.447022 306.333
25.478312 308.393
25.509556 309.569
25.54074 298.316
25.571867 288.978
25.604106 281.811
25.635307 287.601
25.666586 294.94
25.69774 286.439
25.728903 286.95
25.761165 296.729
25.792281 291.639
25.823366 281.598
25.854586 281.223
25.885803 279.863
25.918215 275.697
25.94946 275.024
25.980736 270.962
26.011996 270.564
26.043319 272.019
26.075785 270.951
26.106962 272.406
26.138398 275.451
26.169586 281.97
26.200825 299.067
26.233091 307.556
26.264358 326.538
26.295617 337.5
26.3268 343.534
26.358006 371.254
26.390271 384.254
26.421486 394.884
26.452657 395.491
26.483901 390.33
26.515096 380.811
26.547327 380.086
26.578557 398.426
26.609747 402.5
26.640965 391.849
26.672194 384.856
26.704632 327.527
26.736001 297.989
26.76736 290.196
26.798613 301.812
26.829914 376.562
26.964142 407.277
27.005568 413.221
27.03684 404.32
27.068123 399.943
27.099326 425.047
27.294677 552.492
27.325865 570.107
27.357026 584.391
27.388197 593.277
27.419384 370.258
27.451753 358.871
27.482973 354.333
27.514182 352.688
27.545393 271.255
27.57698 271.433
27.609227 267.081
27.640412 268.43
27.671566 273.854
27.702877 276.822
27.998795 280.073
28.031184 275.959
28.062445 274.41
28.093594 279.089
28.124763 284.88
28.155934 276.101
28.18823 273.37
28.219388 274.515
28.250591 269.403
28.27164 272.112
28.302928 279.344
28.335335 285.903
28.366679 279.148
28.397869 278.115
28.429079 273.397
28.460287 271.401
28.492606 272.891
28.523818 271.204
28.544842 270.441
28.576125 269.562
28.607306 272.34
28.639586 270.36
28.671076 270.715
28.702427 270.607
28.73357 271.501
28.764779 272.759
28.797102 271.632
28.818079 271.196
28.849222 270.248
28.880438 270.474
28.911733 271.527
28.944019 276.129
28.975142 276.538
29.006265 276.765
29.03743 289.006
29.068683 283.401
29.101004 282.719
29.132234 279.553
29.163454 274.009
29.194614 271.05
29.225788 271.478
29.258048 270.303
29.289217 268.916
29.320425 269.136
29.351611 276.565
29.38286 271.987
29.415351 277.253
29.44654 272.254
29.477734 269.404
29.508996 268.197
29.540281 271.929
29.572545 270.672
29.603838 269.218
29.635025 269.618
29.666216 267.933
29.69744 269.67
29.729687 270.34
29.760876 269.143
29.792138 269.682
29.823431 270.754
29.854643 273.043
29.887068 272.685
29.91842 276.029
29.949673 279.712
29.970777 293.346
30.002049 288.944
30.034405 294.417
30.065649 301.477
30.09685 287.633
30.128112 279.014
30.159337 278.31
30.191692 272.285
30.222877 272.599
30.254239 271.573
30.285394 269.492
30.316755 270.122
30.349241 274.82
30.380515 275.597
30.41169 272.439
30.442913 273.477
30.474165 275.02
30.506505 270.559
30.53777 270.251
30.569068 269.724
30.60025 270.44
30.631471 267.801
30.663803 273.809
30.695073 274.196
30.726203 272.727
30.757474 274.523
30.788859 270.049
30.821202 270.359
30.8525 272.923
30.883679 274.714
30.914896 273.792
30.946233 275.549
30.978544 282.728
31.009768 274.736
31.040939 275.889
31.07214 281.538
31.103421 281.472
31.135704 276.852
31.166905 278.454
31.19826 274.11
31.22952 271.315
31.260872 272.803
31.29319 273.395
31.324419 271.691
31.355637 276.758
31.376646 279.703
31.407882 272.917
31.440201 271.819
31.471498 273.672
31.502724 270.155
31.53389 270.255
31.565064 272.465
31.597344 276.424
31.628608 269.345
31.65989 270.52
31.691147 270.974
31.722436 269.669
31.754819 272.578
31.786079 277.153
31.817265 273.393
31.848404 271.015
31.879722 272.408
31.912094 270.05
31.943338 268.562
31.97459 269.77
32.005761 269.193
32.037035 268.028
32.069339 268.544
32.100527 270.618
32.131681 270.799
32.162878 303.102
32.275494 359.972
32.307891 396.823
32.339025 416.337
32.3702 422.893
32.401404 427.16
32.432542 426.202
32.464833 423.695
32.496091 422.294
32.527224 391.439
32.558387 300.658
32.589582 281.018
32.621887 270.566
32.653088 269.833
32.684266 269.279
32.71549 270.294
32.746782 269.06
32.779178 270.019
32.81042 271.21
32.841523 272.186
32.872727 271.284
32.903944 277.753
32.936297 284.567
32.96743 280.5
32.99852 276.245
33.029658 278.233
33.060817 274.613
33.093212 275.022
33.124356 277.63
33.155774 274.044
33.186946 272.85
33.218144 272.973
33.250614 286.372
33.281817 295.985
33.312999 300.001
33.344175 314.547
33.375419 313.154
33.407813 310.22
33.439093 319.534
33.470339 333.661
33.501497 334.96
33.532657 350.059
33.565021 325.3
33.596259 315.24
33.627362 310.719
33.658795 299.433
33.689992 290.767
33.722375 280.942
33.753593 273.99
33.784823 269.435
33.816023 268.381
33.847159 272.496
33.879468 269.832
33.91068 273.466
33.941875 270.602
33.973124 269.716
34.004316 275.881
34.036675 278.775
34.067974 275.779
34.099266 276.209
34.130578 279.363
34.161841 292.181
34.194233 300.961
34.225533 302.254
34.256744 316.788
34.318616 301.252
34.349811 292.945
34.382156 284.862
34.413379 280.38
34.444651 275.496
34.476022 285.272
36.569779 272.728
36.602477 278.312
36.633865 287.046
36.665218 288.653
36.696519 297.948
36.727893 303.627
36.760379 305.455
36.791752 312.816
36.823059 326.947
36.854453 335.649
36.885837 341.696
36.928547 371.0
36.959987 380.383
36.99137 383.946
37.022808 384.613
37.054182 373.618
37.086636 353.809
37.11793 356.094
37.149243 367.389
37.242111 408.177
37.273529 430.888
37.306152 435.904
37.337476 417.699
37.36881 407.581
37.40018 405.576
37.431551 382.499
37.463994 380.203
37.495279 380.985
37.526619 416.431
37.650161 476.195
37.681492 445.775
37.714011 441.718
37.745368 435.731
37.776692 426.593
37.807982 426.317
37.839309 429.628
37.872033 417.095
37.903388 410.91
37.934684 410.77
37.96602 412.995
37.997406 381.669
38.029874 360.169
38.061234 334.297
38.092587 327.233
38.123919 325.374
38.155309 362.324
38.218444 365.418
38.249799 370.988
38.281127 378.007
38.312529 379.826
38.343863 381.835
38.376349 372.649
38.407753 363.868
38.439082 361.049
38.470462 359.066
38.501871 362.527
38.534462 356.997
38.565865 333.427
38.59723 329.44
38.628581 314.394
38.66 301.667
38.692509 276.512
38.723868 274.872
38.755201 282.248
38.786607 295.275
38.817974 296.701
38.850496 315.339
38.881882 316.177
38.913252 304.893
38.944632 301.909
38.975942 302.877
39.008511 295.166
39.039802 298.329
39.071134 302.761
39.102623 306.69
39.134001 286.361
39.16662 277.575
39.187817 278.864
39.219204 278.343
39.250583 279.928
39.281935 278.297
39.314369 275.761
39.345722 274.936
39.377131 277.21
39.408491 285.171
39.439846 291.294
39.462208 309.309
39.493503 324.566
39.524812 321.341
39.556197 323.498
39.587516 320.274
39.619988 316.821
39.651429 319.195
39.682829 325.91
39.703988 341.123
39.735342 346.662
39.767938 354.177
39.799289 334.223
39.830625 312.799
39.86195 309.832
39.893313 309.245
39.925978 305.635
39.957294 305.635
39.988604 305.591
40.019949 299.313
40.051245 290.925
40.083834 288.355
40.115275 281.684
40.146648 281.216
40.177987 284.63
40.209374 298.296
40.241829 301.745
40.273269 348.838
40.365793 325.315
40.397115 316.47
40.428451 310.318
40.460995 305.122
40.492368 303.361
40.523776 289.264
40.555108 286.674
40.586485 283.903
40.639412 271.386
40.670737 269.598
40.702059 270.966
40.733371 272.032
40.764731 270.952
40.797168 273.13
40.828502 279.101
40.85984 285.904
40.891163 286.822
40.922563 289.375
40.955076 288.296
40.986467 290.299
41.017832 296.81
41.049162 287.812
41.080592 287.918
41.113157 283.264
41.144539 280.015
41.165638 277.508
41.196941 285.848
41.228255 293.38
41.260713 284.417
41.292028 282.687
41.323298 280.83
41.354839 277.118
41.386289 276.826
41.418836 286.024
41.450203 291.751
41.481502 296.897
41.512824 301.274
41.54407 311.929
41.576476 314.457
41.607771 324.869
41.639139 325.288
41.670423 320.752
41.70173 320.048
41.73419 324.184
41.765525 320.782
41.796768 323.129
41.828037 329.003
41.859335 327.502
41.891708 314.296
41.92302 307.685
41.954391 302.327
41.985712 302.08
42.017037 309.124
42.049481 301.926
42.080821 289.325
42.112164 284.786
42.143521 274.126
42.174866 273.729
42.207405 274.402
42.238785 277.83
42.270052 274.061
42.301307 274.173
42.332624 279.827
42.365047 282.06
42.396293 282.116
42.427572 290.359
42.489451 324.163
42.520692 341.475
42.553169 360.781
42.584418 362.006
42.61573 364.532
42.646862 368.335
42.678101 373.278
42.700321 368.29
42.731598 355.398
42.76289 326.574
42.794218 292.119
42.82571 277.371
42.858242 279.502
42.889584 272.515
42.920971 272.163
42.952306 279.797
42.983643 289.931
43.016112 288.878
43.047443 288.041
43.078813 286.592
43.110147 278.766
43.141479 281.602
43.173884 290.031
43.205185 291.217
43.236574 296.814
43.267945 306.269
43.299287 305.326
43.33172 299.386
43.363097 293.192
43.39444 276.615
43.425863 273.821
43.457186 281.103
43.489681 274.086
43.52098 271.296
43.552172 274.068
43.583427 277.74
43.614696 276.923
43.647035 278.278
43.678308 281.722
43.709555 280.007
43.740817 281.989
43.772066 283.435
43.804376 281.23
43.835541 274.575
43.866715 277.142
43.898019 272.698
43.929276 270.978
43.961716 273.571
43.993015 274.074
44.01406 272.769
44.045314 274.166
44.076613 278.079
44.10907 274.123
44.140345 272.967
44.171527 275.995
44.202799 282.908
44.234109 275.956
44.266516 282.715
44.297731 291.413
44.328961 283.974
44.360189 282.868
44.391483 281.916
44.423914 277.845
44.455247 275.869
44.486607 275.17
44.51804 272.47
44.549402 270.047
44.581828 269.752
44.613212 270.586
44.64453 270.578
44.675808 272.263
44.707077 272.298
44.739327 272.644
44.770643 273.807
44.801811 276.326
44.833178 275.578
44.864495 274.837
44.896914 275.742
44.928158 277.155
44.959451 274.444
44.990751 275.395
45.022075 274.811
45.054498 271.623
45.085805 274.615
45.117081 273.629
45.148329 272.621
45.179608 270.48
45.211987 272.762
45.243231 272.071
45.274556 273.03
45.305851 278.52
45.337102 278.706
45.369508 279.155
45.400784 283.295
45.432081 289.514
45.46332 283.516
45.494592 283.197
45.527092 281.511
45.55841 274.72
45.58965 277.176
45.620912 283.966
45.652198 278.484
45.684587 279.216
45.715909 281.787
45.747289 282.775
45.778611 276.008
45.809927 277.339
45.842331 278.893
45.873577 276.543
45.904894 274.595
45.936135 278.842
45.967437 275.06
45.999867 274.163
46.031132 282.263
46.062444 280.194
46.093705 276.419
46.125019 278.913
46.157436 277.371
46.178499 286.465
46.209778 299.699
46.241067 318.553
46.272307 322.721
46.304643 319.489
46.335854 330.573
46.367038 335.708
46.398219 337.838
46.429495 342.741
46.461911 341.429
46.493186 325.597
46.524388 299.561
46.555646 280.393
46.586935 274.05
46.619333 272.803
46.650605 273.719
46.681808 270.536
46.713191 270.945
46.744594 276.656
46.776992 272.228
46.808282 274.829
46.839615 281.796
46.870814 278.141
46.902075 276.183
46.934442 283.233
46.965774 286.788
46.99704 281.72
47.028357 285.628
47.059699 280.205
47.092051 274.547
47.123347 273.544
47.154706 273.132
47.185998 271.549
47.21732 273.856
47.249795 278.533
47.270886 278.741
47.302153 278.434
47.333492 282.511
47.364801 300.949
47.509629 388.316
47.540925 412.101
47.56196 433.522
47.593175 449.724
47.624394 462.921
47.656683 468.524
47.687938 428.718
47.719196 440.378
47.750432 445.885
47.781699 466.17
47.814105 470.824
47.835156 483.945
47.866405 362.609
47.897685 333.062
47.929001 329.897
47.961393 331.595
47.992643 332.83
48.023915 324.151
48.187531 300.069
48.218832 289.696
48.251224 277.326
48.282545 271.93
48.313726 271.171
48.344912 269.107
48.376086 270.292
48.408213 268.612
48.43946 270.902
48.470749 270.316
48.502021 273.305
48.533268 272.928
48.56562 273.144
48.596793 354.691
48.780934 436.286
48.924547 545.194
48.956452 574.771
48.988875 539.975
49.020061 514.101
49.051217 509.978
49.082441 529.047
49.113761 349.469
49.146008 298.238
49.197538 281.287
49.228914 288.67
49.2602 280.806
49.281219 279.229
49.558224 270.217
49.58936 269.396
49.620613 270.874
49.651797 272.134
49.682986 272.296
49.71536 271.439
49.797449 273.594
49.82856 270.188
49.859716 270.332
49.890866 270.513
49.923128 269.85
49.954332 270.521
49.985533 271.513
50.01677 277.781
50.04796 278.295
50.080279 278.198
50.111452 289.321
50.142675 298.071
50.173802 301.348
50.204988 303.175
50.237265 313.485
50.268423 323.522
50.309972 327.554
50.341313 336.901
50.372526 359.693
50.404817 402.969
50.425765 416.388
50.456937 422.439
50.488215 437.486
50.519425 445.724
50.561845 477.384
50.593068 491.721
50.624341 480.376
50.655575 473.238
50.686738 467.134
50.719122 468.571
50.750282 471.057
50.781472 488.188
50.812782 482.337
50.844058 451.288
50.876438 419.929
50.907664 384.112
50.939087 352.245
50.970314 320.919
51.001619 293.61
51.03393 281.876
51.065181 270.773
51.096426 272.016
51.127692 273.113
51.158922 272.938
51.191298 276.646
51.222593 278.234
51.253697 282.103
51.284963 276.66
51.316262 275.413
51.348711 281.901
51.379924 287.701
51.411133 302.226
51.442383 311.671
51.473655 315.19
51.506104 323.105
51.537359 344.327
51.568541 365.405
51.620105 397.889
51.651256 410.153
51.683627 432.562
51.714813 440.532
51.745973 442.561
51.777184 463.537
51.838873 487.126
51.871158 501.662
51.902451 513.118
51.933669 551.567
51.964927 575.394
52.03705 611.602
52.069309 619.006
52.100517 592.769
52.13178 560.071
52.162996 547.771
52.194201 540.547
52.226525 520.328
52.257769 496.891
52.289094 450.45
52.320432 426.197
52.351772 369.933
52.384283 298.29
52.415601 275.078
52.446922 271.948
52.478279 274.564
52.509652 271.822
52.542086 277.533
52.573379 288.795
52.604679 296.359
52.635885 297.246
52.667082 304.755
52.69946 305.79
52.730715 296.741
52.761976 292.608
52.793263 293.054
52.824514 482.974
53.009587 481.087
53.040767 497.914
53.072098 499.177
53.103337 490.939
53.134576 450.872
53.166907 461.746
53.198089 487.1
53.229179 485.918
53.260386 496.656
53.291553 502.659
53.323916 539.775
53.355198 556.365
53.386434 580.753
53.417685 429.554
53.448943 410.549
53.481284 355.331
53.512467 315.53
53.543729 300.557
53.574955 298.281
53.626758 288.121
53.659149 283.845
53.690482 275.647
53.721765 275.093
53.752999 272.411
53.784242 274.548
53.816713 281.461
53.8479 287.137
53.879146 289.84
53.910399 301.196
53.941592 296.841
53.973973 276.308
54.005175 275.075
54.036342 271.865
54.067591 273.944
54.098884 278.64
54.131272 273.105
54.162599 271.23
54.193875 275.466
54.225172 275.712
54.256428 278.538
54.288722 274.387
54.319888 275.721
54.35104 272.819
54.382276 270.268
54.413463 272.375
54.44573 269.832
54.476925 269.63
54.508138 270.968
54.539339 270.227
54.560387 272.482
54.592695 275.715
54.623885 285.79
54.655126 286.992
54.686384 298.014
54.717679 305.027
54.750149 303.76
54.781317 299.365
54.812478 294.521
54.84377 308.071
54.89551 324.613
54.948338 343.552
54.979553 355.729
55.01073 363.344
55.041985 386.322
55.093653 414.04
55.126029 426.538
55.157411 442.918
55.178484 454.222
55.209751 464.434
55.241088 473.093
55.27345 483.445
55.304737 481.115
55.336099 493.012
55.367473 494.85
55.398834 505.521
55.431315 454.86
55.462545 413.617
55.493869 392.652
55.525156 374.607
55.556462 368.159
55.588801 340.26
55.620085 322.334
55.651418 314.11
55.682743 274.714
55.71403 273.078
55.746366 271.872
55.777613 270.623
55.808822 270.739
55.84006 274.77
55.871301 281.268
55.903724 288.546
55.934951 283.034
55.966217 283.848
55.997403 282.345
56.028672 279.912
56.06104 281.617
56.092247 279.791
56.12352 281.435
56.154756 298.086
56.185997 299.842
56.218386 298.474
56.249712 308.876
56.270808 311.007
56.3021 291.298
56.3334 279.048
56.36577 274.342
56.397029 270.348
56.428237 269.159
56.459551 270.852
56.490859 274.743
56.523313 271.433
56.554581 272.514
56.585837 285.549
56.617045 300.89
56.648375 301.405
56.680665 313.006
56.711853 333.914
56.743054 342.384
56.774347 366.493
56.866874 401.944
56.8992 417.107
56.930429 456.22
56.961718 468.781
56.993017 485.233
57.044591 494.178
57.076925 539.942
57.108209 546.964
57.139423 560.164
57.170677 562.292
57.202082 573.082
57.265117 588.038
57.296376 605.941
57.327707 622.981
57.359045 619.219
57.390374 621.12
57.422784 582.165
57.454138 523.335
57.475148 491.974
57.506449 428.074
57.537752 388.682
57.570238 377.011
57.60151 371.102
57.63283 372.736
57.684495 425.049
57.817684 421.581
57.849991 482.241
58.03429 507.742
58.065537 525.196
58.096675 540.625
58.127866 551.424
58.160244 560.012
58.191504 564.096
58.22276 568.208
58.254037 461.87
58.275171 463.104
58.307507 445.691
58.338806 330.596
58.37003 303.765
58.401239 320.589
58.432533 325.728
58.464983 395.048
58.526957 421.114
58.568802 392.693
58.600061 392.113
58.631312 410.34
58.663884 421.502
58.695119 406.038
58.879079 350.709
58.910369 309.207
58.941572 274.755
58.974011 268.986
59.005279 272.382
59.036534 270.054
59.067777 269.162
59.099067 272.208
59.131371 276.573
59.162651 268.326
59.193959 274.87
59.22526 307.745
59.266858 287.968
59.299338 295.418
59.330657 315.531
59.361978 370.822
59.403452 347.146
59.434761 346.893
59.467299 316.527
59.49864 319.738
59.529898 325.27
59.56117 316.213
59.592465 299.714
59.624847 359.123
59.839872 349.764
59.871151 339.015
59.902398 291.206
59.933638 285.258
59.966035 282.568
59.997345 287.142
60.028656 289.99
60.059962 316.329
60.172863 290.94
60.205117 281.721
60.236355 289.96
60.267615 328.049
60.390575 358.047
60.421847 353.356
60.443938 360.899
60.485437 377.199
60.608206 407.969
60.639484 402.621
60.670756 318.082
60.703037 275.413
60.734261 270.223
60.765517 289.571
60.857747 298.598
60.888949 346.143
61.053969 389.124
61.085247 396.979
61.116416 401.586
61.147607 404.912
61.178932 404.635
61.211243 418.496
61.293256 458.518
61.324527 473.921
61.355643 406.571
61.386746 392.148
61.419066 391.141
61.501079 391.699
61.532228 430.083
61.665369 446.284
61.69661 460.365
61.728949 490.856
61.770502 481.619
61.801741 443.093
61.832961 367.915
61.864213 344.57
61.927158 310.087
61.958439 307.274
61.989706 310.153
62.020982 325.563
62.082846 308.162
62.115352 274.118
62.14673 269.677
62.177982 269.336
62.209259 273.65
62.240537 276.747
62.272889 317.689
62.334839 326.156
62.36615 323.895
62.397471 309.95
62.428774 314.353
62.47131 331.692
62.502593 332.581
62.523621 322.699
62.554875 315.398
62.596391 279.214
62.628881 277.251
62.660219 277.633
62.691484 289.953
62.722828 292.144
62.754214 282.259
62.786681 270.751
62.817955 269.348
62.849229 268.273
62.880606 288.741
63.024409 327.938
63.056938 370.378
63.088333 416.716
63.119657 425.351
63.150982 411.513
63.182333 405.321
63.214976 407.576
63.246339 433.632
63.318552 396.687
63.349917 373.77
63.381308 305.416
63.413753 291.46
63.44512 284.655
63.476485 292.876
63.528316 293.357
63.55975 305.473
63.602622 291.323
63.634014 278.067
63.665365 269.445
63.696778 268.693
63.728115 277.457
63.760581 282.271
63.791987 302.654
63.833607 337.913
63.905863 366.337
63.937182 369.137
63.969644 370.527
64.000997 343.912
64.03229 313.105
64.063594 308.343
64.11533 305.721
64.147917 318.343
64.199628 288.612
64.230914 277.309
64.262238 271.281
64.293636 273.533
64.32616 281.522
64.35751 296.946
64.399095 309.139
64.430414 283.155
64.461738 269.824
64.494344 271.858
64.525719 276.484
64.567302 290.026
64.649836 302.51
64.681325 331.241
64.724106 346.228
64.765666 356.172
64.796997 314.701
64.828355 282.159
64.85971 278.342
64.892377 280.441
64.923775 281.431
64.955179 280.871
64.996803 277.382
65.028205 272.625
65.060715 270.86
65.092097 268.913
65.113289 274.738
65.144644 279.83
65.175919 312.424
65.269729 289.669
65.301099 271.977
65.332393 272.806
65.363698 273.261
65.39507 281.236
65.427525 285.116
65.458866 290.93
65.490208 303.237
65.521552 302.248
65.573345 280.153
65.605785 267.586
65.637065 268.164
65.668409 268.255
65.699712 275.706
65.731055 312.401
65.814566 288.732
65.845885 282.548
65.877246 277.187
65.908565 270.488
65.939888 276.143
65.972347 288.367
66.003833 289.965
66.035211 292.068
66.066554 271.82
66.097871 267.67
66.130408 266.892
66.161702 285.776
66.213441 282.202
66.244693 286.79
66.286238 285.696
66.318675 290.914
66.349961 298.407
66.381238 288.929
66.412543 274.053
66.443785 272.799
66.486436 269.749
66.517781 300.866
66.589951 301.857
66.621173 308.376
66.652461 278.22
66.674681 268.005
66.706006 269.598
66.737303 279.847
66.768655 276.364
66.800097 274.829
66.853115 269.081
66.884535 271.405
66.915889 275.055
66.947223 267.625
66.978641 267.022
67.010984 267.998
67.042442 267.892
67.073772 268.344
67.105132 270.117
67.136574 267.696
67.169083 266.0
67.200448 267.312
67.231797 266.722
67.263136 266.385
67.294486 266.526
67.327019 275.432
67.358415 271.337
67.389741 268.632
67.421068 267.061
67.452435 265.789
67.48495 266.523
67.516341 267.741
67.547683 266.865
67.579046 267.215
67.610497 267.919
67.642795 269.917
67.674163 269.51
67.705507 268.239
67.736855 266.891
67.768205 266.426
67.801028 266.778
67.83252 270.212
67.863867 306.302
67.98723 364.538
68.018661 382.264
68.051301 388.668
68.082653 374.669
68.103776 347.316
68.135109 343.675
68.166462 335.437
68.270748 278.785
68.291958 268.731
68.323388 267.813
68.354825 266.822
68.386309 266.483
68.418891 266.564
68.450269 267.569
68.481619 266.03
68.512954 267.761
68.544343 267.46
68.576892 269.045
68.608333 270.892
68.639673 270.357
68.671 272.25
68.702436 267.738
68.735011 269.708
68.76639 272.357
68.7977 268.857
68.829002 271.468
68.860348 273.55
68.892779 269.365
68.924119 268.521
68.955387 272.147
68.986768 267.214
69.018197 268.132
69.050761 270.755
69.07195 276.973
69.10329 277.887
69.134694 275.905
69.166152 282.65
69.198801 279.171
69.230232 275.279
69.261639 276.029
69.292864 295.709
69.334459 291.478
69.367061 285.249
69.398464 271.357
69.429649 267.957
69.460889 268.862
69.492166 271.674
69.524523 270.995
69.555841 271.084
69.607542 276.286
69.649164 288.983
69.680572 283.805
69.713026 275.694
69.744425 270.733
69.775768 270.598
69.806968 268.631
69.83829 269.602
69.870636 270.237
69.901947 267.108
69.933227 267.01
69.964578 266.821
69.99587 267.377
70.028363 267.257
70.05973 267.758
70.091065 268.868
70.122344 345.122
70.337633 455.751
70.431385 500.245
70.462764 528.762
70.494049 528.174
70.525376 505.681
70.55667 490.174
70.589138 474.923
70.702013 315.57
70.733308 273.028
70.764645 267.528
70.795962 266.876
70.828401 266.05
70.859733 266.976
70.891063 267.363
70.922447 266.811
70.953797 265.775
70.986392 265.358
71.01772 267.445
71.049038 268.529
71.08034 268.616
71.111626 267.485
71.144108 266.493
71.175573 266.779
71.206995 271.445
71.238315 268.011
71.269647 268.543
71.302154 268.402
71.333438 265.933
71.364682 266.936
71.395983 268.153
71.427325 267.581
71.459745 268.566
71.491002 267.653
71.522256 267.436
71.553435 267.038
71.584642 268.163
71.617067 269.272
71.64834 267.159
71.67945 267.091
71.710723 270.268
71.741975 278.711
71.774436 269.645
71.80574 271.761
71.837048 268.781
71.868424 266.633
71.899754 266.095
71.932188 269.647
71.963539 270.969
71.994786 267.87
72.026031 270.51
74.329187 266.104
74.361615 267.156
74.392848 266.516
74.424134 265.151
74.455367 265.324
74.486732 266.002
74.519159 265.257
74.550446 265.9
74.581762 267.514
74.613043 265.974
74.644341 265.879
74.676728 267.809
74.708104 266.249
74.739322 266.564
74.770603 267.261
74.801907 266.931
74.834176 266.027
74.865512 266.644
74.896768 267.517
74.928029 272.464
74.959266 270.013
74.991551 268.807
75.02284 266.609
75.054092 266.946
75.085354 267.307
75.116662 266.359
75.149134 266.228
75.180372 266.316
75.211624 266.249
75.242979 265.817
75.274323 268.109
75.306797 271.382
75.338067 267.755
75.36939 267.237
75.400654 269.393
75.431925 273.176
75.464326 267.87
75.495645 267.511
75.526881 266.27
75.558185 265.953
75.589444 266.08
75.621901 267.479
75.653225 266.435
75.684485 268.152
75.715802 267.304
75.747091 266.953
75.77944 266.49
75.810705 267.583
75.841949 266.953
75.873172 266.782
75.904506 269.65
75.936916 272.347
75.968152 269.318
75.999491 269.983
76.030795 271.507
76.051955 267.641
76.084436 267.91
76.115732 268.246
76.146965 269.514
76.178299 267.918
76.209731 269.257
76.242023 270.523
76.273318 267.019
76.294418 268.662
76.32564 269.179
76.356975 270.681
76.389379 268.105
76.420664 268.251
76.451954 269.424
76.483258 266.517
76.51462 267.811
76.547096 267.729
76.578284 266.357
76.609555 266.058
76.640737 267.389
76.671987 268.492
76.704346 272.948
76.73563 274.484
76.766875 270.291
76.798104 270.124
76.829371 270.533
76.86177 267.643
76.893042 266.647
76.924275 267.676
76.955507 269.218
76.986818 268.559
77.019246 267.382
77.050632 268.28
77.081901 266.278
77.113103 267.211
77.144349 283.06
77.197226 301.606
77.228496 301.409
77.259747 288.61
77.291034 269.189
77.322382 267.049
77.354823 267.101
77.386036 266.573
77.41727 267.082
77.469013 266.065
77.500298 265.656
77.532721 265.523
77.564026 265.77
77.595288 265.958
77.626585 267.085
77.657896 271.015
77.690262 268.768
77.721561 268.185
77.752832 268.8
77.784094 268.312
77.815402 268.724
77.847868 275.159
77.879139 272.773
77.910375 267.685
77.93144 271.104
77.962733 275.584
77.995129 279.807
78.026432 274.765
78.057713 270.973
78.089017 267.344
78.120285 266.955
78.152599 268.849
78.18383 274.017
78.215077 273.677
78.246283 295.442
78.328581 323.128
78.360922 327.631
78.392216 333.272
78.423521 313.331
78.454739 299.283
78.486016 295.77
78.518419 293.139
78.549724 288.131
78.61169 270.664
78.642966 268.044
78.674343 268.146
78.706825 268.247
78.738179 266.97
78.769458 269.174
78.800782 267.009
78.83207 266.927
78.864517 268.171
78.895803 268.779
78.927028 268.953
78.958292 270.016
78.989563 270.488
79.021959 267.01
79.053374 267.278
79.084668 267.439
79.115987 267.05
79.147282 266.667
79.169497 269.395
79.200798 274.223
79.232091 267.979
79.263425 266.948
79.294764 269.488
79.327163 267.868
79.358477 266.589
79.389793 268.409
79.421112 270.08
79.452441 267.181
79.484916 266.562
79.516201 267.877
79.547499 267.919
79.578808 268.229
79.610166 267.578
79.642572 267.366
79.673913 270.473
79.705218 274.375
79.736516 270.615
79.767837 267.765
79.800283 267.24
79.831634 266.503
79.862958 269.647
79.894274 267.309
79.925627 267.065
79.958163 278.578
79.989555 268.623
80.020846 267.766
80.052191 267.174
80.083473 266.148
80.115955 265.869
80.147207 265.951
80.178528 267.028
80.209811 269.525
80.24109 271.368
80.273564 268.343
80.304879 270.009
80.336203 277.455
80.367523 284.058
80.398919 277.662
80.431382 268.88
80.46271 267.253
80.493987 266.651
80.52527 266.462
80.556578 265.895
80.588956 265.856
80.620202 267.069
80.651458 266.208
80.682748 266.244
80.713948 268.801
80.746349 268.643
80.777558 267.401
80.808883 269.686
80.8401 272.608
80.871449 267.504
80.903857 268.338
80.935089 273.177
80.966398 269.67
80.997698 267.93
81.029006 268.444
81.061323 266.939
81.092552 267.644
81.123879 269.416
81.155148 270.428
81.186427 268.419
81.218754 299.596
81.331611 402.7
81.495557 489.742
81.526837 525.568
81.609158 481.262
81.651881 468.681
81.6832 561.585
81.75532 341.139
81.786583 266.237
81.817837 268.044
81.85024 319.099
81.912157 285.826
81.943443 280.928
82.199315 270.933
82.230617 270.209
82.263049 268.13
82.294302 265.992
82.32552 268.545
82.356783 274.055
82.388041 272.721
82.440714 268.205
82.471941 269.791
82.503224 270.244
82.534522 272.615
82.565732 272.37
82.598142 279.305
82.62936 274.021
82.660619 268.979
82.691882 267.73
82.723152 275.632
82.77585 286.878
82.807101 300.82
82.858791 345.635
82.890042 387.042
83.064068 449.566
83.09639 455.644
83.127661 468.5
83.179344 487.507
83.210657 516.64
83.241989 541.576
83.27436 504.902
83.305643 397.827
83.336962 280.961
83.368105 268.87
83.399345 289.647
83.574436 349.425
83.605748 332.075
83.637032 298.502
83.668361 271.182
83.6997 267.602
83.732165 266.447
83.763458 266.275
83.794836 265.982
83.836366 269.152
83.867705 272.836
83.90013 274.605
83.931557 273.701
83.952709 280.013
83.984031 277.846
84.015315 283.009
84.047743 282.485
84.079064 282.062
84.110359 283.18
84.141664 284.364
84.172933 294.251
84.205367 274.316
84.236659 268.183
84.267911 267.157
84.299163 266.515
84.330445 266.089
84.362835 265.627
84.394056 267.941
84.425368 267.263
84.456659 267.684
84.487917 267.183
84.510074 268.893
84.541349 270.223
84.572603 267.593
84.60395 268.589
84.635224 269.451
84.667592 267.582
84.698962 269.201
84.730273 271.91
84.761586 272.136
84.792884 269.41
84.825234 270.014
84.856532 267.94
84.887794 268.335
84.919106 268.419
84.950401 267.316
84.982875 267.616
85.014229 266.487
85.045559 273.663
85.076901 273.152
85.108136 269.109
85.14055 270.715
85.171869 268.284
85.203148 268.174
85.234415 270.945
85.265666 267.758
85.298029 268.809
85.3293 269.068
85.360546 269.698
85.391825 267.366
85.42311 270.359
85.455694 268.82
85.487008 266.83
85.518377 267.739
85.549604 269.371
85.580977 267.528
85.613332 268.339
85.644624 267.304
85.675956 266.861
85.707304 265.982
85.738652 266.929
85.77113 267.568
85.802448 267.483
85.833763 269.632
85.865115 267.978
85.896397 268.006
85.928801 267.603
85.960124 267.278
85.991444 267.641
86.022777 268.277
86.054113 271.008
86.086518 271.37
86.117822 269.827
86.149076 268.384
86.180378 273.287
86.211687 269.269
86.244088 268.24
86.275396 271.578
86.306719 269.599
86.338034 267.509
86.369354 267.347
86.401819 269.418
86.433085 274.041
86.464412 279.314
86.49575 282.177
86.527021 276.421
86.559452 271.241
86.59079 267.747
86.62208 266.964
86.653416 267.336
86.684774 268.454
86.717242 267.407
86.748561 266.991
86.779858 272.208
86.81118 270.736
86.842495 271.68
86.875097 270.007
86.90646 266.803
86.937764 266.817
86.969095 267.091
87.000402 267.728
87.03291 270.531
87.064203 271.178
87.095479 267.207
87.126787 266.594
87.158195 267.716
87.190621 270.551
87.221856 267.103
87.253063 268.702
87.284316 269.271
87.315602 269.885
87.348075 275.653
87.379397 294.238
87.420953 311.422
87.452249 332.338
87.483567 329.97
87.516032 291.359
87.547381 270.453
87.578713 268.376
87.610019 269.247
87.641296 268.495
87.673831 268.55
87.705175 268.721
87.7366 266.847
87.767921 266.791
87.799319 270.469
87.83192 269.081
87.863244 268.451
87.894626 268.795
87.925931 267.924
87.957219 268.879
87.989658 269.91
88.020974 280.031
88.082946 307.584
88.114305 316.209
88.145648 323.113
88.198486 358.225
88.239956 365.42
88.271248 360.035
88.302587 380.957
88.507258 523.067
88.539595 572.249
88.581023 485.182
88.612219 480.057
88.643481 404.791
88.674751 356.519
88.707058 336.001
88.738331 312.821
88.769639 307.49
88.800925 302.488
88.852578 273.858
88.884939 273.981
88.916151 272.367
88.947407 267.626
88.97872 266.683
89.01004 266.275
89.042362 270.252
89.073597 271.117
89.104933 280.205
89.136217 277.136
89.167466 271.171
89.199825 271.922
89.231158 272.337
89.262505 269.369
89.293791 270.086
89.325146 270.632
89.357586 270.482
89.388805 268.843
89.420055 269.898
89.451308 274.124
89.482614 268.94
89.515048 269.56
89.546361 272.138
89.57768 268.41
89.608983 269.642
89.640371 270.911
89.672836 269.106
89.704139 270.21
89.73552 270.586
89.766886 280.774
89.798214 285.277
89.830668 275.918
89.862023 285.488
89.903514 290.406
89.934861 279.775
89.966204 278.221
89.998573 275.769
90.029832 277.699
90.061087 279.603
90.092349 272.073
90.123606 273.752
90.155979 273.067
90.187249 276.12
90.218659 272.492
90.250001 274.689
90.281399 273.928
90.313749 272.127
90.344996 273.14
90.376246 271.852
90.407511 271.968
90.43884 276.272
90.471229 273.344
90.50256 275.219
90.533863 273.072
90.56517 278.401
90.59654 276.326
90.628942 272.701
90.660247 270.953
90.691535 269.202
90.722818 270.322
90.754108 271.301
90.786508 268.001
90.817825 269.297
90.849196 267.355
90.870326 269.404
90.901633 267.128
90.934173 268.05
90.965557 268.558
90.99696 266.653
91.028225 266.654
91.059515 267.78
91.091965 268.413
91.113063 269.025
91.144327 271.007
91.175615 272.851
91.206882 268.812
91.239252 267.162
91.270565 267.329
91.30184 265.655
91.333115 265.392
91.364425 266.369
91.396818 267.37
91.428081 266.102
91.459398 266.496
91.490704 266.253
91.522032 265.776
91.554442 268.463
91.585775 270.615
91.617038 267.007
91.648362 266.35
91.679705 266.146
91.712093 265.875
91.743524 265.345
91.774869 266.677
91.806261 266.396
91.837671 265.694
91.870344 267.052
91.901728 269.439
91.933118 267.513
91.964437 269.969
91.995759 271.05
92.028247 268.47
92.059592 267.844
92.090925 271.839
92.122277 268.358
92.15368 266.594
92.186163 266.32
92.217511 266.071
92.248818 267.512
92.280075 266.42
92.311377 267.031
92.343822 266.778
92.375145 266.857
92.406539 266.017
92.437913 266.739
92.469366 266.394
92.501868 267.444
92.533141 266.928
92.564463 267.165
92.595777 268.977
92.627089 273.918
92.659466 274.394
92.690797 276.303
92.722171 298.206
92.804533 310.516
92.846027 356.132
92.878421 355.448
92.909708 353.278
92.940978 355.389
92.972293 322.16
93.003597 316.318
93.035969 304.489
93.067271 285.456
93.09855 270.285
93.129734 265.927
93.161024 265.953
93.193457 265.5
93.224693 265.889
93.255924 268.284
93.287194 279.621
93.369459 312.286
93.401858 301.097
93.433088 289.292
93.464418 273.421
93.495729 267.88
93.527038 267.314
93.559487 266.968
93.590761 266.512
93.632254 266.426
93.663543 265.253
93.694857 266.77
93.727365 267.171
93.758648 266.332
93.789917 266.668
93.821193 266.257
93.852496 265.961
93.884988 267.022
93.916306 267.882
93.947565 268.622
93.978812 267.83
94.010087 268.159
94.042493 269.395
94.073754 272.8
94.105025 275.908
94.136296 270.822
94.167609 270.603
94.199939 269.065
94.231159 269.972
94.262442 276.857
94.29368 298.419
94.324945 295.743
94.357358 291.08
94.388643 309.972
94.460748 309.54
94.491985 298.125
94.523247 296.683
94.586267 291.468
94.617563 282.835
94.648868 280.094
94.680166 287.013
94.711432 285.778
94.74382 288.218
94.775032 540.075
95.387326 728.02
95.438905 829.769
95.470151 855.272
95.492218 874.789
95.543824 891.757
95.575118 898.04
95.606381 940.476
95.65789 947.891
95.690217 1020.165
95.762078 1023.814
95.793271 817.099
95.824573 688.215
95.855863 569.65
95.888224 528.057
95.91943 506.815
95.95074 392.627
95.982007 344.044
96.013364 325.423
96.045858 308.558
96.077182 293.216
96.10848 292.327
96.139776 283.523
96.171092 282.174
96.203543 281.096
96.234899 281.11
96.266315 282.682
96.297629 282.864
96.318721 301.562
96.361292 303.425
96.392491 301.859
96.423624 305.773
96.4549 304.841
96.48622 305.309
96.518561 310.777
96.549787 313.102
96.581013 312.003
96.612265 318.125
96.65375 313.818
96.686174 305.635
96.71746 314.211
96.799775 323.163
96.831044 348.283
96.872546 385.02
96.904935 384.778
96.936086 391.833
96.967275 378.611
96.998504 363.01
97.02976 368.46
97.082561 352.837
97.113833 333.758
97.16548 326.132
97.196646 323.252
97.227868 331.044
97.270423 326.902
97.301661 324.329
97.332911 323.847
97.364144 324.313
97.395341 323.726
97.427798 340.473
97.530582 352.922
97.561899 345.086
97.593155 334.157
97.624466 330.118
97.656944 324.741
97.688267 326.307
97.719591 329.639
97.750925 345.886
97.782232 361.754
97.814689 357.436
97.845964 337.683
97.877224 316.985
97.9085 310.778
97.939821 316.731
97.98243 417.988
98.136322 333.621
98.167587 359.047
98.198891 308.075
98.230198 291.181
98.2626 275.255
98.293889 292.109
98.478317 281.984
98.509457 277.217
98.540753 276.394
98.573151 282.577
98.778053 270.632
98.809362 266.318
98.840625 266.482
98.871965 268.578
98.904376 266.863
98.935631 265.907
98.966868 267.627
98.998168 266.932
99.029433 267.798
99.061912 268.556
99.093223 267.258
99.124496 267.647
99.155784 270.545
99.187092 267.968
99.219547 267.013
99.250917 269.311
99.28229 277.276
99.313618 272.697
99.344932 271.404
99.377393 272.582
99.408718 270.409
99.440019 269.105
99.471317 269.373
99.502644 267.595
99.535208 267.557
99.566506 268.964
99.597798 270.906
99.629049 269.0
99.660329 270.283
99.692756 270.703
99.724117 267.775
99.755533 270.568
99.786873 271.406
99.818215 268.032
99.850663 268.343
99.881961 268.12
99.913279 268.513
99.944507 268.366
99.975853 271.145
100.008476 272.464
