1.2e-05 0.019406
0.267321 0.027151
0.29863 0.033503
0.32993 0.038812
0.361239 0.042293
0.392599 0.048558
0.424913 0.052126
0.46647 0.056564
0.49777 0.087457
0.529122 0.097204
0.560462 0.103992
0.592905 0.104775
0.624172 0.108604
0.655401 0.112172
0.686662 0.117306
0.717942 0.122528
0.750325 0.126879
0.781692 0.133579
0.81303 0.136016
0.844338 0.191102
1.008363 0.221385
1.040694 0.236876
1.071966 0.257413
1.103218 0.264636
1.134525 0.270901
1.165819 0.209115
1.269561 0.228434
1.300832 0.243141
1.33213 0.274991
1.363374 0.283259
1.394762 0.298053
1.478169 0.351136
1.509461 0.487501
1.540658 0.462439
1.571924 0.470793
1.603139 0.472533
1.63557 0.302752
1.73821 0.323898
1.769531 0.291526
1.800782 0.435287
1.832094 0.498031
1.864409 0.537713
1.895663 0.619428
1.926899 0.6632
1.958135 0.700011
1.98938 0.933841
2.021809 1.028087
2.05308 1.05576
2.084349 1.12268
2.115578 1.176373
2.146846 1.23259
2.179198 1.308648
2.210532 1.41412
2.24178 1.514979
2.273048 1.606614
2.30434 1.734277
2.336718 1.829305
2.368037 1.980638
2.399304 2.038943
2.430639 2.288438
2.461945 2.409834
2.494372 2.560732
2.525649 2.829284
2.556921 3.004374
2.588172 2.957469
2.619535 3.364735
2.651995 3.629633
2.683258 3.813425
2.71451 4.188928
2.745766 4.356534
2.777064 3.826739
2.809468 3.538868
2.86113 3.993214
2.892428 4.485328
2.923658 4.849344
2.954928 5.348246
2.987438 5.890398
3.018689 5.982642
3.049919 5.927208
3.081147 6.379901
3.112401 6.310805
3.144761 6.416798
3.176124 6.923271
3.207333 7.356209
3.238551 7.259266
3.269843 7.429221
3.302288 7.577247
3.333571 7.015689
3.364782 7.357428
3.396127 7.744157
3.427464 7.626241
3.459929 7.726839
3.491238 7.612665
3.522605 7.515461
3.553846 6.938239
3.585117 7.078433
3.617452 7.064509
3.648702 6.847474
3.6801 7.089658
3.7114 7.15275
3.742638 7.218191
3.764784 7.546267
3.796052 7.473081
3.827345 7.183382
3.858587 6.909434
3.889862 6.803354
3.922235 6.206116
3.953523 5.719311
3.984771 6.003875
4.016081 6.283828
4.047274 6.520355
4.079644 7.511023
4.110984 7.806378
4.142231 6.647061
4.173466 5.911457
4.204728 6.291921
4.237177 6.457786
4.268475 6.570219
4.299779 6.760451
4.331099 6.989234
4.362422 6.338565
4.394697 6.424369
4.42604 6.599894
4.457356 6.671079
4.488651 6.95312
4.519884 7.278846
4.552231 8.015929
4.583461 8.430854
4.614653 7.488919
4.645987 6.723293
4.677295 7.202266
4.709647 7.593955
4.74098 8.198242
4.772271 8.850913
4.803584 8.950989
4.834824 6.935628
4.867319 7.419736
4.898625 7.809511
4.929895 8.069013
4.961214 8.10417
4.992603 8.591585
5.025018 9.320749
5.056314 7.432093
5.087587 6.914482
5.118871 5.707737
5.272731 6.711022
5.30514 6.861659
5.337219 6.968088
5.36852 6.992454
5.399838 7.08844
5.431127 6.851912
5.463567 6.900906
5.49491 6.020845
5.597743 4.030547
5.62905 4.408051
5.660409 4.883979
5.692878 5.254609
5.724188 5.508106
5.755567 5.751335
5.786963 5.959494
5.818235 6.200112
5.850658 6.188015
5.88196 6.277736
5.913223 6.355969
5.944537 6.572395
5.975848 6.876975
6.008209 7.230809
6.039564 7.67741
6.070812 7.999134
6.10208 8.342438
6.133321 8.389083
6.165731 8.262029
6.197023 6.943721
6.228272 4.856567
6.259601 4.962561
6.290911 5.046451
6.323413 6.257895
6.354738 8.63292
6.386068 8.562519
6.417416 8.484982
6.448727 8.315984
6.481407 8.216516
6.512798 8.286135
6.544107 0.07188
6.861139 0.503861
6.892474 0.889285
6.924873 0.937931
6.956205 1.31648
6.987494 1.671794
7.018814 2.165997
7.050174 2.73469
7.082717 3.441054
7.113958 3.601263
7.145167 3.903319
7.176431 4.142371
7.207706 4.301362
7.240196 4.423193
7.271547 4.394998
7.302805 4.514219
7.33408 4.522486
7.365408 5.370175
7.397764 5.909107
7.429059 5.980205
7.4603 5.739935
7.491516 3.39763
7.522854 2.975047
7.555302 2.669858
7.586591 2.386599
7.617885 2.215077
7.649141 2.489721
7.680391 1.836441
7.712766 1.425085
7.744004 1.972458
7.775217 2.93406
7.80646 3.743284
7.837764 4.209553
7.870146 5.293508
7.9015 5.941567
7.932816 6.330211
7.964098 6.767326
7.995371 7.289115
8.027802 7.596305
8.059074 8.350532
8.090489 8.358712
8.121751 8.460006
8.153088 8.55956
8.185531 8.585406
8.216863 8.64084
8.248166 8.794435
8.279454 8.899471
8.310745 8.90565
8.343141 8.295011
8.374536 8.202854
8.405787 10.153034
8.43709 9.902496
8.468366 9.28533
8.500774 9.329973
8.532106 9.258875
8.563385 9.456852
8.594752 8.382034
8.626049 7.295032
8.65855 8.466881
8.689858 8.737783
8.721211 8.753621
8.752509 8.776595
8.78383 9.188561
8.816216 9.567197
8.847397 9.278194
8.878673 8.22548
8.90991 8.282132
8.941363 9.268796
8.973694 8.771722
9.004942 8.981708
9.036239 9.108152
9.067412 9.035314
9.0988 7.47047
9.131237 7.617974
9.162539 7.790279
9.193773 7.935259
9.224977 9.027743
9.256316 9.512721
9.288801 8.197023
9.320037 7.560887
9.35118 7.685852
9.382425 7.640774
9.413674 9.20614
9.445963 9.180903
9.477252 9.491748
9.508553 9.799374
9.539753 7.180336
9.571031 8.13515
9.603435 9.55658
9.634764 9.76909
9.666086 9.658049
9.697353 9.928864
9.728617 10.001615
9.761015 9.436837
9.792311 7.664879
9.823624 8.681218
9.854924 9.79276
9.875967 9.790672
9.908306 10.205335
9.939502 10.490161
9.97077 9.625415
10.002082 7.734236
10.033409 7.919508
10.065962 8.000004
10.097286 8.636924
10.128539 8.930103
10.159853 8.671907
10.191172 8.545637
10.223557 8.185884
10.254869 8.254284
10.286202 8.229918
10.317571 8.012796
10.348878 7.88174
10.381427 8.099471
10.412761 8.220781
10.444071 8.061703
10.475384 8.015842
10.506774 7.843189
10.539201 8.024718
10.570519 6.881326
10.601812 6.530972
10.633107 6.600503
10.664471 7.167196
10.696868 8.103387
10.728156 7.89636
10.759457 7.91272
10.790735 7.879564
10.822007 7.865293
10.85442 6.12066
10.885712 7.434269
10.917063 7.589691
10.93821 7.681065
10.969588 7.730668
11.002078 7.489963
11.033378 7.418953
11.064662 7.05981
11.095902 6.815015
11.127123 6.672471
11.15949 6.600939
11.190742 6.770024
11.221928 6.432462
11.25314 6.083414
11.284449 6.069664
11.316786 5.852369
11.348097 5.486786
11.379383 5.57668
11.410677 5.461114
11.441986 5.46503
11.474505 5.638728
11.5058 5.643688
11.537066 5.627067
11.568262 5.774657
11.599518 5.996565
11.631808 5.946092
11.663278 5.942698
11.694622 6.055219
11.725883 6.036422
11.757312 5.189081
11.840594 5.139652
11.871825 4.991191
11.90309 4.272731
11.934348 4.271513
11.965574 4.312762
12.059006 5.043405
12.090238 5.691986
12.121517 5.605659
12.152832 4.465399
12.184145 4.07867
12.216479 4.341044
12.247747 2.529317
12.46275 1.390711
12.494038 0.660589
12.78039 0.762667
12.812669 1.074383
12.843933 1.263048
12.875149 1.434396
12.906407 1.643425
12.937701 1.825302
12.970147 1.991516
13.00139 2.342653
13.032647 2.564387
13.063913 2.641141
13.095205 3.028392
13.127743 3.336714
13.159053 3.638683
13.190345 3.916025
13.221667 4.075711
13.252935 4.040641
13.285249 4.018625
13.316498 4.108258
13.347807 4.175004
13.379077 5.76874
13.410355 5.322052
13.442739 4.999197
13.473982 4.952118
13.505216 4.880237
13.536476 4.728991
13.567739 4.65276
13.600164 4.504908
13.631404 4.477844
13.66272 4.609509
13.693994 4.525532
13.725291 4.455653
13.757737 4.817668
13.789071 6.517919
13.820348 6.74383
13.851622 6.837989
13.882968 6.755665
13.915366 6.769328
13.94669 7.394151
13.977993 7.575333
14.009237 7.506585
14.040504 6.573526
14.072953 6.441687
14.104218 7.026132
14.135497 7.697948
14.166787 7.829091
14.19807 7.920117
14.220213 8.089376
14.251519 8.068404
14.282793 6.96861
14.314053 6.593803
14.345353 7.124119
14.377798 8.565478
14.409148 8.588104
14.440407 8.610904
14.471794 8.336956
14.503156 7.45176
14.535628 7.518768
14.566881 7.624413
14.598167 8.439121
14.629476 9.061856
14.66076 8.514221
14.693223 8.356884
14.724611 7.569067
14.755944 7.735455
14.787264 8.869013
14.818536 8.915483
14.85079 9.085091
14.882088 9.094837
14.913449 9.182295
14.944845 9.383492
14.97614 9.17281
15.008571 8.696795
15.039873 8.836293
15.07115 8.747791
15.102403 8.143939
15.133676 8.111915
15.166087 8.344527
15.197374 8.312764
15.228616 8.549814
15.259901 8.403267
15.291196 8.455916
15.323676 9.502104
15.354987 9.671276
15.386298 9.679543
15.417541 9.685983
15.448811 6.987755
15.481112 7.067903
15.512447 6.950422
15.543752 7.654001
15.575141 8.210599
15.60644 8.296055
15.6389 8.347312
15.670257 8.327209
15.701611 8.399525
15.73291 8.474104
15.764228 8.922706
15.796703 9.267055
15.828021 9.007031
15.859308 9.197698
15.890648 8.967349
15.922012 8.301103
15.954451 8.02115
15.985762 8.016625
16.017094 7.775398
16.048432 7.725882
16.079775 5.990561
16.204203 6.09873
16.235521 6.058961
16.266874 6.249802
16.298171 6.247887
16.329478 6.168957
16.361957 6.150335
16.393248 6.107606
16.424531 5.955404
16.486466 5.669099
16.517672 5.683022
16.550065 5.706431
16.58138 5.535171
16.612607 5.532908
16.643886 5.433441
16.67514 5.302994
16.707478 5.188907
16.738831 5.199698
16.770207 5.36565
16.80145 5.756992
16.832763 7.251086
16.865218 7.407379
16.896487 5.713045
17.029947 5.739326
17.061237 5.678236
17.09253 5.97333
17.12479 6.215254
17.156086 6.274255
17.187393 5.782402
17.218872 6.094379
17.250226 6.11831
17.282615 6.046255
17.313839 6.37407
17.345121 6.286699
17.376374 6.344134
17.407669 6.574136
17.440061 6.703451
17.471371 0.116001
17.777434 0.767366
17.808728 1.454933
17.839984 1.901099
17.872303 2.325509
17.903519 2.826586
17.934833 3.06529
17.966048 3.15501
17.997287 3.457154
18.029671 4.724205
18.060931 7.15597
18.092176 7.387537
18.123422 7.837097
18.154734 8.002005
18.187104 7.708652
18.218381 7.790801
18.249684 8.067795
18.280976 7.738065
18.312273 8.186058
18.344684 8.23688
18.376048 8.25411
18.407318 8.741264
18.438635 8.670427
18.469969 8.44382
18.502305 8.180663
18.533593 8.740307
18.564918 8.751184
18.596151 8.614385
18.627502 8.461747
18.659878 8.489768
18.691174 7.257525
18.722411 7.283197
18.753635 7.949966
18.784929 8.877367
18.817285 8.751097
18.848551 8.675301
18.879869 8.521966
18.911146 8.309196
18.942506 8.521792
18.974933 9.127036
19.006243 8.115744
19.037533 8.193194
19.068809 8.312416
19.100171 7.566804
19.142738 8.230701
19.174058 8.181446
19.205328 8.05535
19.236592 8.20764
19.2679 8.226785
19.300255 8.414928
19.33156 9.041928
19.362786 9.60775
19.394002 9.631246
19.425332 6.978008
19.457746 6.939283
19.489014 6.778639
19.520267 7.726752
19.551497 7.595
19.582806 7.568284
19.615234 7.561148
19.646491 7.429569
19.677653 7.453762
19.708876 8.224523
19.740152 9.25026
19.772556 9.357733
19.803792 9.283503
19.835133 9.330408
19.866448 9.578249
19.897723 9.885613
19.93017 10.118486
19.96147 10.088986
19.992747 9.316397
20.024044 8.880935
20.055363 9.333106
20.087787 9.442754
20.119106 9.35695
20.150384 9.339632
20.171389 9.466686
20.202645 9.571287
20.235092 9.605139
20.266392 9.256265
20.297607 9.187343
20.328892 8.908957
20.360178 8.567827
20.392547 9.14505
20.42387 9.252436
20.455124 9.171504
20.486343 8.71742
20.517581 8.842732
20.549941 9.329799
20.581203 10.664815
20.612597 10.964957
20.64388 10.908566
20.675222 8.469318
20.707725 8.600461
20.739009 8.2696
20.770339 8.258287
20.801591 8.66364
20.832861 9.069688
20.865303 9.194827
20.896567 9.321445
20.927866 9.333193
20.959279 9.161845
20.990698 9.336239
21.023212 9.276541
21.054499 8.882154
21.085761 9.110763
21.11694 9.014689
21.148222 8.719247
21.180657 8.281348
21.212014 7.985819
21.243342 8.510653
21.274641 9.103279
21.305911 9.362432
21.338341 9.49958
21.369526 9.377748
21.400662 9.426394
21.431964 9.425176
21.463295 9.325796
21.495734 7.965978
21.527023 9.401245
21.558354 9.537609
21.589663 9.69895
21.620923 9.00825
21.653213 8.849085
21.684488 8.831158
21.715777 8.648236
21.747099 8.460267
21.778401 9.035575
21.810792 9.630637
21.84204 9.864032
21.873418 9.836968
21.904728 6.676909
22.048591 7.273712
22.081035 7.184426
22.112265 7.098361
22.143512 6.923097
22.174802 6.729819
22.206075 6.67778
22.238444 6.523314
22.26977 6.432549
22.301306 6.830331
22.332598 7.195565
22.36395 0.049428
22.62103 0.489155
22.652385 1.010073
22.683717 1.408202
22.715013 2.189319
22.746477 2.821713
22.778993 3.159536
22.810293 3.471599
22.841668 3.699164
22.872965 4.973351
22.90431 8.169263
22.936832 8.451043
22.968087 8.502647
22.999419 8.189452
23.030731 8.554513
23.062083 8.832899
23.094555 8.91383
23.125856 9.505933
23.157119 9.597742
23.1884 8.4406
23.229876 8.540763
23.262272 7.796109
23.293612 8.109827
23.324979 8.565043
23.356275 8.115135
23.387563 8.374724
23.419903 7.624326
23.451176 7.229156
23.482492 6.879673
23.513743 6.713024
23.545002 6.876279
23.577382 7.449846
23.608642 7.485873
23.639912 7.787668
23.671199 7.815777
23.70258 7.404768
23.734978 7.748856
23.766326 8.112611
23.797624 8.032289
23.828908 7.674974
23.860254 7.815777
23.892672 7.352902
23.923994 6.934236
23.95526 7.103756
23.986545 7.344287
24.017812 7.191562
24.050221 7.233768
24.081511 7.295293
24.11283 7.334018
24.144115 7.347159
24.175426 7.130733
24.207854 7.555056
24.239109 7.657308
24.270422 7.575159
24.301734 7.623891
24.333043 7.382664
24.365371 7.51111
24.396645 7.623108
24.42795 7.489702
24.459276 7.718137
24.490597 7.631897
24.523015 8.13515
24.554309 8.264205
24.585539 8.246974
24.616767 7.985645
24.648113 8.039773
24.680526 8.117223
24.711773 8.264814
24.743068 8.749792
24.774331 8.034204
24.795342 7.147355
24.827653 7.516505
24.85895 7.727361
24.890161 7.788451
24.92132 7.781229
24.952627 7.716658
24.985057 7.552446
25.016348 7.477867
25.047594 8.118442
25.07883 9.13774
25.110148 9.277933
25.142544 9.016169
25.173822 9.359561
25.205093 9.567023
25.236388 9.347552
25.267772 9.008598
25.300247 9.152534
25.321234 9.299254
25.352385 8.951946
25.383544 8.505954
25.414724 8.674343
25.447022 8.664597
25.478312 8.526318
25.509556 8.355579
25.54074 8.460615
25.571867 8.933149
25.604106 9.128689
25.635307 9.077781
25.666586 9.158712
25.69774 9.398721
25.728903 9.265228
25.761165 9.065424
25.792281 8.422151
25.823366 8.320074
25.854586 8.260115
25.885803 8.086591
25.918215 8.261507
25.94946 8.221999
25.980736 8.202071
26.011996 8.370373
26.043319 8.494032
26.075785 8.846474
26.106962 8.990236
26.138398 8.996241
26.169586 8.829331
26.200825 8.12053
26.233091 7.843363
26.264358 7.27667
26.295617 7.041622
26.3268 6.512175
26.358006 6.413927
26.390271 6.236139
26.421486 6.275821
26.452657 6.397218
26.483901 6.457699
26.515096 6.874364
26.547327 6.985231
26.578557 6.712676
26.609747 6.949639
26.640965 7.493618
26.672194 7.561931
26.704632 7.016907
26.736001 6.072362
26.76736 5.930341
26.798613 6.288701
26.829914 5.638728
26.964142 5.485306
27.005568 5.821475
27.03684 5.664486
27.068123 5.788581
27.099326 3.907932
27.294677 3.70952
27.325865 3.643469
27.357026 3.709259
27.388197 4.027675
27.419384 4.615862
27.451753 4.121485
27.482973 4.396564
27.514182 4.549115
27.545393 3.453325
27.57698 3.281106
27.609227 3.066334
27.640412 2.846428
27.671566 2.881672
27.702877 2.616078
27.998795 2.796738
28.031184 3.086524
28.062445 3.58499
28.093594 4.655457
28.124763 5.224847
28.155934 5.995347
28.18823 5.815558
28.219388 5.689114
28.250591 5.327186
28.27164 5.438749
28.302928 5.821388
28.335335 5.810163
28.366679 6.133104
28.397869 6.151988
28.429079 6.309412
28.460287 6.989756
28.492606 7.533301
28.523818 8.407096
28.544842 8.652153
28.576125 8.237663
28.607306 8.147072
28.639586 8.077019
28.671076 8.08459
28.702427 8.082937
28.73357 7.951967
28.764779 7.982425
28.797102 8.04865
28.818079 8.056308
28.849222 8.381077
28.880438 8.658679
28.911733 8.604812
28.944019 8.476715
28.975142 8.589148
29.006265 8.492466
29.03743 8.049346
29.068683 8.353925
29.101004 8.382208
29.132234 8.293445
29.163454 8.639186
29.194614 8.609685
29.225788 8.565826
29.258048 8.558951
29.289217 8.457483
29.320425 8.020976
29.351611 7.830222
29.38286 7.892966
29.415351 7.82387
29.44654 7.675148
29.477734 7.86799
29.508996 7.882697
29.540281 7.869731
29.572545 8.364803
29.603838 8.623522
29.635025 8.398133
29.666216 8.381947
29.69744 8.416147
29.729687 8.389866
29.760876 8.41867
29.792138 8.406052
29.823431 8.457483
29.854643 8.309979
29.887068 8.675214
29.91842 8.572614
29.949673 8.348617
29.970777 8.06588
30.002049 8.468099
30.034405 7.991476
30.065649 7.879912
30.09685 8.30293
30.128112 8.672081
30.159337 8.499689
30.191692 8.666946
30.222877 8.16291
30.254239 7.87617
30.285394 7.809076
30.316755 7.829265
30.349241 7.789148
30.380515 7.702647
30.41169 7.681413
30.442913 7.669056
30.474165 7.552446
30.506505 8.387168
30.53777 8.575659
30.569068 8.615777
30.60025 8.768154
30.631471 8.55634
30.663803 8.319551
30.695073 8.426154
30.726203 8.551902
30.757474 8.451391
30.788859 8.520052
30.821202 8.547551
30.8525 8.456438
30.883679 8.486113
30.914896 8.765021
30.946233 8.802093
30.978544 8.465228
31.009768 8.795914
31.040939 8.783209
31.07214 8.359843
31.103421 8.50404
31.135704 8.797916
31.166905 8.736217
31.19826 8.901212
31.22952 8.776856
31.260872 8.535368
31.29319 8.339915
31.324419 8.503953
31.355637 8.483154
31.376646 8.364455
31.407882 8.345919
31.440201 8.434857
31.471498 8.266119
31.502724 8.544418
31.53389 8.927928
31.565064 8.866316
31.597344 8.587059
31.628608 8.881283
31.65989 8.828374
31.691147 8.739784
31.722436 8.812013
31.754819 8.794348
31.786079 8.548247
31.817265 8.794261
31.848404 8.950119
31.879722 8.814972
31.912094 8.877019
31.943338 8.951337
31.97459 8.872059
32.005761 8.890334
32.037035 8.937848
32.069339 8.87554
32.100527 8.760235
32.131681 8.764499
32.162878 5.871688
32.275494 5.752205
32.307891 5.728274
32.339025 5.724184
32.3702 5.715134
32.401404 5.728013
32.432542 5.738021
32.464833 5.805811
32.496091 5.924772
32.527224 5.903625
32.558387 5.902407
32.589582 5.768566
32.621887 5.477561
32.653088 5.250258
32.684266 5.106496
32.71549 4.723248
32.746782 4.415971
32.779178 4.272905
32.81042 5.485045
32.841523 6.109347
32.872727 6.334127
32.903944 6.337695
32.936297 6.643319
32.96743 7.310435
32.99852 7.853457
33.029658 8.046387
33.060817 8.653893
33.093212 8.938457
33.124356 8.97901
33.155774 9.036706
33.186946 8.817931
33.218144 8.764238
33.250614 8.204942
33.281817 7.781925
33.312999 7.657047
33.344175 7.354208
33.375419 7.339327
33.407813 7.550966
33.439093 7.066684
33.470339 6.842862
33.501497 6.962083
33.532657 6.826066
33.565021 7.654349
33.596259 8.041253
33.627362 8.07319
33.658795 7.690203
33.689992 7.512241
33.722375 7.372221
33.753593 7.291986
33.784823 7.162671
33.816023 6.902559
33.847159 7.064422
33.879468 7.117419
33.91068 7.394064
33.941875 7.54705
33.973124 7.536869
34.004316 7.531734
34.036675 7.67071
34.067974 8.012361
34.099266 8.447736
34.130578 8.393521
34.161841 8.074582
34.194233 8.112959
34.225533 8.191715
34.256744 7.525817
34.318616 8.604377
34.349811 8.393869
34.382156 8.721684
34.413379 8.923664
34.444651 8.293619
34.476022 8.296577
36.569779 8.607858
36.602477 8.541634
36.633865 8.282132
36.665218 8.370982
36.696519 7.951184
36.727893 7.971373
36.760379 8.012274
36.791752 7.668447
36.823059 7.354817
36.854453 7.395892
36.885837 6.609728
36.928547 6.616429
36.959987 6.692922
36.99137 6.630004
37.022808 6.693966
37.054182 6.815972
37.086636 6.911349
37.11793 6.634268
37.149243 5.460244
37.242111 5.492181
37.273529 5.683892
37.306152 5.673885
37.337476 6.061136
37.36881 6.005181
37.40018 6.036683
37.431551 5.893008
37.463994 5.685546
37.495279 5.594955
37.526619 4.113305
37.650161 4.598718
37.681492 5.77605
37.714011 5.742807
37.745368 5.605746
37.776692 5.75734
37.807982 5.461897
37.839309 5.384012
37.872033 5.336759
37.903388 5.610706
37.934684 5.601917
37.96602 5.052629
37.997406 4.563474
38.029874 4.906692
38.061234 4.88981
38.092587 4.829503
38.123919 4.861614
38.155309 4.848474
38.218444 4.794868
38.249799 4.640315
38.281127 4.642404
38.312529 4.617689
38.343863 4.685828
38.376349 5.392714
38.407753 5.639163
38.439082 5.704778
38.470462 5.916417
38.501871 5.952097
38.534462 6.212382
38.565865 6.600242
38.59723 6.702146
38.628581 6.722683
38.66 6.457264
38.692509 6.288962
38.723868 6.268773
38.755201 6.223434
38.786607 6.185057
38.817974 6.200286
38.850496 6.139196
38.881882 6.554381
38.913252 6.677867
38.944632 6.732778
38.975942 6.927709
39.008511 7.187646
39.039802 7.481609
39.071134 7.898883
39.102623 7.422173
39.134001 7.819083
39.16662 7.928558
39.187817 8.020802
39.219204 8.011926
39.250583 8.048998
39.281935 7.995392
39.314369 7.915418
39.345722 7.789496
39.377131 7.824218
39.408491 7.740589
39.439846 7.425479
39.462208 7.103234
39.493503 7.124032
39.524812 7.431484
39.556197 7.400504
39.587516 7.553577
39.619988 7.657308
39.651429 7.50145
39.682829 7.247431
39.703988 6.884285
39.735342 7.243689
39.767938 7.215145
39.799289 7.710131
39.830625 7.636423
39.86195 7.592998
39.893313 7.38397
39.925978 7.244385
39.957294 7.208793
39.988604 7.175637
40.019949 7.184426
40.051245 7.281892
40.083834 7.707694
40.115275 7.881827
40.146648 7.862682
40.177987 7.943961
40.209374 7.826567
40.241829 7.884612
40.273269 6.189234
40.365793 7.080434
40.397115 7.58856
40.428451 7.70169
40.460995 8.120443
40.492368 8.454176
40.523776 8.566348
40.555108 8.603072
40.586485 6.556818
40.639412 6.184622
40.670737 6.082196
40.702059 5.920507
40.733371 5.808857
40.764731 5.76874
40.797168 5.826349
40.828502 5.45511
40.85984 5.861158
40.891163 6.168522
40.922563 7.677323
40.955076 8.40144
40.986467 8.426241
41.017832 8.17666
41.049162 8.745006
41.080592 8.742134
41.113157 8.755971
41.144539 8.817061
41.165638 8.86179
41.196941 8.515179
41.228255 8.310588
41.260713 8.359669
41.292028 8.479151
41.323298 8.346616
41.354839 8.236445
41.386289 8.393434
41.418836 8.251326
41.450203 8.109391
41.481502 7.982599
41.512824 8.212165
41.54407 7.97616
41.576476 7.759125
41.607771 7.276932
41.639139 7.545397
41.670423 7.59909
41.70173 7.634073
41.73419 7.769132
41.765525 8.144288
41.796768 8.08372
41.828037 7.552881
41.859335 7.715091
41.891708 7.769219
41.92302 7.675757
41.954391 7.485177
41.985712 7.417647
42.017037 7.284067
42.049481 7.120378
42.080821 7.191475
42.112164 7.344809
42.143521 7.777051
42.174866 7.944396
42.207405 8.018627
42.238785 8.09921
42.270052 8.09921
42.301307 8.125143
42.332624 8.186058
42.365047 8.216081
42.396293 8.233486
42.427572 6.609641
42.489451 6.671166
42.520692 6.785427
42.553169 6.642971
42.584418 6.842949
42.61573 6.982446
42.646862 6.75845
42.678101 6.739131
42.700321 7.138043
42.731598 6.947376
42.76289 7.17381
42.794218 7.414427
42.82571 6.888636
42.858242 6.71137
42.889584 6.499383
42.920971 6.374331
42.952306 6.311762
42.983643 6.05809
43.016112 6.106997
43.047443 6.30976
43.078813 6.784383
43.110147 7.250564
43.141479 7.518855
43.173884 7.479782
43.205185 7.739458
43.236574 7.673233
43.267945 7.913764
43.299287 8.466011
43.33172 8.697143
43.363097 8.961693
43.39444 8.856221
43.425863 8.72969
43.457186 8.723163
43.489681 8.707325
43.52098 8.659723
43.552172 8.341655
43.583427 8.384993
43.614696 8.307281
43.647035 8.386994
43.678308 8.22461
43.709555 8.528232
43.740817 8.71098
43.772066 8.517789
43.804376 8.687397
43.835541 9.209533
43.866715 9.104497
43.898019 9.349814
43.929276 8.575921
43.961716 8.638403
43.993015 8.586102
44.01406 8.553208
44.045314 8.574963
44.076613 8.434247
44.10907 8.475931
44.140345 8.592629
44.171527 8.441905
44.202799 8.124185
44.234109 8.810621
44.266516 8.479847
44.297731 8.259593
44.328961 8.665206
44.360189 8.867012
44.391483 8.68992
44.423914 8.895642
44.455247 9.135216
44.486607 8.985885
44.51804 9.333193
44.549402 9.203877
44.581828 8.893728
44.613212 8.818192
44.64453 8.856917
44.675808 8.738566
44.707077 8.641101
44.739327 8.659811
44.770643 8.910262
44.801811 8.804877
44.833178 9.155405
44.864495 9.440492
44.896914 9.456156
44.928158 9.475649
44.959451 9.258614
44.990751 8.830462
45.022075 8.819671
45.054498 9.011818
45.085805 9.031659
45.117081 8.9375
45.148329 8.983448
45.179608 8.954296
45.211987 8.941938
45.243231 9.112242
45.274556 9.189344
45.305851 8.863357
45.337102 8.867969
45.369508 9.016082
45.400784 8.691313
45.432081 8.544853
45.46332 8.730038
45.494592 9.048628
45.527092 8.554426
45.55841 8.926013
45.58965 8.944114
45.620912 8.612731
45.652198 8.832812
45.684587 8.93167
45.715909 8.910871
45.747289 8.770068
45.778611 8.90478
45.809927 9.480087
45.842331 9.189779
45.873577 9.338936
45.904894 9.272625
45.936135 9.10615
45.967437 9.287854
45.999867 8.807923
46.031132 8.617604
46.062444 8.65398
46.093705 8.861355
46.125019 8.796088
46.157436 8.823152
46.178499 7.97555
46.209778 7.871819
46.241067 7.717267
46.272307 7.750422
46.304643 7.861202
46.335854 7.689681
46.367038 7.819867
46.398219 7.690812
46.429495 7.458635
46.461911 7.501972
46.493186 7.743113
46.524388 7.409815
46.555646 7.307738
46.586935 7.278672
46.619333 7.283023
46.650605 7.297469
46.681808 7.237249
46.713191 7.097055
46.744594 6.854784
46.776992 7.595087
46.808282 8.160387
46.839615 7.873734
46.870814 8.260028
46.902075 8.479586
46.934442 8.231832
46.965774 8.401092
46.99704 8.955166
47.028357 8.875975
47.059699 8.810882
47.092051 9.253567
47.123347 9.300298
47.154706 9.245039
47.185998 9.204051
47.21732 9.204747
47.249795 9.097274
47.270886 8.797916
47.302153 8.843777
47.333492 9.017648
47.364801 6.009271
47.509629 5.897011
47.540925 5.806769
47.56196 5.609401
47.593175 5.547093
47.624394 5.469729
47.656683 5.366085
47.687938 5.164802
47.719196 4.918179
47.750432 4.793562
47.781699 4.672079
47.814105 4.725946
47.835156 4.803831
47.866405 5.709042
47.897685 5.521769
47.929001 5.274276
47.961393 5.195347
47.992643 4.952118
48.023915 2.334647
48.187531 2.033722
48.218832 1.667617
48.251224 1.175155
48.282545 1.053671
48.313726 1.788579
48.344912 2.428022
48.376086 2.864354
48.408213 3.224542
48.43946 4.326337
48.470749 5.474951
48.502021 6.077584
48.533268 7.277889
48.56562 7.554447
48.596793 4.456523
48.780934 3.492485
48.924547 3.51981
48.956452 3.631112
48.988875 3.568804
49.020061 3.550616
49.051217 3.602221
49.082441 3.644862
49.113761 4.026196
49.146008 3.238465
49.197538 3.21027
49.228914 3.018994
49.2602 2.674471
49.281219 1.531165
49.558224 1.716176
49.58936 2.239009
49.620613 2.940847
49.651797 3.649996
49.682986 3.917069
49.71536 4.292659
49.797449 4.498468
49.82856 4.797217
49.859716 4.916526
49.890866 4.995803
49.923128 4.907997
49.954332 5.003548
49.985533 5.207269
50.01677 5.337542
50.04796 5.564671
50.080279 7.435052
50.111452 6.880717
50.142675 6.499818
50.173802 6.671601
50.204988 6.601548
50.237265 6.312284
50.268423 5.69155
50.309972 5.73219
50.341313 5.02748
50.372526 4.704712
50.404817 4.71968
50.425765 4.825848
50.456937 4.826544
50.488215 4.406224
50.519425 4.048299
50.561845 4.009748
50.593068 4.128795
50.624341 4.361755
50.655575 4.232439
50.686738 4.32216
50.719122 4.286916
50.750282 4.248626
50.781472 3.952487
50.812782 4.458525
50.844058 4.491245
50.876438 4.475146
50.907664 4.159601
50.939087 3.860852
50.970314 3.62328
51.001619 3.458024
51.03393 3.493268
51.065181 3.678627
51.096426 4.238792
51.127692 4.175266
51.158922 4.170131
51.191298 4.498642
51.222593 4.587057
51.253697 4.81819
51.284963 5.048365
51.316262 5.378443
51.348711 5.405333
51.379924 5.426218
51.411133 5.402896
51.442383 5.485916
51.473655 5.295423
51.506104 5.245472
51.537359 5.028002
51.568541 4.442077
51.620105 4.629002
51.651256 4.546853
51.683627 4.635442
51.714813 4.623955
51.745973 4.517961
51.777184 3.839706
51.838873 3.829089
51.871158 3.781487
51.902451 3.485001
51.933669 3.546874
51.964927 3.202003
52.03705 3.299033
52.069309 3.347331
52.100517 3.547483
52.13178 3.954837
52.162996 3.825521
52.194201 3.921681
52.226525 3.920637
52.257769 3.935518
52.289094 3.789319
52.320432 3.54905
52.351772 3.141783
52.384283 3.117852
52.415601 3.224716
52.446922 3.154401
52.478279 3.046058
52.509652 2.918308
52.542086 2.964344
52.573379 3.116546
52.604679 3.289896
52.635885 3.94918
52.667082 3.917852
52.69946 4.009574
52.730715 4.633789
52.761976 5.30778
52.793263 5.536737
52.824514 3.315829
53.009587 3.417906
53.040767 3.532167
53.072098 3.954924
53.103337 4.086067
53.134576 4.221127
53.166907 4.283087
53.198089 3.914284
53.229179 3.723443
53.260386 3.636682
53.291553 3.576462
53.323916 3.333842
53.355198 3.361167
53.386434 3.295987
53.417685 4.261766
53.448943 3.314262
53.481284 2.319679
53.512467 1.95427
53.543729 1.586251
53.574955 1.245905
53.626758 1.058458
53.659149 0.992842
53.690482 0.961775
53.721765 0.962297
53.752999 1.409943
53.784242 1.75142
53.816713 1.922246
53.8479 2.500599
53.879146 2.553596
53.910399 3.052933
53.941592 4.254717
53.973973 5.732886
54.005175 6.023455
54.036342 6.336824
54.067591 6.287308
54.098884 6.250759
54.131272 6.235356
54.162599 5.895619
54.193875 5.885959
54.225172 5.930254
54.256428 5.607573
54.288722 5.754033
54.319888 5.679628
54.35104 5.903451
54.382276 6.071753
54.413463 6.176615
54.44573 6.581881
54.476925 6.44482
54.508138 6.504082
54.539339 6.398611
54.560387 6.322553
54.592695 6.159733
54.623885 5.864987
54.655126 5.961147
54.686384 5.525337
54.717679 5.615231
54.750149 5.670926
54.781317 6.140327
54.812478 6.415145
54.84377 5.548659
54.89551 4.967086
54.948338 4.885981
54.979553 4.660853
55.01073 4.41658
55.041985 4.012533
55.093653 4.002003
55.126029 4.00766
55.157411 3.946135
55.178484 3.857284
55.209751 3.669663
55.241088 3.527729
55.27345 3.312174
55.304737 3.375439
55.336099 3.292506
55.367473 3.459416
55.398834 3.623019
55.431315 4.095118
55.462545 3.976767
55.493869 3.955011
55.525156 3.987731
55.556462 3.862593
55.588801 3.648865
55.620085 3.500056
55.651418 3.359427
55.682743 3.358035
55.71403 3.855457
55.746366 4.006267
55.777613 4.027066
55.808822 4.037944
55.84006 4.132537
55.871301 4.277343
55.903724 4.383337
55.934951 4.691572
55.966217 4.778681
55.997403 5.193171
56.028672 5.677453
56.06104 5.76874
56.092247 6.049301
56.12352 5.840446
56.154756 5.848714
56.185997 6.230047
56.218386 6.121008
56.249712 5.621845
56.270808 5.795717
56.3021 6.101776
56.3334 6.341437
56.36577 6.306889
56.397029 6.255458
56.428237 6.182968
56.459551 6.260505
56.490859 6.546636
56.523313 5.864552
56.554581 5.866118
56.585837 5.773178
56.617045 5.036791
56.648375 4.963257
56.680665 4.38325
56.711853 4.282565
56.743054 4.342001
56.774347 3.515111
56.866874 3.565323
56.8992 3.561407
56.930429 3.255696
56.961718 3.437922
56.993017 3.139868
57.044591 3.107583
57.076925 3.196433
57.108209 3.304864
57.139423 3.253955
57.170677 3.273797
57.202082 2.891854
57.265117 2.799609
57.296376 2.716068
57.327707 2.945721
57.359045 2.913174
57.390374 3.111151
57.422784 3.416601
57.454138 3.723356
57.475148 3.572459
57.506449 3.182075
57.537752 3.127598
57.570238 3.098272
57.60151 3.009334
57.63283 3.000197
57.684495 2.719026
57.817684 2.718591
57.849991 2.3591
58.03429 2.249364
58.065537 2.099946
58.096675 1.846188
58.127866 1.970891
58.160244 2.107169
58.191504 2.185664
58.22276 2.330992
58.254037 2.754532
58.275171 3.27136
58.307507 3.287285
58.338806 3.158143
58.37003 2.852606
58.401239 2.837116
58.432533 2.839118
58.464983 2.831373
58.526957 2.743306
58.568802 2.666378
58.600061 2.563604
58.631312 2.553596
58.663884 2.519483
58.695119 1.433613
58.879079 0.926444
58.910369 0.693571
58.941572 0.778331
58.974011 0.958294
59.005279 1.122854
59.036534 1.519765
59.067777 1.753509
59.099067 1.988557
59.131371 2.150942
59.162651 3.132036
59.193959 4.156121
59.22526 3.768086
59.266858 4.018537
59.299338 4.092594
59.330657 3.938825
59.361978 3.410074
59.403452 3.605266
59.434761 3.836834
59.467299 4.128969
59.49864 3.790277
59.529898 3.894791
59.56117 3.957186
59.592465 3.758513
59.624847 2.060438
59.839872 2.102731
59.871151 2.182618
59.902398 2.442207
59.933638 2.540369
59.966035 2.636616
59.997345 2.486414
60.028656 2.480323
60.059962 2.327511
60.172863 2.136409
60.205117 2.107343
60.236355 2.006745
60.267615 1.464593
60.390575 1.910237
60.421847 2.299751
60.443938 2.222561
60.485437 1.818863
60.608206 2.085675
60.639484 2.410444
60.670756 2.318634
60.703037 2.26616
60.734261 2.27347
60.765517 2.326205
60.857747 2.326467
60.888949 2.005614
61.053969 2.043207
61.085247 1.559535
61.116416 1.651866
61.147607 1.702078
61.178932 1.836006
61.211243 1.501491
61.293256 1.643077
61.324527 1.930774
61.355643 2.164778
61.386746 2.219864
61.419066 2.198891
61.501079 2.087241
61.532228 1.680583
61.665369 1.663353
61.69661 1.671185
61.728949 1.733493
61.770502 1.910933
61.801741 1.771522
61.832961 2.314544
61.864213 1.995606
61.927158 1.97533
61.958439 1.972284
61.989706 1.951224
62.020982 2.038421
62.082846 1.928076
62.115352 1.576243
62.14673 1.598869
62.177982 1.947221
62.209259 2.324378
62.240537 2.260764
62.272889 2.060177
62.334839 2.546286
62.36615 2.791168
62.397471 3.001589
62.428774 2.572741
62.47131 2.577092
62.502593 2.8218
62.523621 3.14361
62.554875 2.763321
62.596391 2.833722
62.628881 2.723377
62.660219 2.831982
62.691484 2.646014
62.722828 2.698837
62.754214 2.777158
62.786681 2.583445
62.817955 2.502079
62.849229 2.527837
62.880606 1.830263
63.024409 1.996737
63.056938 1.985772
63.088333 2.042859
63.119657 2.281041
63.150982 2.438204
63.182333 2.48363
63.214976 2.34187
63.246339 2.238399
63.318552 2.322028
63.349917 2.313761
63.381308 2.141717
63.413753 1.972806
63.44512 1.845927
63.476485 1.767867
63.528316 1.767519
63.55975 1.823997
63.602622 2.403569
63.634014 2.619646
63.665365 2.701709
63.696778 2.787861
63.728115 2.645231
63.760581 2.484935
63.791987 2.253803
63.833607 2.10978
63.905863 2.342044
63.937182 2.617558
63.969644 2.591625
64.000997 2.90569
64.03229 3.462636
64.063594 2.823715
64.11533 2.783336
64.147917 2.704145
64.199628 2.46257
64.230914 2.402002
64.262238 2.290091
64.293636 2.200893
64.32616 2.035984
64.35751 1.639248
64.399095 2.185664
64.430414 2.863832
64.461738 3.279627
64.494344 3.357077
64.525719 3.103145
64.567302 2.498859
64.649836 2.497379
64.681325 2.40383
64.724106 2.336822
64.765666 2.516785
64.796997 2.784119
64.828355 3.239336
64.85971 3.269619
64.892377 3.2617
64.923775 2.842947
64.955179 2.521224
64.996803 2.477625
65.028205 2.556381
65.060715 2.458219
65.092097 2.22552
65.113289 1.963146
65.144644 1.831133
65.175919 2.271729
65.269729 3.411554
65.301099 3.748419
65.332393 3.809422
65.363698 3.841968
65.39507 3.658437
65.427525 3.5923
65.458866 3.191908
65.490208 3.350986
65.521552 2.083151
65.573345 2.238922
65.605785 2.261461
65.637065 2.311499
65.668409 2.366584
65.699712 2.477712
65.731055 2.603895
65.814566 3.122725
65.845885 3.491702
65.877246 3.484479
65.908565 3.53852
65.939888 3.018994
65.972347 3.250823
66.003833 3.516416
66.035211 3.486741
66.066554 2.924487
66.097871 3.131166
66.130408 3.168412
66.161702 2.89168
66.213441 3.226717
66.244693 3.134734
66.286238 3.173459
66.318675 3.108105
66.349961 3.049278
66.381238 3.668619
66.412543 3.963017
66.443785 3.419212
66.486436 3.360471
66.517781 2.902557
66.589951 3.091049
66.621173 3.221409
66.652461 3.379355
66.674681 3.301992
66.706006 3.2778
66.737303 3.230807
66.768655 3.860243
66.800097 3.147962
66.853115 3.151704
66.884535 3.168847
66.915889 2.987231
66.947223 3.022127
66.978641 3.079301
67.010984 3.119418
67.042442 3.03927
67.073772 3.151878
67.105132 3.417558
67.136574 4.012098
67.169083 3.992518
67.200448 3.891571
67.231797 3.882086
67.263136 3.889831
67.294486 3.912892
67.327019 3.565932
67.358415 3.925075
67.389741 3.962582
67.421068 3.97433
67.452435 4.170827
67.48495 4.215035
67.516341 4.20172
67.547683 4.219647
67.579046 4.233919
67.610497 3.67793
67.642795 3.597869
67.674163 3.60953
67.705507 3.610662
67.736855 3.623889
67.768205 3.638944
67.801028 3.659307
67.83252 3.510411
67.863867 2.327337
67.98723 2.42985
68.018661 2.784467
68.051301 2.780029
68.082653 2.985316
68.103776 3.378485
68.135109 3.415644
68.166462 2.755054
68.270748 2.566127
68.291958 2.560819
68.323388 2.488242
68.354825 2.113174
68.386309 1.83766
68.418891 1.849408
68.450269 1.944437
68.481619 2.042076
68.512954 2.256761
68.544343 3.258829
68.576892 3.401111
68.608333 3.583598
68.639673 3.730753
68.671 3.820996
68.702436 3.997043
68.735011 4.075624
68.76639 4.176223
68.7977 4.307627
68.829002 4.11844
68.860348 4.07867
68.892779 4.146722
68.924119 4.053782
68.955387 3.878344
68.986768 3.95649
69.018197 3.970327
69.050761 3.948223
69.07195 3.723443
69.10329 4.06875
69.134694 3.956055
69.166152 3.663311
69.198801 3.990429
69.230232 4.207116
69.261639 4.031504
69.292864 3.690201
69.334459 4.238618
69.367061 4.056479
69.398464 4.122008
69.429649 4.183533
69.460889 3.920202
69.492166 3.843274
69.524523 3.960145
69.555841 3.184163
69.607542 2.852345
69.649164 2.965127
69.680572 3.150746
69.713026 3.358818
69.744425 3.610749
69.775768 3.610575
69.806968 3.66888
69.83829 3.746156
69.870636 4.414056
69.901947 3.785142
69.933227 3.829002
69.964578 3.785839
69.99587 3.757904
70.028363 3.75773
70.05973 3.758426
70.091065 3.735365
70.122344 2.017101
70.337633 1.789623
70.431385 1.877777
70.462764 2.156859
70.494049 2.280344
70.525376 2.397129
70.55667 2.596411
70.589138 2.453346
70.702013 1.845753
70.733308 1.648646
70.764645 1.43544
70.795962 1.119374
70.828401 0.838116
70.859733 0.934972
70.891063 1.021473
70.922447 1.106929
70.953797 1.672403
70.986392 2.502079
71.01772 2.735213
71.049038 3.008116
71.08034 3.282586
71.111626 3.508671
71.144108 3.73319
71.175573 3.913327
71.206995 4.122878
71.238315 4.46949
71.269647 4.469316
71.302154 4.486024
71.333438 4.466792
71.364682 4.428241
71.395983 4.394302
71.427325 4.398305
71.459745 4.411097
71.491002 4.268728
71.522256 4.256545
71.553435 4.34905
71.584642 4.308149
71.617067 4.346004
71.64834 4.393258
71.67945 4.385948
71.710723 4.319984
71.741975 4.124879
71.774436 4.482195
71.80574 4.41336
71.837048 4.452259
71.868424 4.498903
71.899754 4.415361
71.932188 4.36367
71.963539 4.394476
71.994786 4.420409
72.026031 4.120093
74.329187 3.868945
74.361615 3.863898
74.392848 3.872774
74.424134 3.923422
74.455367 3.700556
74.486732 3.722138
74.519159 3.446015
74.550446 3.406245
74.581762 3.393279
74.613043 3.415905
74.644341 3.428088
74.676728 3.410683
74.708104 3.520071
74.739322 3.749985
74.770603 3.948658
74.801907 4.279693
74.834176 4.319201
74.865512 4.222258
74.896768 4.179443
74.928029 4.12105
74.959266 4.207551
74.991551 4.195803
75.02284 4.208073
75.054092 4.210945
75.085354 4.203461
75.116662 4.242708
75.149134 4.34905
75.180372 3.98747
75.211624 3.959971
75.242979 3.979551
75.274323 3.946222
75.306797 3.915938
75.338067 3.96876
75.36939 3.97668
75.400654 3.927686
75.431925 3.892703
75.464326 4.344873
75.495645 4.364192
75.526881 4.39787
75.558185 4.377158
75.589444 4.324771
75.621901 4.294661
75.653225 4.334517
75.684485 4.214687
75.715802 4.104168
75.747091 4.125401
75.77944 4.140021
75.810705 4.124096
75.841949 4.197369
75.873172 4.243927
75.904506 4.203113
75.936916 4.184577
75.968152 4.440772
75.999491 4.440598
76.030795 4.404571
76.051955 4.484109
76.084436 4.460004
76.115732 4.43381
76.146965 4.4084
76.178299 4.449822
76.209731 4.209378
76.242023 4.187536
76.273318 4.23827
76.294418 4.223911
76.32564 4.173612
76.356975 4.163343
76.389379 4.274384
76.420664 4.263246
76.451954 4.332081
76.483258 4.520485
76.51462 4.317461
76.547096 4.325032
76.578284 4.370023
76.609555 4.23653
76.640737 4.144372
76.671987 4.144024
76.704346 4.065008
76.73563 4.098337
76.766875 4.278475
76.798104 4.35549
76.829371 4.359493
76.86177 4.374635
76.893042 4.60307
76.924275 4.596891
76.955507 4.598022
76.986818 4.381074
77.019246 4.354707
77.050632 4.317635
77.081901 4.352357
77.113103 4.385077
77.144349 3.577593
77.197226 3.71361
77.228496 3.918635
77.259747 4.230264
77.291034 4.645015
77.322382 4.617254
77.354823 4.621431
77.386036 4.647973
77.41727 3.703776
77.469013 3.643382
77.500298 3.584381
77.532721 3.452454
77.564026 3.349071
77.595288 3.395454
77.626585 3.407202
77.657896 3.394323
77.690262 3.570631
77.721561 4.23505
77.752832 4.588885
77.784094 4.648931
77.815402 4.710195
77.847868 4.536584
77.879139 4.698098
77.910375 4.744569
77.93144 4.550334
77.962733 4.372459
77.995129 4.34583
78.026432 4.506648
78.057713 4.543633
78.089017 4.557034
78.120285 4.397522
78.152599 4.341827
78.18383 4.24323
78.215077 4.443122
78.246283 3.379007
78.328581 3.502144
78.360922 3.576723
78.392216 3.489091
78.423521 4.022976
78.454739 4.346091
78.486016 4.246276
78.518419 4.351052
78.549724 3.512239
78.61169 3.417819
78.642966 3.338454
78.674343 3.151443
78.706825 2.912391
78.738179 2.90569
78.769458 2.923965
78.800782 2.981574
78.83207 3.105843
78.864517 3.488395
78.895803 4.270817
78.927028 4.363322
78.958292 4.461309
78.989563 4.556599
79.021959 4.615427
79.053374 4.65859
79.084668 4.706975
79.115987 4.760842
79.147282 4.778333
79.169497 4.755882
79.200798 4.665465
79.232091 4.781292
79.263425 4.67086
79.294764 4.592279
79.327163 4.60481
79.358477 4.646059
79.389793 4.61299
79.421112 4.604027
79.452441 4.665726
79.484916 4.572612
79.516201 4.596804
79.547499 4.722639
79.578808 4.669642
79.610166 4.637966
79.642572 4.656937
79.673913 4.648495
79.705218 4.439032
79.736516 4.691485
79.767837 4.769544
79.800283 4.781379
79.831634 4.797217
79.862958 4.809836
79.894274 4.861527
79.925627 4.861527
79.958163 4.584186
79.989555 4.56565
80.020846 4.535888
80.052191 4.543024
80.083473 4.552596
80.115955 4.580008
80.147207 4.589407
80.178528 4.573134
80.209811 4.563474
80.24109 4.632918
80.273564 4.755011
80.304879 4.730993
80.336203 4.341914
80.367523 4.447908
80.398919 4.705321
80.431382 4.749877
80.46271 4.822193
80.493987 4.80122
80.52527 4.913219
80.556578 4.913306
80.588956 4.941153
80.620202 4.437813
80.651458 4.377071
80.682748 4.338607
80.713948 4.285959
80.746349 4.28883
80.777558 4.377593
80.808883 4.3809
80.8401 4.33852
80.871449 4.603679
80.903857 5.003983
80.935089 4.895118
80.966398 5.048539
80.997698 5.019212
81.029006 4.858916
81.061323 4.860309
81.092552 4.889549
81.123879 4.849431
81.155148 4.807486
81.186427 4.865791
81.218754 3.232983
81.331611 2.43481
81.495557 2.506169
81.526837 2.493898
81.609158 2.404004
81.651881 2.344132
81.6832 1.943566
81.75532 2.14981
81.786583 1.839226
81.817837 1.765083
81.85024 1.798412
81.912157 1.525074
81.943443 0.676689
82.199315 0.782073
82.230617 1.003198
82.263049 1.334059
82.294302 1.875253
82.32552 2.329686
82.356783 2.487807
82.388041 2.731035
82.440714 2.76158
82.471941 2.890026
82.503224 3.007246
82.534522 3.112978
82.565732 3.126554
82.598142 3.065203
82.62936 3.195998
82.660619 3.282586
82.691882 3.722921
82.723152 3.490918
82.77585 3.546787
82.807101 2.864441
82.858791 2.993844
82.890042 2.139803
83.064068 2.208638
83.09639 2.14076
83.127661 1.907017
83.179344 1.84671
83.210657 1.78066
83.241989 1.833047
83.27436 2.399305
83.305643 2.476668
83.336962 2.099511
83.368105 2.069575
83.399345 2.158948
83.574436 1.96332
83.605748 1.780747
83.637032 2.383031
83.668361 2.759318
83.6997 2.958948
83.732165 3.067727
83.763458 3.129078
83.794836 2.590407
83.836366 2.7239
83.867705 3.07112
83.90013 3.12638
83.931557 2.995933
83.952709 2.851301
83.984031 2.941457
84.015315 2.792996
84.047743 2.988884
84.079064 3.142653
84.110359 3.884261
84.141664 3.859286
84.172933 3.823955
84.205367 4.114524
84.236659 3.984686
84.267911 3.950138
84.299163 3.863463
84.330445 3.778007
84.362835 3.792539
84.394056 3.822562
84.425368 3.800458
84.456659 3.711956
84.487917 3.859982
84.510074 3.975809
84.541349 4.020017
84.572603 4.136888
84.60395 4.144024
84.635224 4.154293
84.667592 4.205288
84.698962 4.250192
84.730273 4.196412
84.761586 4.258372
84.792884 4.179704
84.825234 4.150029
84.856532 4.167172
84.887794 4.158905
84.919106 4.16752
84.950401 4.150725
84.982875 4.180313
85.014229 3.941174
85.045559 3.695074
85.076901 4.031069
85.108136 4.084153
85.14055 4.068837
85.171869 4.073188
85.203148 4.08015
85.234415 4.040293
85.265666 4.103298
85.298029 4.402569
85.3293 4.107127
85.360546 4.106169
85.391825 4.123226
85.42311 4.092768
85.455694 4.116351
85.487008 4.156121
85.518377 4.138629
85.549604 4.126533
85.580977 4.262375
85.613332 4.427022
85.644624 4.465574
85.675956 4.466531
85.707304 4.429633
85.738652 4.412316
85.77113 4.423019
85.802448 4.444688
85.833763 4.349137
85.865115 4.401438
85.896397 4.417972
85.928801 4.42328
85.960124 4.447038
85.991444 4.474015
86.022777 4.406224
86.054113 4.324074
86.086518 4.421888
86.117822 4.503602
86.149076 4.49725
86.180378 4.407355
86.211687 4.507257
86.244088 4.528404
86.275396 4.506996
86.306719 4.597152
86.338034 4.485067
86.369354 4.495248
86.401819 4.447908
86.433085 4.175004
86.464412 3.854326
86.49575 4.052476
86.527021 4.219647
86.559452 4.232614
86.59079 4.279867
86.62208 4.372459
86.653416 4.355229
86.684774 4.330166
86.717242 4.147331
86.748561 4.057089
86.779858 3.913762
86.81118 3.937345
86.842495 3.935692
86.875097 3.960841
86.90646 3.999131
86.937764 4.049866
86.969095 4.07371
87.000402 4.436769
87.03291 4.602808
87.064203 4.457132
87.095479 4.467836
87.126787 4.465922
87.158195 4.456436
87.190621 4.389081
87.221856 4.465225
87.253063 4.455131
87.284316 4.453651
87.315602 4.49316
87.348075 3.93108
87.379397 3.684718
87.420953 3.493094
87.452249 3.730231
87.483567 3.932994
87.516032 4.244884
87.547381 4.546244
87.578713 4.542067
87.610019 4.595324
87.641296 4.134539
87.673831 3.632853
87.705175 3.517547
87.7366 3.312522
87.767921 3.221496
87.799319 3.050583
87.83192 3.007072
87.863244 3.012728
87.894626 3.103406
87.925931 3.733016
87.957219 4.367412
87.989658 4.559558
88.020974 3.59726
88.082946 3.775135
88.114305 4.021757
88.145648 3.449583
88.198486 3.12081
88.239956 3.453325
88.271248 3.628501
88.302587 2.207158
88.507258 2.234658
88.539595 2.043991
88.581023 2.217601
88.612219 2.100294
88.643481 2.352486
88.674751 2.202546
88.707058 2.568216
88.738331 2.642446
88.769639 2.286088
88.800925 2.068792
88.852578 2.116916
88.884939 1.873339
88.916151 1.846884
88.947407 1.393147
88.97872 0.959513
89.01004 1.0622
89.042362 1.15279
89.073597 1.386882
89.104933 1.726357
89.136217 2.226129
89.167466 2.790559
89.199825 3.198435
89.231158 3.602656
89.262505 3.903406
89.293791 4.229133
89.325146 4.204157
89.357586 4.022628
89.388805 3.865029
89.420055 3.798892
89.451308 3.740587
89.482614 3.816123
89.515048 3.777658
89.546361 3.766955
89.57768 3.946483
89.608983 4.000785
89.640371 4.118962
89.672836 4.216949
89.704139 4.140108
89.73552 4.08746
89.766886 3.801329
89.798214 3.847886
89.830668 4.026892
89.862023 3.610401
89.903514 3.788449
89.934861 3.998522
89.966204 4.039249
89.998573 4.224956
90.029832 4.028458
90.061087 3.96467
90.092349 3.872687
90.123606 3.885654
90.155979 3.802982
90.187249 3.71857
90.218659 3.65252
90.250001 3.572111
90.281399 3.577158
90.313749 3.903232
90.344996 3.973547
90.376246 4.013316
90.407511 4.006789
90.43884 4.099208
90.471229 4.158818
90.50256 4.137759
90.533863 4.197195
90.56517 3.655478
90.59654 4.046733
90.628942 4.208682
90.660247 4.187275
90.691535 4.173525
90.722818 4.094769
90.754108 4.163343
90.786508 4.140717
90.817825 4.197456
90.849196 3.751987
90.870326 3.716307
90.901633 3.744416
90.934173 3.739194
90.965557 3.822649
90.99696 3.918983
91.028225 3.890788
91.059515 3.899316
91.091965 3.947788
91.113063 4.36045
91.144327 4.394389
91.175615 4.324249
91.206882 4.397174
91.239252 4.425804
91.270565 4.426065
91.30184 4.44756
91.333115 4.452781
91.364425 4.419277
91.396818 4.425717
91.428081 4.432679
91.459398 4.411271
91.490704 4.410314
91.522032 4.430938
91.554442 4.410923
91.585775 4.39143
91.617038 4.481673
91.648362 4.481673
91.679705 4.499512
91.712093 4.56739
91.743524 4.578616
91.774869 4.554772
91.806261 4.570088
91.837671 4.578616
91.870344 4.432157
91.901728 4.379247
91.933118 4.427022
91.964437 4.395259
91.995759 4.398914
92.028247 4.465922
92.059592 4.489418
92.090925 4.371328
92.122277 4.540848
92.15368 4.629176
92.186163 4.440685
92.217511 4.444775
92.248818 4.442425
92.280075 4.440424
92.311377 4.425108
92.343822 4.447125
92.375145 4.456001
92.406539 4.43059
92.437913 4.598718
92.469366 4.66268
92.501868 4.66094
92.533141 4.673906
92.564463 4.693138
92.595777 4.677126
92.627089 4.47767
92.659466 4.597761
92.690797 4.569827
92.722171 3.469163
92.804533 3.176679
92.846027 3.333581
92.878421 3.574112
92.909708 3.625195
92.940978 3.635376
92.972293 3.932472
93.003597 4.151508
93.035969 3.426347
93.067271 3.466639
93.09855 3.221931
93.129734 3.05067
93.161024 2.881063
93.193457 2.79169
93.224693 2.745046
93.255924 2.54063
93.287194 2.03085
93.369459 2.60842
93.401858 3.548876
93.433088 4.123922
93.464418 4.349746
93.495729 4.491941
93.527038 4.594106
93.559487 4.627784
93.590761 3.610314
93.632254 3.561755
93.663543 3.505277
93.694857 3.340978
93.727365 3.250561
93.758648 3.230372
93.789917 3.232287
93.821193 3.285197
93.852496 3.453934
93.884988 4.000524
93.916306 4.699143
93.947565 4.755272
93.978812 4.844819
94.010087 4.85326
94.042493 4.848039
94.073754 4.770414
94.105025 4.712544
94.136296 4.844993
94.167609 4.865356
94.199939 4.787645
94.231159 4.675211
94.262442 3.91237
94.29368 4.149768
94.324945 4.352009
94.357358 4.558166
94.388643 3.981988
94.460748 4.121311
94.491985 4.441468
94.523247 4.100948
94.586267 4.091811
94.617563 3.973373
94.648868 3.941261
94.680166 3.826826
94.711432 3.596216
94.74382 3.594475
94.775032 1.190906
95.387326 1.089351
95.438905 1.139128
95.470151 1.280453
95.492218 1.210312
95.543824 1.191254
95.575118 1.18847
95.606381 1.129555
95.65789 1.173067
95.690217 1.14374
95.762078 1.258523
95.793271 1.43135
95.824573 1.369129
95.855863 1.163146
95.888224 1.1601
95.91943 1.059676
95.95074 0.997368
95.982007 0.960818
96.013364 0.864571
96.045858 1.027129
96.077182 1.490178
96.10848 1.510454
96.139776 1.495486
96.171092 1.551529
96.203543 1.590602
96.234899 1.840705
96.266315 2.140499
96.297629 2.215774
96.318721 2.155206
96.361292 2.697532
96.392491 3.009508
96.423624 3.115589
96.4549 3.473253
96.48622 3.645036
96.518561 3.657741
96.549787 3.833701
96.581013 4.038901
96.612265 3.588384
96.65375 3.94422
96.686174 3.979899
96.71746 3.149528
96.799775 3.06616
96.831044 2.831634
96.872546 2.99689
96.904935 3.201742
96.936086 3.074688
96.967275 3.195476
96.998504 3.697859
97.02976 3.25761
97.082561 3.511891
97.113833 3.061374
97.16548 2.993496
97.196646 2.922312
97.227868 2.867139
97.270423 2.776374
97.301661 2.537845
97.332911 2.653324
97.364144 2.733124
97.395341 2.6394
97.427798 2.312369
97.530582 3.003417
97.561899 3.609879
97.593155 3.79602
97.624466 3.95475
97.656944 3.883652
97.688267 3.687416
97.719591 3.559579
97.750925 3.374221
97.782232 3.309476
97.814689 3.321746
97.845964 3.343415
97.877224 3.202003
97.9085 3.158665
97.939821 2.970522
97.98243 2.327163
98.136322 3.027435
98.167587 3.205397
98.198891 3.360384
98.230198 3.741979
98.2626 3.886959
98.293889 2.776722
98.478317 2.39826
98.509457 1.143305
98.540753 0.609333
98.573151 0.417187
98.778053 0.913565
98.809362 1.270358
98.840625 1.533776
98.871965 1.809725
98.904376 1.992995
98.935631 2.175482
98.966868 2.330383
98.998168 2.433766
99.029433 3.87991
99.061912 3.88313
99.093223 3.909759
99.124496 3.926815
99.155784 3.915241
99.187092 3.954402
99.219547 3.987644
99.250917 3.953531
99.28229 3.779573
99.313618 4.355751
99.344932 4.32303
99.377393 4.261157
99.408718 4.316591
99.440019 4.293617
99.471317 4.262636
99.502644 4.28065
99.535208 4.290745
99.566506 3.933516
99.597798 3.961973
99.629049 4.035942
99.660329 4.012881
99.692756 3.982162
99.724117 4.065617
99.755533 4.034289
99.786873 4.019495
99.818215 4.169
99.850663 4.313197
99.881961 4.329818
99.913279 4.332429
99.944507 4.326946
99.975853 4.219212
100.008476 4.243404
