1.6e-05 0.037419
0.032551 0.05465
0.227324 0.056564
0.268861 0.052561
0.300224 0.03272
0.331589 0.037941
0.364089 0.041944
0.395419 0.046644
0.426673 0.050212
0.457981 0.052996
0.489336 0.057086
0.521708 0.061786
0.553036 0.107734
0.584326 0.102686
0.615612 0.113738
0.646972 0.123572
0.679472 0.12392
0.710721 0.137495
0.742059 0.111911
0.814193 0.11661
0.845479 0.134972
0.877897 0.146198
0.909266 0.117654
0.94059 0.122789
0.971955 0.127227
1.003329 0.118089
1.035677 0.118612
1.067063 0.128793
1.108591 0.126792
1.139947 0.122092
1.171335 0.121396
1.203774 0.130534
1.235136 0.127227
1.256281 0.116784
1.318244 0.118612
1.349559 0.119917
1.525047 0.132361
1.557426 0.137495
1.588788 0.137147
1.620136 0.075709
1.794479 0.081192
1.825776 0.08067
1.85824 0.064657
1.889587 0.072402
1.920925 0.087544
1.952239 0.098248
1.98357 0.128358
2.056824 0.126531
2.089257 0.118612
2.120582 0.116697
2.151983 0.115914
2.183365 0.125225
2.214641 0.128271
2.247116 0.114434
2.278438 0.105558
2.30978 0.122876
2.351278 0.118002
2.382588 0.118786
2.415086 0.120787
2.446438 0.122789
2.477817 0.121483
2.509169 0.116784
2.540545 0.116349
2.572931 0.123485
2.604242 0.123137
2.645756 0.118786
2.677011 0.119482
2.708412 0.122441
2.74101 0.137757
2.772331 0.068138
3.243109 0.114696
3.274432 0.041422
3.571353 0.044729
3.603806 0.051604
3.635151 0.05787
3.666543 0.061873
3.697904 0.064396
3.729283 0.063787
3.792379 0.07658
3.845156 0.085543
3.877775 0.101294
3.90911 0.099031
3.940442 0.097204
3.971782 0.095115
4.003109 0.097552
4.035586 0.098335
4.066926 0.095028
4.098239 0.100946
4.129584 0.128184
4.160944 0.120439
4.193321 0.118438
4.224673 0.121309
4.255998 0.11661
4.297542 0.113303
4.328868 0.121309
4.361289 0.124268
4.3926 0.125921
4.423965 0.11165
4.465519 0.120961
4.496855 0.127314
4.529276 0.127488
4.561678 0.126008
4.593033 0.116349
4.624355 0.12566
4.655699 0.126096
4.687005 0.121222
4.719502 0.130969
4.750909 0.117915
4.792441 0.127314
4.823744 0.127488
4.85504 0.132187
4.887416 0.129489
4.918719 0.139323
4.950005 0.107212
4.981299 0.11661
5.012663 0.125399
5.045151 0.123659
5.07657 0.123833
5.107947 0.121309
5.139325 0.113303
5.170611 0.123485
5.203058 0.130534
5.234482 0.124268
5.265807 0.117393
5.297139 0.122963
5.328521 0.127836
5.361049 0.129663
5.39234 0.131404
5.423635 0.119917
5.454974 0.121657
5.486349 0.12888
5.518806 0.13297
5.550148 0.137931
5.581414 0.123833
5.622936 0.124007
5.654325 0.124964
5.686673 0.127923
5.717975 0.128358
5.749301 0.128793
5.780643 0.122528
5.811988 0.130534
5.844362 0.134189
5.875738 0.134885
5.907053 0.113651
5.938356 0.122528
5.969639 0.127314
6.002036 0.130186
6.034344 0.13445
6.066753 0.122615
6.0993 0.12392
6.131785 0.125486
6.16427 0.127227
6.196672 0.12801
6.229166 0.128967
6.270785 0.13123
6.312345 0.134537
6.343641 0.132622
6.374972 0.138453
6.407451 0.136625
6.438824 0.129489
6.470218 0.133318
6.501646 0.134363
6.532924 0.136712
6.565314 0.136277
6.596596 0.138279
6.627949 0.095812
6.740888 0.125486
6.772314 0.120439
6.804895 0.119395
6.826068 0.120439
6.857399 0.12714
6.888764 0.131143
6.920161 0.130273
6.95265 0.101816
7.014576 0.110692
7.045901 0.117393
7.077194 0.116436
7.108628 0.11574
7.141209 0.117393
7.172612 0.117741
7.204018 0.111215
7.235348 0.10695
7.287224 0.122789
7.319708 0.125486
7.35105 0.119656
7.382453 0.116436
7.413912 0.116175
7.445222 0.11896
7.477702 0.122963
7.508984 0.11574
7.540301 0.103383
7.571573 0.122789
7.602866 0.119743
7.635295 0.127923
7.666618 0.130708
7.697878 0.118438
7.729158 0.119917
7.760488 0.120787
7.792913 0.124616
7.824308 0.131491
7.855674 0.123659
7.897218 0.12566
7.928539 0.123398
7.960964 0.120961
7.992315 0.122789
8.023648 0.126879
8.054954 0.126879
8.086294 0.125399
8.118709 0.122441
8.150103 0.12801
8.181343 0.122005
8.212631 0.11983
8.243985 0.120787
8.276484 0.131839
8.307779 0.14028
8.339103 0.128271
8.37044 0.125834
8.401755 0.121222
8.434161 0.126792
8.465538 0.133754
8.496847 0.126444
8.528147 0.129228
8.559485 0.126879
8.59198 0.124181
8.62336 0.127053
8.654705 0.132622
8.68603 0.129228
8.717471 0.13036
8.749889 0.125573
8.781275 0.135233
8.812564 0.126879
8.843895 0.124703
8.875301 0.12305
8.907741 0.133928
8.93905 0.138105
8.970381 0.131317
9.001727 0.133057
9.022878 0.123224
9.055351 0.129663
9.086641 0.135494
9.11793 0.136973
9.149275 0.129315
9.180599 0.127836
9.213102 0.119482
9.244455 0.130447
9.275793 0.136625
9.307065 0.128358
9.338398 0.122441
9.370833 0.129663
9.402185 0.135929
9.433524 0.130882
9.464839 0.132448
9.496234 0.126966
9.528688 0.140106
9.559998 0.133318
9.591315 0.128967
9.622636 0.133144
9.653946 0.124964
9.686392 0.128271
9.717733 0.134798
9.749031 0.143152
9.780349 0.140715
9.811752 0.133928
9.844123 0.130447
9.876619 0.135581
9.909009 0.134885
9.941362 0.133492
9.973893 0.126531
10.005207 0.138714
10.03649 0.122963
10.09838 0.129141
10.129832 0.133841
10.162306 0.134711
10.193597 0.139671
10.224888 0.146024
10.256204 0.145676
10.287533 0.141586
10.319923 0.140541
10.35125 0.131752
10.392787 0.121918
10.424136 0.125921
10.455463 0.137147
10.487896 0.142108
10.519229 0.137757
10.550475 0.11983
10.58176 0.124181
10.613087 0.128184
10.645508 0.122789
10.676838 0.124964
10.708211 0.125051
10.73957 0.121483
10.770849 0.125573
10.803307 0.121744
10.834619 0.130012
10.865998 0.132013
10.897379 0.118699
10.928654 0.105819
10.960988 0.114609
10.992305 0.12479
11.02363 0.130273
11.054927 0.125573
11.086366 0.120961
11.118852 0.127836
11.150269 0.126966
11.171353 0.128532
11.202684 0.132187
11.234008 0.124442
11.266451 0.135407
11.297738 0.136799
11.329051 0.138801
11.360394 0.127749
11.391811 0.12627
11.424305 0.129489
11.455644 0.133666
11.486863 0.118786
11.538628 0.120091
11.569994 0.110692
11.765699 0.131926
11.796984 0.076667
12.063132 0.051952
12.104676 0.048906
12.136032 0.046905
12.178714 0.04969
12.20999 0.052126
12.251585 0.053867
12.293146 0.055955
12.324556 0.057435
12.35705 0.060045
12.388372 0.084499
12.419685 0.085456
12.461245 0.088676
12.492563 0.085282
12.525046 0.089285
12.556401 0.095376
12.587733 0.104166
12.619051 0.107473
12.650378 0.10756
12.682805 0.116262
12.714134 0.1207
12.745399 0.107212
12.776715 0.115653
12.808039 0.120352
12.840498 0.124964
12.871863 0.126008
12.903178 0.114347
12.934466 0.1093
12.96576 0.118873
12.998201 0.115218
13.029592 0.120613
13.060915 0.124877
13.09227 0.123659
13.113354 0.123311
13.145816 0.117132
13.177133 0.124355
13.208421 0.127662
13.239759 0.121657
13.271092 0.120613
13.303463 0.126096
13.334795 0.137408
13.366143 0.122267
13.397436 0.124355
13.42873 0.116784
13.461223 0.12975
13.492529 0.135407
13.523852 0.136364
13.555181 0.135407
13.58654 0.126008
13.618972 0.097813
13.783143 0.124442
13.814451 0.135407
13.845772 0.135233
13.877172 0.133057
13.90971 0.078407
14.104404 0.069705
14.135767 0.068922
14.167114 0.068922
14.198453 0.068312
14.230816 0.075622
14.262156 0.079538
14.293516 0.083106
14.324767 0.094245
14.366335 0.103644
14.398734 0.115392
14.430073 0.117567
14.461347 0.108778
14.492655 0.113129
14.524045 0.116871
14.556562 0.11896
14.587984 0.11574
14.619313 0.130534
14.650671 0.130447
14.682001 0.120091
14.714443 0.121048
14.74578 0.127488
14.777122 0.128097
14.808482 0.120178
14.829608 0.120961
14.862004 0.109822
14.893344 0.114696
14.924635 0.118263
14.955975 0.117306
14.9874 0.119395
15.019934 0.119482
15.051306 0.12157
15.08275 0.118176
15.114077 0.12801
15.14549 0.122441
15.177956 0.128793
15.209272 0.133144
15.24052 0.125051
15.271866 0.118786
15.303243 0.120178
15.335711 0.125138
15.367049 0.130969
15.398387 0.119917
15.450247 0.122354
15.481642 0.127575
15.514036 0.12566
15.545374 0.127749
15.576661 0.126096
15.608001 0.126531
15.639316 0.119656
15.671681 0.126008
15.703009 0.122441
15.734346 0.102773
15.969504 0.121744
16.000808 0.128967
16.033229 0.072838
16.248183 0.079451
16.279451 0.08006
16.310748 0.05552
16.342084 0.049341
16.374399 0.053954
16.405697 0.05961
16.437001 0.063004
16.468413 0.067268
16.499777 0.069792
16.532283 0.092853
16.563618 0.116871
16.59493 0.107299
16.626173 0.11574
16.657442 0.115479
16.689823 0.115044
16.721145 0.120961
16.752479 0.115218
16.783783 0.11078
16.815056 0.118525
16.847432 0.118786
16.878723 0.128271
16.909955 0.119656
16.961666 0.119308
16.992947 0.120526
17.025506 0.11835
17.056749 0.121048
17.08805 0.123659
17.119376 0.12157
17.150732 0.119569
17.183208 0.11896
17.214479 0.11487
17.235572 0.119308
17.266876 0.120526
17.298183 0.117306
17.330625 0.119656
17.361904 0.132883
17.393197 0.124703
17.434718 0.119395
17.466003 0.12157
17.498497 0.12888
17.52983 0.130708
17.561172 0.126096
17.602734 0.124268
17.644322 0.121483
17.67686 0.12392
17.708203 0.12627
17.739487 0.126096
17.770869 0.128184
17.792018 0.120178
17.824395 0.125138
17.855786 0.132448
17.887174 0.119308
17.918507 0.121918
17.949902 0.115566
17.982407 0.127662
18.013776 0.127401
18.045069 0.127401
18.07641 0.122179
18.107761 0.121831
18.140175 0.126183
18.171465 0.132361
18.202758 0.128445
18.234092 0.122528
18.265399 0.117654
18.297964 0.133666
18.329352 0.12566
18.360737 0.130447
18.392163 0.129925
18.423582 0.124964
18.456035 0.122702
18.487364 0.129402
18.518699 0.132361
18.550012 0.125399
18.581297 0.114521
18.613667 0.129141
18.644972 0.135407
18.676328 0.126705
18.697408 0.128358
18.728749 0.123224
18.761184 0.126792
18.792507 0.131056
18.823856 0.130795
18.855129 0.131056
18.886425 0.118525
18.918889 0.120961
18.950259 0.129925
18.98158 0.132448
19.012909 0.127662
19.044317 0.121918
19.076764 0.132274
19.108158 0.13297
19.139541 0.13767
19.170902 0.131056
19.202292 0.125312
19.234864 0.122528
19.266309 0.131056
19.297641 0.130882
19.329012 0.130621
19.360378 0.122179
19.392847 0.132622
19.424216 0.133318
19.455558 0.136799
19.486926 0.130969
19.518278 0.122789
19.550827 0.134885
19.582088 0.139845
19.613412 0.128706
19.64476 0.124442
19.676106 0.119221
19.708609 0.127401
19.750145 0.131404
19.781565 0.134537
19.812979 0.130621
19.834229 0.126966
19.866667 0.124877
19.897971 0.133057
19.929248 0.135407
19.960547 0.135668
19.991896 0.11078
20.024374 0.116175
20.055817 0.12801
20.087182 0.122005
20.118486 0.121657
20.14977 0.122702
20.182288 0.125573
20.213578 0.13036
20.244865 0.130795
20.276185 0.131317
20.307459 0.126705
20.339893 0.136451
20.371229 0.136103
20.402557 0.128706
20.433902 0.129315
20.465243 0.118438
20.497648 0.125486
20.528996 0.131317
20.560247 0.130969
20.591528 0.129402
20.622828 0.121048
20.65517 0.124007
20.686482 0.126879
20.717852 0.116001
20.820702 0.121309
20.852063 0.117915
20.884573 0.127749
20.915953 0.121744
20.947299 0.121048
20.978629 0.125486
21.00996 0.130099
21.042407 0.106689
21.094044 0.118612
21.125362 0.118263
21.156689 0.112346
21.188078 0.117132
21.220554 0.110518
21.251853 0.111563
21.283161 0.112781
21.31448 0.109126
21.345801 0.110257
21.378272 0.127662
21.40957 0.127575
21.440849 0.120265
21.472214 0.117132
21.503581 0.106167
21.536024 0.113216
21.567351 0.123746
21.598631 0.112433
21.629959 0.115479
21.661304 0.125573
21.693782 0.121744
21.725158 0.124877
21.756485 0.125051
21.787901 0.124442
21.819304 0.120265
21.85163 0.128532
21.883004 0.134102
21.914277 0.131317
21.945629 0.125399
21.977049 0.124181
22.009644 0.1207
22.041003 0.128793
22.07236 0.131926
22.103645 0.10347
22.186068 0.120004
22.218569 0.126531
22.249968 0.119569
22.28135 0.127575
22.312671 0.130273
22.354248 0.135755
22.38671 0.109909
22.458958 0.0979
22.480086 0.111302
22.511419 0.119656
22.542738 0.120439
22.575226 0.1207
22.606528 0.113477
22.637853 0.114347
22.669205 0.109561
22.700516 0.10521
22.733004 0.131317
22.764355 0.132883
22.795709 0.128358
22.827013 0.111041
22.858347 0.114696
22.890733 0.126705
22.922013 0.132883
22.953284 0.111563
22.984566 0.121744
23.01583 0.125921
23.048372 0.130882
23.079806 0.130969
23.111175 0.131491
23.142476 0.125747
23.184006 0.11896
23.216474 0.117741
23.237562 0.123485
23.268821 0.126879
23.300238 0.123659
23.331481 0.127923
23.363985 0.122702
23.395277 0.127488
23.426554 0.121918
23.457837 0.12975
23.489215 0.122963
23.521673 0.127488
23.553038 0.135581
23.584353 0.128358
23.615707 0.124964
23.647045 0.122267
23.679597 0.128706
23.710989 0.128358
23.742346 0.130708
23.773695 0.126183
23.805132 0.126444
23.837612 0.12157
23.868976 0.124877
23.890051 0.126618
23.921336 0.122702
23.952598 0.121135
23.985013 0.121918
24.016314 0.122179
24.047679 0.121396
24.078968 0.127227
24.110297 0.122179
24.142814 0.123833
24.174129 0.135929
24.205383 0.132274
24.236711 0.117045
24.268044 0.124616
24.300488 0.137408
24.33173 0.078059
24.771359 0.099554
24.802616 0.06283
25.078621 0.029935
25.111118 0.041944
25.142421 0.045686
25.173715 0.050038
25.204997 0.052996
25.236396 0.054563
25.279112 0.057957
25.310371 0.059871
25.341674 0.061699
25.372973 0.092766
25.404236 0.091634
25.43666 0.093723
25.468002 0.09294
25.499331 0.095463
25.530615 0.097378
25.561942 0.098161
25.594377 0.098944
25.625671 0.100424
25.656955 0.101729
25.688243 0.103557
25.719522 0.098857
25.76218 0.103992
25.793722 0.105297
25.824996 0.10756
25.856237 0.107821
25.887593 0.108952
25.919987 0.109909
25.951238 0.110518
25.98256 0.089546
26.207709 0.116175
26.239024 0.117915
26.271444 0.11426
26.302743 0.072228
26.507753 0.078755
26.539088 0.060828
26.570389 0.059958
26.602734 0.060306
26.633969 0.0637
26.665224 0.066659
26.696446 0.069183
26.727713 0.071445
26.760148 0.074317
26.791481 0.113129
26.822821 0.108256
26.864337 0.104775
26.916102 0.104601
26.958723 0.105645
26.989994 0.107299
27.021332 0.109561
27.052597 0.109996
27.084013 0.110518
27.116612 0.110344
27.14799 0.105558
27.179303 0.113999
27.21062 0.110257
27.23175 0.109822
27.26423 0.11574
27.295592 0.1207
27.326915 0.120787
27.358291 0.11487
27.389626 0.115392
27.432473 0.119482
27.463868 0.121222
27.495219 0.11661
27.526593 0.119482
27.557964 0.120265
27.590428 0.122267
27.621831 0.121483
27.653232 0.124877
27.684628 0.119221
27.71607 0.114609
27.748591 0.117741
27.779946 0.123833
27.811276 0.114696
27.84262 0.120439
27.873967 0.120613
27.906428 0.121831
27.937744 0.127314
27.96909 0.122267
28.000412 0.126879
28.031769 0.122876
28.064261 0.129576
28.095613 0.131317
28.126904 0.130882
28.158165 0.127314
28.189461 0.12566
28.221825 0.122092
28.253119 0.129402
28.284428 0.122354
28.315718 0.129837
28.347045 0.125747
28.379438 0.125573
28.410717 0.130621
28.441972 0.126705
28.47324 0.124703
28.504565 0.122005
28.537069 0.12566
28.568331 0.13854
28.599613 0.129837
28.630927 0.127923
28.662277 0.13123
28.694667 0.130186
28.725985 0.134015
28.757294 0.126008
28.788595 0.131752
28.819968 0.12479
28.852461 0.12305
28.883812 0.128532
28.915105 0.124442
28.946387 0.12157
28.977735 0.122789
29.010185 0.131839
29.041533 0.135146
29.072814 0.12479
29.104131 0.125486
29.135505 0.122528
29.168025 0.128967
29.19937 0.135755
29.230725 0.132361
29.262083 0.128445
29.293455 0.125747
29.325874 0.119917
29.357173 0.129054
29.38845 0.137583
29.419755 0.130882
29.451088 0.119134
29.483533 0.130447
29.514872 0.13706
29.546197 0.122702
29.577555 0.122528
29.608865 0.125399
29.641334 0.134798
29.672657 0.13619
29.704072 0.132013
29.73541 0.131578
29.766726 0.121396
29.799128 0.12975
29.830406 0.131056
29.861727 0.131752
29.893023 0.13123
29.924314 0.127053
29.956737 0.122179
29.988014 0.129315
30.019276 0.131491
30.05057 0.13036
30.081913 0.120613
30.114533 0.128532
30.145872 0.134798
30.17724 0.122005
30.218829 0.12157
30.250147 0.117828
30.282643 0.131752
30.313997 0.133492
30.345281 0.130534
30.376582 0.129925
30.407941 0.121483
30.440389 0.127923
30.471713 0.132187
30.502946 0.131404
30.534257 0.125051
30.565564 0.125834
30.597928 0.1207
30.629182 0.128358
30.660434 0.129925
30.691699 0.127923
30.723016 0.121483
30.755408 0.121744
30.786796 0.122615
30.818184 0.123311
30.849505 0.119308
30.880838 0.120178
30.913318 0.129663
30.94462 0.134972
30.975908 0.115392
31.088969 0.135407
31.120219 0.136625
31.152653 0.130012
31.184061 0.12627
31.22566 0.122354
31.256968 0.129576
31.288318 0.086239
31.3617 0.095376
31.39299 0.104427
31.424276 0.105906
31.455507 0.10695
31.486764 0.10521
31.519228 0.109909
31.550567 0.11165
31.581926 0.112955
31.613249 0.137408
31.644594 0.126183
31.677121 0.128445
31.708448 0.130273
31.739789 0.115653
31.771071 0.114086
31.80242 0.12157
31.834905 0.125747
31.866245 0.122354
31.89759 0.121831
31.939089 0.122615
31.970378 0.122702
32.002833 0.119221
32.034186 0.122528
32.065495 0.124964
32.096808 0.122615
32.12818 0.1207
32.160628 0.124703
32.19197 0.122267
32.223319 0.12305
32.254627 0.119743
32.285957 0.127662
32.318407 0.12479
32.349737 0.131056
32.381193 0.116001
32.412449 0.119395
32.443791 0.121048
32.476198 0.125138
32.507569 0.135233
32.538906 0.127401
32.570243 0.125399
32.601585 0.122876
32.634017 0.130186
32.665344 0.135755
32.69666 0.123746
32.748405 0.126096
32.77974 0.121135
32.812159 0.126096
32.843526 0.126008
32.874879 0.126444
32.896017 0.126966
32.927325 0.119743
32.959755 0.11983
32.991102 0.125747
33.022404 0.128097
33.053689 0.126008
33.084991 0.126966
33.117411 0.123572
33.148779 0.131404
33.180141 0.114957
33.231953 0.11835
33.263311 0.123659
33.295652 0.135668
33.326942 0.12479
33.368462 0.124007
33.399776 0.126096
33.431121 0.124964
33.463463 0.13036
33.494696 0.132187
33.525995 0.125138
33.557278 0.128532
33.588608 0.120613
33.62091 0.123659
33.652226 0.127923
33.683474 0.130621
33.714771 0.129141
33.746081 0.123311
33.778508 0.120613
33.809864 0.123311
33.84109 0.122179
33.872448 0.126183
33.903722 0.115653
33.936139 0.122702
33.96744 0.131665
33.998708 0.127314
34.030004 0.11983
34.061369 0.120091
34.093693 0.125573
34.125007 0.132709
34.156314 0.1321
34.187593 0.124268
34.21884 0.124181
34.251144 0.125573
34.282451 0.125573
34.313864 0.128706
34.345077 0.125921
34.376326 0.124007
34.408746 0.118525
34.440157 0.12714
34.471392 0.123833
34.502695 0.125486
34.534029 0.119047
34.566501 0.131491
34.597774 0.137408
34.629098 0.114173
34.680828 0.124007
34.712185 0.117567
34.744574 0.125225
34.77591 0.121657
34.81738 0.117567
34.869094 0.117045
34.900367 0.116523
34.932756 0.119482
34.964051 0.124964
34.99543 0.126183
35.026728 0.119569
35.058051 0.120787
35.09042 0.127053
35.121691 0.132796
35.152874 0.119308
35.18416 0.120526
35.215462 0.130186
35.247884 0.135668
35.279266 0.137147
35.310564 0.127662
35.341777 0.132622
35.373108 0.120265
35.405555 0.124268
35.43686 0.132883
35.468246 0.130882
35.499586 0.124268
35.530891 0.117567
35.563359 0.128097
35.594642 0.130186
35.625954 0.128445
35.657326 0.126183
35.688724 0.122702
35.721181 0.130186
35.752554 0.137844
35.783887 0.130795
38.086994 0.433112
38.118277 0.427716
38.150594 0.459219
38.181871 0.4855
38.213126 0.461394
38.244523 0.47349
38.27584 0.461829
38.308209 0.466181
38.33942 0.470706
38.370632 0.488632
38.401896 0.128706
38.576104 0.135668
38.608509 0.123833
38.639783 0.099728
38.671069 0.115131
38.702377 0.137844
38.835625 0.130447
38.868069 0.130882
38.899333 0.132361
38.930605 0.121222
38.961863 0.108778
38.993279 0.106254
39.025722 0.133841
39.10802 0.136712
39.139265 0.137931
39.170455 0.141586
39.201812 0.145502
39.234282 0.111563
39.275871 0.104166
39.30719 0.113216
39.338492 0.133841
39.380032 0.136973
39.412496 0.140802
39.443811 0.118438
39.475167 0.123311
39.516723 0.130708
39.5481 0.130708
39.580562 0.130099
39.611961 0.134885
39.653531 0.121744
39.684831 0.122267
39.72627 0.123398
39.758753 0.132448
39.790049 0.127923
39.821349 0.12566
39.852682 0.120961
39.884052 0.119569
39.916504 0.130186
39.947819 0.12975
39.979075 0.118786
40.010399 0.119221
40.04163 0.126096
40.073961 0.130969
40.105301 0.140889
40.136579 0.131404
40.16784 0.125399
40.199143 0.116784
40.231523 0.128184
40.262746 0.135059
40.293992 0.129663
40.325422 0.117741
40.356655 0.125486
40.38901 0.126792
40.42024 0.138192
40.451665 0.127662
40.492979 0.129141
40.524232 0.122876
40.556585 0.135407
40.587857 0.143152
40.619084 0.122267
40.670706 0.122963
40.701999 0.1207
40.734357 0.12975
40.765591 0.128619
40.79683 0.127923
40.828153 0.126705
40.859365 0.126357
40.891874 0.133405
40.923162 0.084412
41.137805 0.112607
41.169066 0.115305
41.200296 0.111737
41.23279 0.098335
41.274278 0.106776
41.305612 0.107038
41.336958 0.104601
41.368319 0.110518
41.400804 0.112172
41.432123 0.123398
41.463357 0.112607
41.494616 0.117219
41.526088 0.112346
41.5585 0.122005
41.589711 0.129663
41.620926 0.116175
41.652157 0.116697
41.683377 0.119047
41.715728 0.126879
41.746944 0.137408
41.778142 0.12714
41.829817 0.124703
41.861054 0.123659
41.893479 0.14028
41.924722 0.133144
41.966213 0.130447
41.997473 0.126183
42.028694 0.122963
42.061127 0.12392
42.092351 0.124703
42.123651 0.123311
42.154865 0.124007
42.186169 0.116349
42.2186 0.119917
42.249859 0.142195
42.281097 0.129837
42.312298 0.118525
42.343531 0.116436
42.375914 0.124094
42.407147 0.134015
42.438379 0.133579
42.469669 0.107908
42.500973 0.11835
42.533306 0.126444
42.564582 0.132448
42.595863 0.135755
42.627217 0.131839
42.658456 0.125573
42.690867 0.134276
42.722144 0.136364
42.753376 0.118699
42.815163 0.128532
42.846405 0.128967
42.878821 0.129054
42.910094 0.131056
42.941337 0.130273
42.972482 0.124442
43.003733 0.127575
43.036135 0.135929
43.067428 0.124442
43.11912 0.125225
43.15032 0.117306
43.181521 0.115479
43.234189 0.136364
43.265444 0.114521
43.306807 0.117567
43.338008 0.11574
43.369323 0.14759
43.432438 0.118089
43.504519 0.109735
43.535854 0.114347
43.567226 0.116175
43.598551 0.125399
43.630942 0.119482
43.66225 0.11078
43.693526 0.100685
43.72483 0.113303
43.756187 0.132361
43.788559 0.127662
43.819929 0.141324
43.851247 0.116349
43.892708 0.11748
43.924052 0.122005
43.956459 0.138627
43.987858 0.12157
44.070248 0.123659
44.101472 0.14115
44.153011 0.125573
44.23632 0.127749
44.267625 0.115392
44.298836 0.114957
44.330025 0.121135
44.361317 0.151158
44.393732 0.100424
44.445481 0.109561
44.476758 0.125573
44.508089 0.117915
44.539312 0.122092
44.571657 0.122615
44.602878 0.11339
44.634063 0.117828
44.665216 0.113129
44.696393 0.116697
44.728882 0.117828
44.760094 0.116523
44.791322 0.113129
44.822572 0.105732
44.85387 0.048123
45.232809 0.035853
45.641258 0.049167
45.672397 0.014967
46.019522 0.018361
46.06098 0.020189
46.154551 0.021929
46.379288 0.023931
46.441021 0.031241
46.502878 0.028543
46.544305 0.030893
46.607209 0.03272
46.658804 0.265245
47.93468 0.386816
47.965985 0.379332
47.997262 0.375155
48.029669 0.38203
48.061026 0.38786
48.092274 0.390123
48.123657 0.390036
48.154938 0.387512
48.187296 0.385684
48.218636 0.390732
48.249929 0.215294
48.342219 0.232089
48.373473 0.233482
48.40597 0.126183
48.447376 0.124703
48.478543 0.125747
48.509873 0.117045
48.541153 0.109822
48.573442 0.137583
48.604751 0.133666
48.636043 0.125486
48.667346 0.116436
48.698631 0.11165
48.73113 0.137234
48.762415 0.152028
48.793678 0.116523
48.865785 0.139758
48.897064 0.146198
48.929427 0.117828
48.971113 0.129054
49.002241 0.129141
49.03346 0.120613
49.064672 0.10756
49.096967 0.109126
49.128214 0.134189
49.159445 0.126357
49.190712 0.123572
49.221983 0.137147
49.254307 0.136103
49.285616 0.140889
49.316869 0.118786
49.348151 0.117306
49.379482 0.13706
49.411973 0.142282
49.443297 0.141673
49.474548 0.118873
49.505895 0.132535
49.537187 0.121483
49.569604 0.122615
49.600813 0.127488
49.632116 0.127836
49.663486 0.134711
49.694718 0.124268
49.72728 0.119656
49.758514 0.124355
49.789663 0.125747
49.82098 0.130534
49.852282 0.11983
49.884668 0.130186
49.915966 0.135407
49.947178 0.133231
49.978429 0.119656
50.019892 0.117654
50.0523 0.134885
50.083515 0.14672
50.114795 0.12305
50.197136 0.132535
50.228517 0.146372
50.260992 0.126966
50.322979 0.12392
50.354297 0.125051
50.385701 0.130447
50.417095 0.130012
50.470057 0.12975
50.501453 0.1207
50.532815 0.117132
50.564104 0.13532
50.595372 0.134885
50.627907 0.143326
50.659247 0.128706
50.690593 0.136973
50.732216 0.141412
50.763745 0.141673
50.796294 0.145328
50.827689 0.149418
50.858977 0.126357
50.890319 0.124616
50.921686 0.132013
50.954124 0.13123
50.985456 0.126357
51.016754 0.122876
51.058323 0.113738
51.110107 0.118612
51.142531 0.118525
51.173856 0.124007
51.205178 0.128184
51.236426 0.118873
51.267743 0.12305
51.30009 0.136277
51.331362 0.115044
51.383038 0.117915
51.414226 0.11426
51.445511 0.115392
51.477858 0.132709
51.509282 0.121135
51.550818 0.121135
51.582047 0.123659
51.613324 0.124268
51.635527 0.12801
51.666875 0.157337
51.698193 0.128619
51.729503 0.121222
51.760773 0.119308
51.8034 0.117915
51.83486 0.119395
51.866208 0.126183
51.897463 0.124268
51.928791 0.103121
51.961205 0.112085
51.992473 0.112346
52.023764 0.126183
52.055021 0.119308
52.086383 0.117654
52.118834 0.124355
52.15017 0.138888
52.181452 0.130186
52.222892 0.119656
52.254252 0.118786
52.286581 0.13445
52.317852 0.126618
52.359227 0.130795
52.380384 0.126096
52.411686 0.127053
52.44407 0.139149
52.475422 0.131752
52.547536 0.120091
52.578875 0.122267
52.610199 0.128793
52.632405 0.13854
52.663689 0.149157
52.694928 0.130099
52.726172 0.128445
52.75748 0.121309
52.789914 0.119482
52.821295 0.122179
52.852621 0.129837
52.883952 0.122092
52.915259 0.115479
52.947767 0.121309
52.979074 0.132013
53.01034 0.118612
53.041583 0.119134
53.072825 0.117567
53.105248 0.133231
53.136594 0.145763
53.167947 0.124094
53.219699 0.115305
53.251022 0.128793
53.283485 0.143239
53.314788 0.136712
53.356196 0.131926
53.387417 0.118263
53.418741 0.118002
53.451055 0.11835
53.482289 0.119134
53.513516 0.129141
53.544695 0.125225
53.576002 0.124181
53.608405 0.115914
53.639782 0.143065
53.670962 0.123224
53.702214 0.117654
53.733552 0.120439
53.765909 0.132883
53.797163 0.139845
53.828468 0.138975
53.85976 0.117306
53.89112 0.112694
53.923439 0.126531
53.954756 0.128706
53.986016 0.124964
54.017348 0.12888
54.048661 0.122876
54.081068 0.127749
54.112376 0.13445
54.143751 0.133754
54.175078 0.126531
54.206417 0.123746
54.238841 0.140889
54.270232 0.150636
54.301598 0.120439
54.363682 0.117219
54.394964 0.119308
54.427256 0.11748
54.458476 0.118089
54.489753 0.128532
54.520995 0.127053
54.552221 0.107299
54.584627 0.105471
54.615988 0.131665
54.647368 0.127314
54.678664 0.121309
54.710025 0.121831
54.74238 0.130273
54.77364 0.1549
54.804895 0.105471
54.86679 0.107038
54.898077 0.12888
54.930521 0.15168
54.961848 0.118438
55.003341 0.123137
55.034553 0.108865
55.065835 0.079886
55.210489 0.118525
55.241708 0.121048
55.273025 0.122005
55.304344 0.122789
55.335694 0.083193
55.49038 0.089285
55.521619 0.073534
55.55294 0.073273
55.584224 0.073447
55.615622 0.072489
55.648069 0.075361
55.679403 0.082497
55.710703 0.086413
55.742037 0.131926
55.773436 0.126879
55.795657 0.129228
55.837254 0.132361
55.868564 0.111302
55.900209 0.110867
55.931609 0.108256
55.953819 0.116088
55.985216 0.12801
56.016508 0.112781
56.068227 0.11078
56.099637 0.115827
56.132102 0.132274
56.163437 0.132013
56.215154 0.12801
56.24652 0.122789
56.277861 0.137321
56.310308 0.144544
56.341541 0.120526
56.403335 0.117219
56.434617 0.123224
56.465885 0.123572
56.498291 0.144283
56.529553 0.129228
56.560798 0.113738
56.592111 0.117393
56.623416 0.119569
56.655771 0.119917
56.687037 0.120526
56.718327 0.111911
56.759802 0.113738
56.791078 0.123572
56.823378 0.135494
56.854623 0.118002
56.885869 0.127836
56.917143 0.118176
56.948414 0.119917
56.980832 0.1321
57.01224 0.138453
57.043589 0.129402
57.095278 0.125138
57.12663 0.12305
57.158974 0.12566
57.190245 0.137757
57.221538 0.132709
57.252802 0.119395
57.28418 0.129228
57.316483 0.140454
57.347774 0.118176
57.409741 0.118176
57.441023 0.128271
57.472359 0.136016
57.504799 0.147155
57.536082 0.129925
57.567413 0.126705
57.598755 0.127314
57.630069 0.120439
57.662508 0.123398
57.6938 0.126008
57.72521 0.120178
57.756514 0.1207
57.787896 0.121222
57.8203 0.126096
57.85157 0.135407
57.882874 0.117828
57.914145 0.122963
57.945461 0.117567
57.977929 0.130186
58.009175 0.139062
58.040374 0.121135
58.092091 0.11835
58.12338 0.128445
58.155801 0.138366
58.1871 0.12479
58.249118 0.122963
58.280395 0.109735
58.362801 0.136886
58.395087 0.128097
58.426392 0.124181
58.457556 0.123398
58.488842 0.119482
58.5202 0.138888
58.552638 0.102338
58.634886 0.105036
58.666171 0.098683
58.69752 0.103644
58.728794 0.102512
58.761188 0.103296
58.792306 0.107038
58.823449 0.109039
58.854793 0.097987
58.886034 0.128532
58.918316 0.122267
58.94951 0.12714
58.980737 0.102686
59.012054 0.100685
59.063814 0.110518
59.096321 0.114173
59.127686 0.108952
59.159008 0.133928
59.190303 0.127401
59.221574 0.124877
59.253898 0.127662
59.285187 0.131578
59.347072 0.122005
59.378436 0.127314
59.409797 0.135146
59.442246 0.145153
59.473485 0.129837
59.504778 0.116958
59.53603 0.116523
59.567372 0.119308
59.599908 0.119743
59.631281 0.117654
59.652341 0.110692
59.74494 0.116784
59.776233 0.13767
59.8087 0.114521
59.850203 0.115044
59.881455 0.114609
59.91272 0.127575
59.944103 0.136973
59.976586 0.116349
60.018117 0.119134
60.049341 0.102077
60.090809 0.106515
60.122152 0.111389
60.154485 0.124877
60.185769 0.117915
60.227183 0.117567
60.258518 0.116349
60.289834 0.137931
60.32219 0.14672
60.353391 0.107473
60.415163 0.112607
60.446343 0.118699
60.477574 0.12392
60.509893 0.134102
60.541197 0.134015
60.572361 0.13036
60.603598 0.12479
60.634834 0.119917
60.66734 0.119917
60.698523 0.138018
60.729754 0.115131
60.771145 0.122876
60.802367 0.126531
60.834633 0.142804
60.865849 0.119917
60.917529 0.122005
60.948827 0.116523
60.980189 0.119047
61.012574 0.124007
61.043811 0.118089
61.074992 0.128358
61.106205 0.126444
61.137475 0.118438
61.169677 0.124268
61.201104 0.141586
61.232295 0.134276
61.263593 0.11426
61.294836 0.112955
61.327162 0.127401
61.358374 0.156902
61.389843 0.117132
61.441344 0.122876
61.47259 0.132187
61.504899 0.137583
61.536206 0.136538
61.577638 0.13767
61.608814 0.125486
61.640058 0.128532
61.672354 0.136103
61.703526 0.119656
61.755197 0.119743
61.78643 0.124181
61.817613 0.125747
61.850024 0.126792
61.881289 0.129489
61.912616 0.124268
61.943827 0.11835
61.975092 0.11252
62.007328 0.116958
62.038549 0.118438
62.0698 0.121918
62.101011 0.119656
62.142368 0.117132
62.174618 0.129141
62.205815 0.11252
62.257538 0.107299
62.288733 0.116436
62.319966 0.122876
62.352251 0.129576
62.383454 0.118873
62.424744 0.116697
62.45598 0.126618
62.487233 0.120091
62.519499 0.129576
62.550651 0.131839
62.581912 0.12305
62.613194 0.122267
62.64437 0.124007
62.676781 0.136016
62.708249 0.155596
62.739454 0.115218
62.770613 0.112259
62.801862 0.11896
62.834309 0.120526
62.865623 0.132535
62.896849 0.133144
62.928097 0.132622
62.949178 0.122354
62.981475 0.125051
63.012727 0.123572
63.043942 0.121831
63.075111 0.124268
63.10639 0.120961
63.13866 0.135233
63.16997 0.1435
63.201213 0.13767
63.232414 0.134102
63.263606 0.125486
63.295924 0.139932
63.327144 0.149592
63.358392 0.11252
63.440657 0.122354
63.461684 0.119656
63.494122 0.117915
63.525288 0.122441
63.556562 0.122092
63.587821 0.119743
63.619095 0.113303
63.651443 0.116523
63.682672 0.126705
63.71385 0.11748
63.745073 0.117132
63.776303 0.117393
63.808708 0.126966
63.840003 0.151854
63.871309 0.124007
63.912843 0.122528
63.944168 0.123833
63.976591 0.13297
64.007924 0.135668
64.049426 0.137321
64.080809 0.12801
64.112187 0.122005
64.14473 0.127575
64.176142 0.129576
64.20752 0.121657
64.249093 0.119917
64.280425 0.124181
64.31301 0.135233
64.344325 0.124007
64.396027 0.122789
64.427357 0.12479
64.458597 0.12714
64.490895 0.129925
64.522155 0.120613
64.563529 0.129228
64.584494 0.111302
64.615736 0.121744
64.821397 0.127923
64.852595 0.129315
64.883816 0.028804
65.169862 0.049167
65.20109 0.051256
65.233515 0.059523
65.264816 0.066659
65.296152 0.070575
65.327467 0.070662
65.358759 0.103121
65.442039 0.091547
65.483601 0.099815
65.525017 0.088415
65.556294 0.096421
65.587493 0.098161
65.619858 0.106428
65.651082 0.109474
65.682274 0.129837
65.733978 0.114173
65.765212 0.125921
65.79758 0.128358
65.828813 0.130969
65.860069 0.114609
65.891348 0.117654
65.932844 0.116784
65.965165 0.125225
65.99634 0.125399
66.047923 0.124268
66.089261 0.111824
66.120505 0.115044
66.152835 0.131926
66.184079 0.116523
66.225479 0.121309
66.256723 0.117393
66.288056 0.116436
66.320481 0.116958
66.351791 0.112955
66.383115 0.124529
66.414449 0.102599
66.445765 0.111563
66.478201 0.12157
66.509555 0.146024
66.540843 0.103992
66.592611 0.110605
66.623949 0.118612
66.65635 0.146807
66.687656 0.123398
66.749593 0.120613
66.780888 0.118786
66.82238 0.126008
66.8548 0.129663
66.88613 0.124094
66.917455 0.116523
66.958885 0.114609
66.990138 0.105384
67.022522 0.107299
67.05385 0.108952
67.085167 0.119221
67.116491 0.117915
67.137537 0.116523
67.169893 0.120352
67.201139 0.118873
67.232306 0.115914
67.263594 0.116958
67.294866 0.116436
67.32728 0.121483
67.358541 0.136016
67.389818 0.117654
67.431345 0.120265
67.462667 0.121048
67.495056 0.130099
67.526383 0.136016
67.557683 0.12801
67.589018 0.130882
67.620305 0.128793
67.652694 0.132883
67.684032 0.131491
67.756205 0.123137
67.787453 0.116958
67.81866 0.130534
67.851017 0.134189
67.882419 0.125138
67.913703 0.11983
67.944973 0.12392
67.976285 0.121048
68.008691 0.110867
68.040041 0.127749
68.071394 0.121222
68.102652 0.111998
68.133965 0.134015
68.166413 0.140802
68.19773 0.146459
68.229068 0.116175
68.260323 0.103992
68.291568 0.108778
68.324 0.122963
68.355292 0.129402
68.386544 0.129663
68.417789 0.128097
68.449118 0.121918
68.491661 0.118002
68.523044 0.118612
68.5543 0.129489
68.585529 0.129228
68.616797 0.12305
68.649237 0.124616
68.68052 0.125834
68.72193 0.117045
68.753103 0.118002
68.794586 0.121657
68.816716 0.13532
68.847967 0.137147
68.879221 0.12392
68.910467 0.1207
68.941665 0.119308
68.973912 0.11983
69.00506 0.130969
69.036268 0.128358
69.077699 0.124094
69.109063 0.11896
69.141464 0.118002
69.172663 0.124703
69.203925 0.125051
69.235075 0.123572
69.26627 0.120352
69.298676 0.136538
69.329924 0.118612
69.391656 0.123485
69.422913 0.11896
69.454117 0.125921
69.486457 0.134885
69.517618 0.136799
69.548867 0.131404
69.580132 0.126618
69.611305 0.11748
69.64364 0.109474
69.797063 0.136103
69.828306 0.145153
69.859429 0.119221
69.900811 0.076841
70.065774 0.090503
70.107161 0.080931
70.13838 0.070053
70.169861 0.070749
70.201051 0.078494
70.233304 0.082584
70.264487 0.086152
70.29575 0.087893
70.326956 0.133492
70.358107 0.118089
70.390385 0.128358
70.421637 0.139062
70.452864 0.116175
70.484156 0.115479
70.515443 0.116523
70.547701 0.129228
70.578953 0.131839
70.610168 0.130708
70.651791 0.129402
70.683122 0.120613
70.715521 0.133754
70.746835 0.129837
70.818802 0.119221
70.850022 0.118438
70.871035 0.136016
70.903362 0.126183
70.964954 0.11748
71.006321 0.118089
71.037653 0.110605
71.068934 0.114521
71.101315 0.132622
71.132564 0.119395
71.163791 0.125399
71.19505 0.134537
71.236518 0.136364
71.268948 0.13941
71.300183 0.139671
71.331431 0.116784
71.362672 0.127749
71.393971 0.133144
71.426388 0.134711
71.457689 0.138192
71.488971 0.131317
71.52026 0.125747
71.551575 0.117654
71.584044 0.126008
71.615322 0.131926
71.646604 0.133754
71.677873 0.127923
71.709132 0.124442
71.741531 0.137583
71.772793 0.12888
71.844867 0.12627
71.876074 0.130882
71.907296 0.141586
71.939684 0.148983
71.971001 0.125051
72.022793 0.125225
72.054109 0.119134
72.085505 0.112607
72.11799 0.126966
72.149322 0.15725
72.180642 0.123398
72.211961 0.119134
72.243309 0.119482
72.275739 0.131317
72.307021 0.168476
72.338395 0.106428
72.400337 0.114783
72.431745 0.11748
72.464193 0.118002
72.495552 0.123137
72.526837 0.115218
72.558142 0.117741
72.589463 0.113303
72.621814 0.103644
72.653095 0.101816
72.684278 0.124529
72.715517 0.116175
72.746885 0.11252
72.779176 0.119395
72.810431 0.135233
72.841719 0.119221
72.873064 0.115653
72.904375 0.112433
72.936757 0.125225
72.978293 0.132013
73.00948 0.123659
73.040708 0.122441
73.071976 0.120439
73.104373 0.127401
73.135688 0.131665
73.17722 0.132361
73.208545 0.115131
73.239877 0.116175
73.272291 0.129576
73.303606 0.131491
73.334933 0.11661
73.376346 0.124616
73.407666 0.127401
73.439905 0.121483
73.471024 0.128967
73.512421 0.136712
73.543588 0.128271
73.57497 0.126792
73.607243 0.13854
73.638538 0.118176
73.720678 0.11487
73.751862 0.116088
73.783083 0.145153
73.815321 0.128097
73.846504 0.129228
73.877756 0.124964
73.908947 0.122005
73.940181 0.114957
73.972696 0.129925
74.00386 0.110257
74.055456 0.11983
74.086681 0.124268
74.118024 0.136103
74.150327 0.14672
74.181544 0.111824
74.253426 0.118089
74.28465 0.121918
74.315929 0.123224
74.348271 0.1207
74.379474 0.125486
74.41068 0.123224
74.441948 0.117828
74.473235 0.111302
74.505655 0.112868
74.536931 0.134537
74.568207 0.118002
74.599506 0.149592
74.702143 0.117045
74.765183 0.103121
74.806558 0.112085
74.837811 0.121222
74.869143 0.138801
74.900415 0.083367
74.973628 0.093201
75.004995 0.098596
75.036309 0.090764
75.057336 0.092853
75.08865 0.110344
75.121113 0.118089
75.15254 0.111215
75.183968 0.106776
75.215258 0.135233
75.246515 0.131056
75.279003 0.134972
75.310322 0.137321
75.341542 0.113651
75.383055 0.119743
75.414354 0.119221
75.446757 0.081975
75.651865 0.089024
75.785266 0.081105
75.979806 0.085369
76.011167 0.087022
76.043782 0.08798
76.075119 0.079451
76.106459 0.080235
76.137758 0.086152
76.17927 0.092592
76.25254 0.101381
76.283863 0.11017
76.315138 0.108343
76.346423 0.106689
76.377739 0.104688
76.410216 0.098161
76.4415 0.094332
76.472744 0.092592
77.885468 0.497857
77.906443 0.509344
77.928573 0.526748
77.939223 0.547373
77.960172 0.481235
78.021926 0.48228
78.04291 0.479147
78.065006 0.439639
78.085963 0.428065
78.106956 0.476101
78.12811 0.480017
78.149246 0.468878
78.171473 0.511432
78.182295 0.53371
78.203187 0.440683
78.234425 0.45069
78.245152 0.449733
78.267328 0.454432
78.288292 0.452083
78.30923 0.142456
78.472731 0.151593
78.493718 0.149157
78.515807 0.149505
78.536779 0.121396
78.557653 0.114957
78.578635 0.106428
78.599582 0.077711
78.621625 0.082497
78.642632 0.084673
78.663721 0.08798
78.684826 0.090329
78.705903 0.091634
78.728086 0.094158
78.749072 0.096421
78.769977 0.118612
78.790887 0.127053
78.82223 0.132013
78.844337 0.139671
78.865367 0.112868
78.906757 0.116262
78.948133 0.12479
78.969229 0.13532
78.991343 0.117219
79.022631 0.11835
79.0437 0.126879
79.064765 0.135146
79.085841 0.138975
79.108058 0.124964
79.118921 0.126792
79.140056 0.134537
79.171321 0.142456
79.192476 0.140454
79.214731 0.139584
79.23581 0.139323
79.256823 0.130708
79.28815 0.129663
79.309165 0.133754
79.331288 0.140715
79.341916 0.137408
79.362902 0.132013
79.383766 0.126792
79.404731 0.136277
79.426774 0.136277
79.478254 0.116871
79.499219 0.122354
79.530416 0.129054
79.55135 0.135146
79.573512 0.120874
79.604676 0.123746
79.625682 0.125834
79.646732 0.138888
79.667825 0.118525
79.730837 0.131926
79.762164 0.134885
79.783243 0.133057
79.804287 0.138975
79.825369 0.094245
79.939446 0.119569
79.950271 0.113564
80.032564 0.121135
80.053667 0.116436
80.084995 0.120439
80.107295 0.115218
80.128458 0.090068
80.210792 0.099031
80.231946 0.090851
80.253069 0.093636
80.275264 0.094419
80.296405 0.096508
80.317491 0.118525
80.338526 0.116784
80.359701 0.107125
80.38201 0.116436
80.403115 0.117132
80.424254 0.117132
80.445406 0.130273
80.48696 0.140889
80.50919 0.114783
80.581354 0.115827
80.602482 0.124442
80.613335 0.133666
80.634388 0.133492
80.666883 0.123572
80.677771 0.119047
80.69884 0.121483
80.730064 0.128271
80.751057 0.13036
80.773143 0.126096
80.794163 0.125486
80.845834 0.134276
80.866899 0.134885
80.887996 0.142195
80.910237 0.124442
80.941487 0.126618
80.962584 0.131317
81.004086 0.129054
81.055826 0.118612
81.088257 0.132361
81.119612 0.142369
81.14066 0.14585
81.161724 0.118699
81.203245 0.13036
81.235637 0.136625
81.246463 0.136103
81.267538 0.133231
81.298885 0.141237
81.309714 0.123572
81.352312 0.126705
81.393799 0.136799
81.414911 0.129402
81.436003 0.125312
81.457069 0.13706
81.499705 0.131752
81.52073 0.121744
81.541716 0.128532
81.562834 0.134972
81.583992 0.134798
81.606173 0.132013
81.668038 0.131491
81.678767 0.132013
81.699834 0.13619
81.720896 0.125834
81.743115 0.121135
81.764169 0.124703
81.78518 0.11748
81.806188 0.124355
81.827244 0.134015
81.849413 0.112868
81.870588 0.11574
81.912116 0.13706
81.933163 0.1321
81.954183 0.133579
81.976341 0.144979
81.997373 0.134885
82.028507 0.133057
82.059726 0.137495
82.080787 0.143761
82.102908 0.128358
82.123986 0.125051
82.185864 0.134276
82.206964 0.1435
82.217821 0.147155
82.240034 0.120526
82.261208 0.142456
82.31282 0.142543
82.323652 0.138453
82.354956 0.14176
82.377176 0.118263
82.428935 0.126444
82.450065 0.126792
82.471122 0.139758
82.492229 0.118263
82.514469 0.141237
82.535536 0.126618
82.577065 0.132361
82.598186 0.139758
82.619232 0.115653
82.692287 0.118263
82.703027 0.134363
82.724009 0.137495
82.755143 0.136625
82.776262 0.117132
82.829019 0.122615
82.870349 0.118089
82.891355 0.116958
82.912399 0.131491
82.964021 0.130969
82.986216 0.117915
83.037878 0.127749
83.058961 0.112259
83.090286 0.122005
83.11143 0.117654
83.143816 0.127488
83.164882 0.128445
83.186035 0.128271
83.196832 0.133144
83.217926 0.132013
83.250282 0.117915
83.33236 0.11661
83.353362 0.120526
83.374369 0.121222
83.405643 0.130186
83.427821 0.123224
83.448881 0.120178
83.469933 0.125312
83.491011 0.117306
83.552841 0.10843
83.605603 0.120352
83.667489 0.123224
83.688523 0.130186
83.709578 0.123224
83.730666 0.125225
83.752859 0.133754
83.773961 0.120178
83.815441 0.137147
83.867089 0.100163
83.949387 0.1093
83.971502 0.106689
83.992577 0.112781
84.023936 0.111302
84.045024 0.112607
84.07631 0.100598
84.098557 0.101033
84.119652 0.105819
84.161168 0.11165
84.182295 0.127227
84.234107 0.119917
84.256356 0.126618
84.277525 0.114434
84.298666 0.123137
84.330053 0.107821
84.371652 0.105906
84.393874 0.101903
84.425088 0.109822
84.446213 0.126705
84.477441 0.128793
84.508654 0.127923
84.530877 0.12305
84.551956 0.124007
84.573037 0.132361
84.594088 0.131839
84.615226 0.137234
84.637402 0.129489
84.658513 0.131839
84.689783 0.123746
84.710842 0.132796
84.731882 0.0979
84.896681 0.133231
84.917716 0.135929
84.938757 0.135929
84.949499 0.135581
84.980815 0.148547
85.002994 0.090068
85.156593 0.0979
85.177691 0.079799
85.198753 0.088415
85.219874 0.08737
85.242011 0.08563
85.283525 0.087283
85.304584 0.072751
85.325676 0.076057
85.346755 0.078929
85.368918 0.080147
85.400194 0.083802
85.421232 0.125051
85.442244 0.124877
85.463344 0.13532
85.485392 0.134537
85.50633 0.116523
85.517077 0.110867
85.558454 0.115479
85.579591 0.125921
85.601843 0.134885
85.622853 0.116523
85.643943 0.111824
85.675148 0.119482
85.696233 0.128619
85.728586 0.13123
85.749678 0.125312
85.760457 0.120613
85.791713 0.122702
85.812746 0.121657
85.834764 0.122702
85.855711 0.119917
85.876681 0.121831
85.89767 0.124268
85.918617 0.124355
85.950916 0.129837
85.961711 0.114521
85.99284 0.117306
86.013858 0.126357
86.034828 0.133231
86.057019 0.129054
86.098498 0.131752
86.119513 0.124094
86.150774 0.133754
86.171836 0.134015
86.194085 0.134711
86.215144 0.111476
86.225809 0.133754
86.25702 0.142108
86.2781 0.147677
86.300351 0.13767
86.321528 0.117654
86.352831 0.109822
86.373968 0.110257
86.395061 0.11661
86.417281 0.126792
86.438297 0.118263
86.469584 0.137147
86.490621 0.133928
86.511731 0.13767
86.533889 0.142456
86.554997 0.121918
86.576083 0.127053
86.627841 0.140541
86.649007 0.145676
86.671162 0.122179
86.733025 0.137495
86.743922 0.138714
86.764993 0.123311
86.796315 0.113477
86.81851 0.13767
86.839599 0.141324
86.860738 0.140367
86.881829 0.139758
86.902865 0.144457
86.92503 0.11835
86.976723 0.124094
86.997781 0.130534
87.018826 0.126008
87.060358 0.133057
87.082631 0.128619
87.093477 0.122789
87.114575 0.122876
87.13578 0.120178
87.156912 0.129228
87.179144 0.122789
87.200222 0.128706
87.272277 0.136886
87.283097 0.13619
87.304145 0.128619
87.32637 0.122789
87.378068 0.130795
87.399139 0.143587
87.420266 0.146459
87.441369 0.126183
87.463605 0.112607
87.505079 0.133144
87.546647 0.145153
87.55748 0.146546
87.578563 0.136712
87.600745 0.1321
87.642312 0.128706
87.663354 0.131752
87.684392 0.133231
87.705391 0.12801
87.727677 0.122876
87.769138 0.133144
87.810624 0.142369
87.831685 0.145328
87.84237 0.138714
87.864466 0.111737
88.089636 0.129925
88.110788 0.133928
88.131943 0.116262
88.153024 0.092853
88.256941 0.064222
88.35988 0.07101
88.380973 0.067442
88.402114 0.069792
88.423241 0.072054
88.445506 0.077885
88.456358 0.082236
88.477457 0.084847
88.498549 0.086413
88.519671 0.087457
88.552069 0.087544
88.573132 0.129315
88.624927 0.136886
88.646018 0.135581
88.667146 0.139758
88.689318 0.135842
88.710407 0.122354
88.731513 0.116262
88.742364 0.115566
88.77374 0.118263
88.795944 0.113738
88.827203 0.115131
88.838036 0.136712
88.889775 0.142195
88.910891 0.147764
88.933149 0.114434
88.964435 0.124007
88.985483 0.1321
89.006502 0.137234
89.027582 0.143587
89.049831 0.137844
89.070963 0.135668
89.092148 0.136103
89.113285 0.140715
89.134363 0.139671
89.156618 0.13767
89.177734 0.138279
89.18856 0.133928
89.240265 0.132013
89.261327 0.129663
89.283582 0.138714
89.304706 0.126444
89.346185 0.131317
89.36728 0.130882
89.388384 0.131143
89.410552 0.1207
89.431706 0.116349
89.452787 0.117741
89.484168 0.125486
89.505299 0.125747
89.527607 0.126618
89.548722 0.121048
89.580072 0.123137
89.601166 0.121396
89.62227 0.126008
89.644468 0.131839
89.66557 0.112955
89.686658 0.121744
89.707788 0.12801
89.728916 0.137844
89.751182 0.141673
89.772339 0.117741
89.813765 0.12479
89.855245 0.13445
89.876317 0.139584
89.898526 0.121744
89.919696 0.095725
90.114354 0.122179
90.135474 0.133579
90.156652 0.137844
90.178906 0.13767
90.200041 0.068922
90.384422 0.080409
90.405498 0.073186
90.426623 0.078581
90.448791 0.079277
90.480062 0.072228
90.511327 0.076928
90.532433 0.079973
90.54326 0.082497
90.575672 0.082932
90.606982 0.131665
90.648538 0.136625
90.669657 0.133492
90.690757 0.136973
90.713032 0.117393
90.734118 0.11983
90.75515 0.11487
90.776191 0.122179
90.81768 0.115914
90.839834 0.116088
90.860888 0.112955
90.892189 0.137321
90.913283 0.133057
90.944604 0.141324
90.966859 0.11017
90.988044 0.112694
90.998916 0.122092
91.030195 0.127662
91.061541 0.133754
91.083828 0.116349
91.104934 0.125486
91.126031 0.125225
91.147131 0.128619
91.16824 0.135146
91.190421 0.143152
91.211483 0.122005
91.23253 0.133666
91.253636 0.136103
91.274688 0.13767
91.296952 0.136016
91.30787 0.141499
91.329006 0.1321
91.350132 0.134885
91.371223 0.137844
91.393543 0.141237
91.414625 0.146807
91.435665 0.133928
91.487398 0.138192
91.508492 0.146546
91.530711 0.145153
91.541515 0.145241
91.562612 0.122354
91.583717 0.125573
91.604793 0.139497
91.62693 0.123224
91.67866 0.113912
91.699848 0.123746
91.720921 0.131839
91.742082 0.130273
91.764349 0.136538
91.785492 0.122005
91.806642 0.118786
91.827773 0.121831
91.84897 0.130882
91.871164 0.137234
91.881991 0.124094
91.903071 0.134537
91.944579 0.132013
91.965701 0.137321
91.987927 0.13532
92.009028 0.135755
92.030129 0.118089
92.051257 0.134711
92.07238 0.13445
92.104821 0.123572
92.125982 0.122963
92.1471 0.135233
92.168265 0.13445
92.18938 0.133754
92.211689 0.133405
92.232804 0.134624
92.253896 0.117393
92.295424 0.125051
92.306312 0.134363
92.328668 0.135407
92.360057 0.122267
92.381142 0.130969
92.402258 0.128097
92.4336 0.136103
92.455862 0.127488
92.477001 0.117132
92.498173 0.118786
92.519299 0.127314
92.540411 0.141412
92.562708 0.142195
92.583871 0.142717
92.594733 0.132361
92.646487 0.142195
92.667624 0.141237
92.689786 0.14585
92.710923 0.124616
92.732042 0.137321
92.753115 0.13767
92.774248 0.139062
92.796573 0.13854
92.807379 0.136451
92.828476 0.114086
92.87 0.122441
92.891104 0.128706
92.913352 0.13036
92.934417 0.147938
92.955515 0.130534
92.986871 0.136277
93.00805 0.140802
93.0303 0.146111
93.051351 0.111824
93.103035 0.123485
93.124169 0.135929
93.145284 0.136886
93.187966 0.11896
93.219195 0.128184
93.240283 0.13619
93.292105 0.119917
93.313226 0.114609
93.355835 0.130447
93.387175 0.14263
93.398065 0.145415
93.41911 0.097291
93.460657 0.105732
93.482855 0.132361
93.493695 0.127749
93.514806 0.121396
93.535871 0.121744
93.556948 0.123311
93.579157 0.133144
93.600261 0.131839
93.651989 0.128184
93.673055 0.123311
93.694188 0.13123
93.716428 0.126705
93.747745 0.133144
93.768873 0.127749
93.790032 0.135146
93.811146 0.137234
93.833325 0.133144
93.864633 0.130882
93.916348 0.140019
93.937389 0.142978
93.958525 0.122702
93.980858 0.135929
94.012127 0.134711
94.033233 0.140019
94.054374 0.146981
94.075485 0.122441
94.097767 0.133579
94.118842 0.136277
94.20113 0.147851
94.22219 0.142195
94.233026 0.131578
94.275736 0.129489
94.307181 0.128271
94.338429 0.12975
94.359462 0.116349
94.380545 0.121483
94.402704 0.122179
94.423771 0.131056
94.465311 0.134885
94.486414 0.13123
94.507611 0.134885
94.52988 0.13706
94.5408 0.124268
94.582538 0.114609
94.603836 0.123659
94.6251 0.133144
94.647638 0.138018
94.668809 0.117306
94.690022 0.131839
94.731769 0.137234
94.742679 0.142891
94.765059 0.12157
94.786233 0.13532
94.807315 0.133579
94.848877 0.142543
94.870138 0.140976
94.892494 0.105471
95.128259 0.138192
95.149388 0.116784
95.201161 0.083976
95.416559 0.077363
95.439066 0.044294
95.460217 0.04908
95.481365 0.060567
95.502499 0.0751
95.52375 0.086674
95.545992 0.08737
95.597726 0.105471
95.680245 0.115479
95.701361 0.116175
95.732806 0.115218
95.755094 0.11487
95.776259 0.115044
95.797353 0.112607
95.828674 0.105993
95.849836 0.095463
95.872196 0.095551
95.903601 0.105297
95.914466 0.132013
95.945832 0.13297
95.967007 0.138888
95.989337 0.13706
96.010506 0.110692
96.052076 0.122092
96.073199 0.120787
96.094293 0.119134
96.127053 0.12392
96.148263 0.105036
96.189832 0.116697
96.211012 0.124181
96.232216 0.120091
96.264698 0.122876
96.285866 0.118873
96.307009 0.129837
96.328274 0.133231
96.349486 0.141063
96.371876 0.107473
96.413592 0.126183
96.455217 0.135494
96.46612 0.139584
96.48727 0.143413
96.509571 0.10608
96.551181 0.118873
96.582558 0.124964
96.603733 0.133492
96.624857 0.119308
96.647266 0.120874
96.658152 0.132274
96.679316 0.132187
96.720953 0.13706
96.73195 0.13445
96.75433 0.140715
96.775454 0.123398
96.817029 0.123137
96.838184 0.126879
96.859345 0.126008
96.881779 0.131839
96.903019 0.122528
96.924248 0.128184
96.945464 0.129663
96.966635 0.127662
96.988968 0.127923
97.010124 0.127749
97.031469 0.122092
97.062896 0.134972
97.094294 0.139758
97.116662 0.139497
97.127583 0.13619
97.16918 0.122528
97.19038 0.125921
97.211597 0.130882
97.233962 0.120961
97.255161 0.115566
97.276392 0.115392
97.29761 0.124181
97.329083 0.1321
97.351477 0.131404
97.372595 0.120265
97.393746 0.105819
97.425125 0.114173
97.446278 0.122963
97.479 0.127662
97.489888 0.128619
97.511051 0.128532
97.532258 0.135842
97.553469 0.131056
97.575959 0.138627
97.59717 0.139584
97.618335 0.119569
97.63949 0.137495
97.67088 0.136451
97.693283 0.135494
97.714559 0.134885
97.735707 0.131665
97.756838 0.133231
97.777996 0.134363
97.800314 0.139149
97.821467 0.122702
97.842624 0.120874
97.863795 0.110257
97.884935 0.117045
97.907197 0.126008
97.928424 0.117654
97.94965 0.117219
97.981029 0.117306
98.002231 0.125921
98.024596 0.135233
98.04585 0.139758
98.067057 0.122876
98.088162 0.136016
98.109413 0.142456
98.131788 0.14028
98.152965 0.140106
98.174162 0.123398
98.195352 0.137844
98.216555 0.140976
98.239045 0.138975
98.2603 0.14437
98.281433 0.117045
98.312796 0.11983
98.323718 0.123746
98.346089 0.13297
98.367215 0.133405
98.38837 0.121048
98.40948 0.126618
98.471476 0.133318
98.493726 0.134102
98.514837 0.120352
98.535951 0.122267
98.557032 0.126357
98.578169 0.137495
98.600568 0.115653
98.631899 0.117393
98.663268 0.12627
98.684409 0.137757
98.705602 0.122354
98.738115 0.112694
98.769599 0.131578
98.80097 0.143326
98.822172 0.147416
98.843361 0.14672
98.865723 0.126618
98.927775 0.133928
98.938642 0.14176
98.959777 0.146633
98.980929 0.130447
99.05423 0.127227
99.085536 0.130708
99.1067 0.12392
99.148389 0.126444
99.159284 0.10843
99.181576 0.126618
99.212959 0.117915
99.254547 0.119917
99.275713 0.125225
99.31736 0.122179
99.36028 0.116262
99.381439 0.123485
99.392307 0.131056
99.413412 0.13619
99.434489 0.122789
99.477182 0.133057
99.498414 0.109126
99.519601 0.111128
99.540816 0.121048
99.561969 0.119047
99.625165 0.1321
99.646373 0.132622
99.6675 0.136451
99.688655 0.135233
99.709779 0.135233
99.731992 0.131404
99.753092 0.13767
99.784391 0.140541
99.805499 0.137931
99.82668 0.139671
99.848953 0.11661
99.880349 0.117219
99.932146 0.121222
99.953253 0.110257
100.056218 0.124268
