7e-06 0.030806
0.287873 0.041509
0.319224 0.050125
0.350594 0.05726
0.381934 0.062917
0.413412 0.070749
0.4459 0.066746
0.508024 0.092592
0.570035 0.101381
0.601446 0.110344
0.632856 0.115566
0.665315 0.135407
0.696673 0.17448
0.728049 0.147938
0.830883 0.192581
0.862322 0.159164
0.915419 0.182747
0.946744 0.198063
0.978109 0.21277
1.009467 0.213031
1.153328 0.240705
1.185945 0.253584
1.217445 0.273686
1.248847 0.367323
1.280081 0.423017
1.311392 0.468182
1.425663 0.483498
1.457241 0.518481
1.488648 0.437898
1.519972 0.488893
1.551361 0.493071
1.583805 0.476014
1.615178 0.527358
1.697639 0.547199
1.729176 0.516654
1.760611 0.521614
1.793132 0.382117
1.844918 0.410747
1.87627 0.558251
1.907604 0.680257
1.939032 0.773371
1.971775 1.175416
2.003214 0.630044
2.167508 0.612205
2.198882 0.598107
2.230333 0.681475
2.26268 0.653367
2.294049 0.592799
2.3254 0.748134
2.449007 0.653628
2.480394 0.628304
2.512948 0.391689
2.544467 0.398825
2.57587 0.429805
2.607278 0.403611
2.659215 0.298575
2.783939 0.396823
2.815328 0.368367
2.846717 0.414141
2.878183 0.300837
3.07313 0.355923
3.105699 0.346698
3.137181 0.236266
3.158341 0.23879
3.189748 0.115392
3.415391 0.085543
3.447959 0.077624
3.479405 0.048906
3.776539 0.061177
3.807992 0.054128
3.849669 0.053606
3.912956 0.055955
3.94434 0.058479
3.975675 0.061612
4.006995 0.063004
4.038439 0.109039
4.111785 0.069705
4.143219 0.083019
4.195127 0.085978
4.226531 0.093375
4.257894 0.099989
4.290396 0.087457
4.36277 0.088676
4.424847 0.125573
4.456309 0.153247
4.497935 0.156553
4.530554 0.169781
4.55164 0.171347
4.582998 0.178048
4.614333 0.183705
4.6457 0.216947
4.678313 0.238268
4.72111 0.285521
4.753587 0.305101
4.786079 0.343565
4.808376 0.399782
4.8408 0.501599
4.87334 0.5539
4.905968 0.679386
4.938542 0.813053
4.969894 0.902078
5.001314 1.019558
5.032658 1.110671
5.064048 1.238247
5.096521 1.297074
5.127926 1.314305
5.159281 1.341108
5.190678 1.386098
5.22218 1.443098
5.254744 1.57311
5.286085 1.558142
5.317486 1.54126
5.348865 1.519156
5.380227 1.479213
5.412721 1.567715
5.444128 1.639161
5.46536 1.651779
5.496662 1.626281
5.528125 1.560057
5.560565 1.681802
5.591989 1.871163
5.623372 2.281911
5.654693 2.54324
5.686068 2.548375
5.718898 2.628349
5.750252 2.898554
5.781633 2.938324
5.813106 2.909867
5.844499 2.859481
5.877133 2.847733
5.908526 2.712848
5.939881 2.736344
5.971253 2.811096
6.002621 2.772893
6.035045 2.810487
6.066406 3.031264
6.097805 3.321311
6.129214 2.796128
6.201483 3.026304
6.233995 3.405375
6.266469 3.242903
6.309316 3.790538
6.341784 4.070055
6.364101 3.776614
6.396571 4.089461
6.429099 4.469141
6.460465 4.316678
6.512274 4.297271
6.543668 4.211815
6.57509 4.196325
6.607458 4.125053
6.63877 4.106431
6.670117 3.81795
6.701491 3.677582
6.732828 3.657393
6.765381 3.488656
6.796825 4.205724
6.828192 4.991452
6.859616 5.224325
6.891021 5.43814
6.923438 5.812947
6.955871 5.883001
6.988307 6.406269
7.020878 6.972613
7.052387 6.816668
7.083719 6.496076
7.115028 6.748007
7.146431 6.953207
7.179019 7.329841
7.211624 7.191997
7.244047 6.913872
7.276524 6.840686
7.309087 6.829373
7.341728 6.942764
7.373135 7.190431
7.394406 7.892009
7.425768 7.973462
7.457201 7.988082
7.489686 8.03725
7.521098 8.439469
7.552411 8.177443
7.5837 8.421542
7.615021 8.2515
7.647423 7.975376
7.678718 7.583513
7.710033 7.875039
7.741389 8.049259
7.772773 7.59413
7.805247 7.879477
7.836567 8.18893
7.867943 7.711523
7.899326 7.844059
7.93071 7.986428
7.963153 8.066315
7.995611 8.034987
8.027983 7.971547
8.060624 7.698383
8.093219 7.496055
8.125785 7.228199
8.158322 7.028481
8.190742 6.745918
8.223145 6.943634
8.255581 7.095663
8.287936 7.00281
8.320218 6.200982
8.352458 6.03764
8.383677 5.80294
8.414991 5.820692
8.446189 4.675908
8.589528 4.798262
8.611767 4.528143
8.643045 4.831591
8.6743 4.687395
8.725753 4.797652
8.757099 4.982315
8.789352 5.12773
8.820605 5.133821
8.85183 4.867445
8.883058 3.918635
9.036706 4.140979
9.069085 4.554511
9.101508 4.674254
9.133939 4.692877
9.165211 3.597695
9.196459 3.508497
9.227677 3.759297
9.258856 4.279258
9.291146 4.146722
9.322381 3.416688
9.37399 3.528686
9.405133 3.574112
9.436402 4.232265
9.46873 4.175266
9.501203 4.097989
9.615095 3.965541
9.646299 3.499708
9.677589 3.742153
9.708754 3.539912
9.739903 4.021409
9.772123 4.720463
9.804365 5.188298
9.835592 5.42761
9.866704 6.010837
9.897887 6.284611
9.929067 8.100167
9.961385 9.569982
9.992537 9.640818
10.023676 9.289072
10.054848 7.597872
10.086107 7.664096
10.118382 6.851042
10.14961 6.720595
10.180839 6.040947
10.212107 5.964106
10.243323 5.918332
10.275635 5.691812
10.307902 5.842013
10.340203 6.514786
10.37257 7.491356
10.403747 6.677519
10.434974 6.843906
10.466197 6.893422
10.497422 6.380075
10.529634 6.235269
10.561988 6.504256
10.59432 6.748964
10.626765 7.190866
10.65929 7.361605
10.690589 8.162736
10.721908 9.082306
10.753194 9.557538
10.784578 9.815125
10.817057 9.950358
10.848303 9.925383
10.879624 9.728363
10.910774 9.227199
10.942025 8.705672
10.974496 8.561562
11.006829 8.561388
11.039238 8.741438
11.071469 9.383492
11.10394 10.019629
11.136261 10.070798
11.168555 9.113286
11.200806 9.706608
11.23316 9.811035
11.265486 10.247367
11.297809 9.785189
11.330201 9.501582
11.362417 7.401461
11.394799 7.55523
11.427143 7.776355
11.459546 9.346681
11.491844 8.918442
11.524071 8.760061
11.556402 8.445734
11.588783 8.427721
11.621075 8.600374
11.65347 9.227895
11.685814 9.429353
11.718127 9.496448
11.750515 9.743418
11.782855 10.023458
11.815261 8.270645
11.847629 8.370199
11.880025 8.257417
11.912419 8.154208
11.944808 8.351315
11.977215 8.335129
12.009568 8.414058
12.041909 8.356362
12.074222 8.111393
12.106597 8.33069
12.138888 8.268121
12.171294 8.041949
12.203621 8.235139
12.235929 8.175964
12.268375 8.376899
12.300762 8.368197
12.333038 8.304322
12.365329 8.435205
12.397672 8.537805
12.429991 10.309762
12.462326 10.088899
12.494768 10.151729
12.5271 8.181707
12.579893 8.152381
12.611111 8.163607
12.642387 8.162475
12.673586 7.982686
12.704844 7.874952
12.737213 7.891834
12.769591 8.072233
12.801999 8.102952
12.834452 8.267599
12.866863 8.96265
12.899305 9.327188
12.930547 8.654937
12.961848 8.547029
12.99317 8.521792
13.024446 9.11024
13.056854 9.436228
13.088075 9.223022
13.119297 8.360278
13.150547 8.157776
13.18174 7.418605
13.213969 7.377356
13.246264 7.089049
13.278674 6.688483
13.3099 6.827633
13.34105 7.232811
13.372181 7.415298
13.403335 7.406334
13.435592 7.65609
13.467889 6.465357
13.500172 6.615558
13.532582 6.849215
13.564935 7.002636
13.597291 7.073907
13.629674 5.879172
13.662166 6.045385
13.684349 5.974026
13.716729 5.834442
13.749167 6.743917
13.781594 7.672537
13.812883 7.445408
13.844133 7.810294
13.875345 5.578769
14.018669 5.701384
14.051068 5.753163
14.083351 6.286003
14.114553 6.463094
14.145788 6.449954
14.177028 6.570481
14.208322 6.830853
14.240743 7.295119
14.27316 7.560365
14.305386 5.455545
14.348015 5.922248
14.380405 6.209771
14.412773 6.273037
14.445134 6.384948
14.47638 6.375985
14.507692 6.284959
14.53896 6.097251
14.57026 5.855849
14.602723 8.623348
14.644295 8.722902
14.675605 8.881283
14.706968 8.846735
14.738348 8.593325
14.770855 8.547812
14.802192 8.498209
14.83355 8.085199
14.864895 8.36959
14.896116 8.777639
14.928445 8.438686
14.960533 8.256634
14.992855 8.490551
15.014715 8.612644
15.046865 8.638229
15.079025 8.904432
15.11122 9.318312
15.142495 7.93726
15.173722 7.333583
15.205024 8.342874
15.236181 11.025264
15.268502 11.312526
15.299763 6.865836
15.361663 6.937717
15.39288 6.718767
15.424226 6.814405
15.456505 8.887549
15.487512 8.898514
15.518836 9.054111
15.549978 8.785036
15.581055 8.991106
15.613281 9.299776
15.645437 9.347203
15.687889 9.449542
15.720109 9.345898
15.75246 9.227634
15.783725 10.139546
15.8148 10.229353
15.845931 10.067491
15.877237 8.838729
15.909511 7.004202
15.940566 7.231158
15.97171 9.693467
16.002904 10.366849
16.034094 10.154775
16.06637 7.494488
16.107695 7.594739
16.138729 7.839447
16.169824 8.054132
16.20104 8.209381
16.233343 8.616908
16.265616 8.72003
16.298061 9.088224
16.330435 9.793195
16.36287 7.14135
16.486727 7.334367
16.517862 7.603963
16.548948 7.694293
16.580197 7.840056
16.611445 7.578204
16.643725 5.370262
16.674815 5.364345
16.705973 5.700862
16.7271 6.070883
16.758533 6.273733
16.790824 6.491638
16.821918 6.692661
16.853144 3.787927
17.026839 4.043687
17.058136 4.44434
17.09036 4.101557
17.121541 3.797587
17.152742 4.978312
17.183861 5.902842
17.215068 5.330232
17.247398 5.875256
17.278593 6.174353
17.309722 6.857743
17.340836 8.40318
17.372166 8.372809
17.40447 8.456525
17.435653 9.058027
17.456598 9.676237
17.48783 9.452675
17.518936 9.539263
17.551184 8.581664
17.582465 8.780076
17.613621 9.233117
17.64476 9.642211
17.675981 9.519683
17.708259 9.300211
17.739569 9.529429
17.770808 9.62411
17.802063 7.436792
17.833364 7.799155
17.86576 9.725492
17.897067 10.985668
17.928382 10.983841
17.959693 5.931211
18.021682 5.950878
18.054059 6.248409
18.085267 6.626001
18.116415 6.948159
18.147547 8.646322
18.178675 8.79661
18.211047 8.453305
18.242335 8.400135
18.273519 9.051674
18.304846 8.922271
18.336008 8.30789
18.368349 7.213666
18.400655 7.237945
18.43308 7.025262
18.465497 6.57605
18.49783 6.133887
18.530132 5.961843
18.562436 6.154512
18.594722 6.108477
18.627025 5.93591
18.659219 6.133452
18.69154 7.235683
18.722737 8.016799
18.754065 8.802093
18.785319 9.076563
18.816578 9.160366
18.848991 6.983926
18.880276 7.246648
18.911588 7.563672
18.942954 7.682197
18.974292 7.552185
19.006736 7.471601
19.039098 8.203202
19.071548 8.69958
19.104013 8.114439
19.135196 7.072602
19.166366 7.627372
19.197629 8.456612
19.228847 9.623588
19.26116 10.026677
19.292385 7.959016
19.323584 8.271863
19.354766 8.423979
19.386058 8.413884
19.418521 9.393935
19.45089 9.306042
19.483223 9.107021
19.515652 6.877497
19.547814 7.437402
19.579964 10.009969
19.611112 10.190976
19.642234 10.174703
19.673457 10.719466
19.704649 8.8054
19.736992 8.894076
19.769367 8.577487
19.801724 8.871102
19.83399 10.142157
19.866292 10.57231
19.898635 10.487463
19.931038 5.058982
20.177803 5.26305
20.208996 5.317353
20.240239 5.585731
20.271541 5.835747
20.302803 6.06688
20.335248 6.332908
20.367529 5.280716
20.399866 5.455632
20.430995 5.330232
20.482518 5.439358
20.513704 5.715395
20.544829 5.885872
20.577111 5.092486
20.599393 4.550421
20.631743 4.303711
20.664131 4.431983
20.706691 5.16837
20.738999 5.337281
20.77026 4.86231
20.801462 4.156991
20.832606 3.787057
20.863807 4.028458
20.896052 6.394782
20.928436 8.089289
20.95975 8.39091
20.990852 8.622043
21.022002 8.863966
21.053339 8.840818
21.08575 8.845256
21.118327 8.725426
21.150722 7.628678
21.183311 7.786885
21.215687 8.274126
21.248157 7.152576
21.31126 7.188516
21.342509 7.316701
21.373678 7.447061
21.404849 7.397806
21.436007 7.330189
21.468269 7.27171
21.499538 7.753033
21.530712 7.783578
21.561908 7.706824
21.593073 7.778705
21.625467 8.664684
21.656692 9.061595
21.687904 6.746354
21.810897 6.009532
21.842031 4.780161
21.874327 4.932016
21.905605 5.272362
21.936731 5.345374
21.967966 0.056738
23.377899 0.053257
23.440845 0.05552
23.472133 0.058827
23.503473 0.056651
23.545036 0.058653
23.596772 0.05378
23.659859 0.056999
23.691126 0.053344
23.732702 0.013227
23.957958 0.016012
24.040305 0.01488
24.123735 0.013923
24.277539 0.016273
24.319054 0.015925
24.401393 0.063526
24.463264 0.077624
24.618238 0.167518
24.649631 0.115914
24.792692 0.092505
24.915857 0.265593
24.988039 0.880235
25.020466 1.434918
25.051805 2.420451
25.083088 4.051345
25.11436 4.965519
25.145709 5.530732
25.178169 5.995782
25.209472 6.503125
25.240746 6.894031
25.271981 7.139348
25.303336 7.394238
25.335712 8.744049
25.387369 8.802528
25.41866 9.059071
25.449949 9.180381
25.48123 9.332671
25.513565 8.898775
25.544764 8.37133
25.575984 8.601418
25.607121 9.163237
25.63839 8.915832
25.691013 8.861877
25.722244 8.72647
25.753515 8.946986
25.784841 9.161062
25.816087 9.00416
25.848477 9.421086
25.879604 10.199505
25.910838 10.392086
25.941999 8.947595
26.013909 9.296556
26.046094 9.426655
26.07733 9.242515
26.108553 9.3774
26.139713 9.488964
26.170958 9.414037
26.203317 9.155753
26.234599 9.077607
26.265897 9.349466
26.297265 9.305346
26.328654 8.489333
26.361084 8.856047
26.392281 9.322837
26.423638 9.631768
26.454949 9.538654
26.486216 9.397851
26.518592 9.452936
26.549901 9.691466
26.581253 9.224936
26.612582 6.782729
26.735912 6.860353
26.768336 7.139348
26.800657 7.149269
26.832986 6.939109
26.865487 6.892726
26.896763 6.832854
26.92803 6.508607
26.959538 6.467097
26.990995 6.433072
27.023615 5.335366
27.054986 5.314046
27.086333 5.143916
27.117702 4.990756
27.149117 4.599937
27.212235 4.872057
27.243553 5.0374
27.27481 5.164366
27.306109 7.492052
27.347698 7.326883
27.380197 7.094271
27.411545 4.540152
27.483743 4.524662
27.504902 3.293638
27.536278 3.437399
27.568767 3.544785
27.60014 3.296422
27.641726 3.464986
27.67322 3.968673
27.704556 4.367238
27.736978 4.305452
27.769457 4.192235
27.800871 4.295879
27.83223 5.317178
27.863653 5.830874
27.895086 6.437771
27.927591 7.132648
27.958894 7.165368
27.990264 7.668621
28.021538 8.355231
28.052906 8.551815
28.085461 8.822804
28.118217 9.068034
28.149598 8.952381
28.180832 6.480934
28.212208 6.632267
28.243598 6.99637
28.276013 7.287983
28.307403 7.945963
28.3388 8.574702
28.370175 8.90417
28.401558 9.58904
28.434138 8.391084
28.466601 8.961431
28.497928 10.311068
28.52931 10.336565
28.560696 10.395567
28.592084 10.706238
28.624584 7.067816
28.65601 7.32958
28.687335 7.72536
28.71883 7.983469
28.750246 9.954013
28.782765 10.426112
28.81409 10.455874
28.845485 8.852566
28.876914 7.799938
28.908377 8.787038
28.940845 11.655918
28.972209 11.665316
29.003584 8.278999
29.034934 8.58558
29.066267 8.666946
29.098932 8.8691
29.130364 9.371918
29.151603 9.951316
29.182986 10.639753
29.214224 9.61036
29.246885 9.302822
29.278258 9.788409
29.309653 10.156602
29.341043 11.263619
29.372516 10.953644
29.405169 10.84443
29.436497 8.10826
29.467811 8.084503
29.509451 8.405008
29.540833 8.871102
29.573312 8.614994
29.604706 9.112242
29.636116 9.24295
29.667463 8.629788
29.698905 8.562345
29.731411 7.341328
29.763956 7.864596
29.796511 9.140872
29.829133 9.486092
29.86159 9.645605
29.894242 7.124468
29.926624 7.49562
29.959207 7.777312
29.990572 8.052827
30.02211 8.583405
30.053527 8.937587
30.084895 9.30491
30.11749 6.980184
30.150014 6.986711
30.182534 9.537
30.213934 9.614886
30.245332 9.534215
30.27671 10.070015
30.308156 10.610078
30.340638 6.517484
30.383426 6.641491
30.416002 8.929581
30.447365 9.283242
30.478712 9.476258
30.51006 9.577727
30.541435 9.723142
30.573975 9.797981
30.606576 9.564064
30.639053 9.712003
30.671611 8.710371
30.72344 8.983883
30.754774 8.961257
30.786064 9.124077
30.817433 9.317703
30.849876 9.768829
30.882336 9.915201
30.913702 9.85881
30.945059 10.065751
30.976492 8.582795
31.028352 8.811926
31.061017 9.226764
31.093728 9.439361
31.126451 9.471472
31.157714 9.73576
31.188989 9.65187
31.220365 9.606444
31.251705 9.618976
31.284147 9.793543
31.315472 8.503082
31.346774 8.640143
31.378025 8.607858
31.409338 8.747268
31.441806 8.656417
31.47424 8.471754
31.506832 8.488289
31.527957 8.646844
31.559281 8.675301
31.590613 8.672864
31.621933 4.9851
31.909629 5.148702
31.940879 4.989016
32.043433 5.080999
32.074672 5.080564
32.105912 5.047582
32.138332 4.961777
32.169685 4.287786
32.200999 3.945612
32.232322 3.924379
32.263625 3.882434
32.296095 3.437312
32.3274 2.228392
32.379161 2.030415
32.410516 1.953922
32.441834 1.866638
32.474251 4.074493
32.505509 4.619256
32.536792 4.58201
32.568087 4.580444
32.59938 4.483065
32.631704 3.931776
32.662966 3.800719
32.694232 3.685153
32.725559 3.926641
32.756883 4.274297
32.789302 4.873971
32.820512 5.877605
32.851749 5.54979
32.893316 5.724184
32.924569 4.98919
32.987645 4.491332
33.049557 4.802439
33.080887 5.066205
33.112187 5.709651
33.143528 5.958101
33.175928 6.041295
33.207073 6.138674
33.238404 6.207857
33.269668 6.448475
33.300935 6.859918
33.333372 7.188429
33.364662 7.185384
33.396004 6.079063
33.427405 6.437162
33.458736 6.461876
33.491361 6.830592
33.522712 7.308782
33.553999 7.719529
33.585377 8.272733
33.616673 6.214122
33.649091 5.311522
33.680286 6.524271
33.711547 9.56215
33.742767 9.75769
33.773898 9.441971
33.806185 9.362781
33.837504 7.577508
33.86882 7.490224
33.900082 8.30937
33.931367 9.531866
33.963778 9.851849
33.995107 10.155645
34.026396 10.172615
34.057701 8.430244
34.099192 8.555731
34.131659 8.652588
34.162939 8.675649
34.19421 9.282546
34.22558 9.774833
34.256858 10.120053
34.289356 9.121901
34.320697 8.547116
34.35205 9.264619
34.383387 9.74394
34.404508 11.575857
34.436984 7.062333
34.510316 7.240382
34.542737 7.134301
34.574074 7.020562
34.60541 8.262726
34.63666 9.114766
34.667873 8.789126
34.700264 8.781381
34.731544 8.911654
34.762948 8.914265
34.794326 8.838207
34.825693 9.171504
34.85819 9.295512
34.889582 9.046279
34.920844 9.035836
34.952162 9.308304
34.983551 8.868491
35.016062 8.795827
35.048635 8.984318
35.080987 8.795653
35.113417 7.247431
35.145834 8.032724
35.178151 8.643537
35.210487 8.685134
35.242882 8.58471
35.275212 8.622304
35.307576 8.594282
35.339849 7.148834
35.371985 6.420714
35.404296 6.618865
35.436645 8.152642
35.467833 8.910088
35.499022 8.796697
35.530324 8.723076
35.561652 6.42289
35.594064 6.510783
35.625385 6.514612
35.656665 8.523446
35.687982 9.261399
35.719299 9.268622
35.751761 9.465119
35.783043 7.571591
35.814249 7.751206
35.845531 8.109652
35.876786 8.764064
35.909161 9.050369
35.941494 9.550054
35.973873 10.007184
36.005173 8.394565
36.036421 8.511002
36.067684 8.519356
36.098975 8.921314
36.131468 9.568589
36.163959 9.579554
36.186063 9.775878
36.218463 7.816038
36.250969 7.864422
36.283462 7.955187
36.315951 9.763346
36.348321 9.78049
36.380733 9.771875
36.413108 9.591041
36.445556 9.197611
36.478019 7.801853
36.509334 7.365347
36.540603 7.437227
36.571904 7.649215
36.603269 8.223217
36.635732 8.241057
36.667038 8.271254
36.69833 8.208336
36.729692 7.666358
36.761044 7.167718
36.793534 5.343981
36.979397 5.899883
37.010673 6.214993
37.041969 6.279824
37.073257 6.015362
37.104631 6.091072
37.137098 6.082109
37.16842 6.312023
37.199762 6.558907
37.231366 6.785427
37.262822 6.841208
37.295267 6.784296
37.326598 0.436071
37.582418 1.053323
37.613746 1.919896
37.645144 3.172328
37.677511 4.212859
37.708775 5.326577
37.74002 5.917897
37.771302 6.039729
37.80257 6.461528
37.834861 6.619213
37.86605 6.448997
37.897254 6.454131
37.928431 6.637053
37.959681 6.754534
37.991945 8.507173
38.024204 8.633965
38.055361 8.319813
38.086542 8.318072
38.117753 8.449389
38.14908 8.593412
42.254662 1.582422
42.287004 1.393147
42.31828 1.404199
42.349564 1.390885
42.380803 1.386533
42.412078 1.332144
42.434235 0.748831
42.649923 0.767627
42.681232 1.012945
42.712458 1.306908
42.743686 1.716524
42.774949 1.890047
42.807384 2.149027
42.838706 2.63357
42.870004 2.845383
42.901393 3.064855
42.963339 3.796977
42.995702 3.804897
43.026988 3.773307
43.058339 3.693768
43.08965 3.405897
43.141364 3.441489
43.173823 3.474732
43.20529 3.484914
43.236594 2.933189
43.267906 0.032807
43.554084 0.024366
43.606821 0.023496
43.678833 0.011312
43.761091 0.018448
43.87401 0.013401
43.956209 0.016447
44.080493 0.018013
44.162786 0.018361
44.224703 0.015141
44.337554 0.026367
44.409609 0.021059
44.492989 0.088241
44.52426 0.17361
44.739291 0.157772
44.780738 0.188578
44.893656 0.618731
44.926004 0.969868
44.957309 1.246253
44.988555 1.840966
45.019817 3.463071
45.051057 4.179791
45.083467 4.82811
45.11453 5.093878
45.145782 6.606247
45.177058 6.701972
45.208442 6.570829
45.240781 6.833028
45.27196 7.471253
45.303257 7.81012
45.334481 7.740676
45.365702 7.645386
45.397941 7.44271
45.42923 6.763671
45.460434 6.837902
45.491586 6.599981
45.522783 6.671166
45.555014 6.598328
45.586201 6.423064
45.617445 6.153206
45.64868 6.061571
45.67991 6.054261
45.712348 6.178269
45.744766 6.083066
45.777283 6.254066
45.809757 6.387211
45.841018 6.31855
45.872313 6.044428
45.903507 6.168174
45.934844 6.271296
45.967324 6.032941
45.99847 6.142154
46.029779 5.690506
46.061141 4.878758
46.092421 4.636747
46.124866 5.009727
46.156165 5.970981
46.187496 5.715047
46.218817 5.579639
46.250199 5.646299
46.282606 4.660592
46.313937 4.648669
46.345322 4.650497
46.376538 6.832767
46.407912 7.363171
46.440206 7.434356
46.471405 5.928949
46.502618 6.308629
46.523613 6.670992
46.554826 6.910827
46.587048 7.656438
46.61822 8.35671
46.649454 8.791302
46.680799 8.317463
46.712072 8.490377
46.744449 8.272733
46.775876 8.301712
46.796978 9.225546
46.828196 9.188735
46.859433 9.323707
46.891895 9.467208
46.923224 9.543962
46.954537 7.432702
47.006203 7.680108
47.037571 7.663139
47.070014 8.492292
47.101341 8.741612
47.13258 8.830114
47.163847 6.799525
47.256377 6.709369
47.288861 6.620258
47.320155 6.763758
47.351498 6.66081
47.382769 6.677867
47.414107 6.994369
47.446555 7.22202
47.477772 7.360996
47.509137 7.538609
47.540421 8.091813
47.571792 8.17022
47.604188 5.255044
47.635561 6.041121
47.66677 6.985057
47.697974 6.742177
47.729337 6.680999
47.761815 6.623739
47.793175 6.468142
47.82455 6.482326
47.855824 6.432462
47.887093 6.370589
47.919538 6.458569
47.950889 6.546636
47.982172 6.206116
48.013486 5.993868
48.044735 5.985252
48.077111 6.339522
48.109533 6.50913
48.141967 7.039185
48.174348 7.298861
48.206638 7.116549
48.239107 7.166152
48.271517 7.385971
48.303971 5.10258
48.336395 5.06751
48.367669 5.976637
48.398918 5.813992
48.430187 5.504277
48.461509 5.259308
48.493939 5.214405
48.525304 5.003722
48.556617 5.014948
48.588011 5.04558
48.619341 4.971959
48.651665 4.953249
48.68296 6.178878
48.714213 6.719115
48.745507 6.487722
48.776842 6.425849
48.809137 6.608248
48.841479 6.65585
48.873978 6.546027
48.906375 6.5784
48.938733 6.44247
48.971084 6.47258
49.003465 6.499557
49.035904 6.957645
49.068336 7.177029
49.100705 7.346463
49.13309 7.256568
49.165485 7.541655
49.197918 7.771569
49.230347 7.390235
49.262836 4.762321
49.295149 4.710456
49.326455 5.604702
49.357741 7.310957
49.389066 7.270666
49.420369 7.269709
49.45282 7.328797
49.48403 5.657263
49.515333 5.853761
49.546602 8.857439
49.577873 8.586015
49.610337 8.567479
49.641648 8.168132
49.672904 8.258984
49.704256 8.575137
49.735629 8.73056
49.768074 8.372113
49.799384 8.232268
49.830655 8.654676
49.861994 8.977444
49.893384 9.275845
49.92586 9.514635
49.957251 9.721053
49.988586 6.966173
50.01988 7.280586
50.051185 7.666184
50.083696 8.478368
50.115074 9.9427
50.146479 9.208315
50.177907 9.648998
50.209321 8.750314
50.241915 6.646103
50.273231 9.201179
50.304558 10.645322
50.335941 10.592499
50.367288 10.422109
50.399696 10.338654
50.431057 6.972787
50.482765 7.050237
50.514088 7.154577
50.545408 7.924729
50.578021 7.79054
50.609436 7.894706
50.640739 7.925425
50.671982 8.056308
50.703298 8.058048
50.735676 8.177965
50.767956 7.942569
50.80021 8.544418
50.832561 9.095273
50.85466 9.376095
50.885951 9.498188
50.917249 9.74307
50.948527 9.808163
50.979841 9.717921
51.012363 5.931559
51.045 5.804071
51.066118 5.954968
51.097501 7.237336
51.128859 8.715244
51.160231 8.752055
51.192663 9.231463
51.223943 9.6738
51.255183 7.225153
51.286468 7.539131
51.317778 8.813841
51.350186 9.71035
51.381683 9.853415
51.412853 10.639579
51.444118 8.137761
51.505833 8.421368
51.538143 8.742395
51.569488 9.022521
51.60065 9.625937
51.63187 9.884047
51.663064 7.842928
51.695463 8.17492
51.727814 8.43651
51.758976 9.171243
51.790091 9.770308
51.821288 10.056265
51.852554 7.365521
51.884887 7.413122
51.916146 7.504235
51.947391 7.650259
51.978619 7.717267
52.009845 8.761279
52.042121 9.235727
52.073423 8.853175
52.104737 8.253675
52.136029 7.961453
52.167392 8.133758
52.199746 5.652129
52.383806 6.309325
52.415044 6.208031
52.44632 6.390082
52.47762 6.5851
52.509988 6.709891
52.541254 6.836335
52.57248 6.617995
52.603729 7.031005
52.634967 6.862007
52.667194 0.111128
52.944022 0.585228
52.976376 1.299772
53.0076 1.587643
53.038765 2.562124
53.069953 3.441663
53.1014 3.892267
53.13375 4.079366
53.164943 4.448691
53.196226 5.418212
64.322822 4.869011
64.354149 5.411163
64.42744 5.948181
64.458731 8.467925
64.490024 5.121899
64.531587 5.254609
64.562897 5.587471
64.595316 5.827741
64.636841 5.8763
64.668165 5.941915
64.69943 7.712829
64.730871 8.517354
64.763324 8.671472
64.794602 8.907738
64.825838 8.888419
64.857071 8.763194
64.888514 9.06055
64.92081 9.402724
64.952051 9.814342
64.983375 6.290267
65.024878 6.185318
65.056222 6.145896
65.088628 8.514569
65.119992 9.993087
65.151432 10.09821
65.182672 10.081676
65.21396 8.55634
65.246532 8.062312
65.277822 8.219388
65.309126 8.649368
65.34042 8.955688
65.371752 10.116311
65.404185 0.127401
65.691702 0.496726
65.723031 1.038268
65.754339 1.693376
65.785701 2.511216
65.817026 3.094443
65.849412 3.56715
65.880668 4.272122
65.911926 4.622998
65.943207 4.712892
65.974498 5.132516
66.006817 8.72969
66.04829 8.604116
66.079535 9.012688
66.110759 9.181512
66.142109 6.258678
66.174618 6.829025
66.205847 7.333496
66.237126 7.570807
66.268359 7.884612
66.299715 8.100602
66.332164 8.121575
66.363699 8.499863
66.395013 8.846561
66.42629 9.178292
66.45771 8.665989
66.490907 8.404051
66.522189 8.331735
66.553511 8.818105
66.58474 8.816887
66.616063 8.677563
66.638246 8.630571
66.669575 1.559448
66.873963 1.848102
66.905416 2.296618
66.936835 2.721985
66.969287 3.548702
67.000554 4.141066
67.031857 4.562256
67.063163 5.021301
67.094518 5.468859
67.126914 5.750465
67.158224 7.556797
67.220111 10.359278
67.251399 8.828983
67.282732 8.857961
67.315074 8.950206
67.346352 9.28446
67.377711 9.634466
67.409147 9.97516
67.440421 10.011709
67.472977 9.842102
67.505454 8.387255
67.578857 8.443907
67.611334 8.152381
67.642627 8.307542
67.673805 6.747746
67.766329 6.910914
67.797687 6.992541
67.830208 7.04284
67.86159 6.750357
67.882736 6.604245
67.914022 6.642971
67.945356 7.36056
67.977805 7.663487
68.009142 8.077106
68.040523 8.472537
68.071901 8.662595
68.103276 5.12773
68.156339 5.45189
68.187671 6.087504
68.219008 7.168153
68.250328 8.915048
68.281666 8.368806
68.314083 7.875909
68.355616 4.083718
68.499272 4.539717
68.530538 5.306736
68.561856 5.624978
68.594375 6.18758
68.62563 6.450128
68.657017 7.25857
68.688353 8.071449
68.719728 8.453567
68.752177 8.891291
68.783466 8.432159
68.855665 8.30119
68.886991 8.114004
68.908134 8.264901
68.94059 8.916876
68.973087 9.592434
69.005561 9.51098
69.038045 9.640905
69.070574 9.677716
69.10301 9.239469
69.135513 9.010773
69.168048 9.243646
69.200594 9.384797
69.314574 8.543635
69.345919 8.64432
69.377252 8.558168
69.408598 7.962062
69.450137 8.68905
69.482599 8.762671
69.513862 8.755536
69.545145 8.578966
69.576467 8.571482
69.607777 8.757276
69.640188 8.939241
69.671502 8.995022
69.702847 9.083263
69.734208 8.995544
69.765578 9.174898
69.798052 9.496796
69.829389 9.734803
69.86071 9.613928
69.89205 9.814951
69.923421 9.511154
69.955839 9.891096
69.987156 9.008424
70.038929 9.088224
70.070247 8.855438
70.101604 8.682262
70.134062 8.507869
70.165385 8.624218
70.196679 8.506476
70.228008 8.602898
70.259361 8.720639
70.291844 8.884677
70.324334 8.22635
70.35683 9.09945
70.389295 9.724273
70.420613 10.024067
70.451946 10.068883
70.483304 10.283917
70.514647 10.478848
70.547002 10.285396
70.578313 6.108651
70.609683 6.218125
70.641063 8.46253
70.672411 8.770591
70.70484 8.982926
70.736162 9.024958
70.767457 9.332236
70.798774 9.348422
70.830165 9.490095
70.862672 9.228417
70.893975 9.547791
70.925324 8.799395
70.956624 9.124425
70.987954 9.722359
71.020391 9.638817
71.051667 9.274452
71.08306 9.44815
71.114423 9.876737
71.145843 9.258962
71.178412 8.988931
71.209745 9.313004
71.241082 9.446932
71.272424 10.025546
71.303865 9.87578
71.33637 9.291335
71.367728 6.766543
71.399109 6.625479
71.430411 9.282981
71.461827 9.891096
71.494356 9.79276
71.525733 10.127015
71.557091 8.540937
71.588463 7.857199
71.619841 8.036814
71.652318 8.505345
71.683745 8.986233
71.715117 9.901452
71.746494 10.066534
71.777795 9.77553
71.810254 9.152272
71.841595 9.140611
71.872923 8.954992
71.904308 9.4116
71.935669 10.086462
71.968191 9.647954
71.999476 9.306477
72.030784 7.2188
72.062094 7.310783
72.0935 8.14159
72.125932 9.566327
72.157336 9.734803
72.188736 9.926601
72.220138 10.223436
72.251513 6.324293
72.294209 6.501733
72.326749 9.253828
72.358101 9.380794
72.389504 9.499145
72.420903 10.058702
72.452228 10.231094
72.484675 10.161998
72.516032 7.270057
72.537168 7.832833
72.568471 8.35349
72.599824 10.013537
72.632266 7.001156
72.79649 6.651499
72.827779 6.523836
72.859088 6.470578
72.890474 5.966891
72.922852 5.988124
72.954177 6.198284
72.985538 6.181054
73.016904 6.224739
73.048261 6.333779
73.080767 6.196544
73.113394 6.261811
73.145861 7.232115
73.178405 7.620323
73.210816 7.959016
73.243389 4.141675
73.397344 4.220604
73.418429 3.957012
73.449732 3.657741
73.481057 3.714045
73.513478 3.689765
73.545854 3.666791
73.578308 3.870338
73.610823 4.238618
73.643237 4.768326
73.674521 5.201699
73.7058 5.482609
73.737191 7.759473
73.768548 9.071863
73.800987 9.231376
73.833482 7.707259
73.865892 8.129842
73.898389 8.404921
73.930843 8.474452
73.963391 8.39326
73.995927 7.933257
74.02727 8.0919
74.058546 7.80281
74.089856 7.782186
74.121137 7.773309
74.153571 7.886613
74.186037 8.331125
74.218565 8.211643
74.251084 8.444516
74.282389 8.449041
74.313636 8.668861
74.344915 8.573571
74.376275 7.904105
74.408782 7.726752
74.440143 7.671232
74.471482 8.059614
74.502805 8.056917
74.534188 8.266816
74.566615 8.23366
74.597886 7.093139
74.629194 7.218539
74.660524 7.475169
74.69188 7.85894
74.724409 7.960321
74.756891 8.018105
74.788237 8.29066
74.819578 8.04543
74.850933 5.88683
74.994567 6.462572
75.027116 6.103777
75.058468 6.144417
75.089775 6.50269
75.121085 6.290267
75.15239 6.011011
75.184885 6.119616
75.216228 6.152075
75.247557 6.186362
75.278861 6.660723
75.310209 5.798763
75.373369 6.509217
75.404735 5.797544
75.436064 5.720442
75.46739 5.166281
75.498749 5.221976
75.531286 5.01695
75.562661 4.691485
75.594038 4.836639
75.625437 4.8825
75.656821 4.984925
75.689347 5.383925
75.720764 5.428133
75.752105 5.2996
75.78341 6.078889
75.814711 5.990213
75.847198 5.944613
75.878555 6.064008
75.909889 5.104408
75.941322 5.262963
75.972723 5.459809
76.005213 6.040512
76.037734 6.171133
76.070226 5.158188
76.102669 5.591996
76.135029 6.472754
76.16739 6.36502
76.18851 6.571786
76.21988 7.269099
76.251181 7.415472
76.282498 7.332365
76.31488 7.666532
76.347273 7.711784
76.379691 7.437402
76.410989 8.166391
76.442299 8.115396
76.473603 7.958929
76.50494 8.234878
76.537437 8.687919
76.568772 8.662856
76.600113 7.996349
76.631434 8.172048
76.662744 7.528949
76.695173 7.598742
76.727595 8.497426
76.758928 8.525882
76.79025 8.139762
76.821649 8.615342
76.852978 9.085265
76.885518 6.587624
76.918036 8.076323
76.950534 8.767632
76.982983 8.92932
77.015472 8.881632
77.047944 8.778684
77.080394 6.651847
77.111809 6.605638
77.143097 6.594586
77.174411 6.796305
77.205803 7.730233
77.238327 8.942373
77.270867 8.730299
77.303348 7.755644
77.335801 7.701255
77.368275 7.812731
77.399603 8.019584
77.430925 8.351315
77.462248 8.431115
77.49356 8.09512
77.526 8.383252
77.557341 8.577748
77.588637 8.625524
77.619978 8.026198
77.651304 6.987059
77.683785 7.215319
77.715137 7.921857
77.746515 9.483133
77.77792 7.455067
77.891003 7.591954
77.923443 7.531038
77.95484 6.717723
77.986179 6.53776
78.017542 6.465966
78.048913 5.708694
78.081484 5.950095
78.112843 5.692682
78.14418 5.75003
78.175539 6.009532
78.206897 5.910413
78.239308 5.74855
78.270663 5.624282
78.291738 5.447103
78.323057 5.30282
78.354378 5.213621
78.386775 5.24756
78.418149 5.050193
78.449517 4.970219
78.480852 5.028611
78.512215 5.782489
78.544683 0.010442
78.800636 0.025758
78.832046 0.008441
79.149332 0.00818
79.333942 0.008528
79.47879 0.009224
79.612218 0.009572
79.755943 0.036201
79.869077 0.045338
79.900483 0.048384
79.973819 0.051343
80.03581 0.069618
80.067126 0.079016
80.231326 0.260981
80.262712 0.711846
80.295138 1.370782
80.326508 2.689003
80.357857 3.485436
80.389213 4.138977
80.420537 4.614121
80.452983 5.008944
80.484313 5.361821
80.515625 5.723401
80.546951 5.932865
80.578347 6.176441
80.610896 6.587798
80.642231 6.771938
80.673607 8.120443
80.70502 8.466272
80.736373 8.734998
80.768819 8.579837
80.800175 8.438338
80.831542 8.451739
80.86294 8.450956
80.894307 8.560256
80.926726 7.723881
80.958018 5.116417
80.989293 5.425
81.020553 6.076887
81.051918 9.260442
81.084455 9.326318
81.115819 9.458158
81.147167 6.549421
81.178611 6.686569
81.210017 6.56465
81.242603 7.734062
81.27394 8.823413
81.305289 9.077607
81.336694 8.989975
81.36803 8.820281
81.400463 8.508826
81.431813 8.5774
81.463108 8.687745
81.49444 8.387342
81.525788 8.63762
81.558278 8.09599
81.589666 7.407901
81.621047 7.508499
81.652414 7.562453
81.683711 7.793238
81.716091 8.141503
81.748554 7.569415
81.780863 7.483785
81.812199 8.45931
81.843478 8.874844
81.874787 9.003812
81.90612 9.217191
81.938619 6.174179
81.969907 6.314808
82.001169 6.074712
82.032544 6.873668
82.063898 7.584992
82.096332 7.610751
82.127619 7.629635
82.158899 7.786363
82.190242 7.929515
82.221584 8.897905
82.254081 9.022957
82.28543 9.079173
82.316712 9.227112
82.347983 9.488703
82.379298 9.499754
82.411761 9.461377
82.44421 9.715397
82.476663 9.543962
82.509178 9.062726
82.541721 9.141134
82.574172 9.143744
82.606736 9.031398
82.639205 8.65807
82.67164 8.975529
82.703968 8.495686
82.736425 8.584362
82.768892 8.621259
82.801316 6.406965
82.956268 6.007182
82.988706 5.981423
83.020046 5.823825
83.051326 5.51385
83.082659 5.673363
83.113972 5.430047
83.146451 5.207182
83.177783 4.759624
83.209149 4.916613
83.240468 5.149573
83.271822 5.384882
83.304273 5.470339
83.335577 5.035921
83.377136 5.117461
83.408484 5.376789
83.439834 1.40533
83.737946 1.505233
83.769373 1.442489
83.800729 1.931644
83.832085 2.402089
83.863476 2.784206
83.896029 3.152313
83.928561 3.416427
83.959922 3.465073
83.991254 3.507018
84.022618 3.662266
84.053969 3.693856
84.086456 3.874863
84.117783 4.743698
84.149142 6.819279
84.180472 7.115765
84.211848 7.478389
84.244207 7.798024
84.276711 8.1898
84.308111 8.847693
84.339429 9.233465
84.370763 9.542483
84.402126 6.522444
84.454918 6.697534
84.486231 6.72425
84.517543 7.030744
84.548825 8.126535
84.580143 7.833964
84.612586 7.975637
84.6439 8.626133
84.675269 8.923054
84.706628 9.041754
84.737986 9.074474
84.770421 9.013297
84.801715 9.347116
84.833036 9.63786
84.864365 9.178466
84.895729 9.477477
84.928171 9.83836
84.96058 8.841688
84.993059 7.326273
85.025397 10.295578
85.057894 10.141199
85.090382 9.875084
85.122746 10.019541
85.155165 9.89301
85.187574 7.150052
85.219941 7.519116
85.252321 9.081871
85.284735 8.981882
85.317253 8.941764
85.349666 9.137217
85.382134 9.440057
85.414561 9.282633
85.446978 8.911741
85.520123 8.800613
85.552572 8.594195
85.584838 8.804094
85.617051 8.933062
85.649466 5.163844
85.865424 4.766498
85.917223 4.883631
85.948562 4.325902
86.041234 4.526838
86.072527 4.709237
86.104979 4.381422
86.136237 4.421366
86.167454 4.67321
86.198708 4.824891
86.230011 5.074559
86.26245 2.904733
86.426298 3.031351
86.457517 3.440706
86.488777 3.512935
86.520061 3.60457
86.552368 4.840468
86.634702 5.558145
86.6661 6.267554
86.697373 6.566216
86.728621 6.662812
86.760893 6.703799
86.792093 7.798981
86.823339 7.751554
86.854577 7.676453
86.885902 7.560104
86.918309 7.194695
86.949645 7.192955
86.981019 7.408162
87.012341 8.048127
87.043615 8.190671
87.076072 8.660942
87.107444 8.728907
87.138743 9.129037
87.170006 9.670406
87.201316 5.224325
87.243934 5.371568
87.275171 5.843405
87.306389 8.295533
87.337698 8.169437
87.368989 7.651042
87.401466 7.690203
87.432745 7.669839
87.464028 7.844842
87.495385 8.07319
87.526648 8.296926
87.559004 8.792607
87.590331 8.958299
87.621659 8.894511
87.653012 8.953425
87.684409 8.9603
87.716907 9.113373
87.749359 9.158973
87.781918 7.273451
87.814393 7.550792
87.846921 7.720226
87.879371 9.405857
87.911834 8.885287
87.944284 8.520748
87.976752 8.326252
88.009199 8.145593
88.04163 6.376681
88.155621 6.606334
88.186967 5.806769
88.218241 6.111261
88.24949 6.026414
88.280731 5.836617
88.313293 5.756295
88.344661 5.742459
88.375948 3.2845
88.427654 3.329839
88.458945 3.491266
88.491408 3.892529
88.522727 4.121137
88.554077 4.309368
88.585376 4.589668
88.616682 4.886068
88.649274 5.102145
88.681718 5.552575
88.713048 5.416733
88.75455 7.741024
88.785833 8.681218
88.817177 1.194561
89.033346 1.416991
89.065721 1.412901
89.098178 1.703906
89.119328 2.423671
89.150616 3.1068
89.181886 3.723269
89.213175 4.363496
89.245515 4.858916
89.276794 5.220583
89.308058 5.639859
89.339331 9.87256
89.370669 10.55917
89.403005 10.971658
89.43537 8.065793
89.46661 8.215559
89.497864 8.26229
89.529212 8.219214
89.560519 8.008097
89.592931 7.961975
89.624213 8.34209
89.655391 8.624566
89.686596 8.439469
89.717867 8.639882
89.75027 8.747791
89.782732 8.568089
89.815155 8.661029
89.847451 9.221978
89.878706 9.082132
89.90997 9.614363
89.941256 9.840275
89.972508 9.420216
90.004911 9.269144
90.036224 9.588692
90.067559 9.721575
90.098895 9.289942
90.130264 8.892074
90.162621 8.990236
90.193974 9.134868
90.225389 9.568938
90.256721 9.698514
90.288069 9.509588
90.320521 6.773244
90.352903 6.868882
90.3855 7.389539
90.417915 8.719769
90.450436 10.032943
90.482926 9.976813
90.515406 10.103518
90.547803 7.487266
90.580206 7.742068
90.612597 8.596719
90.645118 9.429701
90.677473 9.318921
95.260476 1.452236
95.292986 1.466768
95.324421 1.486349
95.35567 1.502622
95.37681 1.523159
95.408092 1.55353
95.440512 1.539868
95.471819 1.530121
95.503128 1.519504
95.534435 1.503144
95.565679 1.491831
95.59811 1.720701
95.629443 2.661852
95.660731 3.628501
95.692069 4.254195
95.723385 4.724118
95.755746 5.348855
95.787097 5.815558
95.818458 6.007704
95.849805 4.361842
96.013945 5.035834
96.046443 5.994912
96.087931 4.689135
96.119293 3.54496
96.150557 3.106104
96.192093 3.150224
96.224607 3.330535
96.306917 4.144982
96.338228 4.624825
96.36952 4.71559
96.400854 4.620996
96.433351 5.024434
96.505458 5.367565
96.526528 5.863943
96.557727 6.09055
96.589031 6.736085
96.621459 6.550813
96.65275 5.317614
96.684033 4.974396
96.715354 5.084306
96.746684 4.854826
96.779146 5.634202
96.810437 5.779443
96.841721 5.837314
96.873097 6.035029
96.904445 7.214797
96.936902 7.043449
96.96818 7.247779
96.999462 7.712742
97.030755 8.182578
97.062123 8.471754
97.084303 8.678694
97.115687 8.694272
97.14694 8.401266
97.178356 7.497621
97.209707 6.717027
97.242266 8.092857
97.273654 8.047257
97.304986 8.238011
97.326062 8.330081
97.357443 7.854589
97.389861 8.023587
97.421222 8.244364
97.452564 8.065532
97.48388 8.252805
97.515252 9.215799
97.547752 9.450848
97.578984 9.828788
97.610206 10.213863
97.641556 10.331779
97.672874 7.013862
97.70536 7.373962
97.737776 7.865902
97.770097 8.254806
97.802509 9.491922
97.834937 10.363717
97.867429 10.551512
97.899815 10.742092
97.932271 8.760844
98.005625 8.808706
98.037 8.629266
98.068325 7.658613
98.109844 7.830919
98.141096 7.557145
98.173613 7.380576
98.204944 7.284328
98.236344 7.063987
98.267654 6.884894
98.299057 6.721987
98.331389 7.081043
98.363836 7.317397
98.396252 7.993216
98.42876 8.563389
98.461227 9.262095
98.493724 9.305084
98.526138 9.695382
98.557507 6.422803
98.588852 6.333256
98.620155 6.334214
98.651501 6.247539
98.683899 6.242144
98.715218 7.357079
98.746505 7.662616
98.777779 7.473342
98.809147 7.346202
98.841643 6.525838
98.863842 8.898775
98.895194 9.083176
98.926536 9.204486
98.957883 9.819389
98.989256 7.523902
99.031944 7.788451
99.063311 8.214515
99.094542 8.50726
99.1259 8.585754
99.157278 8.794348
99.189695 8.443733
99.222208 7.837532
99.2546 7.63094
99.28711 7.800983
99.319555 7.862334
99.35197 7.987647
99.384433 8.441035
99.416887 9.130256
99.449336 9.557451
99.480687 9.978206
99.512105 10.394349
99.543367 10.504432
99.574721 6.045298
99.627763 5.82339
99.660122 7.724925
99.691447 8.27604
99.722864 7.798807
99.754117 7.578639
99.785483 7.207748
99.817962 7.021955
99.84931 7.103321
99.880647 7.175724
99.912001 7.020736
99.943565 6.923271
99.976093 7.187472
100.00737 8.047083
