7e-06 0.010964
0.226546 0.019841
0.257986 0.027412
0.289316 0.033677
0.320626 0.038638
0.351918 0.043424
0.384362 0.047775
0.415738 0.052039
0.447029 0.05726
0.478306 0.05961
0.509598 0.086935
0.541918 0.112955
0.573217 0.115479
0.604485 0.113738
0.635766 0.121483
0.66699 0.123485
0.699432 0.128358
0.731768 0.135581
0.763056 0.127488
0.794355 0.135755
0.825746 0.154987
0.857047 0.176743
0.88938 0.20137
0.920673 0.222343
0.951927 0.248711
0.983205 0.27943
1.014577 0.293005
1.046973 0.345828
1.078318 0.388817
1.109644 0.409181
1.140963 0.436419
1.172295 0.444599
1.204748 0.455912
1.237161 0.467834
1.268452 0.46853
1.299703 0.488806
1.330955 0.481584
1.362297 0.486892
1.394747 0.481061
1.426115 0.486805
1.457484 0.524486
1.488804 0.606635
1.520084 0.650669
1.552517 0.695921
1.584904 0.76902
1.617289 0.834461
1.649863 0.849951
1.682246 0.774067
1.71355 0.817317
1.744836 0.800609
1.776123 0.652409
1.807398 0.666768
1.839845 0.690351
1.871147 0.703231
1.902473 0.731948
1.933791 0.791472
1.965102 0.964821
1.997467 0.971174
2.028798 0.994322
2.06002 1.194822
2.091334 0.9891
2.132834 0.989884
2.165303 0.982226
2.19661 0.967519
2.227923 0.933841
2.259285 0.941064
2.290648 0.939062
2.323103 0.957163
2.354401 0.94411
2.385687 1.002241
2.416962 1.142609
2.448279 1.129294
2.480704 1.184902
2.513091 1.167932
2.545515 1.127989
2.577866 1.108844
2.610257 1.098053
2.642705 1.087958
2.675202 1.125291
2.70764 1.163755
2.740045 1.190645
2.772447 1.232242
2.80486 1.344153
2.837324 1.408985
2.869664 1.480344
2.90205 1.528816
2.934509 1.551964
2.965831 1.597999
2.997118 1.651866
3.02845 1.659002
3.059778 1.635593
3.092184 1.639248
3.124673 1.643164
3.157118 1.642729
3.189645 1.653345
3.222127 1.649777
3.254617 1.673535
3.28712 1.688764
3.319526 1.707996
3.351919 1.745676
3.384383 1.567976
3.447541 1.872904
3.479935 1.96158
3.511255 1.96976
3.542579 2.014664
3.573949 2.016752
3.605238 2.097945
3.637742 2.104297
3.66912 1.737496
3.710691 1.738976
3.742033 1.734364
3.773396 1.740455
3.805798 1.767345
3.837046 1.811292
3.868244 1.803373
3.899584 1.773002
3.930911 1.80607
3.963383 2.001872
3.994717 2.171827
4.025989 2.168172
4.05731 2.150419
4.088667 2.101426
4.121101 2.161558
4.152374 2.128055
4.18367 2.066268
4.21499 1.904232
4.246266 2.002916
4.278667 2.059481
4.309983 2.153813
4.341262 2.144067
4.372565 1.995954
4.403946 1.973502
4.436297 2.059568
4.467615 2.147113
4.498946 1.474078
4.632508 1.556141
4.663833 2.093507
4.696229 2.082107
4.727581 2.065833
4.758897 2.076102
4.790205 1.542391
4.892984 1.442663
4.925537 1.200827
4.956872 1.196824
4.988192 1.135299
5.019598 1.157838
5.050905 1.243903
5.083353 1.352159
5.11574 1.440227
5.148151 1.992125
5.180551 2.179224
5.212934 2.203416
5.245347 2.269728
5.277679 2.163299
5.310125 2.094551
5.342523 2.179224
5.374978 2.262853
5.407457 2.27434
5.439842 1.598347
5.553983 1.926423
5.585306 2.719897
5.616569 2.867574
5.647865 2.847559
5.679138 2.867574
5.711549 1.985946
5.82454 1.668139
5.855747 1.362689
5.887079 1.302818
5.918434 1.305602
5.950839 1.315697
5.982146 1.472512
6.013505 1.620451
6.044745 1.750376
6.076004 2.329947
6.108476 2.891592
6.139788 2.973568
6.171167 2.947374
6.202516 2.953901
6.233958 2.875232
6.266465 2.981661
6.298896 3.031873
6.331243 2.991495
6.363704 3.104363
6.396073 3.225586
6.428514 3.414251
6.46089 3.726924
6.493227 4.084327
6.525662 4.298664
6.558114 4.127403
6.59054 4.696097
6.62297 4.936019
6.655448 4.993802
6.686799 5.113371
6.718072 5.057415
6.749258 5.01695
6.780642 4.939152
6.813099 5.005028
6.844477 4.99328
6.875746 4.9804
6.90706 5.012338
6.938505 5.050889
6.970904 5.01138
7.003378 5.192649
7.035946 5.130515
7.068413 4.960472
7.100865 5.108411
7.133346 5.317701
7.165749 5.002591
7.198233 5.139739
7.230673 5.386362
7.263024 5.544047
7.295587 5.814514
7.328104 6.241621
7.360615 6.38634
7.393135 6.176093
7.425621 6.532887
7.456938 6.770024
7.488247 6.915091
7.519581 7.093313
7.55093 7.149356
7.583413 6.79352
7.615869 6.796131
7.648292 6.731734
7.680811 6.785079
7.713363 6.751749
7.745837 6.991758
7.778254 6.808575
7.810789 6.746615
7.843207 7.066771
7.875567 7.062681
7.907942 7.386145
7.940318 7.551923
7.972743 7.883219
8.005143 7.610316
8.036457 7.544875
8.067766 7.58125
8.099071 7.834312
8.130363 7.743287
8.162743 7.986863
8.195122 7.985645
8.227513 7.869818
8.259967 8.197894
8.282219 8.123402
8.314605 8.174397
8.347069 8.309892
8.379534 7.654175
8.412061 7.714569
8.444358 7.930299
8.476838 8.190497
8.509179 8.102256
8.541678 8.208336
8.574282 8.646844
8.606775 8.974746
8.639262 8.887636
8.671789 9.551881
8.704281 9.792325
8.735669 9.155579
8.766957 9.043755
8.79826 8.975616
8.829588 8.961954
8.862051 8.946986
8.893381 8.747529
8.924633 4.935235
9.160213 4.55338
9.242527 4.425456
9.274962 4.569827
9.306275 4.630134
9.337577 4.48585
9.368901 4.803483
9.400259 4.956208
9.432771 4.671818
9.465168 4.613947
9.497673 4.634746
9.530053 4.228959
9.562541 3.959188
9.62562 3.862767
9.657995 3.8042
9.690463 3.368564
9.722858 3.309215
9.755312 3.135082
9.787746 5.013382
9.820181 6.396174
9.852727 6.828416
9.885244 7.409293
9.917693 7.891051
9.950214 8.320857
9.982743 8.666685
10.015181 8.814189
10.047557 9.174028
10.08013 9.124077
10.11252 9.712438
10.145035 9.274017
10.167284 9.565196
10.199696 9.558669
10.232241 8.81767
10.26467 8.618562
10.297051 8.718986
10.329492 8.434596
10.360828 8.36315
10.392116 8.401701
10.423473 8.503431
10.454838 8.199547
10.487385 8.274039
10.518803 7.814297
10.550214 7.526339
10.581612 7.90132
10.612991 8.521531
10.645537 8.343222
10.678052 8.73291
10.710595 7.074081
10.814501 6.61669
10.845869 5.989865
10.87719 5.808857
10.908577 6.032767
10.939929 6.311501
10.972553 6.361887
11.003887 6.128405
11.035293 6.318289
11.06661 6.257808
11.097974 6.072797
11.13047 5.887352
11.161816 5.778573
11.19318 5.881521
11.2246 5.910848
11.255968 6.070535
11.28854 7.247344
11.319894 0.343914
11.698595 0.463135
11.72994 1.03061
11.761365 1.433787
11.793933 1.751159
11.825252 2.082107
11.856662 2.220995
11.887972 2.398869
11.91935 2.539237
11.9518 4.388384
11.984251 5.762648
12.016787 4.487764
12.059383 4.4312
12.091788 4.204331
12.12428 4.145069
12.156668 4.437813
12.189136 4.339652
12.221666 4.491332
12.254161 4.924358
12.286549 5.400807
12.319001 5.903103
12.351416 7.078781
12.383913 7.889659
12.416326 8.675997
12.448796 9.252001
12.481217 8.491421
12.513673 8.567131
12.54609 8.580707
12.578513 8.573049
12.610877 8.418757
12.643312 8.370286
12.675818 8.259941
12.708266 8.114961
12.740636 8.119399
12.763002 8.907825
12.795428 9.024523
12.827853 9.120422
12.860334 9.023566
12.892864 8.94159
12.92523 8.993891
12.957663 8.717942
12.990123 8.844734
13.022604 8.538675
13.055046 9.07665
13.087504 10.074888
13.11993 10.002485
13.152397 10.554906
13.184786 10.737044
13.216115 10.576574
13.247481 8.539371
13.278789 8.590279
13.310156 8.669035
13.342606 8.599417
13.373923 8.722815
13.405209 8.742221
13.43657 8.303626
13.467854 8.190758
13.500319 8.512655
13.531659 8.345745
13.563011 8.85361
13.594283 8.859006
13.625615 8.490725
13.658047 8.766762
13.6905 8.639708
13.721827 8.448171
13.753196 8.83899
13.78452 8.694446
13.815834 8.761279
13.848154 8.846561
13.879417 9.025828
13.910628 9.383492
13.941955 9.392107
13.973135 9.238077
14.005536 9.184819
14.037883 9.192564
14.070268 9.04097
14.102736 9.000853
14.134002 9.151837
14.165403 9.162889
14.196723 9.025915
14.228067 8.755797
14.260554 8.938283
14.291888 8.994761
14.32318 8.991715
14.354486 8.539023
14.385862 9.28124
14.41828 9.478695
14.450633 9.373397
14.483073 9.497753
14.515553 9.584776
14.547941 9.700429
14.580413 7.812209
14.612899 7.955274
14.645342 8.673299
14.677755 9.009816
14.710204 8.872146
14.742682 9.010773
14.774954 8.865793
14.807275 8.911741
14.839739 8.670688
14.872119 8.893467
14.90456 9.947574
14.937012 9.773528
14.969489 9.941047
15.002022 10.142418
15.034488 10.036424
15.066985 8.066228
15.09945 7.97877
15.131878 8.157515
15.164266 8.252979
15.196575 8.196414
15.228967 8.04073
15.261355 7.139
15.29377 6.645581
15.326268 6.545157
15.3587 6.480934
15.391157 6.712328
15.423691 6.718593
15.456169 6.442644
15.488658 6.730341
15.521053 7.058852
15.553594 7.453588
15.586138 7.756949
15.618578 8.019323
15.650991 8.233225
15.683489 5.113806
15.899843 5.181162
15.931146 5.050976
15.96245 5.054109
15.993802 4.867445
16.025173 3.709694
16.047402 3.150659
16.0798 3.325662
16.111292 3.722399
16.142582 4.201894
16.174127 4.400742
16.205752 4.722204
16.238194 3.111673
16.667536 3.0954
16.698864 2.772197
16.73011 2.503384
16.761419 2.133972
16.793762 2.106995
16.825123 2.119874
16.856451 2.108387
16.887817 2.122746
16.919108 3.216449
16.951512 3.271012
16.982854 3.323312
17.014112 3.188601
17.045416 2.737736
17.107473 2.871055
17.139871 2.982966
17.171184 3.200088
17.202541 3.184076
17.233854 2.793518
17.26515 2.697271
17.297585 2.826325
17.328861 2.73295
17.360231 3.038835
17.391341 3.156316
17.422547 3.176853
17.454994 3.468118
17.486265 3.353857
17.517595 3.296248
17.548884 3.131949
17.580223 2.653846
17.61264 2.6897
17.643982 2.928142
17.675243 3.003417
17.706566 2.999414
17.737971 2.981661
17.770448 3.871382
17.801828 4.56243
17.833031 3.890527
17.864285 4.128447
17.895452 3.658872
17.938085 3.670969
17.969487 3.728491
18.000759 3.66479
18.032121 3.231155
18.063464 2.624955
18.09589 2.820843
18.127207 3.465421
18.158519 3.59465
18.189889 3.907932
18.22124 4.439641
18.253744 4.314067
18.286235 4.940196
18.318743 5.404201
18.351098 5.602004
18.383486 6.382685
18.415863 6.884546
18.448374 7.266576
18.480772 7.913851
18.513111 7.871906
18.545553 8.425806
18.577999 8.359408
18.610448 8.618997
18.642922 8.921923
18.675359 8.879108
18.706704 8.805313
18.738021 8.767632
18.769407 8.753708
18.800716 6.540023
18.833178 6.613296
18.86451 7.571765
18.895825 8.69958
18.927111 8.463226
18.958415 8.415538
18.990811 8.304845
19.022175 8.465315
19.053582 8.415973
19.084902 8.336434
19.116252 8.945245
19.148664 8.771896
19.181117 9.121379
19.213598 9.257309
19.246014 9.256004
19.278485 9.718095
19.310948 6.575702
19.343371 6.548551
19.375883 7.714482
19.408334 8.125578
19.440816 8.249063
19.473181 8.514047
19.505656 8.684351
19.538062 8.696273
19.570501 7.89401
19.602997 7.85746
19.635484 9.550054
19.667958 9.45311
19.700441 9.78136
19.733037 9.37009
19.765643 9.084047
19.798144 8.895207
19.830657 8.176051
19.86305 7.694728
19.895488 7.752685
19.927921 8.007575
19.960448 8.122967
19.992873 7.862856
20.025466 7.845625
20.057911 7.116113
20.100576 7.198437
20.133072 7.298948
20.165552 7.457069
20.197935 7.502146
20.230395 7.600308
20.2629 7.643123
20.295212 7.76948
20.327613 7.502756
20.360024 7.584557
20.392452 7.291203
20.424836 7.332974
20.457304 6.095858
20.4898 7.861986
20.522367 8.104866
20.55496 8.225045
20.587426 8.255068
20.619878 8.277868
20.652265 6.374157
20.684587 6.456916
20.716979 5.604876
20.943431 6.267467
20.974725 6.236574
21.005991 6.041469
21.037328 5.929819
21.068613 5.928165
21.101037 6.185318
21.132363 6.360321
21.163706 6.302537
21.195025 6.382511
21.226375 6.15251
21.258768 6.221171
21.290006 5.860201
21.321261 5.17246
21.35257 5.415862
21.383929 5.384708
21.416395 5.341197
21.44763 5.326838
21.478945 5.44632
21.510198 5.562757
21.541594 5.511065
21.574001 6.163649
21.606444 7.874169
21.637727 8.091813
21.669115 8.216778
21.700401 8.108956
21.731712 7.793847
21.764142 8.071711
21.796527 7.898883
21.82905 7.83701
21.861741 7.767305
21.894203 8.09773
21.926633 8.049868
21.958889 8.027503
21.990104 8.148378
22.021422 7.56254
22.052679 7.662442
22.083935 7.692987
22.116288 7.846931
22.147603 8.005225
22.178912 8.590888
22.210198 8.795218
22.241526 8.981795
22.273994 9.154448
22.306321 8.833682
22.33885 8.785297
22.371227 9.103366
22.403641 7.839273
22.434971 5.812077
22.466289 7.05015
22.497638 7.896795
22.528941 7.890268
22.561415 7.932126
22.593792 8.003572
22.626367 8.032637
22.657652 8.227133
22.688918 6.798915
22.791594 7.265793
22.822847 7.546093
22.855223 7.564977
22.887537 7.800983
22.919816 7.344809
22.972542 8.016364
23.003857 5.219974
23.065737 5.553619
23.097139 6.104474
23.128373 6.190365
23.160776 6.015971
23.193138 6.358667
23.225654 6.825979
23.258037 6.056611
23.290489 6.10604
23.322921 6.194455
23.355376 9.141743
23.387869 9.048715
23.420307 8.744484
23.452739 8.712633
23.485204 9.076476
23.517714 8.938719
23.550252 8.64084
23.582747 8.211208
23.61527 8.40875
23.647799 8.798786
23.680306 8.952033
23.71269 9.382535
23.745085 9.521075
23.776401 9.606618
23.807703 9.562063
23.839072 9.618715
23.870423 9.66884
23.90284 6.475713
23.955825 8.249846
23.98716 9.298471
24.018589 9.208315
24.04989 9.272364
24.081219 8.729081
24.113643 8.867273
24.144856 8.811578
24.176247 8.759713
24.20762 9.113547
24.238983 8.676954
24.281687 8.757363
24.314054 9.040448
24.346426 9.197002
24.378767 9.409077
24.411032 9.746116
24.443469 8.987364
24.475854 7.307389
24.508214 7.489441
24.540626 9.272712
24.573047 10.378423
24.605603 10.234488
24.638023 9.368437
24.670495 8.139849
24.702916 8.210164
24.735355 9.021564
24.767747 10.084983
24.800043 10.16339
24.832502 10.662292
24.864995 11.094447
24.897391 9.516724
24.940025 9.595044
24.972323 9.808511
25.004631 10.006227
25.037102 10.012319
25.06953 9.9246
25.102013 9.950271
25.134426 9.860029
25.16692 9.286984
25.219777 8.870232
25.252183 8.509696
25.284616 7.844581
25.317061 7.830832
25.349544 7.677497
25.381994 7.718659
25.414291 7.507803
25.446672 7.635726
25.479027 7.521901
25.511438 7.178335
25.543784 7.008466
25.576191 6.765064
25.608566 6.843819
25.640975 7.309304
25.673375 7.346463
25.705814 7.331582
25.738292 7.253957
25.760459 7.12029
25.792891 6.974527
25.825303 7.004637
25.857633 7.043275
25.889994 6.877758
25.953024 6.961474
25.984333 6.812491
26.01566 6.672558
26.046957 6.700057
26.078303 7.104713
26.110673 7.17642
26.143051 7.154229
26.175479 6.700406
26.207757 6.627742
26.240063 6.39452
26.27239 6.166782
26.304794 5.752553
26.337278 5.774744
26.369703 5.769871
26.402257 5.446494
26.434737 5.31274
26.46723 5.395325
26.499715 6.0882
26.532177 6.008923
26.564612 5.761865
26.595924 5.931472
26.627268 5.909978
26.658554 5.91459
26.689904 5.830961
26.722416 6.110565
26.753786 5.913197
26.785114 6.10282
26.816467 6.465966
26.847876 4.670599
26.88029 5.971329
26.91271 5.965846
26.945094 5.992127
26.987886 6.051129
27.019322 6.187058
27.050792 5.806595
27.082104 4.959689
27.113462 5.998393
27.145908 7.424087
27.17837 7.947616
27.210926 8.533105
27.243382 8.903561
27.275744 9.184297
27.308207 8.262465
27.361197 8.516745
27.393716 8.750662
27.426209 8.814015
27.458942 8.321988
27.491428 8.271863
27.523987 8.335216
27.556531 8.093814
27.589068 8.051695
27.621554 8.321901
27.654129 8.920357
27.686672 10.045039
27.719341 10.700669
27.751868 7.324446
27.794722 7.469078
27.817152 7.396762
27.849988 7.470209
27.882649 7.405116
27.915413 7.548791
27.947995 7.602571
27.9806 7.504931
28.013076 7.522162
28.045573 7.344287
28.078037 7.183643
28.110511 7.554882
28.143136 7.779836
28.175621 7.784361
28.208081 8.078585
28.240591 8.033769
28.273141 7.840491
28.305652 8.253849
28.338124 8.319551
28.370742 8.180663
28.403369 8.17431
28.435854 7.480913
28.46836 7.138826
28.500858 7.542351
28.533365 8.012796
28.565835 8.570177
28.598417 8.486635
28.630895 7.28868
28.663406 7.332191
28.696047 7.492748
28.728637 8.200939
28.761292 8.366631
28.793824 8.47802
28.826325 8.427895
28.858892 8.948465
28.90168 8.82907
28.934197 8.483763
28.966958 8.133758
28.999554 8.259071
29.031986 8.389692
29.064504 8.248454
29.097079 8.216429
29.129716 8.539023
29.162165 9.312046
29.194718 9.485396
29.227204 9.789975
29.259602 9.97603
29.292371 9.956885
29.324877 6.946593
29.377778 6.980445
29.410251 6.905344
29.442844 6.759494
29.475658 6.707019
29.508343 6.888636
29.540777 6.903604
29.5734 6.937282
29.60589 6.591801
29.638337 6.704931
29.670961 6.611642
29.703344 6.31385
29.735862 6.379117
29.768364 6.687091
29.800837 7.083567
29.833385 7.014558
29.86594 7.056851
29.898549 7.136999
29.931097 6.892639
29.963679 6.784731
29.996107 6.740784
30.028527 6.52462
30.061046 8.94394
30.093501 8.967262
30.12612 8.497861
30.158617 8.854655
30.191028 8.897557
30.223488 8.437293
30.256141 8.7028
30.288616 8.622304
30.320979 7.974071
30.353533 7.922379
30.386174 7.943352
30.418704 8.131843
30.451288 8.506041
30.483748 9.161497
30.516211 8.400048
30.548723 7.483263
30.581318 7.520073
30.603676 7.611882
30.636244 8.73787
30.668784 8.704453
30.701458 8.838207
30.734163 8.788343
30.766847 7.269535
30.89145 6.410011
30.922817 6.337521
30.954216 6.329079
30.985676 6.432549
31.017198 6.599024
31.049688 6.878976
31.081019 6.997588
31.112459 6.391127
31.143928 6.463704
31.175357 5.840272
31.20784 6.407661
31.239259 6.204898
31.270634 5.991605
31.30198 5.827654
31.333364 2.912043
31.530191 3.291375
31.561556 3.589515
31.592981 4.056392
31.624346 4.401438
31.655791 4.284131
31.688333 4.81323
31.71972 5.44632
31.751069 5.655436
31.78239 5.976724
31.813738 6.2478
31.84626 6.542546
31.877826 6.845821
31.909309 7.510675
31.940787 7.668534
31.972209 8.110175
32.005003 8.348182
32.036415 8.79983
32.067788 9.362868
32.099117 9.703301
32.130427 9.988909
32.162989 10.216909
32.194437 10.645061
32.225831 10.863314
32.257197 8.378988
32.29884 8.402484
32.331333 8.440165
32.362682 8.465141
32.394065 8.405617
32.425462 8.375072
32.456838 8.503605
32.489429 8.372026
32.520851 8.220432
32.55219 7.99661
32.583552 7.669752
32.614915 7.800983
32.647477 8.137239
32.678792 8.32399
32.710293 8.679565
32.741801 9.152185
32.762986 8.982926
32.795498 8.835771
32.826807 8.855525
32.858274 7.663487
32.889613 5.807291
32.920978 6.505823
32.953491 8.119486
32.986282 8.173875
33.01883 8.252979
33.051422 7.851543
33.083898 7.016385
33.126783 6.945897
33.159351 4.745178
33.375941 4.261592
33.509365 4.411793
33.540783 4.676952
33.57212 4.645276
33.603484 4.35079
33.635999 4.295618
33.667381 4.348267
33.698693 2.784903
33.730152 2.055652
33.781991 1.932427
33.814465 1.686762
33.845837 1.749854
33.8771 1.835049
33.908459 1.761341
33.93981 3.46777
34.054131 5.280542
34.085547 4.219647
34.157902 4.28213
34.189303 4.567477
34.220711 5.180031
34.253173 5.464943
34.284501 4.60716
34.315784 4.364105
34.347168 4.43381
34.378528 4.483326
34.411037 4.709759
34.442415 5.550835
34.473722 6.314895
34.505086 6.373983
34.53646 6.251281
34.568928 7.29947
34.600262 6.623651
34.641801 7.170155
34.673127 7.415646
34.704606 7.558885
34.737221 7.079825
34.769652 7.060158
34.802004 7.135868
34.834492 7.419388
34.866952 7.86477
34.89946 8.102517
34.93188 8.454176
34.96325 8.66451
34.99459 8.538414
35.02595 8.845778
37.373459 1.485652
37.406093 1.510367
37.437448 1.527336
37.468891 1.540738
37.500203 1.558665
37.531475 1.575895
37.563887 1.547787
37.595205 1.575025
37.626553 1.561014
37.657959 1.563712
37.689295 1.579637
37.721791 2.403221
37.753143 3.397195
37.784426 3.980596
37.815692 4.63083
37.847033 5.04706
37.87949 5.441882
37.910783 5.627067
37.942166 5.825217
37.973514 5.999437
38.004956 5.921726
38.047736 6.376594
38.080238 7.393716
38.112677 8.625437
38.145184 8.872233
38.177597 8.539284
38.209965 8.385776
38.24244 8.427547
38.274878 8.428765
38.295921 8.515353
38.327236 4.697663
38.358417 5.348942
38.389804 8.198503
38.42225 8.065967
38.453593 8.165608
38.484905 8.16439
38.516211 8.366196
38.547603 8.547464
38.580082 7.567327
38.611402 9.45633
38.642725 9.830876
38.674116 10.441341
38.705527 10.588583
38.737977 10.401484
38.770415 10.510698
38.802958 7.586646
38.835387 7.775572
38.866604 8.155688
38.897869 9.475649
38.929178 9.264184
38.960565 8.820194
38.993076 8.861703
39.024387 8.396131
39.055644 8.394043
39.086901 8.014624
39.118207 7.959799
39.150596 8.928624
39.182903 9.314222
39.214964 9.182121
39.247381 8.645713
39.279724 7.577856
39.311978 7.586036
39.344368 7.516157
39.376826 8.393521
39.409252 8.539719
39.441685 8.5318
39.47409 6.418974
39.526905 6.518006
39.558231 8.619171
39.589541 8.903996
39.620831 9.212144
39.65216 9.101016
39.684514 9.263052
39.715846 9.082132
39.747169 9.245822
39.768298 9.06934
39.799631 9.183166
39.832193 8.725165
39.863552 8.97083
39.89487 8.854916
39.926153 8.905476
39.957527 8.918268
39.98991 9.172114
40.021246 8.974833
40.052602 8.965173
40.083912 8.705323
40.115303 8.49586
40.168197 8.642667
40.200608 8.503866
40.233098 8.318855
40.265601 8.09599
40.298043 8.125056
40.330624 8.150118
40.363026 8.106607
40.395403 8.103909
40.427796 8.171004
40.460183 9.033399
40.492599 8.594805
40.524952 8.73378
40.557388 8.359843
40.589795 8.760061
40.622222 9.019476
40.654627 9.147834
40.686972 9.627156
40.709165 9.386886
40.741659 9.073256
40.774102 8.834117
40.806626 9.094663
40.838974 9.170286
40.871473 9.045408
40.903883 9.151924
40.936302 8.925143
40.968729 8.234791
41.001163 7.872602
41.033488 9.070297
41.065937 9.286636
41.098416 9.973419
41.13077 6.603723
41.275295 6.322727
41.306617 6.288092
41.337938 6.503995
41.369235 6.400438
41.400682 6.48633
41.433207 6.57196
41.464549 6.59798
41.495842 6.464139
41.527145 6.700319
41.558515 6.824674
41.590985 0.027238
41.87734 0.447819
41.908717 0.938801
41.940076 1.337105
41.971402 1.707212
42.003914 2.109693
42.035235 2.457871
42.066551 2.659155
42.097914 2.769325
42.129297 4.514567
42.161819 6.263203
42.193141 6.461093
42.224466 6.674473
42.255843 6.757144
42.287181 6.884111
42.319666 7.151184
42.350933 7.540436
42.382235 8.507173
42.4135 9.249564
42.444743 10.105868
42.477151 10.290879
42.50845 10.196285
42.539751 10.124317
42.571021 10.38321
42.602358 6.357971
42.634866 6.465705
42.666216 6.651499
42.697593 8.410316
42.728874 9.102495
42.760174 8.990323
42.792576 8.889377
42.823817 8.731691
42.855069 8.912699
42.886316 8.926796
42.917675 8.431463
42.950141 8.266903
42.981374 8.476279
43.012628 8.709675
43.043961 7.853631
43.07531 8.208597
43.107806 8.05213
43.139096 8.142112
43.170398 7.997219
43.201751 7.960147
43.233054 8.068665
43.265533 7.465858
43.296859 8.467664
43.328215 7.90367
43.359517 8.028808
43.390831 8.425806
43.423161 8.27282
43.454455 8.811752
43.485819 6.283653
43.517107 6.276082
43.548416 6.310892
43.580858 7.351684
43.613314 8.607597
43.644659 8.158037
43.675909 8.435205
43.707171 8.817757
43.738557 6.586232
43.771028 8.75745
43.802247 9.182382
43.83355 9.398373
43.864815 9.731844
43.896193 9.791542
43.928566 9.047236
43.959822 7.604485
43.99108 7.245864
44.022397 7.347333
44.053759 7.555752
44.08624 9.396545
44.117687 9.309523
44.149033 8.71272
44.180393 8.732388
44.211694 8.979706
44.244148 7.924816
44.27655 7.749465
44.309065 8.222608
44.340405 8.428765
44.371722 8.540763
44.403063 8.493684
44.434444 8.490116
44.466894 8.063617
44.499332 7.881479
44.531772 6.756883
44.564253 6.954425
44.596726 8.431985
44.629099 6.894901
44.794211 6.286525
44.825553 6.899601
44.856807 7.168153
44.898247 7.516331
44.929539 7.625371
44.96186 7.125338
44.993118 7.453414
45.01418 7.954491
45.045473 7.512067
45.076728 7.348638
45.109154 7.244124
45.140463 7.580728
45.171725 7.873821
45.203003 7.941089
45.234277 8.100863
45.266827 8.080152
45.29916 8.061703
45.331569 7.249519
45.363863 7.47282
45.39625 8.690965
45.428639 9.659789
45.461014 9.501408
45.492271 9.049324
45.523474 8.537805
45.554676 8.140372
45.585955 7.491617
45.61838 7.797415
45.64973 7.898796
45.680976 8.268121
45.701992 8.990149
45.733331 9.4002
45.76578 7.002984
45.798154 7.264052
45.830313 8.370025
45.862749 8.881371
45.894071 9.265489
45.925313 9.08744
45.956548 7.211316
45.9878 6.572917
46.020187 6.405224
46.052594 7.759908
46.084954 10.078456
46.117314 10.274866
46.149692 7.913851
46.212749 8.069448
46.245222 8.676345
46.277554 9.592173
46.310068 10.067926
46.342403 9.950358
46.374838 9.957407
46.407255 7.89079
46.480439 7.313655
46.512787 7.480391
46.544058 7.875561
46.575399 8.925839
46.606694 8.437206
46.637999 7.799155
46.670536 8.041862
46.70293 8.063095
46.73518 8.314156
46.767607 8.636227
46.799928 8.840035
46.832206 6.564215
46.864634 6.730864
46.896916 7.875561
46.929484 7.923685
46.961907 7.908021
46.994376 7.918115
47.026846 7.839882
47.059147 7.848497
47.091549 7.887048
47.123874 8.327471
47.156349 9.081088
47.188672 8.985102
47.221024 8.690443
47.253453 8.722206
47.285899 8.664945
47.318342 8.470101
47.350774 8.455133
47.383186 8.258984
47.415551 8.70776
47.447898 9.59635
47.480321 9.815734
47.512807 9.966284
47.545156 9.87987
47.577591 7.267794
47.640644 7.376573
47.673056 7.324011
47.705469 7.717267
47.73785 8.593064
47.77019 8.412666
47.802542 8.47889
47.834876 8.095294
47.867221 8.134193
47.899601 7.957276
47.931985 9.145746
47.964383 9.2567
47.996752 9.484525
48.029113 9.973419
48.061523 9.978032
48.093951 9.968459
48.126307 10.023806
48.158658 7.558189
48.191042 8.206857
48.223553 9.783188
48.25605 9.362084
48.288522 9.508892
48.320934 9.554231
48.353307 9.563977
48.385702 9.680588
48.418068 8.014711
48.450546 9.474344
48.483016 10.042167
48.515522 10.444909
48.548008 10.593022
48.570261 10.404095
48.602753 7.911937
48.645456 7.986689
48.66756 8.169263
48.699954 9.889791
48.732324 10.162085
48.764744 9.890835
48.797058 9.786494
48.829324 9.691988
48.861694 8.980315
48.894013 9.629244
48.926321 11.129082
48.958713 11.283025
48.991066 10.805531
49.023436 8.463748
49.055818 8.464879
49.088215 8.209729
49.120635 8.219562
49.153028 8.004007
49.185458 7.96006
49.217772 8.118007
50.100524 6.612687
50.132947 1.395932
50.164252 0.884325
50.195505 0.487153
50.226802 0.861264
50.258105 1.190036
50.290533 1.676406
50.321857 2.051213
50.353131 2.389558
50.384416 3.409465
50.415698 4.841338
50.448226 5.01051
50.479475 5.374962
50.510675 6.011881
50.541982 6.411751
50.573338 6.886025
50.605742 7.290942
50.638266 7.649824
50.669568 8.241318
50.700881 9.252001
50.73218 9.941917
50.763442 10.332823
50.795807 9.71705
50.837368 10.079587
50.868703 10.203595
50.899942 10.003529
50.931157 7.647562
50.953354 7.974854
50.984616 8.110262
51.015877 8.235749
51.04717 8.700015
51.078504 9.083786
51.110918 8.914526
51.142268 8.787212
51.173591 8.37307
51.204842 7.887048
51.236104 7.442797
51.268524 8.586711
51.299808 9.037576
51.331072 8.825328
51.362421 8.602898
51.393645 8.673734
51.426088 8.054741
51.457386 7.265444
51.488655 6.982185
51.519996 7.437314
51.551331 7.940306
51.583824 7.891747
51.615119 8.05126
51.646425 8.31668
51.677705 8.702626
51.709013 6.529058
51.741404 6.931364
51.772706 7.439577
51.803926 7.637032
51.835268 8.784601
51.866591 7.239599
51.899014 7.503539
51.930325 7.833616
51.961705 8.32982
51.993045 8.870319
52.024401 7.246387
52.087374 7.522684
52.118682 7.9779
52.149952 8.247584
52.181318 9.455112
52.212552 9.556493
52.244947 9.786494
52.276277 9.926688
52.307626 8.034291
52.338942 8.453915
52.370292 9.179511
52.402812 9.667969
52.434172 7.653653
52.485878 7.943961
52.517302 8.452609
52.548671 8.520748
52.581252 8.857352
52.612466 9.380272
52.643752 10.070102
52.675041 10.468666
52.706395 9.367132
52.769396 9.053589
52.800659 8.968915
52.83194 8.873625
52.863204 9.023479
52.89454 9.404987
52.926927 9.47417
52.958231 9.241471
52.98963 9.143831
53.020965 9.045583
53.052381 8.392128
53.084844 8.675127
53.116185 9.139219
53.147548 9.498536
53.178841 8.885548
53.210139 8.102952
53.242602 7.574288
53.273952 8.472625
53.305253 8.747529
53.336587 8.031593
53.367898 8.943331
53.40035 8.957167
53.431712 9.59809
53.46292 9.839404
53.494228 9.858114
53.525567 9.844974
53.557929 9.889529
53.589185 9.677368
53.62044 8.769285
53.682418 8.77381
53.713821 8.488289
53.74623 8.535716
53.777568 8.846474
53.808876 8.93254
53.840154 9.007815
53.871546 8.492466
53.903968 8.611426
53.93532 8.698101
53.966603 8.117136
53.997879 8.439208
54.029208 9.017822
54.061668 8.851696
54.092977 9.076215
54.124257 9.557102
54.155567 9.391324
54.186906 8.736913
54.219337 8.807401
54.250614 9.352338
54.281973 9.019215
54.313298 9.167066
54.344656 9.449194
54.377 9.511328
54.409541 9.425176
54.441971 9.456504
54.474452 9.25757
54.506981 5.842535
54.69244 6.143199
54.723771 6.166869
54.755106 6.34074
54.786451 6.241186
54.807511 5.404897
54.83988 5.314568
54.871193 5.436922
54.902486 5.346592
54.933803 5.304647
54.965126 5.36887
54.99756 5.345548
55.028898 5.576071
55.060206 5.860984
55.091458 6.091507
55.122788 6.403745
55.155241 0.143152
55.728566 0.5083
55.759875 1.051061
55.791202 1.580942
55.812238 1.646209
55.853816 1.876472
55.886314 2.221952
55.91767 2.452824
55.949019 2.65228
55.980322 3.388493
56.011645 3.785839
56.044053 3.935344
56.075461 6.188015
56.188604 6.222302
56.219902 5.908411
56.251272 2.500773
56.406505 2.905429
56.437931 3.516503
56.469234 4.130014
56.500559 4.773199
56.531894 4.706801
56.564358 3.877735
56.748858 5.036008
56.780106 3.548353
57.005464 3.402242
57.036776 3.084522
57.069209 2.836681
57.110722 3.134647
57.141986 2.570565
57.173367 2.103775
57.204678 2.343436
57.237044 2.479801
57.268391 2.544111
57.289477 3.408247
57.320814 3.479692
57.35213 3.406245
57.384526 3.330187
57.416928 3.60692
57.449462 3.726402
57.48082 4.622128
57.502016 4.794955
57.533339 4.935584
57.564779 5.653957
57.597411 6.760364
57.629789 7.487875
57.661144 7.728319
57.692477 8.369328
57.723823 8.675388
57.744918 8.73056
57.777408 8.983622
57.808706 9.714179
57.840002 10.196372
57.871333 10.261987
57.90268 10.718073
57.93515 8.79983
57.977943 9.031833
58.010347 9.300298
58.042732 9.618192
58.075274 9.853241
58.107696 10.215343
58.14003 10.556037
58.172486 7.788538
58.204943 7.952489
58.237425 8.324077
58.269924 9.596263
58.302406 10.611557
58.334936 7.521291
58.367379 7.64469
58.399882 7.490485
58.432445 7.225153
58.464803 7.204877
58.49733 8.343657
58.529796 8.667033
58.562242 8.696882
58.594643 9.065076
58.627073 9.657092
58.659432 9.152534
58.691885 9.050195
58.724333 9.469645
58.756756 10.024763
58.789162 10.239361
58.821641 10.4282
58.854119 7.586036
58.876364 7.613536
58.908795 7.667664
58.941162 9.533954
58.973615 10.814669
59.005978 10.913352
59.038434 8.238185
59.070933 8.449476
59.103331 8.419106
59.135757 9.035662
59.168184 10.164957
59.200555 9.953752
59.233026 10.201419
59.265508 8.717072
59.298044 8.788082
59.330602 9.235292
59.362993 10.491553
59.39539 10.373637
59.42779 10.875149
59.460115 7.820041
59.513017 7.882436
59.544225 7.908195
59.575573 8.471841
59.60681 8.570873
59.638082 9.112416
59.670341 9.156275
59.701633 8.972657
59.732901 8.422325
59.764267 6.491377
59.866895 6.999329
59.899291 7.595522
59.930594 7.323489
59.962198 7.374049
59.993553 7.6701
60.024897 7.448192
60.047137 7.365869
60.078488 7.33193
60.109832 1.907539
60.314952 1.59417
60.336066 1.453454
60.368399 0.997455
60.399791 1.222234
60.431131 1.664832
60.462493 2.085326
60.493916 2.527402
60.52633 2.692745
60.55765 3.420082
60.588958 3.894443
60.620228 4.149507
60.651526 4.516134
60.683908 4.875103
60.715167 5.022693
60.746466 5.100231
60.777785 5.322748
60.809111 5.512022
60.84155 6.157383
60.87287 6.606595
60.904113 6.900645
60.935472 7.198089
60.966786 7.597784
60.999188 7.943526
61.030482 8.071275
61.061762 4.751182
61.093001 4.988058
61.124313 8.241492
61.156828 9.856461
61.188158 9.993957
61.219437 9.559887
61.250704 9.63873
61.281991 8.623609
61.314384 6.95808
61.345663 7.100971
61.376955 9.452066
61.408283 9.673452
61.439665 9.641689
61.472097 10.031986
61.503416 7.398937
61.534742 7.637989
61.566053 8.047257
61.597482 9.624197
61.629959 10.044952
61.661362 10.926841
61.692678 11.272147
61.723975 7.150835
61.786032 7.971808
61.818519 9.800853
61.850968 9.379141
61.883383 9.671015
61.915776 9.503235
61.94804 8.971961
61.980531 8.22548
62.012861 7.803071
62.045313 7.630157
62.077718 7.553142
62.110117 7.765042
62.142604 7.888876
62.175051 7.916549
62.207433 8.098862
62.239844 8.206944
62.272248 8.454089
62.304504 8.504127
62.33692 8.71594
62.369346 8.228526
62.401816 8.355231
62.434337 8.197458
62.466794 6.554729
62.498157 8.82498
62.529619 8.998329
62.560958 8.858484
62.592306 9.206836
62.624709 9.617235
62.657122 9.73811
62.688395 6.405572
62.719769 8.646061
62.751083 9.004856
62.782435 8.109391
62.835309 8.020019
62.867687 7.708826
62.900027 7.984949
62.932541 8.452609
62.964952 8.400744
62.99741 8.801571
63.029764 9.552142
63.062185 9.383927
63.094616 9.665272
63.127194 10.25459
63.159649 6.866097
63.212563 7.002288
63.244997 7.069295
63.277398 8.369851
63.309719 9.204834
63.342152 9.569895
63.374551 9.771353
63.406967 9.892401
63.439248 9.24852
63.502252 9.552925
63.533516 10.147378
63.564717 10.297927
63.596059 9.902235
63.627293 9.855939
63.65968 9.818867
63.690949 9.708087
63.722271 9.868644
63.753544 9.68842
63.784865 9.26575
63.817257 9.481915
63.84858 9.516985
63.879782 9.865685
63.911059 10.025459
63.942343 9.728972
63.974748 9.363912
64.006002 9.242341
64.037294 9.25757
64.068553 9.137392
64.130503 9.281327
64.162908 9.422217
64.195347 9.20614
64.227773 9.03775
64.260286 9.103801
64.292714 9.089964
64.325053 9.143831
64.357715 9.252784
64.390182 8.572701
64.443114 8.800004
64.475544 9.127558
64.507964 8.97579
64.540357 9.032094
64.572812 9.047323
64.605211 9.082828
64.637621 9.19648
64.670079 9.386625
64.702462 9.702169
64.734933 6.66168
64.889737 6.8473
64.922102 6.608945
64.95335 6.563954
64.984565 6.646364
65.015788 6.854001
65.047035 6.616603
65.079308 6.643667
65.110543 6.437858
65.141852 6.041469
65.173073 6.352663
65.204333 0.068312
65.481657 0.585054
65.502757 1.347721
65.534025 1.693811
65.565232 1.660133
65.59649 1.666834
65.628922 1.988209
65.660174 2.245796
65.69148 2.521398
65.72274 2.867313
65.754011 3.289548
65.786444 3.576984
65.817768 3.853803
65.849075 3.86764
65.880326 4.096249
65.911525 4.29031
65.943758 4.381684
65.975017 4.356186
66.006206 4.435203
66.03741 4.953162
66.068674 5.902059
66.090803 6.073145
66.122009 6.295663
66.153207 6.728601
66.184474 7.186428
66.215781 7.409989
66.248236 7.500145
66.279454 4.099991
66.310692 4.267858
66.342018 6.022063
66.373351 8.947334
66.405664 9.226242
66.436877 9.695469
66.468067 9.209533
66.499373 9.216234
66.530564 8.933149
66.563043 7.185122
66.594312 6.456568
66.625607 6.740784
66.656878 7.005856
66.698375 7.897317
66.730815 8.492205
66.762029 7.7841
66.793339 7.669839
66.824549 7.976595
66.855836 7.984427
66.88821 7.545049
66.919463 7.424174
66.950763 7.321661
66.982048 6.642971
67.023789 6.454479
67.05603 6.42289
67.08726 6.372591
67.118502 6.340044
67.149785 6.169044
67.181038 6.307324
67.203222 6.572395
67.234456 7.05572
67.265739 7.397284
67.297046 7.436792
67.328366 4.557121
67.360786 4.580792
67.393254 5.467641
67.425664 6.454305
67.457976 6.641926
67.489214 6.917701
67.520466 6.710239
67.551731 6.734083
67.582997 9.352773
67.615401 9.175856
67.647756 9.32101
67.678998 9.080566
67.710321 9.301081
67.741636 9.448237
67.762604 9.614363
67.795008 9.43031
67.826231 9.605748
67.85745 9.69895
67.88873 9.199874
67.919993 9.168285
67.952413 9.282371
67.983698 9.345898
68.014985 9.341373
68.046244 9.456069
68.077514 9.11346
68.110036 8.991802
68.14241 8.742743
68.174798 8.829505
68.207187 8.754926
68.239643 8.170133
68.271985 7.896621
68.304406 7.499101
68.336781 7.539218
68.369225 7.524424
68.401731 7.23429
68.434164 7.389626
68.466578 7.552011
68.499047 7.32697
68.531434 6.491116
68.563815 6.802135
68.596216 6.965651
68.628534 7.609097
68.660903 7.534693
68.693427 7.619888
68.725787 6.358406
68.758207 6.240751
68.790648 6.069316
68.823112 6.043558
68.855413 5.951488
68.887768 6.296881
68.920088 6.696316
68.952415 6.562823
68.984742 6.457525
69.017165 6.164258
69.049586 5.973504
69.081981 5.425522
69.114403 6.5898
69.146844 6.674473
69.179297 6.76898
69.211693 6.797262
69.244104 6.870709
69.276553 7.043884
69.308901 6.891334
69.341485 6.339348
69.373923 5.715743
69.406292 5.700166
69.438677 6.575615
69.471093 6.803702
69.503529 7.00864
69.535932 6.758972
69.568296 6.778291
69.600661 6.883763
69.633006 7.146223
69.665466 5.500361
69.78978 6.204898
69.822146 6.640969
69.853463 6.680303
69.884794 6.315939
69.916093 5.283849
69.947449 5.325881
69.979844 5.708607
70.011129 6.062703
70.042368 6.224739
70.073589 6.593455
70.10489 0.999282
70.371721 1.447362
70.404172 2.627391
70.435423 3.722399
70.466639 4.171001
70.49791 4.543111
70.529101 4.921834
70.561543 4.195281
70.684579 4.50717
70.71589 5.114154
70.747159 7.530951
70.778335 7.176855
70.810596 7.146832
70.841829 7.164324
70.862885 6.697273
70.96564 7.693423
70.996919 8.06005
71.0294 6.622172
71.091281 6.976529
71.122551 7.301907
71.153858 7.781403
71.185083 8.945158
71.217395 9.397416
71.248633 8.25324
71.279921 6.431679
71.311218 6.603549
71.342522 7.171634
71.374931 7.730233
71.40622 8.130973
71.437547 7.493009
71.468844 7.686983
71.500156 7.873908
71.532638 8.120617
71.563948 9.172375
71.595203 10.214734
71.626387 10.965914
71.65778 11.045366
71.690246 10.72547
71.721601 7.548269
71.834554 7.645908
71.865923 7.720748
71.897299 7.694467
71.929749 7.982164
71.961062 8.200678
71.992352 8.233747
72.023655 8.281784
72.054957 8.232007
72.087355 8.213384
72.118705 8.04073
72.150031 8.073799
72.181415 7.367261
72.212831 7.058591
72.245387 6.896468
72.276664 7.245777
72.30794 7.546615
72.339143 7.348464
72.370547 6.988625
72.403051 6.606943
72.435485 6.434029
72.466859 6.765412
72.487956 8.547203
72.539723 8.682349
72.571172 8.953251
72.603814 9.475649
72.635132 10.1023
72.66648 10.263031
72.697742 10.453611
72.729092 8.761453
72.761543 8.43155
72.792866 8.945941
72.824224 9.470341
72.85566 10.401049
72.887075 7.941437
72.939894 8.172222
72.961001 8.431985
72.992298 8.694881
73.023587 8.986842
73.054901 9.124077
73.087278 9.793108
73.118612 10.246062
73.149962 9.137566
73.201678 9.217453
73.233004 8.96265
73.265443 9.013297
73.296697 9.363042
73.327924 9.235727
75.810245 1.460242
75.841544 1.456326
75.873931 1.458501
75.9052 1.459459
75.936515 1.444578
75.967831 1.508017
75.999133 1.521419
76.031548 1.584945
76.062898 1.562929
76.094244 1.571109
76.125604 1.849147
76.156902 2.587187
76.179092 3.242555
76.210377 3.694117
76.241681 4.40109
76.273056 4.724901
76.304399 4.961168
76.336887 5.506888
76.369293 6.029112
76.391507 7.231593
76.422828 9.015125
76.454126 9.248694
76.485489 9.320487
76.516883 9.365391
76.549393 9.508979
76.581833 9.550489
76.604113 6.302711
76.636502 6.571786
76.668876 6.733039
76.701409 6.880978
76.733858 8.802789
76.766292 8.858919
76.797644 8.710719
76.828954 8.839164
76.860273 8.949074
76.89168 8.95856
76.924242 8.351141
76.955617 8.918181
76.9869 9.106585
77.018154 8.646583
77.049488 8.96761
77.08186 9.009207
77.113149 8.505171
77.144479 8.623522
77.175833 8.811491
77.207111 8.850042
77.239546 8.697578
77.261883 8.660072
77.29425 8.79661
77.326707 8.680435
77.359107 8.640491
77.391517 8.424153
77.423867 7.957276
77.456282 6.945114
77.488665 8.474974
77.52112 9.636293
77.55359 9.854372
77.585981 10.086723
77.618409 10.370156
77.650791 8.158472
77.683175 8.519878
77.715493 9.100146
77.747854 9.859507
77.780225 10.420281
77.812582 10.670211
77.844921 10.25285
77.877257 9.82609
77.909711 8.536586
77.942008 9.045931
77.974273 11.216627
77.996356 11.552709
78.028576 11.911852
78.060982 7.650259
78.123834 7.722314
78.155186 7.929428
78.186483 9.497666
78.217631 9.649869
78.248832 9.564934
78.281229 9.527776
78.31259 9.196132
78.343845 9.139219
78.375101 9.263226
78.406343 8.931409
78.46934 9.104758
78.4915 9.276715
78.522769 9.469296
78.554066 9.320487
78.585333 9.15001
78.616641 9.12312
78.648997 9.035314
78.680292 8.757972
78.711508 9.137305
78.773363 9.00999
78.804729 8.972048
78.826894 9.188213
78.859214 8.87554
78.891648 8.849868
78.924006 9.154448
78.95641 9.180555
78.988709 9.410904
79.021097 9.064902
79.08399 9.202485
79.116361 9.563107
79.148705 9.788235
79.180942 10.096383
79.213251 9.855939
79.245555 9.742548
79.277833 9.777879
79.310189 9.691118
79.342602 9.082567
79.385162 9.288898
79.417654 9.528994
79.449889 9.699559
79.482244 9.687201
79.514662 9.879
79.546962 10.000832
79.579274 9.476867
79.611579 9.6966
79.643927 9.706521
79.676299 9.255743
79.708611 5.800851
79.894122 5.999089
79.926476 6.317766
79.957777 6.248844
79.989024 5.835225
80.020285 5.969936
80.051652 3.328621
80.440836 3.389537
80.473092 3.450105
80.504449 3.500404
80.535831 3.947092
80.567162 3.940217
80.598498 3.242294
80.630979 2.942501
80.662332 3.304951
80.693625 4.667727
80.724975 5.591126
80.756377 6.071318
80.7889 6.7219
80.821427 7.099579
80.853907 8.097991
80.886388 8.64667
80.918838 9.194217
80.951287 9.786233
80.982652 9.509675
81.034345 9.885787
81.065551 10.300799
81.096725 10.33204
81.128981 10.209164
81.160176 10.636098
81.191476 10.570744
81.222909 10.447345
81.254162 9.464075
81.317071 9.525078
81.349468 9.698166
81.380682 9.944528
81.411881 9.995349
81.443134 10.612515
81.474464 10.78073
81.506924 10.47528
81.538415 10.481284
81.569673 9.2567
81.611035 9.224675
81.642325 9.034531
81.67472 9.038534
81.707068 9.322054
81.738451 9.38062
81.769682 9.034792
81.800923 8.924012
81.832198 8.893989
81.864523 8.828809
81.896924 9.162976
81.94967 9.51246
81.982039 10.025981
82.014446 9.809643
82.046899 9.793282
82.079294 9.827221
82.111639 9.591825
82.144065 9.577988
82.176434 9.707826
82.208764 9.78371
82.241067 9.160017
82.27347 9.154796
82.305789 9.155753
82.338219 9.28533
82.370569 9.229723
82.402896 9.017213
82.435207 9.017735
82.467494 8.614037
82.499883 8.459049
82.572984 8.645974
82.605466 8.748052
82.637912 8.449912
82.670169 8.227133
82.702494 8.726731
82.734902 8.549988
82.767263 8.746485
82.799595 9.144092
82.831992 8.308674
82.864378 8.41867
82.896775 8.542591
82.92908 8.713765
82.96145 8.823413
82.993821 8.671211
83.026233 8.827155
83.058702 7.268229
83.091042 7.45002
83.123347 8.973354
83.155632 10.847215
83.187941 11.007511
83.220219 8.718377
83.272876 8.787995
83.305266 9.170547
83.337734 9.782143
83.370141 9.67876
83.402474 9.795197
83.4349 10.201506
83.467301 10.180447
83.499726 9.005813
83.542228 9.281153
83.574533 9.133824
83.606919 9.172201
83.639239 9.613145
83.671574 9.727058
83.703848 9.660921
83.736206 9.558582
83.768556 9.619411
83.800924 8.941416
83.843449 9.15906
83.875833 8.924186
83.908144 8.364716
83.940511 8.4406
83.97278 7.856416
84.005177 7.935607
84.03748 7.829961
84.069796 7.618148
84.102176 7.685155
84.134546 8.2401
84.166872 8.436771
84.199301 8.488115
84.231734 8.702104
84.264097 8.903735
84.296447 8.802006
84.32885 8.750053
84.361262 8.715592
84.393649 8.628569
84.426105 6.615123
84.458471 6.676474
84.4908 9.390976
84.523183 8.731952
84.555714 9.010425
84.588115 9.077346
84.620557 9.247127
84.652969 9.266881
84.68538 9.317703
84.717739 7.294771
84.82144 7.526513
84.85273 8.006966
84.884008 8.154121
84.915361 7.872864
84.946664 8.044995
84.978992 8.109652
85.010239 7.786276
85.041572 7.608401
85.072867 8.094511
85.104212 8.16204
85.136579 8.504301
85.168962 5.236073
85.42558 5.321791
85.456808 5.31918
85.488008 5.183947
85.519181 4.862136
85.550484 4.778159
85.582901 4.690527
85.614123 4.946113
85.645341 5.386362
85.67655 5.678497
85.707793 5.268707
85.760486 5.310739
85.782632 5.394716
85.814963 5.486786
85.847277 5.486699
85.920474 4.118005
85.951676 3.569239
85.982972 3.4441
86.014143 3.491528
86.045402 5.836356
86.077739 6.292443
86.110041 6.279389
86.142404 6.640882
86.174778 7.209402
86.207023 7.893401
86.239296 8.171874
86.270618 8.465228
86.301837 9.053241
86.333123 9.456156
86.364424 9.849412
86.396843 9.996916
86.429175 7.1551
86.460463 7.429221
86.491735 7.519116
86.523015 7.792716
86.554363 9.003028
86.586874 9.703649
86.619222 10.251109
86.651602 7.018213
86.683988 7.244994
86.716376 9.844191
86.748677 11.370744
86.781116 11.352469
86.813591 7.425479
86.85628 7.566021
86.888707 7.576203
86.921087 9.123381
86.953434 8.926274
86.985874 9.088398
87.018314 9.140872
87.050683 8.890769
87.083061 9.054981
87.115434 9.043668
87.147804 9.036706
87.180206 9.600092
87.212606 9.921554
87.245042 10.276172
87.277366 10.359539
87.309745 10.372767
87.342045 10.562564
87.374325 10.543506
87.406672 7.141002
87.439242 7.418953
87.471566 10.250674
87.503941 10.119966
87.536224 10.221173
87.568506 10.29784
87.600798 10.190106
87.633192 9.05063
87.665453 9.196306
87.697851 11.363608
87.730109 12.127146
87.762431 8.371852
87.835634 8.54642
87.866946 8.674517
87.898205 8.647279
87.92949 9.294642
87.960745 9.530996
87.99315 9.313265
88.025522 9.348857
88.057876 9.276454
88.090147 9.410817
88.122408 8.740742
88.164969 8.997285
88.19742 9.170721
88.229697 9.307695
88.251809 9.556145
88.284138 9.621325
88.316576 9.559452
88.348956 9.567545
88.381397 9.535347
88.403561 9.49462
88.436001 9.071776
88.478643 7.834835
88.541745 7.516331
88.573088 7.348116
88.604346 7.433485
88.635771 7.729102
88.667135 7.881131
88.699474 7.793499
88.731972 7.897752
88.763302 8.061442
88.794565 8.32251
88.825886 6.847474
88.877771 6.883066
88.910157 6.661942
88.941552 6.719812
88.972853 6.562039
89.004187 5.288026
89.035549 5.275582
89.068054 5.884393
89.099368 6.425849
89.130827 4.796695
89.254182 5.530819
89.285503 6.336389
89.317848 6.686656
89.35027 7.134997
89.382548 6.847039
89.414953 6.35127
89.43714 6.543155
89.469463 7.918289
89.532471 7.406073
89.564822 6.765412
89.597163 6.556209
89.628351 6.270339
89.659832 6.474843
89.691075 6.768631
89.722362 6.931538
89.754832 7.426524
89.787123 8.722989
89.819639 7.716484
89.953962 8.464967
89.985211 8.135324
90.016456 7.65052
90.047687 7.942047
90.079009 7.907499
90.111457 7.800896
90.142799 7.991476
90.174075 8.446344
90.205374 8.536325
90.236618 8.649368
90.269004 7.512415
90.300247 7.635291
90.331551 7.719529
90.362826 7.7385
90.394107 7.685329
90.426545 7.573853
90.458868 7.67158
90.49129 7.673842
90.523705 7.763041
90.556084 7.583339
90.588394 7.808989
90.620737 9.145659
90.65212 9.351903
90.683367 9.682067
90.714572 10.096383
90.745876 10.630789
90.778261 10.842081
90.809498 10.725731
90.840711 10.690661
90.87198 9.301517
90.923578 9.349466
90.955923 9.473038
90.988236 9.820346
91.020625 9.908587
91.053048 9.645169
91.085489 9.815299
91.117888 9.918769
91.15037 9.99648
91.182775 10.197851
91.215251 8.98632
91.268112 9.130691
91.300479 8.899819
91.332862 8.993891
91.365348 8.884677
91.397769 8.674256
91.430179 8.35671
91.462554 8.182578
91.495007 8.020889
91.52747 7.896273
91.559982 9.250434
91.592411 9.523251
91.624796 9.828962
91.657184 10.094903
91.689609 10.368242
91.72203 10.514092
91.754594 7.776268
91.787016 7.995479
91.81946 9.090051
91.851851 10.27826
91.884303 10.33439
91.916799 10.627918
91.949246 10.618867
91.981669 10.237272
92.014106 9.482872
92.056823 9.455025
92.08924 9.707826
92.121686 9.879435
92.154166 9.799635
92.186522 9.060202
92.21896 8.977792
92.251486 8.953164
92.283852 9.109544
92.316234 9.304388
92.34865 8.900254
92.381128 9.161497
92.413581 9.268187
92.446002 9.53526
92.478381 9.759169
92.510801 9.785624
92.54321 9.722011
92.575615 7.038054
92.608021 7.257351
92.640341 10.077934
92.672805 10.700147
92.705201 10.702757
92.737618 10.827635
92.77011 10.330039
92.802575 8.214602
92.835027 8.372113
92.867462 8.224174
92.899904 7.817691
92.922154 7.541307
92.954473 7.194869
92.986927 6.948159
93.01931 6.874538
93.05173 6.63218
93.084053 6.349356
93.116438 6.360059
93.148902 6.088461
93.181447 6.086025
93.213915 5.542306
93.246315 5.558406
93.278698 5.395673
93.309939 5.311174
93.341176 5.280281
93.37246 5.395847
93.403788 5.324227
93.436223 5.213447
93.468641 5.379922
93.501152 5.091006
93.54367 5.219887
93.576128 5.372699
93.598295 5.363039
93.630635 4.984316
93.662929 5.086133
93.695307 5.253565
93.72782 5.127991
93.75008 5.057502
93.782454 5.034877
93.814788 4.807051
93.847234 5.548746
93.879811 5.091876
93.912195 4.308149
93.944517 4.507954
93.976881 4.626305
94.009253 4.567216
94.041695 4.542154
94.074124 4.555555
94.1065 4.595934
94.138944 5.356252
94.171403 5.28411
94.203832 5.577986
94.236358 5.792062
94.268823 5.870817
94.301334 5.986471
94.333821 5.986645
94.366299 6.181315
94.39877 5.683631
94.431239 5.875865
94.46371 5.898752
94.496237 6.118745
94.528683 5.876039
94.561082 5.908324
94.593495 6.089158
94.625882 6.097512
94.658287 5.834355
94.690659 5.465726
94.722987 5.619322
94.755321 4.081542
94.930418 4.321725
94.96172 4.593932
94.982803 4.697402
95.01405 4.704451
95.045343 4.829503
95.077727 4.495074
95.108919 4.471665
95.1402 4.490027
95.17156 4.55747
95.202875 4.585317
95.235376 4.563213
95.266716 4.326859
95.298026 4.334517
95.329378 4.33939
95.360721 4.205462
95.393136 4.102514
95.424466 0.796345
95.741551 1.026085
95.772899 0.920004
95.804283 1.04201
95.836721 1.293593
95.86807 1.413598
95.899364 1.559013
95.930589 1.646558
95.961997 1.772218
95.994428 1.896835
96.026876 3.672361
96.059254 3.148484
96.101908 3.497445
96.134332 3.893921
96.156519 3.916025
96.188917 4.07049
96.221395 4.048821
96.253832 3.739542
96.36804 4.526489
96.399433 4.553815
96.430762 4.95264
96.461972 5.085263
96.49335 5.096663
96.525746 5.657002
96.558136 5.729405
96.631448 6.55734
96.663858 6.647757
96.695223 6.196718
96.726529 6.204202
96.757918 6.226654
96.789234 6.192454
96.821609 6.027981
96.852959 5.735845
96.88432 5.760037
96.91566 5.831744
96.94706 5.872819
96.979477 5.87543
97.011921 5.916504
97.044365 5.752118
97.076745 5.755338
97.109316 5.847756
97.141702 5.831657
97.174129 4.902515
97.206559 4.671556
97.238982 4.785295
97.271346 4.732908
97.303707 5.112936
97.336129 6.301754
97.36858 6.479542
97.401001 5.889788
97.433542 4.61299
97.465948 4.776767
97.498445 4.934017
97.530787 6.171394
97.563176 6.20368
97.594457 6.392432
97.625783 6.574048
97.687692 6.817451
97.719057 5.843579
97.751515 5.409336
97.783929 5.504364
97.816395 7.262225
97.84869 7.705519
97.880075 7.749117
97.911331 7.941263
97.942653 5.322922
97.974006 5.582946
98.006416 5.78275
98.037735 6.935019
98.058841 7.717267
98.090171 8.028721
98.121566 8.283263
98.15409 8.501168
98.186547 7.142916
98.218922 7.652609
98.251253 10.436903
98.282524 10.458397
98.313812 10.618258
98.345067 11.411123
98.376369 7.777922
98.408802 7.994347
98.440134 8.245321
98.471419 8.383078
98.50266 8.651891
98.53402 8.989192
98.566541 9.296991
98.598901 9.271494
98.630221 9.206314
98.661536 9.511677
98.69283 9.917116
98.724176 10.379903
98.75683 10.396002
98.788118 10.432552
98.819389 10.275911
98.850674 10.642451
98.882016 6.660201
98.914393 6.897686
98.945771 8.009141
98.977077 9.850804
99.008411 9.632986
99.039747 9.677455
99.072134 9.76352
99.104522 9.925644
99.136957 9.663879
99.169421 9.309523
99.201866 9.486701
99.234307 9.454154
99.266807 9.431964
99.299266 9.422652
99.331672 9.552229
99.36413 9.789366
99.396561 9.983166
99.428926 7.527992
99.461345 8.163172
99.493819 10.252501
99.526259 10.449608
99.558776 10.277825
99.591135 9.642472
99.623506 8.06997
99.655883 8.084068
99.688291 8.080413
99.720657 8.398742
99.753063 8.720813
99.785571 9.120335
99.818105 9.149488
99.850551 8.420759
99.883011 8.139849
99.915436 9.423958
99.947846 6.92623
100.041556 6.876714
