7e-06 268.62
0.226546 271.774
0.257986 277.627
0.289316 282.818
0.320626 287.779
0.351918 291.936
0.384362 295.311
0.415738 302.517
0.447029 304.646
0.478306 306.638
0.509598 308.059
0.541918 306.74
0.573217 307.191
0.604485 307.356
0.635766 307.387
0.66699 306.912
0.699432 305.786
0.731768 304.33
0.763056 302.235
0.794355 295.887
0.825746 292.852
0.857047 285.873
0.88938 283.633
0.920673 285.706
0.951927 281.654
0.983205 279.64
1.014577 275.97
1.046973 275.912
1.078318 276.212
1.109644 275.981
1.140963 276.545
1.172295 276.03
1.204748 272.787
1.237161 269.348
1.268452 267.749
1.299703 266.749
1.330955 267.936
1.362297 266.081
1.394747 266.612
1.426115 269.134
1.457484 268.814
1.488804 269.441
1.520084 269.7
1.552517 269.823
1.584904 270.548
1.617289 269.965
1.649863 270.628
1.682246 270.246
1.71355 269.907
1.744836 272.161
1.776123 270.514
1.807398 271.484
1.839845 271.093
1.871147 269.751
1.902473 270.599
1.933791 269.676
1.965102 271.17
1.997467 270.351
2.028798 269.878
2.06002 272.257
2.091334 271.512
2.132834 271.001
2.165303 269.946
2.19661 269.967
2.227923 272.633
2.259285 274.762
2.290648 271.876
2.323103 271.135
2.354401 274.788
2.385687 277.38
2.416962 273.525
2.448279 272.69
2.480704 271.05
2.513091 269.122
2.545515 270.306
2.577866 272.268
2.610257 271.834
2.642705 271.2
2.675202 273.444
2.70764 273.167
2.740045 270.025
2.772447 271.885
2.80486 270.58
2.837324 271.978
2.869664 270.403
2.90205 270.233
2.934509 269.768
2.965831 271.814
2.997118 270.828
3.02845 269.447
3.059778 270.983
3.092184 270.574
3.124673 271.068
3.157118 271.463
3.189645 270.029
3.222127 271.675
3.254617 271.665
3.28712 270.29
3.319526 269.489
3.351919 269.653
3.384383 281.402
3.447541 271.75
3.479935 269.518
3.511255 269.773
3.542579 269.015
3.573949 270.326
3.605238 270.682
3.637742 270.702
3.66912 270.004
3.710691 268.815
3.742033 269.688
3.773396 268.777
3.805798 269.612
3.837046 270.575
3.868244 270.599
3.899584 272.856
3.930911 273.373
3.963383 269.048
3.994717 271.975
4.025989 267.751
4.05731 269.478
4.088667 270.74
4.121101 269.616
4.152374 269.144
4.18367 268.574
4.21499 272.818
4.246266 271.702
4.278667 269.121
4.309983 270.274
4.341262 271.865
4.372565 272.465
4.403946 269.291
4.436297 271.543
4.467615 271.097
4.498946 286.357
4.632508 323.587
4.663833 288.839
4.696229 285.634
4.727581 272.544
4.758897 271.246
4.790205 270.541
4.892984 271.866
4.925537 270.724
4.956872 270.849
4.988192 272.391
5.019598 271.717
5.050905 272.212
5.083353 268.435
5.11574 270.554
5.148151 268.259
5.180551 268.444
5.212934 270.849
5.245347 268.004
5.277679 269.144
5.310125 270.163
5.342523 268.836
5.374978 269.165
5.407457 271.084
5.439842 288.416
5.553983 337.788
5.585306 296.806
5.616569 277.503
5.647865 274.144
5.679138 272.206
5.711549 272.144
5.82454 269.906
5.855747 269.884
5.887079 270.952
5.918434 269.255
5.950839 269.634
5.982146 270.593
6.013505 269.617
6.044745 268.649
6.076004 268.055
6.108476 269.231
6.139788 270.039
6.171167 267.394
6.202516 267.87
6.233958 269.507
6.266465 273.08
6.298896 270.333
6.331243 269.214
6.363704 272.688
6.396073 269.307
6.428514 273.487
6.46089 274.246
6.493227 271.471
6.525662 269.499
6.558114 273.449
6.59054 272.791
6.62297 271.121
6.655448 269.246
6.686799 268.286
6.718072 269.439
6.749258 269.723
6.780642 271.662
6.813099 269.657
6.844477 271.319
6.875746 271.309
6.90706 272.838
6.938505 271.567
6.970904 276.96
7.003378 274.586
7.035946 271.486
7.068413 274.966
7.100865 268.952
7.133346 270.531
7.165749 273.742
7.198233 277.848
7.230673 276.688
7.263024 275.567
7.295587 274.363
7.328104 272.003
7.360615 273.493
7.393135 283.958
7.425621 279.852
7.456938 276.666
7.488247 282.27
7.519581 276.425
7.55093 274.834
7.583413 281.95
7.615869 283.225
7.648292 286.881
7.680811 293.26
7.713363 280.702
7.745837 276.011
7.778254 278.65
7.810789 279.029
7.843207 274.105
7.875567 281.173
7.907942 277.373
7.940318 275.516
7.972743 275.345
8.005143 289.996
8.036457 293.339
8.067766 297.141
8.099071 303.461
8.130363 305.401
8.162743 300.341
8.195122 293.899
8.227513 292.68
8.259967 281.323
8.282219 278.429
8.314605 283.644
8.347069 278.87
8.379534 277.709
8.412061 282.564
8.444358 282.743
8.476838 282.972
8.509179 291.401
8.541678 289.683
8.574282 288.236
8.606775 287.663
8.639262 289.123
8.671789 290.355
8.704281 295.953
8.735669 281.351
8.766957 276.498
8.79826 284.513
8.829588 286.159
8.862051 283.754
8.893381 286.425
8.924633 465.878
9.160213 479.602
9.242527 544.929
9.274962 560.197
9.306275 563.226
9.337577 581.193
9.368901 581.368
9.400259 584.513
9.432771 596.462
9.465168 609.254
9.497673 502.771
9.530053 415.458
9.562541 379.192
9.62562 361.079
9.657995 329.644
9.690463 284.141
9.722858 285.74
9.755312 284.78
9.787746 281.815
9.820181 287.293
9.852727 284.073
9.885244 284.689
9.917693 286.017
9.950214 289.209
9.982743 296.361
10.015181 280.455
10.047557 284.215
10.08013 297.273
10.11252 302.116
10.145035 318.165
10.167284 331.147
10.199696 336.107
10.232241 329.541
10.26467 311.609
10.297051 316.895
10.329492 324.217
10.360828 339.117
10.392116 352.634
10.423473 364.801
10.454838 377.613
10.487385 393.333
10.518803 350.557
10.550214 347.448
10.581612 347.871
10.612991 349.357
10.645537 362.14
10.678052 369.323
10.710595 378.881
10.814501 352.369
10.845869 352.004
10.87719 381.173
10.908577 378.874
10.939929 392.169
10.972553 397.717
11.003887 398.593
11.035293 406.774
11.06661 420.263
11.097974 409.349
11.13047 426.409
11.161816 444.015
11.19318 443.282
11.2246 466.314
11.255968 476.309
11.28854 467.685
11.319894 457.005
11.698595 385.068
11.72994 337.156
11.761365 319.243
11.793933 304.423
11.825252 279.623
11.856662 274.384
11.887972 275.214
11.91935 275.691
11.9518 278.077
11.984251 278.472
12.016787 276.78
12.059383 271.936
12.091788 276.245
12.12428 289.217
12.156668 283.088
12.189136 283.79
12.221666 289.866
12.254161 296.111
12.286549 303.2
12.319001 306.68
12.351416 306.05
12.383913 313.747
12.416326 316.711
12.448796 318.214
12.481217 291.145
12.513673 279.682
12.54609 278.38
12.578513 278.54
12.610877 286.264
12.643312 279.105
12.675818 278.041
12.708266 279.363
12.740636 273.75
12.763002 272.074
12.795428 272.61
12.827853 272.417
12.860334 276.324
12.892864 289.378
12.92523 293.937
12.957663 297.676
12.990123 298.956
13.022604 305.534
13.055046 292.37
13.087504 294.202
13.11993 295.898
13.152397 293.403
13.184786 294.274
13.216115 294.96
13.247481 282.86
13.278789 285.366
13.310156 285.84
13.342606 289.593
13.373923 290.187
13.405209 290.046
13.43657 300.484
13.467854 301.459
13.500319 299.842
13.531659 300.204
13.563011 278.484
13.594283 279.588
13.625615 289.48
13.658047 294.369
13.6905 300.352
13.721827 311.612
13.753196 317.407
13.78452 320.255
13.815834 307.977
13.848154 292.826
13.879417 284.448
13.910628 281.269
13.941955 287.092
13.973135 291.094
14.005536 292.236
14.037883 309.361
14.070268 302.573
14.102736 286.443
14.134002 286.608
14.165403 285.896
14.196723 290.769
14.228067 295.285
14.260554 307.107
14.291888 311.326
14.32318 316.748
14.354486 299.218
14.385862 292.101
14.41828 290.934
14.450633 301.273
14.483073 303.736
14.515553 306.102
14.547941 312.168
14.580413 298.005
14.612899 282.006
14.645342 287.502
14.677755 287.417
14.710204 294.773
14.742682 299.791
14.774954 319.397
14.807275 319.304
14.839739 318.925
14.872119 299.933
14.90456 291.3
14.937012 299.729
14.969489 312.53
15.002022 313.431
15.034488 314.666
15.066985 295.193
15.09945 290.515
15.131878 293.177
15.164266 300.536
15.196575 326.138
15.228967 335.393
15.261355 350.25
15.29377 369.623
15.326268 401.236
15.3587 418.807
15.391157 434.56
15.423691 447.269
15.456169 451.824
15.488658 398.506
15.521053 384.693
15.553594 386.299
15.586138 400.135
15.618578 403.889
15.650991 405.735
15.683489 451.073
15.899843 478.174
15.931146 489.581
15.96245 500.57
15.993802 498.656
16.025173 398.588
16.047402 397.675
16.0798 408.553
16.111292 398.836
16.142582 399.158
16.174127 409.313
16.205752 402.996
16.238194 385.996
16.667536 349.099
16.698864 289.033
16.73011 281.579
16.761419 279.379
16.793762 280.517
16.825123 273.292
16.856451 270.327
16.887817 270.446
16.919108 273.188
16.951512 272.311
16.982854 275.245
17.014112 278.638
17.045416 277.013
17.107473 274.722
17.139871 274.326
17.171184 269.101
17.202541 270.968
17.233854 270.239
17.26515 269.431
17.297585 268.456
17.328861 269.213
17.360231 268.77
17.391341 270.143
17.422547 267.514
17.454994 267.461
17.486265 267.159
17.517595 267.125
17.548884 267.741
17.580223 268.268
17.61264 269.87
17.643982 271.768
17.675243 269.724
17.706566 268.682
17.737971 268.866
17.770448 273.819
17.801828 273.979
17.833031 271.982
17.864285 269.394
17.895452 270.705
17.938085 268.29
17.969487 267.256
18.000759 269.959
18.032121 271.914
18.063464 273.243
18.09589 274.605
18.127207 278.095
18.158519 272.939
18.189889 272.443
18.22124 275.076
18.253744 294.206
18.286235 310.01
18.318743 315.637
18.351098 345.993
18.383486 355.867
18.415863 361.992
18.448374 373.827
18.480772 376.581
18.513111 383.892
18.545553 392.142
18.577999 308.788
18.610448 299.588
18.642922 308.693
18.675359 313.321
18.706704 318.792
18.738021 327.543
18.769407 334.015
18.800716 292.538
18.833178 287.431
18.86451 295.138
18.895825 307.407
18.927111 320.18
18.958415 336.299
18.990811 348.75
19.022175 363.994
19.053582 372.3
19.084902 353.491
19.116252 307.695
19.148664 314.376
19.181117 319.87
19.213598 328.158
19.246014 339.984
19.278485 343.721
19.310948 303.409
19.343371 281.826
19.375883 279.85
19.408334 284.49
19.440816 294.701
19.473181 315.882
19.505656 321.807
19.538062 326.233
19.570501 328.674
19.602997 302.828
19.635484 303.165
19.667958 312.982
19.700441 316.606
19.733037 337.957
19.765643 342.06
19.798144 369.749
19.830657 369.666
19.86305 355.964
19.895488 351.636
19.927921 357.198
19.960448 362.095
19.992873 372.414
20.025466 382.74
20.057911 389.186
20.100576 424.538
20.133072 441.691
20.165552 448.223
20.197935 381.676
20.230395 375.329
20.2629 373.28
20.295212 378.506
20.327613 387.184
20.360024 389.835
20.392452 398.079
20.424836 418.456
20.457304 361.353
20.4898 328.135
20.522367 315.825
20.55496 312.835
20.587426 321.541
20.619878 321.917
20.652265 298.585
20.684587 292.538
20.716979 465.592
20.943431 456.807
20.974725 463.921
21.005991 451.547
21.037328 443.51
21.068613 445.251
21.101037 452.89
21.132363 462.161
21.163706 474.77
21.195025 485.131
21.226375 511.46
21.258768 531.397
21.290006 485.382
21.321261 345.336
21.35257 321.919
21.383929 316.117
21.416395 320.412
21.44763 320.223
21.478945 327.84
21.510198 338.48
21.541594 351.535
21.574001 342.624
21.606444 313.746
21.637727 311.457
21.669115 316.921
21.700401 322.229
21.731712 341.098
21.764142 361.434
21.796527 372.951
21.82905 394.421
21.861741 396.99
21.894203 355.521
21.926633 331.051
21.958889 337.572
21.990104 342.826
22.021422 361.439
22.052679 370.94
22.083935 402.429
22.116288 411.331
22.147603 425.197
22.178912 335.455
22.210198 327.663
22.241526 329.266
22.273994 334.412
22.306321 346.155
22.33885 359.865
22.371227 364.924
22.403641 351.643
22.434971 317.236
22.466289 310.116
22.497638 306.262
22.528941 311.247
22.561415 314.808
22.593792 321.242
22.626367 334.475
22.657652 340.45
22.688918 432.0
22.791594 396.274
22.822847 376.489
22.855223 377.771
22.887537 377.09
22.919816 415.975
22.972542 413.654
23.003857 396.482
23.065737 318.161
23.097139 287.07
23.128373 281.228
23.160776 286.253
23.193138 283.807
23.225654 278.99
23.258037 285.922
23.290489 275.985
23.322921 275.708
23.355376 273.28
23.387869 284.584
23.420307 291.416
23.452739 312.441
23.485204 322.715
23.517714 331.223
23.550252 345.464
23.582747 363.177
23.61527 372.781
23.647799 383.182
23.680306 317.044
23.71269 289.97
23.745085 289.022
23.776401 293.733
23.807703 296.602
23.839072 297.161
23.870423 301.831
23.90284 298.21
23.955825 290.811
23.98716 286.451
24.018589 295.226
24.04989 298.108
24.081219 324.609
24.113643 325.539
24.144856 330.924
24.176247 337.074
24.20762 340.004
24.238983 324.649
24.281687 299.16
24.314054 297.819
24.346426 303.249
24.378767 312.097
24.411032 312.466
24.443469 298.917
24.475854 285.852
24.508214 282.252
24.540626 279.346
24.573047 280.454
24.605603 303.187
24.638023 296.044
24.670495 283.875
24.702916 285.604
24.735355 288.633
24.767747 289.104
24.800043 291.385
24.832502 291.366
24.864995 292.681
24.897391 289.632
24.940025 280.341
24.972323 285.286
25.004631 286.904
25.037102 290.244
25.06953 296.358
25.102013 302.477
25.134426 303.271
25.16692 298.86
25.219777 297.278
25.252183 302.972
25.284616 311.176
25.317061 340.13
25.349544 350.533
25.381994 362.105
25.414291 372.782
25.446672 381.464
25.479027 389.155
25.511438 403.448
25.543784 415.299
25.576191 431.291
25.608566 387.701
25.640975 343.528
25.673375 327.117
25.705814 328.968
25.738292 339.497
25.760459 334.577
25.792891 344.028
25.825303 347.523
25.857633 347.296
25.889994 356.452
25.953024 386.833
25.984333 411.6
26.01566 379.935
26.046957 379.394
26.078303 383.747
26.110673 395.225
26.143051 405.458
26.175479 419.038
26.207757 426.718
26.240063 451.003
26.27239 445.549
26.304794 448.932
26.337278 455.961
26.369703 457.807
26.402257 470.202
26.434737 515.442
26.46723 541.159
26.499715 553.067
26.532177 509.67
26.564612 462.279
26.595924 448.462
26.627268 452.993
26.658554 455.835
26.689904 458.515
26.722416 464.615
26.753786 486.478
26.785114 488.794
26.816467 488.972
26.847876 392.852
26.88029 360.077
26.91271 351.395
26.945094 370.821
26.987886 372.233
27.019322 372.745
27.050792 353.837
27.082104 312.859
27.113462 294.553
27.145908 290.485
27.17837 296.245
27.210926 293.137
27.243382 305.948
27.275744 319.66
27.308207 313.872
27.361197 291.938
27.393716 296.77
27.426209 306.945
27.458942 322.227
27.491428 333.955
27.523987 343.649
27.556531 350.29
27.589068 318.502
27.621554 312.906
27.654129 312.523
27.686672 316.878
27.719341 314.131
27.751868 308.011
27.794722 288.368
27.817152 283.593
27.849988 288.721
27.882649 297.117
27.915413 322.419
27.947995 333.022
27.9806 343.026
28.013076 350.111
28.045573 354.569
28.078037 358.078
28.110511 358.985
28.143136 347.42
28.175621 340.805
28.208081 326.943
28.240591 330.639
28.273141 345.814
28.305652 348.484
28.338124 352.453
28.370742 360.722
28.403369 363.529
28.435854 349.54
28.46836 342.599
28.500858 360.101
28.533365 361.574
28.565835 369.258
28.598417 336.868
28.630895 293.92
28.663406 283.474
28.696047 280.75
28.728637 278.371
28.761292 280.773
28.793824 284.862
28.826325 286.079
28.858892 284.829
28.90168 287.554
28.934197 300.066
28.966958 318.154
28.999554 330.189
29.031986 335.889
29.064504 342.051
29.097079 354.473
29.129716 360.065
29.162165 309.332
29.194718 289.617
29.227204 288.71
29.259602 291.469
29.292371 290.658
29.324877 287.426
29.377778 289.692
29.410251 297.157
29.442844 300.631
29.475658 315.114
29.508343 348.383
29.540777 360.595
29.5734 368.913
29.60589 385.435
29.638337 392.682
29.670961 405.293
29.703344 422.057
29.735862 430.824
29.768364 395.464
29.800837 319.384
29.833385 295.771
29.86594 295.369
29.898549 302.732
29.931097 301.912
29.963679 295.142
29.996107 294.115
30.028527 291.837
30.061046 282.007
30.093501 283.918
30.12612 304.928
30.158617 308.618
30.191028 313.992
30.223488 321.958
30.256141 345.572
30.288616 356.582
30.320979 360.709
30.353533 337.058
30.386174 340.646
30.418704 354.816
30.451288 364.615
30.483748 368.955
30.516211 350.319
30.548723 290.91
30.581318 280.327
30.603676 280.34
30.636244 292.434
30.668784 291.111
30.701458 291.768
30.734163 292.323
30.766847 360.14
30.89145 388.614
30.922817 402.16
30.954216 402.862
30.985676 411.191
31.017198 420.532
31.049688 424.881
31.081019 424.95
31.112459 461.916
31.143928 453.91
31.175357 287.687
31.20784 286.027
31.239259 286.661
31.270634 294.299
31.30198 285.393
31.333364 283.109
31.530191 283.373
31.561556 295.404
31.592981 311.687
31.624346 322.312
31.655791 336.67
31.688333 349.645
31.71972 356.167
31.751069 370.501
31.78239 380.085
31.813738 394.728
31.84626 405.179
31.877826 410.043
31.909309 392.012
31.940787 300.892
31.972209 291.489
32.005003 297.54
32.036415 306.463
32.067788 320.025
32.099117 331.528
32.130427 338.438
32.162989 371.038
32.194437 376.049
32.225831 380.768
32.257197 366.346
32.29884 314.349
32.331333 306.079
32.362682 312.356
32.394065 329.358
32.425462 348.747
32.456838 363.694
32.489429 387.987
32.520851 396.88
32.55219 404.225
32.583552 436.736
32.614915 455.86
32.647477 370.319
32.678792 345.696
32.710293 345.333
32.741801 354.899
32.762986 364.012
32.795498 388.664
32.826807 399.907
32.858274 395.256
32.889613 322.195
32.920978 304.637
32.953491 299.513
32.986282 313.746
33.01883 319.425
33.051422 343.325
33.083898 360.198
33.126783 380.517
33.159351 560.167
33.375941 588.112
33.509365 649.802
33.540783 656.65
33.57212 675.002
33.603484 682.711
33.635999 722.755
33.667381 733.447
33.698693 332.412
33.730152 296.615
33.781991 275.67
33.814465 278.838
33.845837 277.521
33.8771 286.819
33.908459 271.731
33.93981 273.139
34.054131 270.629
34.085547 281.055
34.157902 309.305
34.189303 333.304
34.220711 342.746
34.253173 342.859
34.284501 333.511
34.315784 290.882
34.347168 271.4
34.378528 268.873
34.411037 273.877
34.442415 287.419
34.473722 295.638
34.505086 306.277
34.53646 307.524
34.568928 298.065
34.600262 303.326
34.641801 289.674
34.673127 283.549
34.704606 286.299
34.737221 307.755
34.769652 321.762
34.802004 332.799
34.834492 337.153
34.866952 336.149
34.89946 343.019
34.93188 347.487
34.96325 350.91
34.99459 310.051
35.02595 305.227
37.373459 270.02
37.406093 269.858
37.437448 269.016
37.468891 268.863
37.500203 267.602
37.531475 270.426
37.563887 273.999
37.595205 269.927
37.626553 268.544
37.657959 269.676
37.689295 270.625
37.721791 291.246
37.753143 306.751
37.784426 335.907
37.815692 359.364
37.847033 388.427
37.87949 409.584
37.910783 429.619
37.942166 456.43
37.973514 483.175
38.004956 535.18
38.047736 545.685
38.080238 461.281
38.112677 371.633
38.145184 356.189
38.177597 357.455
38.209965 362.523
38.24244 376.831
38.274878 394.95
38.295921 414.76
38.327236 325.585
38.358417 308.504
38.389804 307.725
38.42225 311.415
38.453593 319.575
38.484905 324.846
38.516211 335.535
38.547603 343.158
38.580082 307.214
38.611402 290.276
38.642725 291.746
38.674116 296.962
38.705527 304.901
38.737977 322.851
38.770415 328.713
38.802958 309.01
38.835387 298.353
38.866604 295.753
38.897869 298.691
38.929178 310.561
38.960565 329.538
38.993076 339.464
39.024387 362.831
39.055644 369.384
39.086901 350.648
39.118207 346.264
39.150596 347.227
39.182903 354.564
39.214964 356.719
39.247381 353.336
39.279724 297.232
39.311978 293.542
39.344368 285.31
39.376826 277.384
39.409252 278.906
39.441685 281.328
39.47409 280.271
39.526905 284.325
39.558231 288.447
39.589541 293.432
39.620831 303.199
39.65216 312.653
39.684514 319.497
39.715846 328.644
39.747169 340.144
39.768298 350.404
39.799631 354.215
39.832193 321.619
39.863552 301.025
39.89487 303.013
39.926153 308.481
39.957527 320.739
39.98991 321.481
40.021246 322.934
40.052602 323.236
40.083912 320.936
40.115303 313.945
40.168197 283.61
40.200608 274.099
40.233098 275.669
40.265601 282.735
40.298043 285.48
40.330624 286.724
40.363026 302.817
40.395403 310.392
40.427796 310.92
40.460183 292.874
40.492599 295.237
40.524952 299.139
40.557388 312.664
40.589795 318.453
40.622222 318.909
40.654627 321.695
40.686972 322.757
40.709165 326.208
40.741659 303.261
40.774102 301.914
40.806626 299.514
40.838974 302.236
40.871473 314.786
40.903883 320.365
40.936302 324.675
40.968729 320.88
41.001163 305.339
41.033488 302.995
41.065937 309.173
41.098416 309.941
41.13077 330.649
41.275295 366.166
41.306617 368.361
41.337938 367.141
41.369235 371.321
41.400682 369.485
41.433207 375.34
41.464549 380.194
41.495842 401.875
41.527145 408.747
41.558515 417.458
41.590985 398.671
41.87734 308.983
41.908717 278.944
41.940076 273.146
41.971402 271.924
42.003914 271.017
42.035235 270.156
42.066551 269.449
42.097914 277.889
42.129297 274.346
42.161819 282.126
42.193141 295.341
42.224466 309.92
42.255843 334.648
42.287181 364.169
42.319666 391.179
42.350933 411.012
42.382235 356.575
42.4135 316.039
42.444743 310.712
42.477151 320.52
42.50845 335.633
42.539751 357.952
42.571021 364.311
42.602358 341.364
42.634866 309.49
42.666216 301.733
42.697593 314.754
42.728874 321.319
42.760174 325.868
42.792576 340.834
42.823817 358.891
42.855069 378.791
42.886316 384.65
42.917675 398.085
42.950141 433.291
42.981374 363.773
43.012628 350.554
43.043961 350.926
43.07531 360.43
43.107806 381.667
43.139096 397.882
43.170398 412.404
43.201751 432.059
43.233054 451.892
43.265533 349.798
43.296859 331.523
43.328215 337.645
43.359517 361.148
43.390831 369.524
43.423161 386.316
43.454455 398.465
43.485819 345.78
43.517107 331.637
43.548416 331.057
43.580858 326.862
43.613314 326.815
43.644659 351.52
43.675909 364.163
43.707171 374.582
43.738557 317.947
43.771028 300.842
43.802247 301.171
43.83355 311.276
43.864815 316.166
43.896193 334.527
43.928566 353.954
43.959822 311.76
43.99108 304.604
44.022397 304.97
44.053759 322.274
44.08624 332.622
44.117687 342.268
44.149033 353.074
44.180393 374.322
44.211694 387.496
44.244148 399.64
44.27655 350.857
44.309065 333.065
44.340405 341.317
44.371722 353.778
44.403063 367.487
44.434444 374.807
44.466894 403.294
44.499332 416.413
44.531772 369.432
44.564253 349.944
44.596726 337.495
44.629099 437.181
44.794211 373.629
44.825553 322.365
44.856807 325.669
44.898247 338.645
44.929539 338.671
44.96186 348.119
44.993118 349.682
45.01418 347.312
45.045473 336.975
45.076728 300.69
45.109154 282.464
45.140463 282.709
45.171725 287.805
45.203003 285.768
45.234277 284.22
45.266827 287.227
45.29916 302.141
45.331569 300.645
45.363863 305.074
45.39625 319.285
45.428639 322.813
45.461014 330.856
45.492271 349.91
45.523474 335.429
45.554676 330.434
45.585955 341.654
45.61838 358.63
45.64973 369.965
45.680976 377.403
45.701992 385.075
45.733331 387.248
45.76578 362.604
45.798154 307.59
45.830313 300.559
45.862749 303.458
45.894071 316.503
45.925313 315.412
45.956548 300.303
45.9878 289.021
46.020187 282.622
46.052594 279.265
46.084954 280.639
46.117314 290.612
46.149692 288.359
46.212749 288.734
46.245222 290.705
46.277554 303.541
46.310068 307.427
46.342403 314.11
46.374838 316.713
46.407255 368.374
46.480439 364.994
46.512787 363.036
46.544058 364.911
46.575399 370.105
46.606694 372.691
46.637999 334.911
46.670536 324.455
46.70293 326.915
46.73518 328.404
46.767607 327.925
46.799928 330.472
46.832206 316.226
46.864634 289.919
46.896916 289.196
46.929484 283.135
46.961907 282.162
46.994376 282.176
47.026846 278.139
47.059147 278.035
47.091549 283.129
47.123874 286.339
47.156349 284.355
47.188672 288.358
47.221024 307.496
47.253453 317.277
47.285899 323.347
47.318342 335.806
47.350774 342.224
47.383186 349.406
47.415551 325.65
47.447898 290.864
47.480321 281.724
47.512807 283.534
47.545156 280.264
47.577591 279.764
47.640644 279.778
47.673056 277.003
47.705469 277.152
47.73785 289.161
47.77019 303.682
47.802542 307.259
47.834876 321.79
47.867221 326.685
47.899601 333.732
47.931985 288.825
47.964383 283.254
47.996752 286.961
48.029113 294.445
48.061523 300.864
48.093951 304.59
48.126307 311.234
48.158658 302.624
48.191042 285.008
48.223553 284.567
48.25605 297.883
48.288522 301.709
48.320934 305.079
48.353307 315.834
48.385702 317.899
48.418068 295.994
48.450546 285.5
48.483016 282.44
48.515522 282.685
48.548008 284.193
48.570261 291.465
48.602753 288.135
48.645456 288.432
48.66756 285.31
48.699954 280.25
48.732324 279.412
48.764744 289.264
48.797058 290.056
48.829324 292.082
48.861694 280.82
48.894013 280.881
48.926321 282.691
48.958713 289.755
48.991066 298.67
49.023436 289.0
49.055818 290.383
49.088215 296.907
49.120635 299.772
49.153028 319.669
49.185458 328.096
49.217772 333.121
50.100524 444.859
50.132947 370.83
50.164252 321.317
50.195505 296.083
50.226802 274.498
50.258105 276.331
50.290533 275.83
50.321857 273.748
50.353131 273.864
50.384416 274.111
50.415698 271.985
50.448226 277.094
50.479475 288.828
50.510675 297.018
50.541982 306.333
50.573338 310.857
50.605742 326.041
50.638266 332.589
50.669568 339.322
50.700881 306.997
50.73218 291.412
50.763442 294.503
50.795807 323.605
50.837368 335.053
50.868703 349.587
50.899942 361.858
50.931157 335.499
50.953354 305.195
50.984616 305.66
51.015877 329.533
51.04717 346.513
51.078504 358.244
51.110918 376.284
51.142268 398.393
51.173591 426.174
51.204842 409.032
51.236104 343.796
51.268524 340.65
51.299808 353.682
51.331072 368.008
51.362421 396.646
51.393645 407.387
51.426088 439.434
51.457386 412.856
51.488655 358.177
51.519996 357.222
51.551331 370.06
51.583824 383.872
51.615119 396.456
51.646425 421.653
51.677705 428.297
51.709013 370.974
51.741404 354.176
51.772706 358.694
51.803926 359.48
51.835268 360.874
51.866591 300.356
51.899014 295.604
51.930325 302.687
51.961705 323.079
51.993045 336.093
52.024401 328.593
52.087374 296.081
52.118682 299.743
52.149952 314.041
52.181318 326.129
52.212552 343.623
52.244947 356.669
52.276277 349.928
52.307626 318.428
52.338942 316.699
52.370292 323.018
52.402812 324.885
52.434172 312.152
52.485878 286.997
52.517302 291.475
52.548671 297.909
52.581252 308.325
52.612466 324.841
52.643752 340.713
52.675041 353.579
52.706395 343.387
52.769396 310.991
52.800659 307.249
52.83194 319.739
52.863204 333.757
52.89454 344.809
52.926927 356.191
52.958231 369.836
52.98963 370.292
53.020965 388.173
53.052381 373.285
53.084844 316.743
53.116185 299.599
53.147548 305.951
53.178841 306.261
53.210139 299.658
53.242602 301.213
53.273952 311.602
53.305253 322.202
53.336587 322.45
53.367898 306.637
53.40035 289.967
53.431712 296.012
53.46292 306.054
53.494228 306.882
53.525567 304.132
53.557929 300.39
53.589185 305.431
53.62044 300.352
53.682418 287.473
53.713821 287.631
53.74623 307.59
53.777568 314.971
53.808876 309.048
53.840154 307.268
53.871546 314.626
53.903968 315.489
53.93532 322.14
53.966603 326.234
53.997879 304.25
54.029208 298.413
54.061668 298.809
54.092977 301.824
54.124257 307.427
54.155567 314.748
54.186906 328.941
54.219337 358.244
54.250614 369.716
54.281973 370.294
54.313298 312.938
54.344656 299.154
54.377 301.339
54.409541 305.546
54.441971 314.101
54.474452 321.302
54.506981 531.567
54.69244 537.963
54.723771 560.865
54.755106 562.798
54.786451 589.76
54.807511 464.389
54.83988 477.731
54.871193 485.879
54.902486 502.111
54.933803 505.241
54.965126 516.875
54.99756 534.885
55.028898 544.173
55.060206 555.074
55.091458 557.482
55.122788 588.088
55.155241 579.202
55.728566 548.489
55.759875 512.323
55.791202 329.512
55.812238 333.615
55.853816 324.346
55.886314 306.801
55.91767 295.085
55.949019 270.326
55.980322 270.194
56.011645 269.302
56.044053 276.31
56.075461 281.714
56.188604 294.669
56.219902 306.873
56.251272 301.747
56.406505 287.639
56.437931 293.979
56.469234 305.112
56.500559 315.838
56.531894 326.319
56.564358 503.982
56.748858 498.147
56.780106 557.723
57.005464 583.014
57.036776 569.619
57.069209 560.956
57.110722 524.878
57.141986 512.292
57.173367 428.148
57.204678 382.393
57.237044 364.842
57.268391 338.25
57.289477 282.845
57.320814 272.36
57.35213 270.675
57.384526 273.443
57.416928 275.318
57.449462 276.876
57.48082 277.389
57.502016 271.996
57.533339 272.668
57.564779 287.751
57.597411 286.957
57.629789 282.594
57.661144 290.632
57.692477 304.916
57.723823 306.859
57.744918 291.101
57.777408 296.163
57.808706 306.518
57.840002 316.785
57.871333 337.233
57.90268 343.19
57.93515 318.732
57.977943 300.613
58.010347 302.137
58.042732 311.252
58.075274 337.539
58.107696 348.431
58.14003 356.757
58.172486 310.317
58.204943 295.492
58.237425 299.431
58.269924 309.166
58.302406 317.945
58.334936 305.972
58.367379 293.206
58.399882 290.238
58.432445 291.094
58.464803 297.65
58.49733 317.02
58.529796 323.151
58.562242 333.559
58.594643 340.303
58.627073 341.556
58.659432 318.66
58.691885 301.567
58.724333 295.985
58.756756 297.518
58.789162 304.386
58.821641 305.087
58.854119 287.55
58.876364 285.326
58.908795 286.552
58.941162 285.663
58.973615 289.053
59.005978 296.586
59.038434 290.221
59.070933 282.476
59.103331 290.564
59.135757 294.693
59.168184 299.877
59.200555 316.58
59.233026 324.256
59.265508 293.516
59.298044 293.651
59.330602 293.954
59.362993 299.032
59.39539 308.705
59.42779 315.373
59.460115 311.606
59.513017 302.135
59.544225 305.894
59.575573 312.272
59.60681 323.451
59.638082 329.694
59.670341 332.378
59.701633 336.948
59.732901 349.799
59.764267 482.555
59.866895 345.321
59.899291 362.326
59.930594 363.913
59.962198 377.185
59.993553 386.185
60.024897 400.227
60.047137 395.64
60.078488 398.731
60.109832 382.272
60.314952 368.211
60.336066 361.779
60.368399 329.164
60.399791 326.305
60.431131 339.43
60.462493 359.732
60.493916 384.268
60.52633 410.549
60.55765 427.052
60.588958 439.611
60.620228 461.501
60.651526 479.033
60.683908 492.256
60.715167 501.107
60.746466 529.398
60.777785 552.615
60.809111 568.129
60.84155 332.288
60.87287 316.198
60.904113 320.454
60.935472 331.951
60.966786 347.688
60.999188 357.348
61.030482 362.125
61.061762 301.409
61.093001 291.873
61.124313 293.903
61.156828 298.786
61.188158 306.805
61.219437 321.048
61.250704 339.746
61.281991 322.522
61.314384 296.7
61.345663 299.124
61.376955 311.657
61.408283 326.857
61.439665 343.664
61.472097 355.309
61.503416 320.801
61.534742 298.591
61.566053 300.685
61.597482 296.204
61.629959 295.611
61.661362 303.275
61.692678 305.006
61.723975 302.324
61.786032 292.423
61.818519 298.288
61.850968 315.941
61.883383 326.209
61.915776 329.655
61.94804 344.175
61.980531 346.21
62.012861 342.311
62.045313 345.868
62.077718 369.01
62.110117 395.465
62.142604 409.226
62.175051 370.847
62.207433 325.924
62.239844 317.666
62.272248 331.25
62.304504 341.616
62.33692 349.151
62.369346 359.645
62.401816 384.769
62.434337 380.176
62.466794 337.732
62.498157 310.51
62.529619 310.653
62.560958 320.176
62.592306 329.704
62.624709 334.062
62.657122 338.101
62.688395 306.2
62.719769 294.11
62.751083 293.798
62.782435 305.17
62.835309 334.314
62.867687 349.007
62.900027 360.833
62.932541 364.539
62.964952 372.455
62.99741 317.928
63.029764 297.008
63.062185 300.885
63.094616 300.355
63.127194 298.086
63.159649 294.012
63.212563 277.174
63.244997 275.947
63.277398 281.253
63.309719 283.063
63.342152 285.621
63.374551 289.773
63.406967 291.164
63.439248 288.916
63.502252 277.842
63.533516 277.529
63.564717 283.288
63.596059 295.911
63.627293 305.928
63.65968 318.128
63.690949 325.713
63.722271 329.092
63.753544 331.167
63.784865 316.126
63.817257 286.987
63.84858 285.221
63.879782 290.399
63.911059 296.422
63.942343 294.76
63.974748 294.166
64.006002 300.055
64.037294 307.143
64.068553 298.151
64.130503 284.591
64.162908 283.482
64.195347 282.075
64.227773 278.086
64.260286 275.021
64.292714 278.951
64.325053 278.926
64.357715 277.845
64.390182 276.338
64.443114 275.715
64.475544 278.145
64.507964 286.63
64.540357 292.582
64.572812 297.587
64.605211 309.464
64.637621 315.708
64.670079 317.208
64.702462 318.84
64.734933 373.887
64.889737 376.467
64.922102 395.976
64.95335 401.801
64.984565 409.849
65.015788 410.814
65.047035 424.509
65.079308 428.502
65.110543 434.07
65.141852 470.2
65.173073 470.13
65.204333 446.072
65.481657 365.006
65.502757 321.9
65.534025 324.017
65.565232 332.117
65.59649 345.391
65.628922 376.79
65.660174 405.052
65.69148 428.003
65.72274 451.578
65.754011 465.828
65.786444 492.388
65.817768 497.427
65.849075 521.35
65.880326 548.245
65.911525 561.422
65.943758 569.01
65.975017 592.976
66.006206 626.794
66.03741 598.822
66.068674 417.701
66.090803 366.113
66.122009 370.363
66.153207 387.966
66.184474 402.978
66.215781 408.655
66.248236 419.723
66.279454 387.481
66.310692 332.458
66.342018 316.57
66.373351 324.06
66.405664 344.682
66.436877 352.051
66.468067 373.748
66.499373 392.201
66.530564 414.875
66.563043 409.044
66.594312 371.527
66.625607 369.768
66.656878 383.165
66.698375 397.886
66.730815 420.626
66.762029 388.615
66.793339 369.782
66.824549 374.901
66.855836 383.12
66.88821 398.537
66.919463 420.063
66.950763 440.543
66.982048 459.642
67.023789 488.223
67.05603 521.886
67.08726 563.155
67.118502 478.593
67.149785 429.31
67.181038 419.26
67.203222 432.994
67.234456 445.438
67.265739 456.958
67.297046 461.934
67.328366 398.688
67.360786 316.642
67.393254 287.321
67.425664 278.588
67.457976 281.213
67.489214 289.656
67.520466 293.648
67.551731 295.861
67.582997 292.053
67.615401 287.234
67.647756 288.255
67.678998 298.227
67.710321 313.473
67.741636 327.263
67.762604 337.135
67.795008 350.462
67.826231 361.678
67.85745 362.041
67.88873 333.991
67.919993 301.47
67.952413 294.598
67.983698 296.5
68.014985 318.937
68.046244 322.768
68.077514 328.204
68.110036 333.979
68.14241 331.424
68.174798 320.801
68.207187 314.256
68.239643 319.056
68.271985 336.167
68.304406 344.12
68.336781 366.705
68.369225 373.438
68.401731 392.908
68.434164 423.186
68.466578 437.881
68.499047 455.021
68.531434 416.746
68.563815 404.982
68.596216 413.922
68.628534 424.071
68.660903 439.458
68.693427 453.75
68.725787 404.778
68.758207 367.695
68.790648 365.152
68.823112 373.387
68.855413 374.002
68.887768 381.231
68.920088 384.257
68.952415 403.356
68.984742 405.884
69.017165 425.754
69.049586 421.657
69.081981 389.802
69.114403 386.024
69.146844 388.548
69.179297 393.25
69.211693 403.32
69.244104 425.96
69.276553 435.616
69.308901 442.306
69.341485 456.135
69.373923 382.2
69.406292 370.66
69.438677 370.845
69.471093 376.26
69.503529 379.341
69.535932 397.481
69.568296 409.865
69.600661 413.517
69.633006 420.754
69.665466 440.411
69.78978 412.503
69.822146 418.755
69.853463 428.718
69.884794 298.688
69.916093 296.363
69.947449 295.014
69.979844 280.96
70.011129 288.755
70.042368 292.8
70.073589 295.231
70.10489 290.826
70.371721 288.527
70.404172 275.955
70.435423 274.461
70.466639 278.908
70.49791 279.151
70.529101 281.194
70.561543 307.842
70.684579 368.098
70.71589 378.731
70.747159 379.95
70.778335 388.011
70.810596 384.782
70.841829 365.666
70.862885 413.24
70.96564 417.437
70.996919 425.315
71.0294 369.642
71.091281 315.842
71.122551 311.206
71.153858 315.781
71.185083 340.467
71.217395 353.193
71.248633 326.603
71.279921 309.69
71.311218 308.947
71.342522 318.142
71.374931 337.164
71.40622 345.23
71.437547 335.376
71.468844 307.574
71.500156 293.527
71.532638 299.009
71.563948 307.813
71.595203 324.255
71.626387 332.839
71.65778 342.249
71.690246 346.451
71.721601 333.704
71.834554 326.539
71.865923 330.849
71.897299 348.197
71.929749 360.468
71.961062 377.6
71.992352 391.727
72.023655 402.373
72.054957 419.041
72.087355 431.879
72.118705 443.18
72.150031 453.904
72.181415 394.582
72.212831 303.973
72.245387 288.613
72.276664 292.004
72.30794 317.173
72.339143 326.233
72.370547 329.983
72.403051 327.558
72.435485 321.871
72.466859 328.746
72.487956 314.711
72.539723 289.922
72.571172 290.155
72.603814 311.351
72.635132 320.959
72.66648 334.227
72.697742 349.396
72.729092 314.91
72.761543 295.703
72.792866 297.247
72.824224 312.232
72.85566 325.392
72.887075 304.36
72.939894 285.825
72.961001 289.968
72.992298 300.419
73.023587 322.429
73.054901 328.504
73.087278 352.514
73.118612 358.935
73.149962 347.453
73.201678 307.59
73.233004 294.881
73.265443 295.728
73.296697 302.406
73.327924 324.56
75.810245 268.223
75.841544 268.656
75.873931 270.36
75.9052 268.951
75.936515 271.098
75.967831 271.856
75.999133 269.307
76.031548 269.127
76.062898 270.272
76.094244 270.483
76.125604 276.744
76.156902 291.93
76.179092 298.548
76.210377 315.128
76.241681 329.306
76.273056 338.395
76.304399 369.741
76.336887 385.3
76.369293 396.052
76.391507 374.881
76.422828 333.652
76.454126 339.249
76.485489 347.046
76.516883 364.658
76.549393 384.249
76.581833 391.858
76.604113 376.175
76.636502 317.056
76.668876 303.621
76.701409 305.223
76.733858 318.36
76.766292 322.18
76.797644 337.986
76.828954 352.264
76.860273 368.12
76.89168 374.527
76.924242 396.775
76.955617 342.292
76.9869 316.982
77.018154 323.691
77.049488 336.19
77.08186 346.648
77.113149 356.571
77.144479 372.854
77.175833 375.036
77.207111 344.281
77.239546 300.987
77.261883 290.104
77.29425 289.045
77.326707 300.791
77.359107 306.372
77.391517 306.266
77.423867 295.784
77.456282 278.401
77.488665 278.44
77.52112 284.065
77.55359 291.386
77.585981 297.48
77.618409 303.707
77.650791 299.152
77.683175 284.928
77.715493 283.349
77.747854 291.664
77.780225 294.98
77.812582 299.911
77.844921 324.777
77.877257 313.209
77.909711 284.329
77.942008 286.289
77.974273 287.38
77.996356 290.285
78.028576 297.567
78.060982 293.574
78.123834 287.815
78.155186 286.789
78.186483 288.521
78.217631 296.032
78.248832 304.651
78.281229 314.64
78.31259 325.085
78.343845 333.69
78.375101 343.951
78.406343 334.409
78.46934 291.637
78.4915 283.059
78.522769 288.048
78.554066 290.628
78.585333 286.677
78.616641 291.758
78.648997 296.498
78.680292 293.725
78.711508 287.402
78.773363 278.93
78.804729 275.735
78.826894 282.347
78.859214 295.871
78.891648 298.242
78.924006 296.341
78.95641 298.173
78.988709 296.119
79.021097 292.815
79.08399 279.452
79.116361 280.512
79.148705 292.493
79.180942 298.257
79.213251 305.513
79.245555 313.558
79.277833 321.023
79.310189 325.55
79.342602 318.184
79.385162 283.991
79.417654 281.174
79.449889 284.035
79.482244 294.659
79.514662 300.895
79.546962 307.073
79.579274 322.151
79.611579 330.777
79.643927 332.012
79.676299 297.403
79.708611 448.653
79.894122 440.837
79.926476 452.611
79.957777 452.462
79.989024 419.498
80.020285 421.019
80.051652 401.523
80.440836 299.009
80.473092 280.512
80.504449 273.508
80.535831 268.106
80.567162 268.395
80.598498 268.286
80.630979 270.037
80.662332 269.602
80.693625 270.329
80.724975 271.78
80.756377 276.951
80.7889 285.759
80.821427 316.064
80.853907 323.759
80.886388 338.772
80.918838 350.881
80.951287 363.808
80.982652 351.582
81.034345 291.285
81.065551 287.525
81.096725 290.407
81.128981 323.221
81.160176 333.787
81.191476 346.361
81.222909 358.447
81.254162 347.409
81.317071 291.856
81.349468 287.198
81.380682 297.451
81.411881 310.074
81.443134 329.806
81.474464 337.226
81.506924 346.259
81.538415 348.914
81.569673 338.499
81.611035 304.67
81.642325 287.704
81.67472 286.263
81.707068 302.77
81.738451 306.211
81.769682 309.122
81.800923 308.784
81.832198 311.938
81.864523 311.719
81.896924 302.991
81.94967 287.685
81.982039 289.954
82.014446 303.298
82.046899 312.5
82.079294 321.358
82.111639 334.368
82.144065 345.272
82.176434 359.195
82.208764 360.885
82.241067 311.088
82.27347 299.602
82.305789 288.68
82.338219 296.75
82.370569 301.311
82.402896 307.486
82.435207 318.743
82.467494 318.102
82.499883 315.855
82.572984 304.698
82.605466 307.072
82.637912 313.557
82.670169 334.237
82.702494 338.087
82.734902 350.268
82.767263 354.157
82.799595 354.606
82.831992 328.636
82.864378 291.246
82.896775 284.628
82.92908 284.311
82.96145 293.385
82.993821 284.58
83.026233 285.647
83.058702 276.601
83.091042 273.85
83.123347 281.581
83.155632 285.109
83.187941 283.329
83.220219 282.911
83.272876 281.956
83.305266 279.942
83.337734 282.896
83.370141 298.477
83.402474 311.43
83.4349 317.163
83.467301 323.615
83.499726 316.408
83.542228 285.99
83.574533 282.0
83.606919 282.592
83.639239 288.245
83.671574 290.108
83.703848 291.022
83.736206 295.935
83.768556 300.059
83.800924 295.761
83.843449 280.324
83.875833 284.596
83.908144 305.259
83.940511 311.172
83.97278 321.54
84.005177 336.991
84.03748 344.557
84.069796 360.013
84.102176 368.566
84.134546 365.528
84.166872 377.603
84.199301 324.795
84.231734 284.944
84.264097 279.903
84.296447 277.949
84.32885 275.563
84.361262 276.544
84.393649 277.677
84.426105 276.471
84.458471 276.495
84.4908 279.002
84.523183 300.405
84.555714 307.218
84.588115 311.58
84.620557 312.75
84.652969 318.266
84.68538 322.589
84.717739 329.84
84.82144 346.658
84.85273 353.981
84.884008 359.493
84.915361 375.013
84.946664 382.817
84.978992 386.146
85.010239 396.416
85.041572 356.642
85.072867 352.565
85.104212 360.291
85.136579 359.201
85.168962 387.728
85.42558 455.411
85.456808 457.414
85.488008 460.711
85.519181 466.915
85.550484 462.345
85.582901 469.129
85.614123 474.224
85.645341 476.381
85.67655 476.285
85.707793 432.299
85.760486 314.43
85.782632 296.505
85.814963 295.38
85.847277 324.621
85.920474 308.738
85.951676 288.713
85.982972 273.609
86.014143 270.995
86.045402 298.035
86.077739 310.311
86.110041 327.455
86.142404 343.313
86.174778 358.517
86.207023 353.958
86.239296 334.62
86.270618 322.668
86.301837 329.279
86.333123 344.004
86.364424 359.245
86.396843 365.119
86.429175 354.284
86.460463 300.781
86.491735 304.252
86.523015 314.434
86.554363 333.525
86.586874 339.613
86.619222 346.216
86.651602 280.547
86.683988 276.384
86.716376 278.192
86.748677 282.844
86.781116 287.511
86.813591 284.879
86.85628 276.481
86.888707 276.912
86.921087 280.572
86.953434 296.603
86.985874 306.619
87.018314 311.979
87.050683 331.517
87.083061 345.142
87.115434 351.566
87.147804 353.724
87.180206 290.668
87.212606 283.488
87.245042 290.489
87.277366 293.584
87.309745 300.107
87.342045 302.83
87.374325 305.441
87.406672 291.081
87.439242 284.983
87.471566 286.982
87.503941 294.228
87.536224 304.962
87.568506 310.872
87.600798 320.054
87.633192 292.787
87.665453 283.318
87.697851 284.79
87.730109 292.262
87.762431 289.34
87.835634 281.742
87.866946 286.581
87.898205 293.417
87.92949 296.978
87.960745 308.614
87.99315 321.175
88.025522 326.945
88.057876 335.248
88.090147 339.754
88.122408 330.45
88.164969 290.39
88.19742 281.982
88.229697 283.509
88.251809 289.571
88.284138 298.062
88.316576 302.159
88.348956 305.383
88.381397 316.616
88.403561 328.237
88.436001 320.612
88.478643 322.044
88.541745 339.372
88.573088 356.289
88.604346 367.985
88.635771 370.531
88.667135 381.351
88.699474 386.098
88.731972 397.463
88.763302 400.584
88.794565 406.574
88.825886 284.629
88.877771 277.263
88.910157 277.871
88.941552 289.36
88.972853 277.933
89.004187 270.623
89.035549 278.854
89.068054 293.785
89.099368 315.291
89.130827 309.053
89.254182 282.606
89.285503 291.148
89.317848 304.123
89.35027 307.804
89.382548 303.307
89.414953 307.758
89.43714 306.789
89.469463 301.826
89.532471 273.334
89.564822 273.021
89.597163 277.662
89.628351 276.554
89.659832 277.814
89.691075 279.926
89.722362 282.601
89.754832 277.991
89.787123 277.4
89.819639 384.65
89.953962 385.917
89.985211 331.178
90.016456 334.581
90.047687 337.54
90.079009 343.346
90.111457 354.426
90.142799 363.537
90.174075 368.282
90.205374 379.051
90.236618 383.892
90.269004 369.08
90.300247 308.855
90.331551 287.378
90.362826 279.696
90.394107 279.478
90.426545 287.593
90.458868 299.606
90.49129 307.176
90.523705 314.411
90.556084 324.718
90.588394 329.963
90.620737 315.98
90.65212 283.949
90.683367 285.969
90.714572 296.785
90.745876 307.296
90.778261 318.769
90.809498 329.534
90.840711 337.248
90.87198 328.599
90.923578 291.138
90.955923 290.403
90.988236 302.036
91.020625 312.915
91.053048 325.593
91.085489 341.712
91.117888 349.043
91.15037 359.172
91.182775 362.399
91.215251 341.929
91.268112 284.492
91.300479 283.658
91.332862 287.501
91.365348 303.481
91.397769 312.774
91.430179 321.659
91.462554 336.275
91.495007 335.375
91.52747 338.055
91.559982 299.417
91.592411 287.07
91.624796 289.13
91.657184 293.798
91.689609 293.88
91.72203 292.562
91.754594 284.378
91.787016 275.787
91.81946 277.979
91.851851 281.704
91.884303 283.66
91.916799 287.71
91.949246 290.167
91.981669 301.275
92.014106 296.976
92.056823 283.746
92.08924 284.011
92.121686 287.439
92.154166 292.939
92.186522 314.948
92.21896 328.966
92.251486 335.437
92.283852 341.213
92.316234 347.219
92.34865 337.208
92.381128 297.229
92.413581 284.389
92.446002 287.034
92.478381 300.094
92.510801 308.399
92.54321 312.98
92.575615 298.851
92.608021 275.447
92.640341 274.259
92.672805 278.487
92.705201 282.119
92.737618 285.096
92.77011 299.139
92.802575 297.366
92.835027 294.147
92.867462 302.419
92.899904 313.506
92.922154 322.8
92.954473 349.517
92.986927 365.309
93.01931 386.373
93.05173 428.551
93.084053 451.207
93.116438 467.806
93.148902 490.955
93.181447 499.855
93.213915 517.037
93.246315 557.614
93.278698 580.004
93.309939 557.971
93.341176 521.628
93.37246 523.021
93.403788 534.308
93.436223 554.516
93.468641 575.953
93.501152 583.721
93.54367 622.173
93.576128 644.792
93.598295 665.847
93.630635 567.461
93.662929 496.508
93.695307 481.567
93.72782 484.793
93.75008 485.627
93.782454 486.458
93.814788 494.541
93.847234 511.74
93.879811 516.762
93.912195 462.535
93.944517 446.083
93.976881 444.203
94.009253 451.21
94.041695 454.87
94.074124 478.232
94.1065 483.007
94.138944 461.291
94.171403 424.718
94.203832 419.87
94.236358 420.775
94.268823 436.831
94.301334 448.023
94.333821 457.934
94.366299 489.647
94.39877 452.583
94.431239 446.434
94.46371 450.448
94.496237 459.373
94.528683 463.385
94.561082 486.305
94.593495 505.492
94.625882 515.85
94.658287 547.986
94.690659 496.086
94.722987 480.769
94.755321 580.533
94.930418 642.627
94.96172 652.927
94.982803 666.401
95.01405 688.482
95.045343 700.366
95.077727 527.036
95.108919 521.692
95.1402 538.01
95.17156 556.257
95.202875 568.068
95.235376 580.006
95.266716 628.603
95.298026 634.575
95.329378 640.997
95.360721 678.145
95.393136 682.481
95.424466 591.529
95.741551 465.459
95.772899 329.094
95.804283 287.206
95.836721 284.866
95.86807 278.928
95.899364 280.588
95.930589 280.435
95.961997 291.639
95.994428 289.827
96.026876 293.733
96.059254 298.408
96.101908 297.211
96.134332 297.134
96.156519 299.245
96.188917 312.326
96.221395 322.197
96.253832 439.484
96.36804 437.502
96.399433 443.659
96.430762 451.577
96.461972 458.404
96.49335 479.354
96.525746 454.403
96.558136 472.5
96.631448 471.332
96.663858 472.87
96.695223 502.189
96.726529 532.336
96.757918 554.008
96.789234 566.108
96.821609 587.692
96.852959 534.172
96.88432 491.041
96.91566 469.127
96.94706 463.811
96.979477 475.277
97.011921 479.415
97.044365 501.027
97.076745 517.179
97.109316 534.06
97.141702 547.002
97.174129 516.161
97.206559 490.082
97.238982 479.585
97.271346 475.888
97.303707 492.636
97.336129 487.983
97.36858 491.804
97.401001 476.87
97.433542 365.938
97.465948 352.46
97.498445 355.503
97.530787 364.964
97.563176 370.958
97.594457 397.125
97.625783 443.976
97.687692 444.368
97.719057 408.814
97.751515 384.969
97.783929 383.637
97.816395 393.21
97.84869 401.509
97.880075 413.355
97.911331 420.62
97.942653 323.616
97.974006 294.909
98.006416 299.736
98.037735 304.437
98.058841 307.865
98.090171 314.16
98.121566 324.569
98.15409 335.951
98.186547 307.367
98.218922 290.797
98.251253 299.072
98.282524 312.78
98.313812 320.558
98.345067 324.023
98.376369 306.147
98.408802 296.733
98.440134 301.037
98.471419 308.235
98.50266 318.333
98.53402 337.404
98.566541 348.675
98.598901 358.096
98.630221 378.856
98.661536 330.271
98.69283 294.43
98.724176 296.777
98.75683 306.738
98.788118 317.476
98.819389 333.063
98.850674 343.85
98.882016 334.019
98.914393 307.77
98.945771 291.912
98.977077 289.692
99.008411 294.708
99.039747 313.472
99.072134 324.062
99.104522 330.112
99.136957 341.665
99.169421 333.731
99.201866 295.844
99.234307 300.149
99.266807 305.548
99.299266 316.778
99.331672 324.759
99.36413 335.678
99.396561 340.641
99.428926 305.944
99.461345 296.535
99.493819 295.573
99.526259 296.827
99.558776 314.189
99.591135 308.002
99.623506 291.375
99.655883 291.972
99.688291 295.541
99.720657 303.34
99.753063 318.149
99.785571 329.743
99.818105 336.933
99.850551 325.088
99.883011 303.869
99.915436 296.456
99.947846 329.923
100.041556 348.106
