7e-06 344.903
0.287873 340.859
0.319224 333.686
0.350594 330.851
0.381934 327.068
0.413412 323.056
0.4459 326.87
0.508024 320.425
0.570035 316.068
0.601446 314.972
0.632856 303.74
0.665315 302.425
0.696673 306.773
0.728049 307.545
0.830883 298.909
0.862322 292.591
0.915419 287.059
0.946744 289.225
0.978109 286.061
1.009467 284.989
1.153328 287.918
1.185945 281.713
1.217445 279.197
1.248847 278.287
1.280081 279.572
1.311392 278.881
1.425663 276.1
1.457241 276.086
1.488648 275.412
1.519972 278.423
1.551361 276.119
1.583805 275.748
1.615178 274.675
1.697639 274.259
1.729176 273.709
1.760611 273.628
1.793132 277.376
1.844918 278.075
1.87627 275.526
1.907604 278.335
1.939032 278.191
1.971775 277.871
2.003214 277.321
2.167508 277.011
2.198882 275.437
2.230333 277.436
2.26268 276.481
2.294049 281.254
2.3254 281.279
2.449007 278.356
2.480394 278.079
2.512948 277.871
2.544467 285.392
2.57587 281.572
2.607278 287.068
2.659215 287.149
2.783939 286.957
2.815328 282.828
2.846717 283.205
2.878183 283.323
3.07313 281.139
3.105699 282.653
3.137181 284.056
3.158341 286.013
3.189748 293.482
3.415391 293.38
3.447959 300.411
3.479405 307.618
3.776539 312.094
3.807992 320.178
3.849669 321.887
3.912956 323.354
3.94434 324.119
3.975675 323.391
4.006995 322.835
4.038439 328.213
4.111785 323.156
4.143219 317.612
4.195127 308.325
4.226531 306.527
4.257894 306.869
4.290396 307.457
4.36277 316.523
4.424847 321.208
4.456309 323.598
4.497935 321.304
4.530554 322.443
4.55164 321.387
4.582998 323.11
4.614333 318.924
4.6457 311.293
4.678313 313.944
4.72111 299.574
4.753587 296.474
4.786079 288.198
4.808376 280.643
4.8408 279.229
4.87334 277.955
4.905968 279.171
4.938542 279.111
4.969894 279.257
5.001314 277.693
5.032658 280.172
5.064048 278.39
5.096521 278.56
5.127926 277.053
5.159281 277.235
5.190678 277.527
5.22218 276.352
5.254744 277.291
5.286085 279.248
5.317486 278.556
5.348865 277.381
5.380227 277.615
5.412721 276.311
5.444128 275.616
5.46536 276.847
5.496662 278.865
5.528125 275.586
5.560565 276.122
5.591989 277.097
5.623372 276.713
5.654693 276.124
5.686068 276.924
5.718898 279.798
5.750252 278.16
5.781633 277.125
5.813106 276.407
5.844499 277.67
5.877133 277.568
5.908526 280.117
5.939881 277.862
5.971253 275.886
6.002621 277.291
6.035045 277.703
6.066406 280.405
6.097805 281.67
6.129214 304.882
6.201483 319.345
6.233995 312.29
6.266469 318.224
6.309316 297.554
6.341784 293.548
6.364101 296.257
6.396571 295.644
6.429099 287.49
6.460465 291.378
6.512274 285.907
6.543668 277.087
6.57509 279.79
6.607458 278.004
6.63877 276.982
6.670117 278.207
6.701491 277.617
6.732828 278.483
6.765381 298.64
6.796825 295.716
6.828192 284.692
6.859616 282.482
6.891021 282.074
6.923438 282.054
6.955871 295.248
6.988307 298.781
7.020878 295.204
7.052387 297.47
7.083719 287.487
7.115028 284.273
7.146431 285.508
7.179019 281.261
7.211624 281.118
7.244047 283.402
7.276524 287.085
7.309087 288.137
7.341728 288.059
7.373135 300.534
7.394406 297.376
7.425768 291.854
7.457201 284.813
7.489686 287.681
7.521098 282.854
7.552411 285.263
7.5837 292.574
7.615021 284.675
7.647423 285.025
7.678718 299.373
7.710033 310.962
7.741389 306.66
7.772773 311.141
7.805247 300.958
7.836567 312.561
7.867943 327.377
7.899326 355.815
7.93071 372.212
7.963153 387.017
7.995611 416.582
8.027983 441.109
8.060624 431.265
8.093219 383.903
8.125785 382.988
8.158322 394.267
8.190742 419.961
8.223145 447.814
8.255581 453.136
8.287936 455.485
8.320218 472.322
8.352458 489.542
8.383677 515.643
8.414991 529.614
8.446189 664.991
8.589528 617.364
8.611767 592.847
8.643045 567.049
8.6743 575.333
8.725753 593.419
8.757099 596.645
8.789352 608.406
8.820605 612.211
8.85183 593.017
8.883058 599.867
9.036706 583.705
9.069085 571.313
9.101508 581.8
9.133939 458.496
9.165211 420.137
9.196459 431.807
9.227677 364.137
9.258856 328.865
9.291146 316.729
9.322381 310.6
9.37399 290.205
9.405133 290.793
9.436402 286.246
9.46873 286.054
9.501203 299.665
9.615095 331.005
9.646299 301.022
9.677589 294.453
9.708754 302.248
9.739903 309.133
9.772123 312.047
9.804365 315.148
9.835592 318.661
9.866704 313.595
9.897887 317.324
9.929067 300.7
9.961385 289.986
9.992537 289.31
10.023676 288.259
10.054848 283.162
10.086107 282.479
10.118382 285.438
10.14961 296.641
10.180839 287.838
10.212107 283.709
10.243323 284.628
10.275635 279.785
10.307902 284.657
10.340203 290.499
10.37257 289.421
10.403747 287.23
10.434974 279.228
10.466197 278.931
10.497422 277.119
10.529634 282.298
10.561988 285.084
10.59432 287.367
10.626765 291.564
10.65929 287.738
10.690589 283.568
10.721908 280.378
10.753194 278.139
10.784578 278.116
10.817057 280.679
10.848303 284.326
10.879624 289.155
10.910774 286.063
10.942025 288.277
10.974496 293.896
11.006829 308.329
11.039238 322.957
11.071469 332.583
11.10394 331.715
11.136261 327.311
11.168555 296.57
11.200806 292.63
11.23316 301.442
11.265486 294.874
11.297809 290.511
11.330201 287.783
11.362417 282.627
11.394799 279.596
11.427143 279.543
11.459546 282.443
11.491844 281.746
11.524071 283.61
11.556402 292.884
11.588783 288.819
11.621075 284.205
11.65347 290.666
11.685814 299.881
11.718127 302.394
11.750515 299.304
11.782855 292.912
11.815261 288.341
11.847629 289.315
11.880025 285.181
11.912419 286.061
11.944808 284.639
11.977215 298.409
12.009568 294.474
12.041909 293.102
12.074222 298.376
12.106597 297.589
12.138888 292.315
12.171294 294.632
12.203621 289.869
12.235929 289.841
12.268375 295.579
12.300762 293.625
12.333038 293.526
12.365329 294.082
12.397672 290.338
12.429991 284.421
12.462326 296.32
12.494768 291.802
12.5271 287.25
12.579893 281.463
12.611111 281.54
12.642387 280.437
12.673586 286.685
12.704844 292.444
12.737213 290.624
12.769591 294.561
12.801999 294.655
12.834452 294.333
12.866863 296.168
12.899305 302.941
12.930547 298.366
12.961848 307.91
12.99317 322.13
13.024446 342.512
13.056854 354.219
13.088075 362.366
13.119297 368.542
13.150547 385.604
13.18174 402.419
13.213969 417.84
13.246264 452.834
13.278674 439.852
13.3099 412.131
13.34105 412.617
13.372181 423.827
13.403335 446.3
13.435592 433.378
13.467889 351.647
13.500172 349.626
13.532582 334.073
13.564935 332.909
13.597291 334.907
13.629674 320.638
13.662166 299.633
13.684349 295.269
13.716729 300.884
13.749167 300.352
13.781594 302.141
13.812883 311.063
13.844133 322.12
13.875345 434.28
14.018669 438.574
14.051068 448.14
14.083351 416.788
14.114553 411.366
14.145788 408.583
14.177028 407.003
14.208322 410.275
14.240743 423.835
14.27316 430.849
14.305386 411.773
14.348015 353.795
14.380405 309.687
14.412773 302.08
14.445134 297.217
14.47638 292.308
14.507692 293.598
14.53896 292.947
14.57026 290.037
14.602723 288.988
14.644295 285.973
14.675605 282.915
14.706968 285.684
14.738348 296.844
14.770855 309.116
14.802192 318.651
14.83355 343.789
14.864895 362.645
14.896116 353.913
14.928445 332.741
14.960533 327.302
14.992855 329.529
15.014715 337.094
15.046865 358.556
15.079025 372.173
15.11122 385.111
15.142495 327.289
15.173722 292.816
15.205024 296.85
15.236181 299.743
15.268502 296.467
15.299763 293.584
15.361663 285.534
15.39288 282.557
15.424226 285.89
15.456505 306.098
15.487512 324.118
15.518836 335.13
15.549978 354.186
15.581055 378.244
15.613281 385.071
15.645437 364.979
15.687889 305.542
15.720109 309.487
15.75246 321.807
15.783725 323.61
15.8148 331.587
15.845931 349.929
15.877237 324.522
15.909511 287.723
15.940566 292.045
15.97171 298.185
16.002904 296.433
16.034094 299.38
16.06637 294.932
16.107695 293.954
16.138729 304.29
16.169824 330.532
16.20104 339.441
16.233343 341.68
16.265616 341.94
16.298061 358.434
16.330435 363.892
16.36287 364.275
16.486727 374.331
16.517862 383.683
16.548948 398.36
16.580197 416.581
16.611445 320.609
16.643725 315.756
16.674815 336.968
16.705973 332.233
16.7271 338.106
16.758533 344.935
16.790824 366.534
16.821918 361.518
16.853144 351.746
17.026839 301.118
17.058136 291.944
17.09036 285.065
17.121541 278.116
17.152742 279.345
17.183861 289.611
17.215068 284.887
17.247398 289.863
17.278593 296.137
17.309722 309.461
17.340836 317.331
17.372166 327.751
17.40447 345.406
17.435653 348.804
17.456598 347.579
17.48783 366.94
17.518936 370.975
17.551184 325.492
17.582465 306.729
17.613621 309.774
17.64476 320.365
17.675981 330.817
17.708259 357.762
17.739569 376.26
17.770808 384.993
17.802063 339.171
17.833364 315.905
17.86576 305.999
17.897067 300.16
17.928382 309.389
17.959693 304.668
18.021682 287.307
18.054059 290.848
18.085267 297.738
18.116415 319.432
18.147547 342.53
18.178675 354.917
18.211047 328.81
18.242335 331.137
18.273519 323.915
18.304846 297.639
18.336008 288.737
18.368349 291.586
18.400655 299.09
18.43308 306.749
18.465497 312.584
18.49783 347.096
18.530132 368.921
18.562436 369.495
18.594722 370.112
18.627025 383.558
18.659219 401.799
18.69154 373.882
18.722737 365.665
18.754065 362.989
18.785319 370.841
18.816578 374.39
18.848991 320.604
18.880276 298.379
18.911588 300.279
18.942954 307.981
18.974292 317.483
19.006736 320.963
19.039098 343.237
19.071548 356.268
19.104013 350.722
19.135196 343.01
19.166366 344.553
19.197629 355.09
19.228847 366.855
19.26116 367.369
19.292385 310.247
19.323584 300.831
19.354766 305.687
19.386058 309.251
19.418521 299.177
19.45089 296.646
19.483223 296.543
19.515652 289.02
19.547814 291.223
19.579964 292.331
19.611112 298.999
19.642234 313.648
19.673457 323.147
19.704649 307.758
19.736992 298.935
19.769367 303.543
19.801724 305.333
19.83399 314.433
19.866292 316.421
19.898635 317.894
19.931038 395.875
20.177803 493.368
20.208996 523.03
20.240239 527.046
20.271541 552.784
20.302803 560.358
20.335248 566.643
20.367529 502.595
20.399866 503.596
20.430995 513.82
20.482518 534.677
20.513704 551.464
20.544829 558.713
20.577111 503.563
20.599393 368.782
20.631743 331.888
20.664131 344.44
20.706691 350.207
20.738999 357.205
20.77026 348.749
20.801462 323.387
20.832606 302.369
20.863807 311.526
20.896052 317.325
20.928436 308.098
20.95975 309.597
20.990852 321.389
21.022002 323.57
21.053339 334.651
21.08575 342.126
21.118327 346.691
21.150722 338.547
21.183311 301.89
21.215687 296.243
21.248157 329.283
21.31126 358.826
21.342509 370.236
21.373678 381.156
21.404849 399.036
21.436007 405.82
21.468269 409.244
21.499538 350.782
21.530712 332.814
21.561908 332.074
21.593073 341.687
21.625467 341.587
21.656692 340.857
21.687904 466.595
21.810897 333.307
21.842031 287.584
21.874327 301.461
21.905605 333.733
21.936731 336.208
21.967966 337.087
23.377899 340.295
23.440845 339.528
23.472133 340.622
23.503473 341.063
23.545036 341.697
23.596772 343.945
23.659859 345.154
23.691126 346.424
23.732702 341.082
23.957958 343.912
24.040305 349.755
24.123735 345.301
24.277539 346.789
24.319054 349.075
24.401393 348.027
24.463264 345.404
24.618238 339.528
24.649631 336.548
24.792692 350.206
24.915857 333.45
24.988039 291.54
25.020466 280.448
25.051805 281.264
25.083088 308.731
25.11436 331.069
25.145709 353.574
25.178169 375.965
25.209472 399.237
25.240746 424.496
25.271981 451.601
25.303336 472.093
25.335712 448.874
25.387369 347.884
25.41866 317.01
25.449949 317.31
25.48123 335.391
25.513565 339.662
25.544764 338.912
25.575984 357.839
25.607121 376.454
25.63839 336.15
25.691013 294.987
25.722244 287.598
25.753515 292.206
25.784841 300.545
25.816087 301.095
25.848477 314.224
25.879604 331.703
25.910838 354.036
25.941999 335.467
26.013909 296.722
26.046094 300.322
26.07733 310.553
26.108553 330.05
26.139713 342.381
26.170958 348.745
26.203317 357.706
26.234599 358.104
26.265897 371.176
26.297265 372.704
26.328654 325.496
26.361084 301.521
26.392281 304.076
26.423638 316.016
26.454949 324.224
26.486216 328.029
26.518592 333.335
26.549901 334.387
26.581253 339.239
26.612582 352.98
26.735912 373.702
26.768336 387.262
26.800657 399.881
26.832986 401.935
26.865487 413.329
26.896763 422.229
26.92803 456.379
26.959538 457.46
26.990995 466.18
27.023615 277.795
27.054986 278.034
27.086333 280.528
27.117702 296.447
27.149117 291.372
27.212235 294.111
27.243553 295.122
27.27481 292.29
27.306109 289.73
27.347698 280.623
27.380197 278.074
27.411545 277.153
27.483743 278.828
27.504902 279.112
27.536278 288.351
27.568767 290.716
27.60014 288.709
27.641726 282.476
27.67322 281.399
27.704556 281.964
27.736978 291.414
27.769457 295.262
27.800871 319.627
27.83223 353.953
27.863653 369.677
27.895086 380.125
27.927591 393.386
27.958894 388.536
27.990264 385.692
28.021538 343.168
28.052906 299.93
28.085461 289.609
28.118217 296.429
28.149598 308.641
28.180832 297.521
28.212208 290.232
28.243598 302.233
28.276013 317.556
28.307403 329.905
28.3388 350.134
28.370175 365.09
28.401558 373.182
28.434138 314.437
28.466601 297.846
28.497928 301.29
28.52931 310.856
28.560696 332.29
28.592084 339.276
28.624584 323.906
28.65601 297.672
28.687335 302.851
28.71883 311.062
28.750246 306.653
28.782765 306.549
28.81409 312.708
28.845485 307.008
28.876914 290.537
28.908377 293.22
28.940845 293.411
28.972209 294.746
29.003584 292.202
29.034934 287.296
29.066267 286.857
29.098932 293.196
29.130364 303.341
29.151603 319.122
29.182986 335.78
29.214224 315.887
29.246885 294.914
29.278258 298.652
29.309653 309.467
29.341043 317.18
29.372516 328.651
29.405169 361.19
29.436497 311.808
29.467811 310.426
29.509451 321.224
29.540833 330.206
29.573312 341.48
29.604706 365.354
29.636116 374.302
29.667463 385.543
29.698905 399.652
29.731411 330.686
29.763956 334.907
29.796511 350.236
29.829133 360.813
29.86159 368.07
29.894242 308.398
29.926624 299.523
29.959207 304.267
29.990572 322.368
30.02211 348.396
30.053527 359.149
30.084895 375.298
30.11749 300.603
30.150014 288.148
30.182534 291.2
30.213934 292.026
30.245332 289.875
30.27671 302.546
30.308156 312.57
30.340638 307.495
30.383426 301.689
30.416002 298.652
30.447365 298.106
30.478712 305.382
30.51006 319.826
30.541435 336.083
30.573975 350.978
30.606576 376.894
30.639053 389.525
30.671611 365.09
30.72344 304.067
30.754774 309.274
30.786064 323.124
30.817433 334.712
30.849876 348.596
30.882336 353.922
30.913702 375.546
30.945059 383.428
30.976492 369.616
31.028352 305.672
31.061017 301.952
31.093728 311.837
31.126451 332.459
31.157714 344.075
31.188989 354.8
31.220365 366.064
31.251705 373.072
31.284147 373.959
31.315472 361.897
31.346774 309.322
31.378025 299.371
31.409338 303.302
31.441806 306.663
31.47424 318.35
31.506832 324.41
31.527957 328.928
31.559281 333.163
31.590613 336.603
31.621933 378.961
31.909629 491.641
31.940879 541.794
32.043433 541.775
32.074672 554.836
32.105912 566.474
32.138332 585.918
32.169685 278.763
32.200999 274.463
32.232322 274.92
32.263625 273.616
32.296095 275.773
32.3274 277.096
32.379161 276.714
32.410516 276.473
32.441834 279.142
32.474251 279.469
32.505509 274.801
32.536792 276.909
32.568087 273.368
32.59938 274.968
32.631704 276.09
32.662966 276.483
32.694232 275.064
32.725559 279.595
32.756883 294.575
32.789302 291.055
32.820512 290.077
32.851749 288.296
32.893316 287.82
32.924569 301.655
32.987645 356.181
33.049557 377.56
33.080887 416.035
33.112187 427.499
33.143528 435.542
33.175928 460.72
33.207073 430.612
33.238404 434.718
33.269668 451.591
33.300935 463.969
33.333372 476.983
33.364662 479.571
33.396004 358.464
33.427405 303.595
33.458736 281.245
33.491361 288.837
33.522712 303.699
33.553999 321.976
33.585377 350.722
33.616673 302.568
33.649091 291.338
33.680286 298.274
33.711547 284.595
33.742767 281.932
33.773898 286.066
33.806185 287.12
33.837504 284.416
33.86882 288.494
33.900082 285.594
33.931367 284.164
33.963778 290.754
33.995107 305.809
34.026396 311.04
34.057701 306.28
34.099192 297.479
34.131659 308.979
34.162939 323.703
34.19421 344.152
34.22558 359.661
34.256858 366.774
34.289356 346.764
34.320697 293.177
34.35205 294.627
34.383387 311.054
34.404508 320.163
34.436984 314.977
34.510316 298.823
34.542737 290.82
34.574074 292.809
34.60541 299.457
34.63666 317.474
34.667873 338.257
34.700264 362.441
34.731544 390.489
34.762948 408.67
34.794326 405.21
34.825693 339.036
34.85819 313.985
34.889582 321.984
34.920844 344.45
34.952162 354.57
34.983551 365.735
35.016062 396.563
35.048635 407.723
35.080987 412.729
35.113417 381.572
35.145834 344.917
35.178151 349.415
35.210487 359.038
35.242882 373.851
35.275212 391.483
35.307576 414.201
35.339849 365.276
35.371985 328.595
35.404296 319.569
35.436645 315.522
35.467833 313.066
35.499022 313.352
35.530324 332.491
35.561652 304.0
35.594064 300.717
35.625385 305.83
35.656665 304.209
35.687982 304.349
35.719299 308.499
35.751761 308.403
35.783043 294.579
35.814249 294.123
35.845531 307.769
35.876786 319.947
35.909161 336.208
35.941494 344.202
35.973873 349.329
36.005173 323.517
36.036421 306.142
36.067684 306.146
36.098975 314.195
36.131468 334.161
36.163959 355.911
36.186063 370.264
36.218463 342.103
36.250969 299.239
36.283462 298.938
36.315951 315.22
36.348321 327.341
36.380733 346.148
36.413108 361.303
36.445556 384.399
36.478019 338.469
36.509334 331.446
36.540603 343.478
36.571904 354.166
36.603269 370.67
36.635732 385.233
36.667038 394.454
36.69833 405.268
36.729692 387.518
36.761044 359.944
36.793534 429.793
36.979397 506.64
37.010673 523.096
37.041969 540.811
37.073257 408.268
37.104631 419.177
37.137098 428.746
37.16842 433.777
37.199762 439.858
37.231366 449.198
37.262822 469.063
37.295267 317.135
37.326598 312.657
37.582418 289.796
37.613746 291.615
37.645144 298.612
37.677511 315.977
37.708775 331.406
37.74002 337.482
37.771302 361.254
37.80257 379.993
37.834861 395.071
37.86605 412.986
37.897254 434.66
37.928431 460.467
37.959681 464.66
37.991945 325.13
38.024204 321.325
38.055361 335.346
38.086542 359.532
38.117753 370.738
38.14908 380.92
42.254662 278.72
42.287004 275.106
42.31828 275.022
42.349564 275.668
42.380803 276.548
42.412078 277.775
42.434235 333.129
42.649923 423.561
42.681232 427.012
42.712458 411.053
42.743686 414.246
42.774949 429.022
42.807384 477.759
42.838706 504.854
42.870004 510.851
42.901393 607.666
42.963339 608.649
42.995702 617.206
43.026988 622.158
43.058339 638.094
43.08965 652.666
43.141364 678.687
43.173823 730.228
43.20529 779.005
43.236594 527.235
43.267906 500.238
43.554084 482.586
43.606821 476.44
43.678833 475.759
43.761091 455.724
43.87401 441.9
43.956209 435.057
44.080493 439.969
44.162786 441.425
44.224703 434.394
44.337554 420.817
44.409609 407.736
44.492989 337.304
44.52426 335.052
44.739291 339.28
44.780738 345.383
44.893656 313.685
44.926004 305.006
44.957309 307.795
44.988555 293.387
45.019817 293.419
45.051057 306.467
45.083467 308.036
45.11453 305.301
45.145782 301.974
45.177058 284.619
45.208442 278.854
45.240781 287.697
45.27196 300.968
45.303257 330.327
45.334481 352.439
45.365702 371.75
45.397941 376.053
45.42923 352.188
45.460434 349.94
45.491586 359.246
45.522783 382.065
45.555014 404.759
45.586201 410.266
45.617445 460.858
45.64868 481.552
45.67991 516.856
45.712348 548.803
45.744766 512.003
45.777283 471.719
45.809757 473.177
45.841018 477.427
45.872313 510.918
45.903507 534.473
45.934844 541.953
45.967324 559.701
45.99847 568.565
46.029779 534.188
46.061141 450.562
46.092421 410.447
46.124866 398.457
46.156165 397.058
46.187496 396.108
46.218817 397.053
46.250199 401.461
46.282606 359.803
46.313937 341.0
46.345322 336.655
46.376538 332.134
46.407912 326.968
46.440206 327.023
46.471405 320.579
46.502618 295.823
46.523613 295.735
46.554826 307.197
46.587048 306.4
46.61822 307.364
46.649454 310.982
46.680799 321.303
46.712072 355.785
46.744449 332.524
46.775876 322.931
46.796978 323.759
46.828196 346.505
46.859433 362.569
46.891895 379.444
46.923224 390.202
46.954537 337.367
47.006203 317.129
47.037571 317.643
47.070014 318.763
47.101341 327.566
47.13258 335.189
47.163847 374.226
47.256377 418.549
47.288861 463.148
47.320155 478.79
47.351498 462.804
47.382769 412.249
47.414107 398.633
47.446555 407.694
47.477772 409.095
47.509137 417.788
47.540421 427.791
47.571792 433.704
47.604188 413.625
47.635561 332.421
47.66677 308.902
47.697974 307.181
47.729337 311.334
47.761815 321.736
47.793175 327.388
47.82455 333.071
47.855824 380.491
47.887093 395.839
47.919538 419.562
47.950889 427.938
47.982172 454.777
48.013486 487.931
48.044735 509.352
48.077111 438.661
48.109533 437.171
48.141967 446.561
48.174348 456.46
48.206638 468.026
48.239107 495.578
48.271517 505.761
48.303971 352.169
48.336395 305.456
48.367669 288.674
48.398918 291.297
48.430187 294.427
48.461509 302.577
48.493939 308.053
48.525304 342.025
48.556617 355.476
48.588011 358.597
48.619341 368.721
48.651665 381.48
48.68296 386.585
48.714213 379.815
48.745507 384.505
48.776842 401.201
48.809137 422.645
48.841479 435.124
48.873978 459.094
48.906375 476.87
48.938733 498.678
48.971084 538.944
49.003465 554.742
49.035904 439.488
49.068336 405.449
49.100705 404.838
49.13309 421.857
49.165485 432.306
49.197918 441.944
49.230347 431.947
49.262836 324.33
49.295149 300.179
49.326455 303.014
49.357741 307.307
49.389066 309.548
49.420369 309.751
49.45282 314.223
49.48403 293.312
49.515333 288.043
49.546602 299.959
49.577873 309.96
49.610337 316.055
49.641648 323.346
49.672904 355.66
49.704256 369.141
49.735629 376.503
49.768074 388.194
49.799384 338.881
49.830655 350.813
49.861994 363.066
49.893384 377.388
49.92586 387.871
49.957251 394.956
49.988586 333.952
50.01988 309.807
50.051185 313.798
50.083696 325.386
50.115074 330.13
50.146479 343.533
50.177907 356.635
50.209321 327.357
50.241915 296.588
50.273231 291.159
50.304558 295.99
50.335941 303.626
50.367288 317.895
50.399696 320.41
50.431057 314.281
50.482765 306.379
50.514088 312.282
50.545408 319.518
50.578021 333.997
50.609436 347.922
50.640739 367.818
50.671982 389.658
50.703298 411.57
50.735676 435.387
50.767956 452.064
50.80021 340.995
50.832561 315.256
50.85466 315.315
50.885951 323.287
50.917249 326.042
50.948527 335.012
50.979841 342.167
51.012363 300.078
51.045 293.284
51.066118 297.531
51.097501 299.94
51.128859 294.567
51.160231 297.827
51.192663 313.217
51.223943 318.72
51.255183 296.976
51.286468 302.001
51.317778 311.21
51.350186 309.986
51.381683 322.118
51.412853 333.843
51.444118 317.615
51.505833 303.038
51.538143 308.152
51.569488 316.612
51.60065 342.941
51.63187 359.267
51.663064 339.403
51.695463 300.53
51.727814 301.552
51.758976 310.872
51.790091 318.425
51.821288 323.747
51.852554 317.442
51.884887 304.699
51.916146 301.72
51.947391 314.408
51.978619 323.184
52.009845 333.239
52.042121 330.429
52.073423 342.801
52.104737 335.806
52.136029 337.727
52.167392 341.668
52.199746 525.11
52.383806 418.531
52.415044 391.315
52.44632 398.557
52.47762 407.202
52.509988 423.553
52.541254 446.89
52.57248 470.657
52.603729 469.638
52.634967 478.434
52.667194 452.573
52.944022 331.818
52.976376 315.855
53.0076 317.584
53.038765 315.018
53.069953 313.608
53.1014 314.792
53.13375 326.701
53.164943 334.519
53.196226 492.532
64.322822 325.543
64.354149 338.756
64.42744 349.866
64.458731 357.046
64.490024 325.128
64.531587 294.019
64.562897 297.159
64.595316 315.165
64.636841 350.341
64.668165 362.38
64.69943 387.132
64.730871 406.455
64.763324 417.934
64.794602 399.845
64.825838 313.378
64.857071 311.006
64.888514 311.468
64.92081 306.351
64.952051 316.853
64.983375 311.239
65.024878 286.677
65.056222 283.754
65.088628 291.547
65.119992 324.839
65.151432 338.092
65.182672 368.968
65.21396 281.899
65.246532 296.672
65.277822 314.181
65.309126 336.036
65.34042 345.625
65.371752 364.647
65.404185 353.426
65.691702 314.671
65.723031 309.817
65.754339 304.396
65.785701 300.875
65.817026 303.174
65.849412 305.397
65.880668 298.615
65.911926 299.025
65.943207 313.811
65.974498 312.103
66.006817 317.359
66.04829 304.43
66.079535 314.606
66.110759 319.846
66.142109 314.792
66.174618 300.295
66.205847 313.217
66.237126 357.855
66.268359 371.639
66.299715 390.108
66.332164 410.453
66.363699 428.038
66.395013 430.212
66.42629 275.718
66.45771 285.242
66.490907 296.579
66.522189 311.511
66.553511 327.319
66.58474 337.875
66.616063 343.312
66.638246 345.697
66.669575 336.631
66.873963 301.318
66.905416 295.752
66.936835 293.859
66.969287 288.454
67.000554 283.563
67.031857 290.553
67.063163 291.772
67.094518 286.926
67.126914 287.294
67.158224 315.865
67.220111 343.916
67.251399 308.239
67.282732 298.643
67.315074 306.404
67.346352 318.381
67.377711 334.029
67.409147 345.853
67.440421 355.266
67.472977 380.168
67.505454 366.49
67.578857 291.793
67.611334 289.199
67.642627 290.876
67.673805 356.248
67.766329 384.856
67.797687 405.927
67.830208 413.512
67.86159 398.488
67.882736 401.398
67.914022 304.339
67.945356 319.993
67.977805 333.146
68.009142 343.763
68.040523 354.199
68.071901 354.558
68.103276 305.646
68.156339 289.943
68.187671 297.11
68.219008 302.199
68.250328 305.997
68.281666 307.863
68.314083 311.794
68.355616 308.104
68.499272 291.595
68.530538 299.011
68.561856 308.679
68.594375 321.205
68.62563 326.545
68.657017 326.975
68.688353 332.052
68.719728 344.099
68.752177 352.691
68.783466 334.183
68.855665 298.72
68.886991 294.229
68.908134 297.863
68.94059 316.278
68.973087 330.759
69.005561 351.479
69.038045 366.301
69.070574 378.76
69.10301 394.883
69.135513 379.605
69.168048 313.859
69.200594 322.199
69.314574 332.022
69.345919 340.74
69.377252 346.765
69.408598 360.759
69.450137 309.672
69.482599 298.249
69.513862 301.821
69.545145 303.344
69.576467 305.834
69.607777 315.353
69.640188 322.138
69.671502 322.822
69.702847 332.659
69.734208 309.172
69.765578 291.964
69.798052 295.386
69.829389 305.631
69.86071 324.54
69.89205 333.102
69.923421 345.834
69.955839 351.69
69.987156 341.848
70.038929 318.194
70.070247 294.849
70.101604 294.958
70.134062 318.32
70.165385 331.512
70.196679 357.275
70.228008 373.856
70.259361 406.852
70.291844 420.916
70.324334 430.161
70.35683 310.58
70.389295 304.006
70.420613 304.595
70.451946 309.421
70.483304 322.06
70.514647 334.17
70.547002 341.987
70.578313 306.135
70.609683 286.99
70.641063 288.637
70.672411 285.75
70.70484 288.434
70.736162 307.768
70.767457 327.097
70.798774 339.577
70.830165 343.226
70.862672 305.248
70.893975 293.977
70.925324 309.645
70.956624 331.495
70.987954 346.301
71.020391 353.522
71.051667 372.613
71.08306 374.678
71.114423 376.353
71.145843 327.266
71.178412 290.673
71.209745 294.897
71.241082 307.292
71.272424 318.596
71.303865 321.633
71.33637 319.685
71.367728 292.637
71.399109 283.166
71.430411 279.755
71.461827 283.713
71.494356 288.243
71.525733 294.161
71.557091 290.024
71.588463 280.122
71.619841 283.187
71.652318 295.773
71.683745 317.617
71.715117 340.673
71.746494 358.531
71.777795 342.447
71.810254 310.11
71.841595 306.187
71.872923 321.911
71.904308 332.225
71.935669 346.206
71.968191 366.071
71.999476 373.173
72.030784 316.647
72.062094 310.048
72.0935 310.091
72.125932 312.527
72.157336 321.061
72.188736 336.089
72.220138 349.754
72.251513 340.591
72.294209 301.32
72.326749 304.344
72.358101 315.34
72.389504 333.709
72.420903 346.219
72.452228 357.847
72.484675 363.912
72.516032 317.848
72.537168 306.467
72.568471 312.324
72.599824 322.503
72.632266 366.71
72.79649 375.823
72.827779 397.296
72.859088 406.395
72.890474 433.487
72.922852 441.853
72.954177 460.993
72.985538 477.507
73.016904 503.432
73.048261 521.788
73.080767 533.384
73.113394 329.48
73.145861 338.752
73.178405 349.627
73.210816 371.724
73.243389 359.334
73.397344 344.552
73.418429 306.822
73.449732 302.885
73.481057 307.843
73.513478 311.883
73.545854 318.504
73.578308 319.464
73.610823 349.651
73.643237 352.672
73.674521 355.111
73.7058 359.007
73.737191 357.589
73.768548 359.569
73.800987 337.554
73.833482 303.752
73.865892 291.035
73.898389 294.244
73.930843 316.148
73.963391 320.069
73.995927 314.645
74.02727 319.192
74.058546 302.837
74.089856 298.416
74.121137 307.281
74.153571 325.312
74.186037 336.422
74.218565 353.954
74.251084 358.997
74.282389 370.852
74.313636 382.995
74.344915 390.597
74.376275 392.065
74.408782 364.164
74.440143 369.655
74.471482 376.616
74.502805 385.031
74.534188 405.507
74.566615 384.984
74.597886 367.791
74.629194 347.786
74.660524 351.363
74.69188 360.407
74.724409 380.935
74.756891 403.397
74.788237 410.005
74.819578 424.133
74.850933 444.212
74.994567 428.079
75.027116 427.975
75.058468 435.088
75.089775 436.69
75.121085 453.716
75.15239 471.528
75.184885 447.78
75.216228 434.763
75.247557 432.842
75.278861 429.485
75.310209 460.215
75.373369 382.392
75.404735 307.129
75.436064 295.942
75.46739 296.619
75.498749 281.248
75.531286 291.024
75.562661 282.601
75.594038 287.006
75.625437 291.214
75.656821 288.918
75.689347 289.798
75.720764 289.606
75.752105 300.948
75.78341 314.169
75.814711 308.828
75.847198 298.593
75.878555 293.398
75.909889 290.973
75.941322 285.907
75.972723 294.292
76.005213 298.516
76.037734 299.353
76.070226 287.971
76.102669 281.81
76.135029 288.209
76.16739 301.511
76.18851 308.029
76.21988 301.633
76.251181 291.423
76.282498 300.548
76.31488 303.409
76.347273 309.992
76.379691 325.115
76.410989 325.618
76.442299 334.242
76.473603 344.335
76.50494 361.888
76.537437 350.663
76.568772 350.844
76.600113 375.252
76.631434 361.055
76.662744 345.856
76.695173 350.535
76.727595 348.852
76.758928 352.644
76.79025 368.624
76.821649 377.631
76.852978 379.646
76.885518 347.884
76.918036 286.871
76.950534 285.625
76.982983 294.769
77.015472 305.081
77.047944 308.075
77.080394 301.492
77.111809 295.741
77.143097 297.155
77.174411 299.738
77.205803 319.4
77.238327 325.414
77.270867 327.998
77.303348 346.181
77.335801 379.637
77.368275 390.475
77.399603 354.03
77.430925 337.16
77.462248 342.232
77.49356 367.582
77.526 380.85
77.557341 391.871
77.588637 402.89
77.619978 357.801
77.651304 310.708
77.683785 302.388
77.715137 311.042
77.746515 312.753
77.77792 404.234
77.891003 416.725
77.923443 417.353
77.95484 347.57
77.986179 357.533
78.017542 299.746
78.048913 314.853
78.081484 332.505
78.112843 361.8
78.14418 383.74
78.175539 393.586
78.206897 415.378
78.239308 449.397
78.270663 472.544
78.291738 500.362
78.323057 535.529
78.354378 562.901
78.386775 588.187
78.418149 618.077
78.449517 646.513
78.480852 657.98
78.512215 662.215
78.544683 614.315
78.800636 572.879
78.832046 544.826
79.149332 543.167
79.333942 550.758
79.47879 540.944
79.612218 546.674
79.755943 544.966
79.869077 510.682
79.900483 489.933
79.973819 479.128
80.03581 448.707
80.067126 432.88
80.231326 361.571
80.262712 333.495
80.295138 292.378
80.326508 291.875
80.357857 308.03
80.389213 330.338
80.420537 356.799
80.452983 379.03
80.484313 403.85
80.515625 426.903
80.546951 443.838
80.578347 468.093
80.610896 496.998
80.642231 504.333
80.673607 336.184
80.70502 309.16
80.736373 310.247
80.768819 321.534
80.800175 330.589
80.831542 351.781
80.86294 384.509
80.894307 409.786
80.926726 396.959
80.958018 349.292
80.989293 344.57
81.020553 362.899
81.051918 373.736
81.084455 386.907
81.115819 388.675
81.147167 352.247
81.178611 310.123
81.210017 295.721
81.242603 298.235
81.27394 309.068
81.305289 326.501
81.336694 334.734
81.36803 343.167
81.400463 367.46
81.431813 349.959
81.463108 331.894
81.49444 323.949
81.525788 328.252
81.558278 345.827
81.589666 365.2
81.621047 396.676
81.652414 407.714
81.683711 419.666
81.716091 430.171
81.748554 383.724
81.780863 357.904
81.812199 361.63
81.843478 371.456
81.874787 386.73
81.90612 392.756
81.938619 354.394
81.969907 304.47
82.001169 295.632
82.032544 288.499
82.063898 285.363
82.096332 297.866
82.127619 305.658
82.158899 315.724
82.190242 329.519
82.221584 323.21
82.254081 299.615
82.28543 301.298
82.316712 313.079
82.347983 325.925
82.379298 334.047
82.411761 345.165
82.44421 348.728
82.476663 357.124
82.509178 337.359
82.541721 298.799
82.574172 300.647
82.606736 304.163
82.639205 339.605
82.67164 354.749
82.703968 373.497
82.736425 402.552
82.768892 418.796
82.801316 576.212
82.956268 434.906
82.988706 452.982
83.020046 448.078
83.051326 489.578
83.082659 488.141
83.113972 466.411
83.146451 393.371
83.177783 398.94
83.209149 409.163
83.240468 430.145
83.271822 431.149
83.304273 443.687
83.335577 499.84
83.377136 509.145
83.408484 528.156
83.439834 496.159
83.737946 394.193
83.769373 312.639
83.800729 300.02
83.832085 303.06
83.863476 310.195
83.896029 315.529
83.928561 320.801
83.959922 336.343
83.991254 345.437
84.022618 369.698
84.053969 382.498
84.086456 402.411
84.117783 406.379
84.149142 406.523
84.180472 403.191
84.211848 408.464
84.244207 352.045
84.276711 338.44
84.308111 340.878
84.339429 352.073
84.370763 370.764
84.402126 351.13
84.454918 314.675
84.486231 299.065
84.517543 297.991
84.548825 301.529
84.580143 302.484
84.612586 311.68
84.6439 329.941
84.675269 356.803
84.706628 329.33
84.737986 295.071
84.770421 291.449
84.801715 300.884
84.833036 307.39
84.864365 324.801
84.895729 341.301
84.928171 344.881
84.96058 335.923
84.993059 302.35
85.025397 302.941
85.057894 306.717
85.090382 320.038
85.122746 327.279
85.155165 334.019
85.187574 290.838
85.219941 284.753
85.252321 284.803
85.284735 292.432
85.317253 292.379
85.349666 292.279
85.382134 295.97
85.414561 295.666
85.446978 290.423
85.520123 288.421
85.552572 294.199
85.584838 300.561
85.617051 301.027
85.649466 463.091
85.865424 485.636
85.917223 540.619
85.948562 573.815
86.041234 477.121
86.072527 480.848
86.104979 513.831
86.136237 521.167
86.167454 527.367
86.198708 541.867
86.230011 543.374
86.26245 509.728
86.426298 362.275
86.457517 309.163
86.488777 307.713
86.520061 299.95
86.552368 296.687
86.634702 289.577
86.6661 299.824
86.697373 310.793
86.728621 325.355
86.760893 342.89
86.792093 356.948
86.823339 391.259
86.854577 411.896
86.885902 429.272
86.918309 444.578
86.949645 478.841
86.981019 497.917
87.012341 381.629
87.043615 357.489
87.076072 361.14
87.107444 373.073
87.138743 382.147
87.170006 385.195
87.201316 371.314
87.243934 309.398
87.275171 290.093
87.306389 287.217
87.337698 297.193
87.368989 299.957
87.401466 302.535
87.432745 314.944
87.464028 343.795
87.495385 360.787
87.526648 361.109
87.559004 323.327
87.590331 319.782
87.621659 332.527
87.653012 340.687
87.684409 360.99
87.716907 372.392
87.749359 373.961
87.781918 308.82
87.814393 305.257
87.846921 311.773
87.879371 319.777
87.911834 325.696
87.944284 354.66
87.976752 372.696
88.009199 385.841
88.04163 404.17
88.155621 513.465
88.186967 464.427
88.218241 459.286
88.24949 466.694
88.280731 450.834
88.313293 445.267
88.344661 448.223
88.375948 314.397
88.427654 289.876
88.458945 292.647
88.491408 294.882
88.522727 311.114
88.554077 334.221
88.585376 350.914
88.616682 343.759
88.649274 356.617
88.681718 385.667
88.713048 380.843
88.75455 356.993
88.785833 354.073
88.817177 344.207
89.033346 315.908
89.065721 305.526
89.098178 305.132
89.119328 305.152
89.150616 310.175
89.181886 309.799
89.213175 306.381
89.245515 306.903
89.276794 310.744
89.308058 307.969
89.339331 312.129
89.370669 320.964
89.403005 319.861
89.43537 304.775
89.46661 295.584
89.497864 305.063
89.529212 304.734
89.560519 306.349
89.592931 322.955
89.624213 339.735
89.655391 364.013
89.686596 391.58
89.717867 418.312
89.75027 426.962
89.782732 432.834
89.815155 340.884
89.847451 310.698
89.878706 324.357
89.90997 330.227
89.941256 337.578
89.972508 347.873
90.004911 370.189
90.036224 389.871
90.067559 391.563
90.098895 303.963
90.130264 285.909
90.162621 298.042
90.193974 314.326
90.225389 327.404
90.256721 343.32
90.288069 343.431
90.320521 315.864
90.352903 301.174
90.3855 307.732
90.417915 332.536
90.450436 344.048
90.482926 360.515
90.515406 370.175
90.547803 327.169
90.580206 307.023
90.612597 308.998
90.645118 312.639
90.677473 320.463
95.260476 275.728
95.292986 278.015
95.324421 274.701
95.35567 276.247
95.37681 277.981
95.408092 275.15
95.440512 275.269
95.471819 274.757
95.503128 274.484
95.534435 273.204
95.565679 274.285
95.59811 281.238
95.629443 303.393
95.660731 334.025
95.692069 353.524
95.723385 388.528
95.755746 412.87
95.787097 432.528
95.818458 438.891
95.849805 488.597
96.013945 576.118
96.046443 528.843
96.087931 437.093
96.119293 410.417
96.150557 408.117
96.192093 404.472
96.224607 458.896
96.306917 447.203
96.338228 456.714
96.36952 463.974
96.400854 477.13
96.433351 477.771
96.505458 466.568
96.526528 449.875
96.557727 418.07
96.589031 401.092
96.621459 403.208
96.65275 384.944
96.684033 363.568
96.715354 357.488
96.746684 354.828
96.779146 338.773
96.810437 332.318
96.841721 335.155
96.873097 355.907
96.904445 371.424
96.936902 338.425
96.96818 317.879
96.999462 322.0
97.030755 328.785
97.062123 350.81
97.084303 369.452
97.115687 382.951
97.14694 400.288
97.178356 349.51
97.209707 325.838
97.242266 317.245
97.273654 319.363
97.304986 329.893
97.326062 336.497
97.357443 359.279
97.389861 361.054
97.421222 361.015
97.452564 364.197
97.48388 327.738
97.515252 299.445
97.547752 298.502
97.578984 312.587
97.610206 328.771
97.641556 352.475
97.672874 334.149
97.70536 294.629
97.737776 290.889
97.770097 297.962
97.802509 308.637
97.834937 312.45
97.867429 320.638
97.899815 328.497
97.932271 319.769
98.005625 299.482
98.037 299.653
98.068325 304.463
98.109844 324.345
98.141096 344.508
98.173613 355.84
98.204944 364.859
98.236344 372.076
98.267654 383.877
98.299057 407.047
98.331389 415.314
98.363836 423.349
98.396252 353.88
98.42876 348.957
98.461227 354.223
98.493724 379.795
98.526138 382.664
98.557507 339.074
98.588852 332.965
98.620155 328.731
98.651501 324.25
98.683899 328.772
98.715218 333.379
98.746505 329.758
98.777779 332.196
98.809147 338.468
98.841643 317.136
98.863842 315.539
98.895194 325.166
98.926536 335.58
98.957883 346.738
98.989256 338.425
99.031944 319.705
99.063311 312.192
99.094542 316.732
99.1259 334.433
99.157278 346.605
99.189695 359.375
99.222208 383.933
99.2546 393.654
99.28711 399.277
99.319555 419.947
99.35197 435.697
99.384433 320.11
99.416887 316.753
99.449336 326.638
99.480687 333.537
99.512105 347.946
99.543367 353.395
99.574721 344.831
99.627763 293.059
99.660122 284.247
99.691447 289.31
99.722864 301.313
99.754117 305.668
99.785483 324.448
99.817962 339.847
99.84931 353.94
99.880647 372.473
99.912001 387.237
99.943565 416.461
99.976093 431.485
100.00737 396.191
