1e-06 0.084847
0.031734 0.087893
0.06334 0.083019
0.094939 0.097639
0.126346 0.103209
0.15765 0.12305
0.189176 0.181529
0.24113 0.167431
0.272789 0.11574
0.406144 0.120178
0.437703 0.127749
0.469242 0.126705
0.500729 0.10521
0.532407 0.141412
0.563813 0.136451
0.595304 0.145153
0.626931 0.157076
0.64823 0.157685
0.679729 0.225563
0.711117 0.184575
0.762961 0.194321
0.7945 0.185706
0.826198 0.191276
0.85786 0.20285
0.889402 0.198934
0.921053 0.192929
0.952679 0.214946
0.984344 0.16308
1.127744 0.186837
1.159298 0.194669
1.191002 0.191537
1.222585 0.178135
1.26439 0.203111
1.296156 0.210072
1.327733 0.197454
1.369514 0.134189
1.909523 0.056999
2.368611 0.052735
2.400172 0.054302
2.43171 0.075622
2.778718 0.086674
2.810293 0.130273
2.86212 0.129228
2.893602 0.134711
2.924927 0.146981
2.956417 0.154291
2.987869 0.165778
3.019469 0.198934
3.050971 0.388904
3.072276 0.395953
3.103855 0.392994
3.135491 0.422321
3.167078 0.500206
3.198636 0.553551
3.230175 0.58897
3.261691 0.600979
3.293195 0.644142
3.324743 0.6518
3.356287 0.632829
3.387761 0.67869
3.419059 0.683302
3.450552 0.645099
3.492296 0.768933
3.523799 0.782769
3.555351 0.829588
3.586915 0.854389
3.618268 0.885978
3.649696 0.782421
3.680856 0.8342
3.712153 0.858827
3.743401 0.806527
3.774717 0.744479
3.805964 0.759447
3.837226 0.783292
3.868562 0.841858
3.899865 0.877189
3.931153 1.021821
3.96254 1.056978
3.993896 1.096661
4.025147 1.164886
4.056478 1.211183
4.08783 1.233286
4.11913 1.240422
4.150496 1.244599
4.181821 1.243642
4.213119 1.248428
4.244366 1.252954
4.275796 1.262439
4.307121 1.283063
4.338646 1.31152
4.370076 1.341804
4.401471 1.38166
4.433241 1.44014
4.464735 1.48339
4.496199 1.526901
4.527765 1.571718
4.548969 1.608964
4.580598 1.640727
4.61221 1.651605
4.643748 1.675362
4.675306 1.692419
4.706834 1.667182
4.738204 1.739672
4.76946 1.355466
4.841748 1.799892
4.873103 1.958708
4.904397 1.820081
4.935826 2.066007
4.967333 2.103688
4.999036 2.056609
5.030397 2.1197
5.061702 1.83035
5.103352 1.801893
5.134836 1.706168
5.166338 1.809725
5.197815 1.856369
5.229263 1.856021
5.250446 1.902753
5.281908 2.063745
5.313426 2.250235
5.34499 2.37694
5.37665 2.805266
5.408291 2.68909
5.439901 2.709541
5.471538 2.741478
5.492922 2.803264
5.524639 2.796216
5.556102 2.776374
5.587647 2.722768
5.619136 2.688307
5.65069 2.70197
5.682283 3.018646
5.713909 3.135082
5.745706 3.195302
5.777353 3.130296
5.809004 3.069554
5.840689 3.392844
5.872495 3.629459
5.904137 3.748071
5.935897 3.815948
5.967607 3.835529
5.99934 3.803417
6.031021 3.853629
6.062633 3.876603
6.094235 3.9182
6.125943 3.954489
6.15762 4.009922
6.179194 4.141588
6.210911 4.206942
6.242594 4.451041
6.274184 4.681651
6.305916 4.750051
6.337549 4.725946
6.368965 4.969696
6.400437 5.101101
6.432071 4.911739
6.463834 5.131124
6.495421 4.328948
6.567996 4.628741
6.599599 5.122073
6.631237 5.274885
6.662873 5.510195
6.694332 6.147202
6.725981 6.093248
6.757427 6.185144
6.789021 6.232571
6.820511 5.700514
6.851973 5.160276
6.883533 5.124771
6.915053 5.152966
6.946583 5.065422
6.978078 5.178899
7.0096 5.5913
7.041048 5.683022
7.072599 6.280434
7.104071 7.039098
7.135671 7.647387
7.167273 8.207292
7.198821 8.421107
7.230545 8.326861
7.262193 8.28744
7.293921 8.626742
7.325659 8.400222
7.357408 8.187886
7.389203 8.189452
7.420993 8.155339
7.452692 8.112959
7.484492 8.303626
7.516249 8.836206
7.547935 9.035488
7.579572 9.19474
7.611274 9.673191
7.643051 9.521423
7.674891 9.219628
7.706743 9.419345
7.73858 9.619846
7.770364 9.3137
7.802206 9.081871
7.833904 9.151141
7.865482 8.642232
7.897152 8.610033
7.928621 8.726992
7.960134 8.800613
7.991681 9.280979
8.023223 9.452153
8.054903 9.326927
8.086591 8.986755
8.11821 9.135651
8.149733 9.243994
8.181195 9.150619
8.212779 9.077868
8.244399 8.951685
8.275954 8.112959
8.307663 8.160387
8.339126 7.672015
8.370689 7.703169
8.402224 8.355231
8.433778 8.71185
8.465179 8.785994
8.496711 8.431376
8.528232 8.631876
8.559785 8.829418
8.591388 7.313916
8.622939 8.076236
8.654662 8.237489
8.686262 8.140807
8.717913 8.09042
8.749299 8.061007
8.780654 8.172483
8.812036 8.119486
8.843485 8.810186
8.905493 8.784166
8.93693 8.924099
8.968447 8.718203
9.000002 8.511872
9.031598 8.719421
9.063136 9.095273
9.094722 9.113808
9.126154 8.852653
9.147758 8.938196
9.179216 8.82176
9.220949 8.842384
9.252556 9.220933
9.28408 9.386451
9.315597 9.055764
9.347139 8.755623
9.378639 8.530756
9.410371 8.331125
9.442047 8.505693
9.473623 8.739871
9.505183 8.63936
9.536827 8.628221
9.568422 8.675736
9.60012 8.565739
9.631756 8.411796
9.663469 7.367
9.705247 7.376573
9.736662 7.23751
9.768139 7.0639
9.799867 7.582381
9.831479 7.067903
9.863157 6.790039
9.894863 5.97568
9.926621 6.001091
9.9583 6.171742
9.990066 6.217081
10.021837 6.106562
10.053489 6.184186
10.085074 6.482239
10.11672 6.621041
10.148404 6.546201
10.180068 6.537673
10.211738 6.523836
10.243328 7.282414
10.275024 7.33602
10.306754 7.160495
10.338236 5.691986
10.36972 5.009205
10.401168 4.943503
10.432626 6.091072
10.464303 6.651499
10.495932 6.652891
10.527569 6.767239
10.559227 6.741567
10.590661 6.924837
10.622247 7.086961
10.653809 8.321553
10.685436 8.987277
10.717089 9.322315
10.7488 9.316223
10.780378 9.880044
10.8121 8.789997
10.843698 8.859876
10.875245 8.659027
10.906929 8.971613
10.938607 9.453284
10.970183 9.798156
11.001867 9.768133
11.033449 7.998263
11.065053 7.986428
11.096525 8.544418
11.117851 9.675627
11.149572 9.680414
11.181108 9.664053
11.212677 9.700342
11.244259 9.254872
11.275701 8.654241
11.307151 8.366196
11.338783 8.34209
11.359983 9.234509
11.391568 9.337718
11.423209 6.212034
11.607675 6.363018
11.639355 5.836966
11.670963 5.775789
11.702618 5.95932
11.73421 5.9514
11.765966 5.882217
11.797484 6.050606
11.828786 5.887091
11.860048 5.710086
11.881187 0.917133
12.156638 1.156619
12.187891 1.547003
12.219425 1.891005
12.250743 2.711977
12.28198 3.239597
12.313268 3.745286
12.344529 4.09094
12.375751 4.488112
12.407018 5.062028
12.438238 4.983098
12.469519 4.741871
12.500798 4.756578
12.532036 5.231461
12.563275 5.657438
12.59457 6.085938
12.625804 6.733126
12.657008 7.123771
12.688219 7.440186
12.719499 7.924816
12.750651 7.627981
12.781936 7.617713
12.813241 7.671841
12.844644 8.224871
12.875896 8.281435
12.90742 8.251761
12.93856 7.40764
12.969875 7.391802
12.991092 7.283893
13.0224 7.661311
13.053636 8.060572
13.085 7.719007
13.116342 7.178074
13.147669 7.480652
13.1789 7.65696
13.210158 7.8183
13.241516 7.551488
13.272937 8.034726
13.304167 7.961192
13.335482 8.209207
13.366716 8.260637
13.397993 8.384732
13.429344 8.617953
13.460664 8.580098
13.491913 7.488658
13.523192 7.904018
13.554436 8.020976
13.585735 8.148204
13.617191 8.183448
13.648334 8.381947
13.679518 8.286048
13.710762 8.34122
13.742021 8.404399
13.773502 9.003725
13.804774 8.676171
13.836086 8.663988
13.867607 8.810969
13.899053 8.478194
13.930355 8.41928
13.961961 8.446518
13.993326 8.195022
14.024662 8.32808
14.055913 8.695751
14.087271 9.025306
14.118673 8.55373
14.150047 8.676606
14.181352 8.739784
14.212677 8.735346
14.243911 8.535194
14.275213 8.24097
14.306532 8.377422
14.337869 8.582969
14.369241 8.58558
14.400573 8.039251
14.431779 8.357667
14.463058 9.015734
14.494356 8.972222
14.52565 9.083524
14.556725 9.335629
14.588214 9.334237
14.619507 9.347726
14.650823 8.405182
14.682166 7.860941
14.713489 9.213798
14.744703 9.497405
14.775955 9.436663
14.807157 9.643255
14.838466 9.631942
14.869763 9.625067
14.90099 7.711436
14.932247 8.811578
14.963581 9.074474
14.994875 9.257309
15.02614 9.024523
15.057367 8.7323
15.088563 8.870928
15.119806 8.718377
15.140927 8.76067
15.172203 9.103888
15.203415 9.057505
15.234658 8.832377
15.265925 8.797568
15.297232 9.186298
15.328494 8.924099
15.359745 9.23973
15.391055 9.450238
15.422253 9.358168
15.453542 7.935085
15.484811 6.795608
15.556716 6.628612
15.587925 7.338021
15.619156 7.780445
15.650383 7.312611
15.681676 7.396501
15.712914 7.794543
15.744175 7.418082
15.775516 5.576941
15.908506 6.150683
15.939726 6.374505
15.971016 6.523314
16.002289 6.666206
16.064115 6.533844
16.095332 7.220367
16.12667 7.469774
16.157969 7.316266
16.189272 7.53713
16.220544 7.425305
16.251779 5.225369
16.323839 5.35834
16.35512 5.401504
16.386364 5.371829
16.417608 5.42822
16.449011 5.713132
16.480327 5.94557
16.5116 6.260505
16.542913 6.854871
16.57434 7.150661
16.605605 7.43218
16.636911 9.964108
16.668093 9.415864
16.699374 9.568589
16.730649 8.610643
16.761949 8.458875
16.793183 7.027263
16.834602 7.097665
16.865889 6.253021
16.907315 6.213078
16.938577 5.790669
16.969904 5.734279
17.001203 5.499752
17.042641 5.440751
17.073953 5.153837
17.10521 5.357035
17.136562 5.12947
17.178058 5.30134
17.209468 5.10406
17.24098 5.463551
17.272213 5.153053
17.313646 5.304125
17.344888 5.288983
17.366008 5.339804
17.397244 5.100927
17.438678 5.615319
17.469966 5.404549
17.511524 5.684589
17.542806 5.59365
17.574315 5.679106
17.60569 5.322139
17.647181 5.605833
17.678409 4.465661
17.709685 4.571132
17.740922 4.568434
17.782373 5.09353
17.813638 5.939739
17.855062 5.988124
17.886374 5.740457
17.928046 5.550225
17.959419 4.509868
18.000968 4.576876
18.032489 4.783555
18.063871 4.830895
18.095192 4.894683
18.146789 5.00407
18.178077 5.468685
18.209352 5.40803
18.240647 4.984925
18.271953 5.091006
18.303374 4.812359
18.344899 4.950116
18.376501 4.549812
18.407801 4.693747
18.439097 4.468445
18.470376 4.70741
18.501682 4.545373
18.543069 4.596891
18.574429 4.769718
18.6058 4.982924
18.637088 4.680781
18.678524 4.788167
18.710033 4.576354
18.741365 4.648408
18.772732 4.470882
18.804002 4.617689
18.83532 4.553031
18.876739 4.572002
18.907977 4.41919
18.949483 4.658764
18.980783 4.61943
19.02225 4.492638
19.053469 4.308149
19.084719 4.540761
19.115944 4.435725
19.157474 4.061701
19.188746 3.985208
19.220026 4.079627
19.25132 3.935344
19.302895 4.015666
19.334186 3.855718
19.365431 4.05822
19.396667 3.964061
19.427914 4.138194
19.45912 4.064573
19.500509 3.981292
19.531718 3.838139
19.563016 3.804636
19.59426 3.912892
19.635736 4.045602
19.667159 4.082325
19.708556 4.143937
19.73986 4.175091
19.7711 4.11113
19.802389 4.009139
19.843838 4.171959
19.875159 3.650431
19.906441 3.668967
19.937695 3.575156
19.969054 3.724575
20.000328 3.869293
20.041767 4.135931
20.072983 4.781205
20.114423 4.931232
20.145669 4.897468
20.176874 4.529709
20.208102 3.461331
20.249691 3.446015
20.28093 3.547309
20.322269 3.632591
20.353539 4.361146
20.384783 5.007029
20.416033 5.318049
20.447345 4.516743
20.478582 4.766585
20.509858 5.006072
20.530948 5.154446
20.562271 5.260962
20.664726 5.246255
20.695975 4.928187
20.727192 4.973264
20.758502 4.967347
20.789731 4.924097
20.821012 5.717222
20.852456 6.18906
20.883661 6.190452
20.914913 6.191496
20.946221 6.103777
20.977715 6.100296
21.008935 7.074429
21.040169 7.328536
21.071438 7.508325
21.102616 7.557145
21.133878 7.472646
21.165145 7.57133
21.196434 5.90406
21.227706 5.941132
21.258943 5.91372
21.290446 7.548965
21.321737 8.213558
21.352948 8.248715
21.384205 8.279608
21.415458 8.252457
21.436654 8.404747
21.467862 8.218605
21.499083 8.652153
21.530339 9.32684
21.561561 9.5484
21.592899 9.833139
21.624173 10.249369
21.655438 7.781403
21.707101 7.882697
21.738354 8.029069
21.769579 8.619867
21.800745 8.296664
21.832085 8.259767
21.863465 8.202941
21.894989 8.049172
21.926403 8.105649
21.957729 7.979031
21.989379 8.418757
22.021086 9.146529
22.052955 9.51977
22.084777 9.765
22.116505 9.936261
22.14815 9.973071
22.179831 10.128668
22.21149 7.826219
22.24319 8.000004
22.274858 8.740133
22.296361 9.688594
22.328085 9.656482
22.359768 9.524034
22.39135 9.511154
22.423048 9.160453
22.454742 9.220672
22.486634 9.033921
22.528655 8.9603
22.560514 9.09066
22.592352 9.024784
22.624213 8.061529
22.666269 8.683742
22.698128 8.522663
22.729977 8.12932
22.761703 8.565565
22.793463 8.565739
22.825196 8.619606
22.856965 8.684612
22.888821 8.933497
22.920676 9.170982
22.952478 9.04567
22.984238 8.859615
23.015689 7.975376
23.047029 7.054153
23.078667 7.056503
23.110398 7.189735
23.142277 8.944549
23.163926 8.840122
23.195698 8.854132
23.227503 8.240796
23.259318 8.13341
23.291086 8.299623
23.322894 8.103039
23.354695 8.840905
23.386501 8.99946
23.418352 9.044103
23.450036 8.760583
23.481733 8.8852
23.513435 8.631963
23.545278 7.161713
23.5771 8.199547
23.608911 8.487505
23.640749 8.457134
23.672641 8.415973
23.704539 8.388735
23.736451 8.397872
23.768253 8.47567
23.800045 8.708282
23.831833 8.948291
23.863659 8.730125
23.895494 8.68905
23.927296 8.346267
23.958971 8.150814
23.990856 8.698971
24.022689 8.911045
24.054482 8.604725
24.086321 8.956819
24.11815 8.556602
24.149976 8.625959
24.181763 8.984144
24.213629 9.274452
24.245538 8.626742
24.318303 7.794195
24.350262 8.025414
24.382161 7.867642
24.414073 7.780793
24.445985 8.079282
24.477817 8.198155
24.509644 8.474887
24.541563 8.549118
24.573461 7.536869
24.60519 7.55349
24.636907 7.631027
24.668708 7.874865
24.700534 8.142721
24.732412 8.098601
24.764185 8.230527
24.795894 8.450434
24.827699 8.47715
24.85941 8.121836
24.8912 7.92647
24.922965 7.786885
24.954814 7.402157
24.986697 7.345331
25.018634 7.658439
25.050563 7.623456
25.082464 7.318354
25.114292 7.33837
25.146099 7.426437
25.177965 7.235074
25.199588 7.549922
25.23139 8.178749
25.26319 8.483154
25.295024 8.982752
25.326968 9.059071
25.358903 8.340611
25.39077 6.060005
25.422606 6.17122
25.454465 7.298774
25.486433 7.22115
25.518386 7.23168
25.550421 5.417777
25.694524 5.516983
25.726325 5.501406
25.758291 5.1514
25.790266 5.113284
25.822143 5.147136
25.854043 5.455458
25.885967 5.429264
25.917835 5.294727
25.949458 5.104582
25.981017 5.011119
26.012782 4.925489
26.044676 4.943242
26.076478 4.995803
26.108123 4.975179
26.139825 4.741958
26.171509 0.297443
26.407249 0.573567
26.439059 0.851691
26.470622 1.182117
26.502278 1.598956
26.533965 1.830524
26.56564 2.025281
26.597364 2.187143
26.618675 2.36406
26.650085 2.898902
26.68184 4.221475
26.713416 4.306148
26.744961 4.325815
26.7767 4.751095
26.808445 5.139826
26.840279 6.010837
26.872031 6.854001
26.903799 6.967304
26.935627 7.274147
26.967442 7.680282
26.998972 9.187082
27.030632 9.360605
27.06246 10.107522
27.094347 10.283917
27.126243 10.316115
27.158077 10.440384
27.189773 7.369872
27.221312 7.556014
27.252904 7.407031
27.284592 9.168459
27.316308 9.378184
27.34809 9.34468
27.379596 9.234074
27.411043 9.205965
27.442538 9.171069
27.474163 8.830288
27.505634 8.891291
27.52694 8.823065
27.558521 9.08335
27.590176 9.440318
27.621755 9.386712
27.653362 9.291683
27.685001 9.57529
27.716743 9.456678
27.748297 9.185428
27.800374 9.349292
27.83201 9.219976
27.863655 9.243211
27.8953 9.333541
27.926741 9.61358
27.958146 9.632029
27.98973 9.755427
28.021163 8.980576
28.083042 9.178205
28.114352 9.077868
28.145677 8.947595
28.177093 8.761888
28.208793 8.501777
28.240384 8.209555
28.271937 8.130886
28.303454 7.973375
28.335142 7.381794
28.366956 7.440534
28.398737 7.738326
28.430577 8.917224
28.451891 8.773375
28.483575 8.148378
28.51516 8.243581
28.54639 8.299971
28.577784 8.771896
28.609095 8.760409
28.640399 8.509261
28.671667 7.632594
28.70309 6.998285
28.734325 7.514765
28.765529 8.151772
28.796859 8.597589
28.828237 8.840905
28.859499 8.847606
28.890794 8.789561
28.92211 7.724055
28.953587 7.154055
28.984867 7.210011
29.016116 7.38806
29.047668 7.557319
29.078981 7.173026
29.110257 7.216277
29.141532 7.000199
29.172775 6.599372
29.20438 6.69823
29.236104 6.606943
29.267691 6.329689
29.299185 6.134061
29.330818 6.289223
29.362307 6.472754
29.393913 6.5214
29.425505 6.438641
29.456956 6.416972
29.488498 6.35623
29.520139 6.318114
29.551755 5.526642
29.583306 5.511239
29.614881 6.453087
29.646372 6.408183
29.67804 6.391649
29.709824 6.321682
29.741657 6.339783
29.773516 5.579291
29.805324 5.269664
29.837168 7.318006
29.868935 7.374745
29.900729 7.561061
29.932564 7.72623
29.964391 7.841796
29.996146 7.670361
30.027973 7.761213
30.059797 7.662791
30.091596 7.081826
30.123444 8.127492
30.155273 8.3722
30.187148 7.863639
30.218941 7.821172
30.250458 8.171526
30.281896 8.144723
30.313448 7.659049
30.34515 7.271101
30.376984 7.233768
30.408864 7.804812
30.430432 7.820302
30.462238 7.813427
30.494114 7.755905
30.526007 7.730929
30.557862 5.773265
30.752952 4.7913
30.825681 4.821062
30.857406 3.463332
31.011685 3.464812
31.043521 3.561059
31.075363 3.804026
31.107182 3.851976
31.139031 3.800806
31.171053 3.301557
31.203113 3.277974
31.234902 3.354119
31.266671 3.366476
31.298531 2.700142
31.350839 2.663854
31.382662 2.345699
31.414471 2.517307
31.44627 3.267531
31.508767 3.21027
31.540591 3.130035
31.572402 3.793932
31.604229 4.380813
31.636075 3.00742
31.780136 3.451236
31.81199 4.087808
31.843873 4.309107
31.875614 4.749964
31.907245 4.942981
31.938928 5.028785
31.970553 5.53839
32.002272 6.220214
32.033988 6.697447
32.065805 7.060419
32.097573 7.361605
32.129392 7.523989
32.161186 7.405899
32.203211 7.607792
32.235107 7.75547
32.277146 7.737195
32.308933 7.738065
32.34066 7.541046
32.372402 7.334105
32.404248 7.38075
32.436093 6.915352
32.467768 6.932756
32.499661 6.950683
32.5315 6.789865
32.56334 6.812491
32.595166 7.212535
32.62708 7.239686
32.658975 7.191736
32.690714 7.103495
32.722473 7.114112
32.75428 7.121074
32.786203 7.165716
32.817861 7.051891
32.849582 7.11272
32.881151 8.482023
32.912858 8.254197
32.944528 8.17083
32.976417 8.61073
33.008209 8.71507
33.03987 8.61569
33.061369 8.957864
33.093126 9.151576
33.124677 7.23838
33.156195 8.361235
33.187929 8.740655
33.219379 8.652849
33.251048 8.686701
33.282578 8.022195
33.314394 8.124533
33.346239 8.32164
33.378074 8.041253
33.409922 8.307368
33.441808 8.809664
33.473412 8.450695
33.505016 8.546072
33.536725 8.790693
33.568471 8.682436
33.60001 8.999722
33.631583 9.813472
33.662905 9.916681
33.694279 8.094424
33.725819 8.818279
33.757255 8.925839
33.788962 8.945767
33.82055 8.915135
33.852337 8.951076
33.88409 8.980489
33.915854 8.942461
33.947601 8.898253
33.979422 9.199874
34.011189 9.068208
34.042813 9.285156
34.074567 9.371222
34.106117 9.907543
34.137859 10.107522
34.169605 10.061051
34.201439 8.188669
34.233282 9.085787
34.265139 9.728798
34.296996 9.777531
34.32884 10.153208
34.360553 10.032682
34.392222 9.274191
34.424001 8.721771
34.455817 8.908261
34.487445 10.369721
34.519094 10.374855
34.550796 10.597025
34.582532 11.209143
34.614178 8.169437
34.645923 8.617256
34.677691 9.536739
34.70949 9.434313
34.741277 9.665968
34.772959 9.539872
34.804391 9.507238
34.835872 9.616626
34.867463 9.626373
34.899109 9.313439
34.930707 9.323533
37.423187 8.971352
37.454612 8.965783
37.485836 9.089616
37.517066 9.299602
37.538299 8.665467
37.569555 8.8121
37.600847 8.785036
37.632042 9.006596
37.663222 8.766587
37.694471 8.781207
37.725972 8.775638
37.757232 8.453828
37.788546 8.554252
37.819895 8.724381
37.851163 9.023044
37.882438 9.199352
37.913723 9.241384
37.945013 9.232333
37.976478 9.131735
38.007776 8.34766
38.059447 8.812797
38.090771 8.03081
38.122098 7.41086
38.153358 7.601613
38.184667 7.890007
38.205748 7.607966
38.247399 7.988778
38.278898 7.826219
38.310306 7.82239
38.34174 8.158124
38.373114 7.928384
38.40452 8.362019
38.43586 8.57096
38.467205 8.737174
38.498694 8.908348
38.530023 8.991106
38.561348 8.87319
38.592731 7.42722
38.624133 6.520442
38.655546 8.378553
38.686967 8.765021
38.718408 8.706716
38.749798 8.504649
38.781244 8.231136
38.812557 8.363498
38.843885 8.603072
38.875196 8.165608
38.906456 8.09103
38.937711 8.760583
38.968971 9.162106
39.000241 9.253654
39.03151 9.586081
39.062589 9.80973
39.09387 9.695469
39.125103 9.647432
39.156367 6.689093
39.187686 6.77246
39.218936 8.075801
39.250421 8.342438
39.281586 8.384906
39.312875 8.558081
39.344167 8.432333
39.375335 8.425458
39.406724 8.637707
39.437977 8.730125
39.46923 8.691226
39.510642 8.81941
39.541937 8.87058
39.573158 9.023218
39.604399 9.045757
39.635643 9.162019
39.666867 8.892074
39.698127 8.671472
39.729405 8.802963
39.760614 8.746833
39.791936 8.516049
39.813054 8.798003
39.844288 9.126601
39.875519 9.031572
39.907002 9.168198
39.938263 8.92845
39.969483 8.673386
40.000877 8.74022
40.032126 8.332344
40.063454 8.317637
40.094677 8.360365
40.126003 8.206596
40.157288 8.044559
40.188545 7.99017
40.219862 7.772439
40.251069 7.677758
40.282349 7.643471
40.313617 7.693684
40.344859 7.680978
40.37613 7.746245
40.407401 7.84519
40.438664 7.093313
40.469928 7.891834
40.501217 7.94048
40.532439 7.825001
40.563938 7.949879
40.595194 7.908717
40.626517 7.798894
40.657895 7.756601
40.689355 7.806987
40.720611 6.26007
40.741731 6.156426
40.772946 6.312458
40.80425 7.853893
40.835492 7.980859
40.866803 8.323554
40.898055 6.591627
41.01066 6.770459
41.041943 6.057133
41.073228 4.093812
41.297703 4.568521
41.328969 5.119898
41.360224 5.102058
41.391502 5.167586
41.422724 4.491593
41.494567 4.659025
41.525849 1.629936
41.709861 1.206222
41.74109 1.224149
41.772371 1.550658
41.803651 1.770913
41.834887 1.914414
41.866134 2.05278
41.897513 3.236116
41.979733 3.247951
42.011081 3.166236
42.042427 3.476212
42.073679 4.290397
42.105165 5.204484
42.136447 5.833746
42.167854 6.086982
42.199122 6.63714
42.230372 7.527122
42.261696 9.685722
42.29293 10.305063
42.324501 10.777075
42.345695 11.134999
42.377092 10.929104
42.408579 10.939372
42.439916 8.004964
42.471256 8.170307
42.502706 8.309022
42.534061 8.948117
42.565453 9.80973
42.596912 9.832791
42.628252 9.734716
42.659723 9.43762
42.680854 9.054459
42.71239 9.158973
42.743686 8.989888
42.774994 9.060202
42.806396 9.151141
42.837862 9.119465
42.869193 9.076998
42.900412 9.095011
42.931727 9.082219
42.952873 9.215538
42.984272 9.018867
43.015532 9.122598
43.046799 9.188474
43.078058 9.257744
43.109296 8.441383
43.140668 8.455307
43.171949 8.426502
43.203178 8.342612
43.234402 8.603333
43.265625 8.844473
43.296834 9.004769
43.328058 9.258614
43.35934 9.214755
43.390522 9.427961
43.421862 9.452066
43.45308 9.511502
43.484467 9.554753
43.515833 9.554231
43.546997 9.504628
43.578241 7.297556
43.609501 7.316875
43.640716 9.536043
43.671963 9.895534
43.703196 9.602876
43.734467 9.762215
43.765754 9.909023
43.796987 8.246278
43.828294 8.346006
43.859774 9.676411
43.891116 9.990824
43.922456 10.058267
43.953786 10.036511
43.985041 9.319443
44.016309 8.462008
44.047498 8.450782
44.078695 9.128428
44.109975 9.914418
44.141241 9.540481
44.172853 9.577031
44.204134 9.02783
44.235437 8.56774
44.266678 8.374289
44.297971 8.849694
44.329196 9.33328
44.360563 9.638121
44.391794 9.110937
44.423426 8.802006
44.454687 8.806705
44.486 8.783296
44.517288 7.608575
44.548525 8.662595
44.579757 8.881893
44.611028 8.869274
44.64229 8.951337
44.673544 8.842819
44.704875 8.985189
44.736171 9.015473
44.767553 9.152011
44.798774 9.418823
44.830019 9.193956
44.861545 9.184558
44.892866 9.002245
44.924207 8.935151
44.955466 9.073604
44.986667 9.339981
45.017914 9.336326
45.049185 8.418496
45.080467 9.756298
45.11172 10.146247
45.142984 10.241189
45.174193 10.334216
45.20544 10.46475
45.236734 7.591084
45.268121 7.583774
45.299448 7.659049
45.330603 9.077781
45.361923 9.422043
45.393234 9.298297
45.424483 9.337196
45.455793 9.143135
45.487051 9.259223
45.518349 9.164456
45.549758 9.211883
45.581071 9.263923
45.612288 9.276454
45.643646 9.24791
45.674901 7.970155
45.726603 8.856395
45.757886 9.318312
45.789171 9.665359
45.820538 8.885983
45.851806 8.997024
45.883151 8.945158
45.914459 8.977966
45.945755 9.061073
45.977205 9.181773
46.008509 9.493315
46.039807 9.117724
46.071108 8.33539
46.102341 8.003572
46.133803 8.745963
46.165179 9.461029
46.196605 9.313352
46.228084 9.539263
46.259498 7.543395
46.331705 7.286156
46.363106 6.497817
46.394699 6.072971
46.426263 5.973417
46.457632 6.040251
46.489043 5.939826
46.520527 6.163649
46.551946 5.957144
46.583359 5.736019
46.614671 5.786318
46.646062 5.882565
46.677427 6.322118
46.70872 0.13532
46.973836 0.304753
47.005067 0.79034
47.036331 1.142348
47.06755 1.458414
47.108991 1.802763
47.140295 2.02093
47.171432 2.185664
47.202635 2.408703
47.233866 5.570328
47.265065 5.594607
47.296383 5.21075
47.327575 5.428829
47.35879 5.938086
47.390047 6.359624
47.421242 7.030135
47.452467 7.058939
47.483651 7.050585
47.514913 7.381533
47.535952 8.234269
47.567186 8.631528
47.598439 8.677041
47.629748 9.186211
47.660999 9.737153
47.692331 9.064292
47.723597 8.380815
47.754864 8.593847
47.786104 8.655285
47.817398 8.897644
47.848626 9.622805
47.879873 9.553883
47.911136 7.210881
47.942331 7.173287
47.97366 8.809316
48.004906 8.573919
48.03613 8.591672
48.067408 7.927079
48.098632 7.876954
48.129917 7.522162
48.161198 7.5722
48.19246 7.781751
48.223676 7.704474
48.255128 7.556536
48.286309 7.697165
48.317482 7.300863
48.348725 7.359342
48.379911 7.540262
48.411171 7.638685
48.442389 8.038294
48.473713 8.429983
48.505042 7.508934
48.536342 6.744352
48.567708 6.734344
48.598971 6.812404
48.630289 7.381968
48.66164 7.980946
48.692851 8.274474
48.724041 8.313373
48.755465 6.154773
48.786682 7.513198
48.817933 8.587234
48.849167 8.578357
48.880483 8.740916
48.911819 8.690356
48.943076 7.753468
48.974445 6.760364
49.005729 6.749573
49.037019 7.596131
49.068336 8.074495
49.099637 7.767044
49.13085 7.937434
49.162056 8.213819
49.193306 8.264292
49.224533 7.831789
49.255784 7.94605
49.287016 8.215646
49.318278 8.187451
49.349541 8.064314
49.380924 8.46897
49.412143 8.41928
49.43329 8.242362
49.464564 8.14568
49.49582 8.145245
49.527129 7.627546
49.558301 7.811512
49.589608 7.783752
49.62084 7.797241
49.652118 8.112785
49.683395 8.153425
49.714642 7.775137
49.745846 7.725795
49.777053 6.506606
49.808377 6.421846
49.839613 6.42785
49.870868 7.237945
49.902159 7.758603
49.933515 7.908543
49.964748 7.935694
49.996066 7.921683
50.027319 8.053175
50.058655 8.273342
50.089995 8.275953
50.121288 8.396828
50.152617 8.575224
50.183903 8.716723
50.215114 8.739784
50.246382 8.123489
50.277659 7.111588
50.308919 7.06155
50.340154 7.083741
50.371537 7.088179
50.402851 7.475256
50.434171 7.711436
50.465655 7.695076
50.4971 7.867294
50.52863 7.827438
50.560186 7.776877
50.591613 8.00392
50.622888 8.489594
50.654274 9.012079
50.685666 9.617322
50.717028 9.880305
50.748607 6.791344
50.779929 6.780902
50.81131 7.718746
50.842635 7.990257
50.874158 8.10974
50.905524 8.089985
50.937053 8.14159
50.96865 8.130973
51.00006 7.924033
51.03127 8.833595
51.062452 8.991976
51.093708 8.649194
51.124938 8.790258
51.156222 8.995283
51.187428 8.703235
51.218675 6.20046
51.351687 6.120921
51.372789 5.998741
51.404048 6.016319
51.435363 5.959929
51.466686 5.862898
51.497982 5.834268
51.529201 5.752989
51.560534 5.759428
51.591829 5.873776
51.623123 6.313241
51.654419 6.54916
51.685731 6.601374
51.717041 6.578052
51.748441 6.843384
51.779704 0.424758
52.055312 1.032612
52.086619 1.47695
52.117928 1.997346
52.149212 2.295399
52.18057 2.404961
52.21186 2.292876
52.283903 2.474144
52.315185 2.680736
52.346445 3.323487
52.377728 5.387145
52.408904 5.603919
52.440151 5.760473
52.471379 6.256067
52.502651 6.516439
52.534022 6.953555
52.565318 7.268925
52.59663 7.115504
52.627914 7.511458
52.659118 8.538414
52.690401 9.194217
52.721632 9.236685
52.752912 9.607924
52.784181 9.732192
52.815586 9.665707
52.846994 8.008967
52.878246 9.93452
52.909515 10.133019
52.940771 10.234053
52.972014 10.281741
53.003264 10.317943
53.034594 10.211862
53.065863 10.153557
53.097333 7.245168
53.118464 7.180945
53.149677 8.514831
53.180969 9.001897
53.212366 8.995631
53.243597 8.77294
53.27493 8.828374
53.306212 8.70045
53.337642 8.238272
53.368955 8.771722
53.400229 9.640035
53.431354 9.804247
53.462675 9.860812
53.493943 9.918856
53.525234 9.95236
53.55646 10.087854
53.587762 9.968372
53.619063 7.058939
53.650419 8.237228
53.681665 9.020433
53.712945 9.13713
53.734074 9.39611
53.765273 9.229636
53.796488 9.241819
53.827951 9.345463
53.859229 9.412732
53.890507 6.858961
54.023582 6.802483
54.054998 6.610163
54.086279 6.63888
54.117595 6.7789
54.148863 6.587885
54.180132 6.638706
54.211449 6.528449
54.242691 6.463965
54.27395 6.240664
54.295069 6.36589
54.326413 6.546984
54.357704 6.46353
54.388943 6.590061
54.420319 6.638706
54.451675 6.578052
54.483025 6.586058
54.514718 6.622346
54.546383 6.773244
54.578265 6.213252
54.609989 5.917288
54.641471 5.569806
54.673127 4.776767
54.704821 4.151073
54.736538 4.118875
54.768144 1.950267
54.861041 2.149723
54.882451 2.370326
54.914144 2.868705
54.945896 3.202351
54.977581 3.424085
55.009312 4.056566
55.040944 4.46479
55.072648 4.707497
55.10429 5.055327
55.135858 5.338151
55.167298 5.20344
55.198891 5.30134
55.23045 6.70728
55.261985 7.218017
55.293387 7.29129
55.32476 7.392411
55.356075 7.529907
55.377233 7.570111
55.408651 7.932474
55.439893 8.218344
55.471333 8.529015
55.502775 8.509435
55.534117 9.112851
55.565539 9.28272
55.597007 7.549922
55.628367 5.853065
55.659761 5.836966
55.691135 5.881173
55.732792 7.655568
55.764421 7.23255
55.79584 6.867489
55.827221 6.799873
55.858689 6.856873
55.890171 6.985753
55.921563 6.803615
55.952902 6.794738
55.984623 7.348464
56.015961 7.654697
56.047354 7.612317
56.078666 7.451151
56.110182 7.629287
56.141543 7.326099
56.17297 7.163019
56.204526 6.692051
56.236025 6.638532
56.267661 6.631658
56.299262 6.574223
56.330731 6.569697
56.362215 6.553685
56.393759 6.504691
56.425357 6.548899
56.45687 6.661245
56.488322 6.714329
56.519758 6.160864
56.551206 6.354664
56.582672 6.657242
56.614214 6.467707
56.645636 6.125011
56.677121 6.080716
56.708532 5.901188
56.739835 6.109956
56.77116 6.20864
56.802774 6.058961
56.834291 5.591648
56.865717 5.610619
56.897231 5.538303
56.928818 5.410206
56.960201 5.493661
56.991561 5.247212
57.022994 5.391496
57.05445 5.887439
57.075634 5.847321
57.107194 5.845581
57.138753 5.729057
57.170542 5.764302
57.202121 5.498099
57.233608 5.565541
57.265026 5.174461
57.29651 4.670773
57.317744 4.743872
57.349395 4.885632
57.38092 4.940283
57.412285 4.923313
57.443613 5.708085
57.474866 5.880651
57.506102 5.47791
57.537623 4.961081
57.569096 5.141828
57.600658 5.290114
57.632104 5.381575
57.663663 5.418038
57.695091 5.571024
57.726738 5.573461
57.758334 5.707302
57.79018 5.970807
57.821754 6.159298
57.853197 6.337521
57.884808 6.405572
57.916438 6.442122
57.948037 6.294966
57.97963 6.291834
58.011263 6.336128
58.042858 4.977006
58.074316 5.029655
58.105887 5.187689
58.137318 5.274537
58.168926 6.96948
58.200549 7.268403
58.232086 7.39476
58.263658 7.161452
58.295184 7.279803
58.326872 5.148267
58.358616 5.553967
58.390287 7.550357
58.421961 7.778879
58.453519 8.027242
58.485121 8.141155
58.516798 5.727056
58.579117 6.430026
58.610809 8.108695
58.642473 8.158907
58.674124 8.284046
58.705909 8.476628
58.737582 8.308326
58.769125 8.096947
58.800973 7.953882
58.83264 7.767914
58.864286 7.673668
58.895866 8.086417
58.917201 6.433855
58.989506 6.484937
59.021232 6.58571
59.052996 6.325424
59.08467 6.068098
59.116294 6.231266
59.147892 5.993781
59.17955 6.118223
59.211138 5.441969
59.242612 5.391757
59.274054 5.357035
59.305622 5.582337
59.337094 5.792236
59.368437 5.944091
59.389596 6.243014
59.420937 6.445429
59.452492 4.211119
59.48401 4.693138
59.51563 2.904037
59.638909 2.686132
59.6704 1.967236
59.702067 2.152334
59.733648 3.294073
59.76525 2.997325
59.797029 3.375004
59.828648 3.86442
59.860281 4.461919
59.891867 4.472013
59.923589 4.745613
59.955295 5.159667
59.986955 5.410119
60.01869 5.673885
60.050553 6.310108
60.082345 7.504235
60.114125 7.797589
60.145938 8.179793
60.177673 8.537456
60.20944 8.451652
60.241097 8.616386
60.272819 8.270297
60.304629 8.427982
60.336426 8.564695
60.368236 8.623087
60.400131 8.452957
60.43204 8.502908
60.463919 8.358103
60.495747 7.458374
60.527583 7.481087
60.559404 7.055459
60.59125 7.002201
60.623092 7.154229
60.654998 7.820998
60.686863 7.843537
60.70847 7.876693
60.740189 8.111132
60.77191 8.279695
60.803708 8.254371
60.835578 8.553469
60.867501 8.689224
60.899346 8.640927
60.931092 7.868425
60.962484 7.864857
60.994134 8.03664
61.025856 8.085112
61.057662 8.074234
61.089422 8.084416
61.121239 8.066054
61.153015 8.172309
61.184883 8.220694
61.216761 7.94692
61.248585 8.457657
61.280483 8.828026
61.312302 8.73056
61.344149 8.716462
61.37589 8.816626
61.407736 8.891291
61.439602 9.156972
61.471395 9.524817
61.503214 9.495316
61.535106 9.047671
61.556725 9.04976
61.588668 9.19474
61.620552 9.34233
61.652466 8.781816
61.684299 8.844734
61.716218 8.588452
61.748092 8.846213
61.779945 8.749444
61.811754 8.214776
61.843615 9.311611
61.875467 9.393674
61.907356 9.270884
61.93925 8.937848
61.971086 9.161584
62.002969 9.304388
62.034831 9.293597
62.066638 8.265075
62.098491 7.676801
62.130336 8.12201
62.162218 7.79637
62.194101 8.01123
62.226072 7.667925
62.257927 7.655568
62.289724 7.529994
62.321582 7.52016
62.353494 7.127426
62.385367 7.098796
62.417237 7.211403
62.44923 7.448192
62.481185 7.268838
62.513029 6.705627
62.544887 6.598415
62.566582 6.119006
62.61898 6.690746
62.650861 6.250933
62.68267 6.327774
62.714527 6.232049
62.746379 6.095771
62.778257 6.306889
62.809993 6.823282
62.841695 6.879847
62.87361 6.594934
62.905524 6.150683
62.937434 5.358775
62.969238 5.373395
63.001093 5.310913
63.032972 6.190974
63.064844 6.606856
63.096702 6.66638
63.128546 6.611207
63.160368 5.26714
63.192172 5.332407
63.224021 7.85981
63.255969 7.932648
63.287831 8.128885
63.319691 8.516136
63.351596 8.524142
63.38344 8.452609
63.415279 7.845538
63.447088 8.92114
63.47897 8.604116
63.510833 9.31457
63.542436 9.356689
63.574041 9.390193
63.60576 9.784841
63.637595 7.250303
63.669431 7.311828
63.701185 8.798699
63.73292 8.826111
63.764734 8.732649
63.796474 8.798873
63.828234 8.832464
63.860042 8.589235
63.891765 5.214753
64.09641 5.108063
64.127971 4.703407
64.159616 5.086133
64.191271 5.203614
64.222811 4.877191
64.254446 4.857176
64.286175 4.81732
64.317928 1.170369
64.503008 1.025737
64.534771 0.856478
64.617443 1.117198
64.649098 2.742522
64.782755 2.72329
64.814462 2.960863
64.846188 3.240815
64.877962 3.906626
64.90967 4.345917
64.941329 4.40927
64.973021 4.653978
65.00471 4.979965
65.036529 5.368261
65.068295 5.884045
65.100032 6.311501
65.131736 6.517397
65.163538 7.00133
65.195409 7.207487
65.217073 7.017517
65.248872 7.361083
65.280676 7.578901
65.312501 7.679673
65.344229 7.881131
65.37591 8.34531
65.407675 8.491857
65.439442 8.100254
65.471251 8.052392
65.502982 8.088854
65.534768 7.749726
65.566646 8.164912
65.598482 8.467142
65.630278 8.090856
65.661958 7.998176
65.693744 7.856068
65.725516 7.814384
65.75726 6.111871
65.78906 6.175919
65.820763 7.370481
65.852472 7.418692
65.884186 7.059984
65.915993 7.111762
65.947755 6.763062
65.979531 7.188516
66.011372 7.309913
66.04315 6.329602
66.074902 6.453348
66.106658 6.471188
66.138428 7.016037
66.180422 7.356557
66.212254 7.582643
66.24409 5.706779
66.275855 5.432571
66.30754 5.516461
66.339245 6.132321
66.370931 7.102973
66.402579 7.144831
66.434229 7.179292
66.465908 7.303386
66.49755 7.519029
66.529197 6.384339
66.560881 6.612774
66.592653 7.686374
66.624427 7.640339
66.656174 8.021672
66.687998 8.355231
66.720005 8.789213
66.751875 7.186341
66.78369 7.475517
66.815524 8.274126
66.837204 8.457309
66.869086 8.563824
66.900892 8.611165
66.932775 8.691226
66.964601 8.653023
66.996375 6.835987
67.028085 8.125491
67.059799 8.628917
67.0915 8.649455
67.123241 8.538675
67.155061 8.236358
67.186921 8.266555
67.218652 8.572179
67.250442 8.333997
67.282066 8.093901
67.313818 8.349139
67.345445 8.539458
67.377131 8.484373
67.408874 8.985798
67.440591 8.810534
67.472296 8.253501
67.50395 8.480108
67.535703 7.20653
67.567426 7.323228
67.599115 7.387363
67.630829 7.405464
67.662569 7.484394
67.69421 7.633638
67.715692 7.544353
67.747497 7.683502
67.779148 6.175049
67.810543 6.87097
67.842039 7.664009
67.873597 7.818996
67.905175 7.951532
67.936677 8.136543
67.968195 8.240709
67.99978 8.424849
68.03127 6.790822
68.062853 8.935325
68.094605 8.878847
68.126243 8.343657
68.157927 8.275866
68.189597 8.486983
68.221337 8.831593
68.253264 8.839687
68.284947 8.22722
68.316601 9.234335
68.348155 9.71209
68.37975 9.227199
68.411323 8.182926
68.453129 8.588713
68.484699 8.416147
68.516176 8.229483
68.547802 8.280304
68.579444 7.442536
68.611034 7.018126
68.64268 7.283284
68.674261 7.068164
68.705908 6.928231
68.72721 6.947028
68.758794 7.131081
68.790283 7.313568
68.821925 7.512763
68.853329 7.877476
68.884891 7.132561
68.916529 7.172069
68.948031 7.222455
68.979509 7.292248
69.010913 7.278063
69.042376 7.325403
69.073956 7.328971
69.105397 7.135694
69.137131 7.114895
69.16862 6.712589
69.200172 5.894488
69.231755 6.691181
69.263264 8.373506
69.294839 7.90219
69.326297 7.801505
69.357877 8.08372
69.389333 6.891334
69.420821 6.715286
69.452082 7.120203
69.483431 7.801418
69.514774 7.849802
69.546253 8.076758
69.577755 8.183535
69.609356 8.294489
69.640918 7.100536
69.672421 9.430223
69.703988 9.785711
69.735542 9.157059
69.767084 9.091095
69.798409 9.153752
69.829745 8.745441
69.861066 8.906955
69.892479 8.439643
69.924106 8.682262
69.955707 9.333193
69.987193 9.489225
70.018759 9.600875
70.050621 10.28148
70.082182 10.655852
70.113758 7.268664
70.145265 8.349139
70.176761 9.268274
70.208327 9.24852
70.239898 9.300559
70.271601 9.081436
70.303075 8.714722
70.334556 8.414667
70.366111 7.87678
70.397577 7.891051
70.429081 7.799851
70.46064 7.701951
70.492181 8.166478
70.523697 8.343396
70.55526 8.53676
70.586775 8.947595
70.618355 9.089529
70.649843 8.990236
70.681375 8.654502
70.712879 7.651042
72.914492 5.934257
72.94623 5.086742
73.018532 5.171067
73.050105 5.50158
73.0817 5.359907
73.113273 4.010357
73.226222 4.679214
73.257809 5.336323
73.289364 5.311435
73.32083 5.305517
73.352216 4.283609
73.383826 3.665051
73.415457 3.860591
73.446836 4.09329
73.478413 4.270468
73.509969 4.430416
73.541341 4.409096
73.572976 3.597434
73.604725 3.673927
73.63634 5.572503
73.667926 4.964475
73.69941 4.516221
73.73087 1.129642
73.843794 1.540651
73.875206 2.569434
73.906552 3.74137
73.93803 4.708715
73.969672 5.865596
74.001168 6.251107
74.032595 6.20951
74.064142 6.42289
74.095751 6.634703
74.127227 5.382707
74.199626 5.441969
74.231203 5.447713
74.262897 5.577203
74.29451 6.568566
74.326025 6.954251
74.357508 6.224304
74.389286 5.68572
74.420923 5.371046
74.452543 5.494531
74.48403 5.801634
74.515668 6.025457
74.547256 5.88274
74.579017 6.123532
74.610588 6.133887
74.642242 5.826436
74.673962 5.72488
74.705635 5.706866
74.737193 5.713393
74.768834 4.087982
74.800451 3.587688
74.832032 2.981139
74.863687 2.466747
74.89533 2.414969
74.927017 2.742871
74.95871 2.99106
74.990404 2.838857
75.022077 3.243165
75.053867 3.891136
75.085592 4.714285
75.117308 5.56267
75.149 6.15251
75.180688 6.88646
75.212352 7.291377
75.243884 7.308782
75.275517 7.385797
75.306976 7.960147
75.338603 8.415538
75.370301 8.632746
75.401788 8.886766
75.433147 9.00007
75.464608 9.300211
75.496146 9.450674
75.527737 9.443973
75.559199 9.333889
75.590755 9.623327
75.622206 8.281174
75.653778 9.11494
75.685197 8.791302
75.716663 8.918181
75.748322 9.004247
75.779906 9.115984
75.811402 9.21519
75.843083 9.380968
75.874506 9.183514
75.906188 9.338762
75.937901 8.614385
75.969569 8.749096
76.001235 8.726035
76.032858 8.614733
76.064446 8.646844
76.095888 8.854829
76.127395 8.545027
76.158857 8.471754
76.190165 7.454371
76.221635 7.398676
76.253272 7.551401
76.284987 7.435748
76.316679 7.777312
76.348344 8.224697
76.379994 8.333214
76.411681 8.55869
76.443513 8.392302
76.475191 8.15621
76.506971 8.053436
76.538551 6.694836
76.570285 6.788995
76.601737 8.118007
76.633388 8.121227
76.665016 8.095033
76.696714 8.07641
76.728428 8.080065
76.760149 8.200243
76.781724 7.437837
76.813426 9.08657
76.845113 9.319791
76.876684 9.376008
76.908469 9.334672
76.940068 9.216147
76.971702 9.128515
77.003414 9.20962
77.035098 8.758581
77.066837 8.298666
77.098605 8.66216
77.130293 8.67356
77.161842 8.647627
77.193382 8.201549
77.225114 8.49995
77.256738 8.407531
77.288472 8.515701
77.320104 8.474452
77.351774 8.339567
77.383412 8.358451
77.414912 8.242101
77.446541 7.812383
77.467886 7.77009
77.499459 7.535041
77.530989 7.452543
77.562673 7.7613
77.59418 7.769742
77.6258 7.62685
77.657344 7.485438
77.688785 7.113677
77.720172 6.904126
77.751877 7.02004
77.783442 7.152054
77.814998 7.237858
77.84659 7.367174
77.878104 7.593346
77.909535 7.602658
77.940934 6.432636
77.972539 5.911022
78.00386 5.919289
78.035303 6.015884
78.066725 6.90517
78.098289 7.335063
78.129734 7.363954
78.161245 7.139523
78.192981 5.790495
78.224502 5.781097
78.256096 7.599264
78.287611 8.212426
78.319152 8.40057
78.350707 8.564085
78.382194 8.651456
78.413641 7.311305
78.445006 7.643471
78.476571 8.361583
78.508 8.73291
78.539463 8.995631
78.570863 9.126862
78.602271 9.263662
78.633671 7.202266
78.675221 8.153077
78.706532 9.238164
78.737817 9.108413
78.769118 9.452414
78.800615 9.528472
78.832182 9.368959
78.863834 9.395849
78.895408 9.602528
78.927115 9.405509
78.958856 9.635771
78.990521 9.625937
79.022263 9.935042
79.053982 9.990041
79.085678 9.771614
79.117393 9.762476
79.149107 6.467533
79.282725 6.366499
79.314374 6.431853
79.345911 5.7851
79.387714 5.731059
79.419336 5.562757
79.450985 5.667619
79.482381 5.538303
79.513843 5.28498
79.545355 5.095705
79.577081 4.95586
79.608851 4.993541
79.640504 4.964649
79.672225 4.655979
79.703659 4.655283
79.73519 4.627349
79.766746 4.449909
79.798187 5.034267
79.829545 0.01636
80.135317 0.032459
80.166905 0.407266
80.198484 0.90347
80.230104 1.273056
80.261632 1.550223
80.293219 1.759339
80.324858 1.894398
80.356369 1.984032
80.387923 3.008812
80.419503 4.39465
80.451045 4.393954
80.482576 4.528665
80.514086 4.759536
80.545892 5.048365
80.57752 5.153315
80.60908 5.657002
80.640535 6.180706
80.672102 6.261811
80.703483 6.594064
80.734787 6.922488
80.766088 7.866424
80.797461 8.690094
80.828968 9.087266
80.860344 8.944201
80.891788 9.172723
80.92331 9.345463
80.954885 7.681239
80.986431 6.441339
81.018173 6.417059
81.049784 8.382817
81.081235 8.207379
81.112785 8.024631
81.144365 7.85981
81.175823 7.942221
81.207273 7.918289
81.238766 7.770264
81.270272 8.717072
81.30183 8.936369
81.33337 9.086483
81.364991 9.130256
81.396498 9.280979
81.427862 9.554579
81.459417 9.693119
81.491014 8.591846
81.532723 8.696621
81.564316 8.857526
81.595856 8.703757
81.627374 8.714983
81.658983 8.621782
81.690616 8.271602
81.722184 8.296403
81.753823 8.368371
81.785488 8.299362
81.817089 8.509174
81.848595 9.337805
81.88013 9.542309
81.911602 9.638295
81.943068 9.609577
81.974637 9.801201
82.006105 9.534389
82.037719 9.910328
82.069106 7.235944
82.100661 8.046909
82.131977 9.13217
82.163242 9.241036
82.194553 9.371744
82.2259 9.604878
82.257385 9.794501
82.288866 9.549531
82.320303 9.644995
82.351792 9.189257
82.383395 9.357124
82.414861 9.058201
82.446259 9.281501
82.47768 9.559452
82.509143 9.440057
82.530498 8.852479
82.56213 9.011034
82.593789 9.027308
82.62551 8.629701
82.657147 9.303431
82.688643 9.614015
82.720217 9.717311
82.751692 9.049412
82.783155 8.900603
82.814587 8.472886
82.845951 8.190497
82.877573 8.639795
82.909109 8.850042
82.940629 8.310675
82.972124 8.135411
83.003832 7.629461
83.035571 7.238554
83.067245 7.126382
83.098864 7.241687
83.130495 7.385449
83.162204 7.396501
83.193902 7.251782
83.225512 7.349247
83.257113 7.216016
83.28877 6.602157
83.320346 7.422086
83.351811 7.381011
83.383378 7.836836
83.415133 8.304497
83.446811 8.081892
83.478621 7.154752
83.510276 5.793715
83.541635 5.872645
83.572999 5.934692
83.604744 7.713351
83.63619 7.711175
83.667593 7.861115
83.699199 7.829961
83.730672 6.039119
83.762195 5.357557
83.926052 5.419256
83.957669 5.558841
83.989336 5.646734
84.021001 5.600699
84.052565 5.523684
84.084152 5.325533
84.115789 5.452238
84.147169 5.050106
84.229646 5.766825
84.261203 5.215884
84.292731 5.082913
84.324361 5.217102
84.356028 5.156883
84.387787 5.272797
84.419503 5.162713
84.522356 5.304038
84.554016 5.521247
84.58564 5.48374
84.617262 5.621149
84.649088 5.468076
84.68064 5.54483
84.712189 6.161212
84.743753 6.276257
84.775229 6.5556
84.806748 6.767152
84.838237 6.895685
84.869591 0.456086
85.114633 0.744131
85.146204 1.205787
85.177834 1.781965
85.209284 1.846797
85.240715 2.359535
85.272196 2.996107
85.303698 3.361515
85.335151 3.646428
85.366551 3.529905
85.40811 5.386275
85.439375 6.466836
85.470762 6.754882
85.502263 8.199286
85.533805 8.929233
85.565307 9.439187
85.596926 9.676324
85.62846 7.868164
85.670209 8.232094
85.701714 8.534759
85.73333 8.434944
85.76491 8.598111
85.796547 8.392128
85.828263 8.726122
85.859703 8.762845
85.891289 8.207205
85.922972 8.451304
85.954452 8.874409
85.986136 8.813406
86.017791 8.541808
86.049319 8.708804
86.080649 8.850826
86.101878 8.44208
86.143455 8.299623
86.174877 7.984775
86.2062 7.42574
86.237614 7.447409
86.268854 8.409359
86.300116 8.14011
86.331625 7.831093
86.36323 8.321814
86.394841 8.48385
86.426411 8.653197
86.447802 9.59896
86.479365 10.066882
86.510906 6.81632
86.542422 6.826328
86.573913 6.962866
86.605668 7.051455
86.637221 8.608032
86.668582 8.897557
86.699972 8.956819
86.731709 8.827677
86.763252 8.724033
86.794718 9.207619
86.826147 9.021912
86.857635 9.427874
86.889039 9.218062
86.920454 9.148879
86.951829 8.883633
86.983277 8.814624
87.014677 8.527101
87.046164 8.493858
87.077978 8.938632
87.109678 8.973093
87.141339 9.139828
87.173017 9.471385
87.204656 9.629592
87.236125 9.797111
87.267457 9.720618
87.29903 9.65744
87.330395 9.708609
87.361804 7.352815
87.393446 7.509891
87.425036 9.78954
87.456746 9.652131
87.48839 9.32919
87.520133 9.135303
87.551876 9.292205
87.583513 9.403681
87.614953 9.329538
87.646228 8.996241
87.677507 9.225459
87.708856 9.476867
87.730023 9.269318
87.761561 9.326753
87.793075 9.214668
87.824692 9.368959
87.856407 9.573985
87.88802 8.464967
87.919637 9.833748
87.951346 9.71383
87.982925 9.656482
88.014542 9.708087
88.046215 9.936087
88.077911 10.153905
88.109596 7.500841
88.141121 7.490659
88.172547 9.164108
88.204086 9.770569
88.235538 9.849499
88.266869 10.027983
88.298216 9.998047
88.329584 9.926514
88.360963 8.142547
88.392349 9.539611
88.42384 10.692054
88.455293 10.95025
88.486867 10.531235
88.518379 10.63427
88.549723 8.786951
88.581021 9.05646
88.612424 9.445104
88.643798 10.579533
88.675188 10.532541
88.706613 10.588148
88.738048 10.768547
88.769446 8.743091
88.800974 9.291161
88.832616 10.985755
88.864145 10.557864
88.895786 10.396872
88.927312 10.658202
88.958752 10.838165
88.99009 8.581316
89.021481 8.9033
89.052865 9.907804
89.084385 10.69127
89.116124 10.619651
89.1477 10.725122
89.179206 8.538588
89.210632 8.462356
89.242037 8.686962
89.273345 9.55397
89.304872 9.993
89.336302 10.219346
89.367829 10.203595
89.399297 7.094532
89.532677 7.018996
89.564165 6.631745
89.595525 6.583882
89.626895 6.466314
89.658198 6.464574
89.689473 6.300014
89.720682 6.432636
89.751947 6.361365
89.783232 5.862376
89.814521 5.875169
89.845847 5.727056
89.877127 5.713045
89.908434 6.581532
89.939688 0.016273
90.205087 0.353225
90.236705 0.878494
90.268304 1.22763
90.299981 1.475819
90.331503 1.802154
90.363122 2.169303
90.394521 2.41932
90.425803 2.607202
90.457183 3.746243
90.488524 5.19291
90.520018 5.324662
90.551519 6.025718
90.583024 6.632963
90.614492 7.184861
90.645934 7.735803
90.677498 7.96885
90.709017 8.345658
90.740615 9.018083
90.772204 9.415603
90.803684 9.25992
90.835179 9.752382
90.866763 10.166871
90.898435 9.509414
90.930017 8.64667
90.961768 8.838816
90.993438 8.816365
91.024982 10.168089
91.056574 10.139111
91.08812 10.40192
91.119779 10.48024
91.15147 7.354904
91.183194 8.548595
91.214852 9.48557
91.246534 9.458941
91.278172 9.138001
91.30974 9.19822
91.34143 9.442842
91.373029 9.327101
91.404778 9.10615
91.43643 9.18334
91.468096 9.589562
91.499746 9.886223
91.531365 9.858984
91.562949 9.903627
91.594628 10.224654
91.626384 10.167045
91.657811 7.660702
91.689293 7.840143
91.720957 9.966197
91.75262 10.106738
91.784085 9.779011
91.815427 10.174703
91.846812 10.487898
91.878184 10.647411
91.909392 8.198851
91.940891 8.364368
91.972304 9.89858
92.003765 10.109523
92.035279 9.562498
92.066877 9.719835
92.098259 9.864119
92.129529 8.708717
92.160743 8.647279
92.192002 8.691139
92.223245 9.547704
92.254521 9.548748
92.285845 9.616887
92.31721 9.682763
92.348515 7.572461
92.380164 7.695946
92.411695 7.863378
92.432988 8.791824
92.464411 8.318942
92.495918 8.476454
92.527507 7.926818
92.559172 7.605355
92.590797 7.483959
92.622303 7.55262
92.653913 7.706998
92.685377 7.177813
92.716977 7.409989
92.748701 7.851543
92.780314 7.966152
92.811752 8.069187
92.843318 7.310261
92.874841 6.113089
92.906389 6.116918
92.927668 6.282348
92.959094 6.306976
92.990521 7.018822
93.022132 7.052674
93.053849 7.011773
93.085462 6.952511
93.116956 6.890463
93.148319 6.809097
93.179747 7.448627
93.21122 7.664009
93.242733 7.664444
93.274212 7.576725
93.305797 7.81978
93.337543 8.058222
93.369075 7.710827
93.400528 7.58125
93.432065 7.666968
93.463606 7.80516
93.495135 8.126448
93.526669 9.028178
93.558324 9.332932
93.58981 9.379141
93.62147 6.21186
93.653049 6.319246
93.684611 6.318027
93.716191 6.741219
93.747779 7.969807
93.779379 7.945789
93.810871 7.926034
93.842351 7.953447
93.873744 8.004355
93.905275 7.470383
93.936784 8.347747
93.968285 9.006335
93.999737 9.064031
94.031495 9.059506
94.06307 8.8852
94.094606 8.478281
94.1262 8.380554
94.157798 8.711589
94.189231 8.893206
94.220743 9.351816
94.252236 9.66562
94.28388 9.424567
94.315548 9.468774
94.347038 6.823891
94.378768 6.957384
94.410408 8.915483
94.441909 8.734389
94.473556 5.475212
94.627418 6.313154
94.659025 6.596848
94.69059 4.645189
94.844598 5.295423
94.876165 6.152858
94.907801 6.133278
94.939341 6.016407
94.970957 5.962278
95.002661 6.897599
95.034337 0.08885
95.330545 0.266289
95.362311 0.471837
95.394002 0.69096
95.425795 0.911128
95.447253 1.173241
95.479008 1.600958
95.510559 2.341957
95.54214 2.499642
95.573845 3.120549
95.605398 4.747005
95.636934 4.879889
95.668442 5.690158
95.70003 6.559168
95.731428 7.008205
95.763024 7.662529
95.79461 8.594456
95.82623 8.906694
95.857724 9.603573
95.889182 10.270167
95.920755 10.559605
95.952378 10.754014
95.983973 10.631225
96.015621 10.216387
96.047288 10.32386
96.078891 8.974224
96.110349 8.915309
96.141749 9.361214
96.173095 9.926775
96.204672 10.008229
96.236081 10.090465
96.267519 10.327602
96.298923 7.394064
96.330312 7.487788
96.361687 9.021738
96.393089 9.46277
96.424528 9.15088
96.455981 9.244691
96.487431 9.039926
96.518865 9.038273
96.550326 8.762933
96.581832 8.996589
96.613504 9.473561
96.644903 9.470254
96.676435 9.616713
96.70807 10.027112
96.739617 10.195937
96.77115 10.144245
96.802619 10.248585
96.834023 7.401722
96.87566 8.942025
96.906993 9.359996
96.938373 9.418301
96.969781 9.202136
97.001193 8.873016
97.032687 8.739001
97.064156 8.758059
97.095701 8.961519
97.127274 8.987799
97.158965 9.077781
97.19075 9.309958
97.222204 9.400984
97.253738 9.596002
97.285071 9.674583
97.316457 9.638208
97.34807 9.725579
97.379539 7.872167
97.411076 8.475235
97.442742 11.059464
97.474208 11.101844
97.50579 11.153361
97.537209 9.127558
97.578875 9.32362
97.600028 9.554318
97.631613 10.265642
97.663115 11.27441
97.69463 11.685854
97.726048 11.61406
97.757563 9.413863
97.789173 9.431877
97.820833 9.680762
97.852322 11.040928
97.883898 11.216714
97.915567 11.10898
97.947024 8.952555
97.988874 9.023827
98.02059 9.350249
98.052052 10.671603
98.083573 11.043626
98.115182 11.154145
98.146768 10.94207
98.178252 8.846039
98.209766 8.910697
98.24147 9.732801
98.272912 11.629898
98.304382 11.453764
98.335881 8.55695
98.377664 8.728471
98.409299 8.614385
98.441077 9.494794
98.472611 10.607728
98.504043 10.659159
98.535543 10.69684
98.567039 9.012166
98.598675 9.377487
98.630552 10.302104
98.66183 12.153079
98.693112 12.301192
98.724306 8.638142
98.755861 8.875801
98.787198 8.844995
98.818874 8.807488
98.850394 9.213536
98.881986 9.848107
98.913553 9.890922
98.94509 9.882481
98.966418 9.048193
99.028691 9.29499
99.060337 9.482002
99.091892 9.440666
99.123459 9.699124
99.155134 9.580163
99.186596 9.466599
99.218222 9.380446
99.249979 9.182208
99.28178 9.183688
99.313648 9.116593
99.345284 8.842819
99.377013 9.109283
99.408667 9.19413
99.440328 9.346159
99.472042 9.343026
99.503753 9.414733
99.53541 9.400897
99.56708 9.386886
99.59886 9.089094
99.661036 9.319965
99.692883 9.492967
99.724589 9.348683
99.75635 5.975332
99.920315 6.240577
99.952032 6.464748
99.983709 6.54916
100.01504 6.302102
