1e-06 396.598
0.031734 399.438
0.06334 404.332
0.094939 415.819
0.126346 406.727
0.15765 399.981
0.189176 386.325
0.24113 360.053
0.272789 350.22
0.406144 341.602
0.437703 338.031
0.469242 333.289
0.500729 332.46
0.532407 332.428
0.563813 329.42
0.595304 329.281
0.626931 324.454
0.64823 323.595
0.679729 314.42
0.711117 310.725
0.762961 308.698
0.7945 311.475
0.826198 309.837
0.85786 310.278
0.889402 308.729
0.921053 307.982
0.952679 303.296
0.984344 318.099
1.127744 318.836
1.159298 314.146
1.191002 313.614
1.222585 320.618
1.26439 320.483
1.296156 316.014
1.327733 319.484
1.369514 434.565
1.909523 437.353
2.368611 430.897
2.400172 430.146
2.43171 426.759
2.778718 373.113
2.810293 369.604
2.86212 343.439
2.893602 339.664
2.924927 327.153
2.956417 322.509
2.987869 312.175
3.019469 294.434
3.050971 286.616
3.072276 287.868
3.103855 285.94
3.135491 275.665
3.167078 272.591
3.198636 273.707
3.230175 275.098
3.261691 277.796
3.293195 276.689
3.324743 275.204
3.356287 278.08
3.387761 280.294
3.419059 278.361
3.450552 285.095
3.492296 282.301
3.523799 273.738
3.555351 270.58
3.586915 269.354
3.618268 269.646
3.649696 271.566
3.680856 271.442
3.712153 271.373
3.743401 270.896
3.774717 271.315
3.805964 270.483
3.837226 270.086
3.868562 270.692
3.899865 270.935
3.931153 270.682
3.96254 273.652
3.993896 270.981
4.025147 271.204
4.056478 271.526
4.08783 270.207
4.11913 270.405
4.150496 270.853
4.181821 269.149
4.213119 270.502
4.244366 270.12
4.275796 270.533
4.307121 270.106
4.338646 271.894
4.370076 272.863
4.401471 272.637
4.433241 270.383
4.464735 269.807
4.496199 269.908
4.527765 268.665
4.548969 269.142
4.580598 269.154
4.61221 269.652
4.643748 271.219
4.675306 270.79
4.706834 276.579
4.738204 271.276
4.76946 281.237
4.841748 279.04
4.873103 271.2
4.904397 275.372
4.935826 272.592
4.967333 270.459
4.999036 273.397
5.030397 268.875
5.061702 268.386
5.103352 268.213
5.134836 270.018
5.166338 269.302
5.197815 269.16
5.229263 271.211
5.250446 276.44
5.281908 277.21
5.313426 269.144
5.34499 270.091
5.37665 269.294
5.408291 268.986
5.439901 268.832
5.471538 270.131
5.492922 269.386
5.524639 268.892
5.556102 269.206
5.587647 270.716
5.619136 274.207
5.65069 276.218
5.682283 273.525
5.713909 273.995
5.745706 273.94
5.777353 277.575
5.809004 286.868
5.840689 284.822
5.872495 278.264
5.904137 275.87
5.935897 272.707
5.967607 271.286
5.99934 270.74
6.031021 268.253
6.062633 268.487
6.094235 271.702
6.125943 271.587
6.15762 268.973
6.179194 270.15
6.210911 270.942
6.242594 270.985
6.274184 269.26
6.305916 272.136
6.337549 276.412
6.368965 275.92
6.400437 277.913
6.432071 286.142
6.463834 287.885
6.495421 302.394
6.567996 325.113
6.599599 314.713
6.631237 314.591
6.662873 303.785
6.694332 282.017
6.725981 275.814
6.757427 272.143
6.789021 270.417
6.820511 271.396
6.851973 270.137
6.883533 269.325
6.915053 268.591
6.946583 269.15
6.978078 269.847
7.0096 271.73
7.041048 274.593
7.072599 271.247
7.104071 271.7
7.135671 273.101
7.167273 270.798
7.198821 269.695
7.230545 273.933
7.262193 281.107
7.293921 274.002
7.325659 273.536
7.357408 275.892
7.389203 270.914
7.420993 274.282
7.452692 278.274
7.484492 280.413
7.516249 278.649
7.547935 283.82
7.579572 280.221
7.611274 280.825
7.643051 283.507
7.674891 302.616
7.706743 306.9
7.73858 313.736
7.770364 330.838
7.802206 297.036
7.833904 286.713
7.865482 290.587
7.897152 303.146
7.928621 304.197
7.960134 313.418
7.991681 320.661
8.023223 324.945
8.054903 332.281
8.086591 302.596
8.11821 290.703
8.149733 289.982
8.181195 299.408
8.212779 313.23
8.244399 325.101
8.275954 339.866
8.307663 343.87
8.339126 317.841
8.370689 318.587
8.402224 319.544
8.433778 318.491
8.465179 317.581
8.496711 334.929
8.528232 348.687
8.559785 352.493
8.591388 301.425
8.622939 285.402
8.654662 280.815
8.686262 281.95
8.717913 277.731
8.749299 280.127
8.780654 285.278
8.812036 282.748
8.843485 282.688
8.905493 280.624
8.93693 280.074
8.968447 286.896
9.000002 295.516
9.031598 294.857
9.063136 295.577
9.094722 302.999
9.126154 310.535
9.147758 311.572
9.179216 307.731
9.220949 288.993
9.252556 286.962
9.28408 290.847
9.315597 305.949
9.347139 314.923
9.378639 320.175
9.410371 336.604
9.442047 342.75
9.473623 345.589
9.505183 321.561
9.536827 290.042
9.568422 288.228
9.60012 300.074
9.631756 314.609
9.663469 336.134
9.705247 358.16
9.736662 369.473
9.768139 393.955
9.799867 396.162
9.831479 404.938
9.863157 403.655
9.894863 406.803
9.926621 425.451
9.9583 437.225
9.990066 444.062
10.021837 458.141
10.053489 472.26
10.085074 476.564
10.11672 483.07
10.148404 418.584
10.180068 376.288
10.211738 365.629
10.243328 359.697
10.275024 342.576
10.306754 342.206
10.338236 310.797
10.36972 286.88
10.401168 281.6
10.432626 281.612
10.464303 278.852
10.495932 280.301
10.527569 285.957
10.559227 283.18
10.590661 277.86
10.622247 276.216
10.653809 300.602
10.685436 304.544
10.717089 303.7
10.7488 311.633
10.780378 306.812
10.8121 301.874
10.843698 290.375
10.875245 289.764
10.906929 290.141
10.938607 293.047
10.970183 292.923
11.001867 289.787
11.033449 284.078
11.065053 280.615
11.096525 284.551
11.117851 288.493
11.149572 295.603
11.181108 302.922
11.212677 306.223
11.244259 313.598
11.275701 301.906
11.307151 300.989
11.338783 308.207
11.359983 314.45
11.391568 317.651
11.423209 473.157
11.607675 407.85
11.639355 420.308
11.670963 428.278
11.702618 415.458
11.73421 425.058
11.765966 438.483
11.797484 438.073
11.828786 452.432
11.860048 466.859
11.881187 441.661
12.156638 309.907
12.187891 276.459
12.219425 270.556
12.250743 271.957
12.28198 271.139
12.313268 268.733
12.344529 270.898
12.375751 270.332
12.407018 270.577
12.438238 269.824
12.469519 275.088
12.500798 294.395
12.532036 314.391
12.563275 321.08
12.59457 335.402
12.625804 346.714
12.657008 351.976
12.688219 362.169
12.719499 344.003
12.750651 352.564
12.781936 368.76
12.813241 383.117
12.844644 395.403
12.875896 407.324
12.90742 394.855
12.93856 346.413
12.969875 327.062
12.991092 322.056
13.0224 323.03
13.053636 328.141
13.085 334.709
13.116342 351.355
13.147669 376.312
13.1789 389.281
13.210158 390.908
13.241516 329.402
13.272937 317.078
13.304167 319.154
13.335482 318.486
13.366716 323.624
13.397993 329.264
13.429344 324.973
13.460664 323.638
13.491913 289.201
13.523192 276.86
13.554436 275.931
13.585735 274.537
13.617191 273.677
13.648334 274.929
13.679518 274.038
13.710762 278.259
13.742021 280.886
13.773502 277.769
13.804774 281.445
13.836086 291.164
13.867607 292.062
13.899053 303.482
13.930355 307.966
13.961961 310.565
13.993326 321.743
14.024662 329.182
14.055913 329.748
14.087271 329.204
14.118673 300.799
14.150047 284.337
14.181352 286.468
14.212677 301.242
14.243911 313.372
14.275213 322.515
14.306532 325.441
14.337869 330.379
14.369241 327.654
14.400573 331.64
14.431779 308.886
14.463058 292.44
14.494356 294.613
14.52565 303.354
14.556725 304.105
14.588214 300.337
14.619507 309.903
14.650823 289.049
14.682166 276.165
14.713489 279.048
14.744703 281.566
14.775955 285.405
14.807157 289.344
14.838466 293.214
14.869763 294.377
14.90099 285.519
14.932247 280.69
14.963581 279.028
14.994875 281.543
15.02614 288.483
15.057367 306.064
15.088563 311.663
15.119806 315.906
15.140927 326.384
15.172203 326.612
15.203415 315.66
15.234658 300.129
15.265925 289.337
15.297232 288.862
15.328494 298.647
15.359745 312.081
15.391055 312.182
15.422253 314.817
15.453542 299.847
15.484811 315.408
15.556716 345.929
15.587925 368.041
15.619156 370.451
15.650383 380.943
15.681676 387.343
15.712914 386.408
15.744175 373.233
15.775516 439.463
15.908506 439.977
15.939726 448.038
15.971016 448.564
16.002289 420.635
16.064115 352.329
16.095332 348.839
16.12667 346.742
16.157969 354.416
16.189272 360.224
16.220544 346.223
16.251779 336.464
16.323839 314.027
16.35512 307.848
16.386364 305.221
16.417608 303.116
16.449011 304.873
16.480327 306.251
16.5116 300.092
16.542913 297.123
16.57434 301.241
16.605605 301.664
16.636911 305.123
16.668093 309.481
16.699374 318.066
16.730649 333.236
16.761949 334.718
16.793183 334.304
16.834602 330.214
16.865889 336.05
16.907315 362.921
16.938577 368.655
16.969904 397.089
17.001203 415.513
17.042641 436.466
17.073953 451.594
17.10521 475.947
17.136562 486.08
17.178058 502.358
17.209468 514.254
17.24098 539.869
17.272213 553.0
17.313646 576.712
17.344888 572.132
17.366008 477.345
17.397244 478.004
17.438678 477.061
17.469966 485.448
17.511524 494.843
17.542806 507.735
17.574315 519.836
17.60569 536.411
17.647181 550.737
17.678409 493.678
17.709685 421.806
17.740922 424.973
17.782373 433.653
17.813638 442.844
17.855062 459.544
17.886374 470.033
17.928046 471.685
17.959419 452.929
18.000968 428.846
18.032489 435.202
18.063871 430.044
18.095192 452.582
18.146789 453.661
18.178077 474.181
18.209352 486.503
18.240647 500.383
18.271953 525.224
18.303374 533.144
18.344899 519.382
18.376501 521.522
18.407801 523.505
18.439097 534.434
18.470376 549.824
18.501682 564.744
18.543069 589.768
18.574429 601.978
18.6058 604.94
18.637088 621.705
18.678524 632.636
18.710033 648.065
18.741365 586.944
18.772732 583.871
18.804002 569.655
18.83532 581.386
18.876739 588.797
18.907977 593.76
18.949483 616.23
18.980783 622.459
19.02225 643.613
19.053469 659.833
19.084719 688.877
19.115944 695.907
19.157474 617.109
19.188746 614.964
19.220026 610.339
19.25132 623.623
19.302895 632.937
19.334186 647.556
19.365431 669.822
19.396667 687.852
19.427914 702.108
19.45912 719.57
19.500509 692.87
19.531718 681.281
19.563016 631.1
19.59426 631.135
19.635736 631.269
19.667159 636.083
19.708556 648.199
19.73986 653.207
19.7711 674.415
19.802389 690.799
19.843838 705.953
19.875159 570.338
19.906441 515.744
19.937695 516.895
19.969054 515.583
20.000328 529.389
20.041767 533.804
20.072983 556.163
20.114423 556.247
20.145669 565.022
20.176874 540.309
20.208102 522.975
20.249691 495.388
20.28093 498.673
20.322269 492.779
20.353539 491.061
20.384783 479.771
20.416033 471.386
20.447345 447.652
20.478582 419.948
20.509858 407.892
20.530948 405.461
20.562271 434.739
20.664726 458.639
20.695975 423.244
20.727192 402.626
20.758502 390.035
20.789731 388.04
20.821012 383.933
20.852456 387.901
20.883661 404.579
20.914913 413.308
20.946221 420.184
20.977715 429.202
21.008935 345.115
21.040169 317.485
21.071438 311.435
21.102616 309.425
21.133878 314.464
21.165145 319.209
21.196434 299.41
21.227706 288.847
21.258943 287.434
21.290446 284.843
21.321737 286.975
21.352948 298.206
21.384205 306.821
21.415458 313.657
21.436654 313.227
21.467862 319.145
21.499083 305.314
21.530339 303.465
21.561561 306.969
21.592899 307.879
21.624173 305.065
21.655438 300.215
21.707101 280.373
21.738354 277.637
21.769579 282.425
21.800745 295.12
21.832085 306.314
21.863465 314.407
21.894989 325.644
21.926403 326.988
21.957729 325.17
21.989379 303.573
22.021086 281.103
22.052955 281.213
22.084777 282.842
22.116505 287.826
22.14815 288.719
22.179831 288.002
22.21149 283.91
22.24319 276.318
22.274858 278.064
22.296361 281.669
22.328085 285.903
22.359768 288.913
22.39135 291.868
22.423048 304.21
22.454742 310.717
22.486634 303.336
22.528655 293.035
22.560514 291.334
22.592352 292.697
22.624213 328.285
22.666269 325.803
22.698128 332.094
22.729977 347.413
22.761703 354.626
22.793463 357.544
22.825196 298.344
22.856965 286.421
22.888821 288.494
22.920676 298.159
22.952478 309.122
22.984238 313.338
23.015689 303.609
23.047029 296.672
23.078667 291.357
23.110398 294.855
23.142277 302.519
23.163926 309.97
23.195698 312.504
23.227503 326.682
23.259318 343.197
23.291086 355.433
23.322894 329.459
23.354695 312.939
23.386501 312.413
23.418352 319.616
23.450036 330.505
23.481733 340.389
23.513435 331.445
23.545278 287.265
23.5771 277.279
23.608911 277.282
23.640749 281.473
23.672641 291.978
23.704539 301.313
23.736451 307.633
23.768253 307.03
23.800045 295.186
23.831833 290.226
23.863659 295.582
23.895494 303.588
23.927296 313.777
23.958971 330.1
23.990856 332.935
24.022689 335.346
24.054482 357.185
24.086321 359.4
24.11815 321.751
24.149976 324.737
24.181763 329.549
24.213629 334.574
24.245538 373.461
24.318303 327.247
24.350262 316.675
24.382161 317.173
24.414073 326.598
24.445985 336.671
24.477817 346.003
24.509644 350.22
24.541563 352.125
24.573461 296.086
24.60519 280.735
24.636907 282.719
24.668708 295.398
24.700534 299.652
24.732412 310.267
24.764185 327.492
24.795894 334.161
24.827699 340.983
24.85941 348.379
24.8912 334.755
24.922965 335.947
24.954814 343.014
24.986697 358.328
25.018634 366.893
25.050563 369.025
25.082464 400.927
25.114292 411.739
25.146099 417.704
25.177965 374.461
25.199588 355.225
25.23139 347.736
25.26319 348.6
25.295024 349.82
25.326968 358.04
25.358903 347.721
25.39077 286.112
25.422606 278.113
25.454465 278.516
25.486433 283.501
25.518386 288.93
25.550421 430.143
25.694524 428.272
25.726325 436.468
25.758291 459.294
25.790266 474.747
25.822143 470.785
25.854043 468.635
25.885967 477.601
25.917835 496.868
25.949458 527.091
25.981017 538.795
26.012782 554.054
26.044676 575.406
26.076478 588.024
26.108123 605.823
26.139825 612.603
26.171509 532.035
26.407249 329.153
26.439059 299.931
26.470622 281.839
26.502278 270.791
26.533965 267.996
26.56564 268.444
26.597364 270.088
26.618675 267.884
26.650085 268.378
26.68184 269.316
26.713416 271.094
26.744961 284.83
26.7767 295.74
26.808445 308.571
26.840279 314.828
26.872031 318.159
26.903799 330.229
26.935627 340.511
26.967442 355.838
26.998972 302.401
27.030632 294.404
27.06246 300.164
27.094347 307.509
27.126243 316.142
27.158077 315.957
27.189773 304.514
27.221312 288.563
27.252904 279.508
27.284592 278.906
27.316308 288.339
27.34809 290.599
27.379596 291.918
27.411043 298.07
27.442538 298.512
27.474163 294.802
27.505634 284.892
27.52694 283.045
27.558521 282.333
27.590176 283.772
27.621755 285.897
27.653362 296.145
27.685001 298.832
27.716743 305.44
27.748297 298.194
27.800374 284.139
27.83201 283.571
27.863655 284.796
27.8953 286.229
27.926741 289.217
27.958146 288.246
27.98973 284.885
28.021163 282.459
28.083042 275.499
28.114352 276.757
28.145677 284.291
28.177093 291.514
28.208793 305.058
28.240384 320.489
28.271937 327.728
28.303454 332.49
28.335142 342.512
28.366956 355.45
28.398737 353.218
28.430577 330.343
28.451891 315.083
28.483575 323.6
28.51516 332.469
28.54639 339.973
28.577784 343.17
28.609095 347.483
28.640399 358.797
28.671667 344.333
28.70309 323.235
28.734325 323.731
28.765529 332.246
28.796859 333.544
28.828237 337.298
28.859499 351.391
28.890794 359.072
28.92211 341.871
28.953587 338.598
28.984867 341.605
29.016116 346.284
29.047668 350.475
29.078981 367.145
29.110257 381.463
29.141532 396.409
29.172775 408.1
29.20438 432.961
29.236104 450.155
29.267691 429.246
29.299185 419.741
29.330818 420.349
29.362307 421.528
29.393913 432.253
29.425505 440.241
29.456956 456.18
29.488498 473.626
29.520139 487.275
29.551755 388.916
29.583306 352.342
29.614881 332.121
29.646372 331.229
29.67804 338.142
29.709824 343.85
29.741657 346.644
29.773516 326.422
29.805324 305.537
29.837168 301.941
29.868935 304.675
29.900729 310.887
29.932564 318.176
29.964391 322.296
29.996146 338.337
30.027973 352.144
30.059797 358.685
30.091596 336.767
30.123444 327.818
30.155273 327.264
30.187148 343.982
30.218941 363.244
30.250458 371.575
30.281896 378.968
30.313448 345.186
30.34515 318.964
30.376984 318.288
30.408864 331.555
30.430432 341.506
30.462238 354.978
30.494114 361.42
30.526007 367.468
30.557862 520.789
30.752952 519.949
30.825681 519.79
30.857406 671.688
31.011685 673.876
31.043521 670.747
31.075363 642.289
31.107182 657.45
31.139031 414.449
31.171053 306.213
31.203113 269.717
31.234902 268.51
31.266671 269.718
31.298531 269.167
31.350839 268.26
31.382662 267.936
31.414471 266.928
31.44627 267.554
31.508767 269.125
31.540591 273.592
31.572402 280.114
31.604229 290.43
31.636075 287.42
31.780136 285.313
31.81199 297.049
31.843873 306.93
31.875614 326.739
31.907245 335.74
31.938928 347.772
31.970553 354.334
32.002272 361.096
32.033988 369.407
32.065805 374.751
32.097573 383.898
32.129392 391.822
32.161186 376.25
32.203211 337.104
32.235107 337.47
32.277146 343.451
32.308933 353.128
32.34066 365.644
32.372402 374.089
32.404248 383.645
32.436093 400.399
32.467768 404.962
32.499661 410.094
32.5315 414.142
32.56334 378.594
32.595166 317.755
32.62708 293.574
32.658975 299.287
32.690714 300.203
32.722473 305.305
32.75428 311.603
32.786203 327.159
32.817861 332.797
32.849582 340.472
32.881151 318.766
32.912858 311.379
32.944528 314.355
32.976417 317.288
33.008209 323.824
33.03987 333.089
33.061369 338.11
33.093126 339.937
33.124677 313.01
33.156195 294.419
33.187929 288.867
33.219379 292.074
33.251048 295.431
33.282578 323.175
33.314394 336.452
33.346239 340.461
33.378074 356.233
33.409922 344.406
33.441808 322.627
33.473412 313.504
33.505016 314.079
33.536725 315.951
33.568471 326.037
33.60001 330.16
33.631583 331.541
33.662905 335.996
33.694279 291.795
33.725819 282.322
33.757255 292.977
33.788962 301.408
33.82055 305.012
33.852337 308.364
33.88409 309.564
33.915854 314.358
33.947601 316.805
33.979422 291.349
34.011189 293.624
34.042813 294.227
34.074567 301.439
34.106117 304.396
34.137859 302.888
34.169605 306.799
34.201439 283.168
34.233282 281.384
34.265139 289.736
34.296996 303.8
34.32884 306.182
34.360553 308.207
34.392222 292.109
34.424001 282.792
34.455817 285.506
34.487445 291.365
34.519094 296.623
34.550796 297.997
34.582532 299.19
34.614178 295.002
34.645923 280.387
34.677691 284.659
34.70949 294.094
34.741277 296.026
34.772959 303.674
34.804391 314.413
34.835872 320.395
34.867463 321.289
34.899109 301.439
34.930707 294.529
37.423187 344.418
37.454612 356.869
37.485836 371.912
37.517066 382.817
37.538299 317.907
37.569555 298.621
37.600847 298.124
37.632042 303.457
37.663222 313.463
37.694471 326.144
37.725972 330.782
37.757232 341.258
37.788546 346.633
37.819895 335.065
37.851163 303.918
37.882438 303.497
37.913723 308.433
37.945013 315.349
37.976478 322.873
38.007776 368.989
38.059447 370.322
38.090771 355.178
38.122098 336.791
38.153358 331.158
38.184667 339.108
38.205748 356.541
38.247399 359.097
38.278898 367.007
38.310306 378.554
38.34174 380.391
38.373114 343.141
38.40452 309.429
38.43586 297.708
38.467205 300.143
38.498694 308.004
38.530023 317.309
38.561348 320.4
38.592731 300.338
38.624133 286.968
38.655546 286.942
38.686967 297.627
38.718408 305.572
38.749798 310.987
38.781244 325.811
38.812557 339.671
38.843885 341.213
38.875196 355.601
38.906456 365.532
38.937711 313.172
38.968971 309.99
39.000241 316.418
39.03151 317.82
39.062589 319.128
39.09387 327.861
39.125103 342.769
39.156367 333.83
39.187686 306.578
39.218936 298.887
39.250421 296.842
39.281586 298.817
39.312875 305.986
39.344167 309.917
39.375335 309.779
39.406724 314.627
39.437977 317.05
39.46923 310.968
39.510642 291.309
39.541937 286.378
39.573158 288.984
39.604399 295.133
39.635643 301.738
39.666867 311.089
39.698127 320.919
39.729405 327.185
39.760614 332.879
39.791936 342.266
39.813054 306.765
39.844288 292.256
39.875519 296.18
39.907002 299.165
39.938263 312.526
39.969483 323.454
40.000877 333.691
40.032126 349.586
40.063454 367.518
40.094677 380.274
40.126003 372.315
40.157288 336.72
40.188545 336.996
40.219862 345.851
40.251069 357.815
40.282349 369.275
40.313617 381.074
40.344859 395.102
40.37613 405.508
40.407401 414.83
40.438664 385.656
40.469928 344.007
40.501217 340.252
40.532439 348.706
40.563938 357.685
40.595194 370.192
40.626517 384.343
40.657895 395.139
40.689355 406.559
40.720611 352.717
40.741731 343.027
40.772946 344.07
40.80425 344.748
40.835492 347.065
40.866803 348.6
40.898055 448.345
41.01066 391.844
41.041943 359.553
41.073228 595.999
41.297703 543.894
41.328969 551.464
41.360224 548.256
41.391502 552.352
41.422724 643.482
41.494567 636.962
41.525849 578.994
41.709861 400.746
41.74109 338.931
41.772371 283.478
41.803651 271.852
41.834887 269.347
41.866134 269.031
41.897513 268.655
41.979733 269.98
42.011081 270.28
42.042427 275.924
42.073679 281.338
42.105165 287.931
42.136447 297.824
42.167854 309.074
42.199122 320.097
42.230372 313.412
42.261696 291.733
42.29293 287.321
42.324501 296.517
42.345695 304.449
42.377092 320.922
42.408579 329.598
42.439916 321.572
42.471256 293.003
42.502706 289.617
42.534061 296.726
42.565453 300.606
42.596912 310.375
42.628252 315.092
42.659723 326.544
42.680854 340.586
42.71239 345.258
42.743686 314.949
42.774994 291.868
42.806396 284.293
42.837862 285.356
42.869193 291.526
42.900412 296.395
42.931727 304.04
42.952873 308.473
42.984272 323.687
43.015532 338.487
43.046799 302.148
43.078058 291.233
43.109296 300.838
43.140668 308.348
43.171949 317.762
43.203178 328.998
43.234402 332.4
43.265625 336.465
43.296834 343.126
43.328058 333.701
43.35934 293.761
43.390522 290.665
43.421862 292.274
43.45308 294.806
43.484467 297.096
43.515833 307.444
43.546997 309.823
43.578241 287.663
43.609501 288.121
43.640716 288.728
43.671963 292.666
43.703196 302.141
43.734467 307.447
43.765754 309.23
43.796987 295.55
43.828294 287.989
43.859774 287.342
43.891116 292.243
43.922456 306.211
43.953786 311.258
43.985041 301.919
44.016309 287.668
44.047498 287.947
44.078695 291.266
44.109975 295.405
44.141241 314.123
44.172853 320.951
44.204134 335.563
44.235437 318.788
44.266678 305.49
44.297971 307.938
44.329196 317.65
44.360563 318.841
44.391794 329.235
44.423426 341.728
44.454687 356.828
44.486 367.521
44.517288 295.869
44.548525 290.734
44.579757 290.559
44.611028 295.993
44.64229 304.776
44.673544 312.333
44.704875 314.973
44.736171 326.231
44.767553 316.369
44.798774 287.325
44.830019 296.129
44.861545 300.088
44.892866 305.544
44.924207 317.607
44.955466 328.161
44.986667 330.53
45.017914 336.682
45.049185 297.042
45.080467 290.477
45.11172 293.721
45.142984 303.979
45.174193 307.869
45.20544 309.218
45.236734 292.89
45.268121 284.738
45.299448 285.35
45.330603 286.874
45.361923 292.085
45.393234 299.032
45.424483 303.505
45.455793 318.633
45.487051 326.402
45.518349 329.019
45.549758 305.387
45.581071 293.252
45.612288 294.582
45.643646 301.253
45.674901 315.292
45.726603 323.229
45.757886 328.259
45.789171 331.988
45.820538 323.982
45.851806 298.6
45.883151 294.557
45.914459 296.154
45.945755 304.652
45.977205 311.332
46.008509 312.693
46.039807 317.181
46.071108 318.718
46.102341 305.863
46.133803 308.223
46.165179 316.796
46.196605 334.276
46.228084 339.24
46.259498 362.129
46.331705 355.725
46.363106 366.609
46.394699 400.129
46.426263 400.739
46.457632 416.792
46.489043 431.761
46.520527 439.497
46.551946 460.983
46.583359 478.436
46.614671 485.877
46.646062 502.513
46.677427 512.315
46.70872 481.919
46.973836 348.722
47.005067 313.049
47.036331 284.932
47.06755 290.279
47.108991 276.82
47.140295 271.594
47.171432 270.706
47.202635 273.062
47.233866 271.962
47.265065 272.255
47.296383 280.851
47.327575 290.042
47.35879 303.038
47.390047 309.539
47.421242 318.07
47.452467 326.039
47.483651 339.891
47.514913 357.034
47.535952 327.897
47.567186 326.271
47.598439 339.765
47.629748 347.219
47.660999 355.93
47.692331 317.299
47.723597 285.494
47.754864 281.114
47.786104 282.769
47.817398 297.092
47.848626 297.376
47.879873 297.341
47.911136 282.417
47.942331 275.516
47.97366 280.867
48.004906 287.799
48.03613 295.427
48.067408 329.172
48.098632 344.739
48.129917 356.908
48.161198 375.26
48.19246 381.956
48.223676 395.899
48.255128 363.336
48.286309 355.402
48.317482 362.115
48.348725 371.745
48.379911 382.312
48.411171 389.729
48.442389 407.756
48.473713 410.658
48.505042 406.949
48.536342 378.879
48.567708 360.063
48.598971 358.661
48.630289 365.578
48.66164 364.396
48.692851 366.665
48.724041 369.318
48.755465 311.578
48.786682 288.016
48.817933 291.085
48.849167 296.874
48.880483 301.914
48.911819 317.351
48.943076 294.008
48.974445 278.134
49.005729 283.413
49.037019 289.723
49.068336 293.662
49.099637 311.892
49.13085 318.58
49.162056 331.637
49.193306 339.096
49.224533 350.993
49.255784 370.745
49.287016 356.743
49.318278 342.071
49.349541 342.522
49.380924 343.339
49.412143 355.183
49.43329 366.916
49.464564 382.766
49.49582 390.351
49.527129 357.341
49.558301 344.946
49.589608 341.1
49.62084 346.114
49.652118 351.65
49.683395 359.375
49.714642 382.419
49.745846 401.234
49.777053 349.961
49.808377 340.241
49.839613 340.11
49.870868 341.927
49.902159 342.141
49.933515 344.497
49.964748 353.171
49.996066 360.995
50.027319 335.369
50.058655 303.524
50.089995 296.028
50.121288 297.857
50.152617 307.737
50.183903 313.584
50.215114 318.312
50.246382 309.14
50.277659 304.235
50.308919 305.364
50.340154 312.843
50.371537 336.063
50.402851 356.069
50.434171 362.66
50.465655 372.45
50.4971 376.94
50.52863 367.586
50.560186 345.808
50.591613 337.8
50.622888 340.575
50.654274 347.019
50.685666 348.727
50.717028 348.415
50.748607 311.303
50.779929 281.655
50.81131 277.344
50.842635 283.08
50.874158 291.069
50.905524 292.594
50.937053 296.824
50.96865 297.087
51.00006 297.083
51.03127 293.77
51.062452 283.895
51.093708 292.403
51.124938 297.227
51.156222 304.065
51.187428 315.875
51.218675 386.493
51.351687 467.962
51.372789 484.291
51.404048 486.055
51.435363 495.743
51.466686 440.975
51.497982 400.78
51.529201 409.211
51.560534 414.314
51.591829 431.018
51.623123 432.915
51.654419 443.57
51.685731 463.629
51.717041 476.002
51.748441 480.691
51.779704 458.01
52.055312 355.133
52.086619 307.142
52.117928 283.744
52.149212 282.074
52.18057 287.191
52.21186 320.355
52.283903 337.29
52.315185 345.659
52.346445 338.386
52.377728 308.156
52.408904 305.155
52.440151 309.917
52.471379 316.116
52.502651 331.662
52.534022 342.508
52.565318 351.494
52.59663 331.713
52.627914 307.252
52.659118 299.266
52.690401 302.944
52.721632 315.736
52.752912 323.794
52.784181 330.385
52.815586 346.18
52.846994 301.078
52.878246 284.803
52.909515 287.66
52.940771 293.977
52.972014 299.04
53.003264 303.879
53.034594 314.858
53.065863 322.659
53.097333 298.618
53.118464 298.345
53.149677 300.07
53.180969 301.544
53.212366 309.665
53.243597 322.38
53.27493 328.202
53.306212 341.987
53.337642 348.946
53.368955 317.304
53.400229 286.194
53.431354 293.521
53.462675 300.217
53.493943 301.992
53.525234 309.934
53.55646 314.031
53.587762 328.978
53.619063 321.993
53.650419 286.18
53.681665 282.178
53.712945 286.668
53.734074 295.012
53.765273 300.747
53.796488 304.046
53.827951 311.234
53.859229 315.923
53.890507 328.2
54.023582 361.417
54.054998 383.971
54.086279 401.274
54.117595 405.423
54.148863 416.731
54.180132 423.376
54.211449 431.136
54.242691 442.563
54.27395 470.805
54.295069 296.863
54.326413 299.956
54.357704 312.74
54.388943 319.382
54.420319 338.471
54.451675 339.304
54.483025 360.241
54.514718 369.916
54.546383 379.393
54.578265 325.161
54.609989 302.957
54.641471 285.921
54.673127 275.962
54.704821 271.001
54.736538 271.315
54.768144 271.01
54.861041 273.276
54.882451 272.637
54.914144 274.103
54.945896 275.425
54.977581 292.017
55.009312 303.392
55.040944 311.662
55.072648 323.582
55.10429 337.397
55.135858 345.081
55.167298 351.4
55.198891 375.201
55.23045 387.632
55.261985 395.348
55.293387 402.251
55.32476 421.438
55.356075 432.07
55.377233 372.856
55.408651 350.089
55.439893 350.025
55.471333 352.813
55.502775 361.786
55.534117 362.422
55.565539 366.46
55.597007 355.473
55.628367 311.069
55.659761 309.282
55.691135 316.555
55.732792 336.64
55.764421 346.504
55.79584 365.589
55.827221 379.248
55.858689 382.11
55.890171 385.574
55.921563 377.786
55.952902 370.265
55.984623 372.763
56.015961 379.86
56.047354 393.048
56.078666 401.395
56.110182 425.065
56.141543 434.018
56.17297 449.456
56.204526 407.089
56.236025 368.437
56.267661 364.236
56.299262 377.007
56.330731 383.703
56.362215 390.384
56.393759 401.932
56.425357 414.281
56.45687 419.145
56.488322 427.395
56.519758 433.392
56.551206 465.811
56.582672 458.469
56.614214 423.676
56.645636 420.094
56.677121 421.894
56.708532 438.846
56.739835 448.792
56.77116 460.678
56.802774 466.776
56.834291 485.226
56.865717 516.805
56.897231 525.844
56.928818 546.087
56.960201 556.938
56.991561 521.907
57.022994 507.538
57.05445 496.587
57.075634 499.895
57.107194 507.065
57.138753 520.276
57.170542 533.823
57.202121 550.58
57.233608 569.081
57.265026 533.236
57.29651 496.494
57.317744 458.498
57.349395 446.71
57.38092 440.079
57.412285 442.418
57.443613 462.186
57.474866 473.051
57.506102 446.23
57.537623 438.751
57.569096 438.721
57.600658 441.162
57.632104 446.33
57.663663 471.059
57.695091 488.721
57.726738 501.602
57.758334 489.896
57.79018 408.364
57.821754 406.89
57.853197 414.052
57.884808 432.705
57.916438 442.682
57.948037 470.482
57.97963 486.593
58.011263 491.655
58.042858 467.161
58.074316 396.85
58.105887 385.274
58.137318 385.255
58.168926 385.796
58.200549 386.112
58.232086 387.716
58.263658 405.658
58.295184 425.103
58.326872 367.508
58.358616 332.492
58.390287 319.796
58.421961 319.502
58.453519 323.835
58.485121 325.864
58.516798 309.482
58.579117 294.829
58.610809 287.317
58.642473 286.413
58.674124 306.508
58.705909 313.526
58.737582 320.009
58.769125 333.067
58.800973 340.369
58.83264 350.359
58.864286 350.679
58.895866 338.186
58.917201 346.366
58.989506 388.112
59.021232 402.234
59.052996 405.46
59.08467 433.564
59.116294 451.199
59.147892 468.714
59.17955 505.569
59.211138 406.308
59.242612 421.731
59.274054 443.239
59.305622 447.986
59.337094 454.801
59.368437 464.119
59.389596 465.229
59.420937 463.831
59.452492 271.378
59.48401 288.361
59.51563 286.241
59.638909 284.108
59.6704 278.804
59.702067 274.402
59.733648 272.242
59.76525 270.289
59.797029 277.168
59.828648 290.773
59.860281 293.06
59.891867 284.608
59.923589 281.811
59.955295 283.206
59.986955 298.889
60.01869 308.855
60.050553 320.83
60.082345 325.471
60.114125 334.487
60.145938 341.684
60.177673 347.839
60.20944 362.694
60.241097 364.519
60.272819 335.161
60.304629 319.778
60.336426 310.815
60.368236 315.157
60.400131 326.523
60.43204 332.525
60.463919 340.082
60.495747 352.045
60.527583 377.332
60.559404 400.457
60.59125 414.196
60.623092 424.277
60.654998 342.354
60.686863 328.09
60.70847 331.985
60.740189 333.271
60.77191 330.953
60.803708 341.01
60.835578 344.945
60.867501 346.283
60.899346 348.002
60.931092 299.364
60.962484 290.986
60.994134 294.439
61.025856 300.555
61.057662 303.668
61.089422 308.298
61.121239 325.445
61.153015 334.559
61.184883 339.068
61.216761 348.933
61.248585 311.479
61.280483 292.108
61.312302 300.127
61.344149 310.278
61.37589 314.17
61.407736 318.532
61.439602 329.127
61.471395 331.999
61.503214 335.251
61.535106 305.576
61.556725 290.4
61.588668 287.384
61.620552 291.162
61.652466 314.17
61.684299 326.934
61.716218 334.946
61.748092 339.814
61.779945 326.398
61.811754 302.519
61.843615 299.199
61.875467 304.591
61.907356 311.319
61.93925 327.837
61.971086 343.396
62.002969 355.196
62.034831 364.945
62.066638 355.097
62.098491 320.614
62.130336 320.524
62.162218 339.576
62.194101 347.433
62.226072 357.371
62.257927 377.126
62.289724 388.971
62.321582 396.146
62.353494 423.831
62.385367 401.464
62.417237 368.995
62.44923 374.073
62.481185 376.826
62.513029 388.882
62.544887 397.457
62.566582 464.539
62.61898 471.482
62.650861 475.018
62.68267 497.855
62.714527 468.703
62.746379 445.946
62.778257 441.412
62.809993 430.364
62.841695 430.165
62.87361 444.497
62.905524 404.822
62.937434 368.9
62.969238 333.654
63.001093 326.286
63.032972 322.163
63.064844 326.046
63.096702 330.814
63.128546 326.566
63.160368 307.476
63.192172 298.952
63.224021 303.001
63.255969 312.906
63.287831 325.386
63.319691 331.927
63.351596 336.646
63.38344 348.644
63.415279 303.107
63.447088 301.801
63.47897 313.597
63.510833 322.645
63.542436 329.541
63.574041 346.723
63.60576 351.091
63.637595 325.569
63.669431 294.549
63.701185 293.062
63.73292 295.154
63.764734 302.238
63.796474 318.531
63.828234 327.78
63.860042 331.976
63.891765 536.768
64.09641 502.012
64.127971 505.727
64.159616 514.684
64.191271 529.527
64.222811 475.015
64.254446 491.68
64.286175 501.144
64.317928 473.901
64.503008 350.237
64.534771 316.05
64.617443 311.581
64.649098 307.118
64.782755 295.632
64.814462 280.832
64.846188 274.938
64.877962 274.069
64.90967 271.247
64.941329 273.838
64.973021 273.379
65.00471 275.541
65.036529 275.131
65.068295 282.238
65.100032 290.018
65.131736 318.541
65.163538 328.028
65.195409 332.882
65.217073 346.577
65.248872 343.493
65.280676 356.152
65.312501 376.041
65.344229 397.733
65.37591 411.935
65.407675 426.604
65.439442 381.631
65.471251 367.185
65.502982 343.913
65.534768 348.758
65.566646 355.086
65.598482 360.983
65.630278 383.281
65.661958 393.233
65.693744 400.177
65.725516 419.595
65.75726 381.296
65.78906 368.39
65.820763 368.881
65.852472 369.437
65.884186 388.743
65.915993 401.132
65.947755 422.394
65.979531 441.129
66.011372 443.725
66.04315 396.596
66.074902 372.951
66.106658 371.581
66.138428 386.536
66.180422 384.934
66.212254 388.252
66.24409 314.08
66.275855 302.309
66.30754 293.824
66.339245 299.011
66.370931 314.739
66.402579 322.971
66.434229 332.149
66.465908 351.34
66.49755 355.454
66.529197 340.342
66.560881 337.963
66.592653 336.958
66.624427 343.829
66.656174 356.639
66.687998 360.844
66.720005 365.355
66.751875 300.642
66.78369 285.464
66.815524 276.111
66.837204 277.797
66.869086 287.037
66.900892 290.876
66.932775 294.608
66.964601 307.382
66.996375 297.229
67.028085 290.71
67.059799 306.176
67.0915 318.859
67.123241 327.538
67.155061 341.079
67.186921 348.688
67.218652 354.883
67.250442 371.629
67.282066 368.655
67.313818 338.447
67.345445 332.201
67.377131 342.671
67.408874 348.087
67.440591 349.942
67.472296 386.928
67.50395 394.343
67.535703 335.574
67.567426 333.477
67.599115 339.584
67.630829 341.453
67.662569 346.108
67.69421 370.359
67.715692 384.84
67.747497 391.215
67.779148 316.881
67.810543 295.629
67.842039 291.654
67.873597 299.574
67.905175 303.738
67.936677 308.785
67.968195 312.465
67.99978 328.99
68.03127 294.008
68.062853 286.375
68.094605 292.975
68.126243 307.491
68.157927 318.478
68.189597 330.949
68.221337 332.757
68.253264 335.177
68.284947 314.01
68.316601 298.025
68.348155 294.363
68.37975 304.374
68.411323 323.183
68.453129 353.084
68.484699 367.971
68.516176 387.913
68.547802 402.761
68.579444 376.674
68.611034 366.133
68.64268 365.061
68.674261 371.349
68.705908 385.775
68.72721 392.005
68.758794 398.562
68.790283 410.927
68.821925 419.193
68.853329 422.908
68.884891 383.196
68.916529 326.077
68.948031 309.63
68.979509 312.386
69.010913 322.953
69.042376 340.4
69.073956 346.906
69.105397 360.124
69.137131 370.992
69.16862 365.025
69.200172 351.411
69.231755 344.716
69.263264 342.768
69.294839 354.178
69.326297 364.394
69.357877 371.17
69.389333 310.907
69.420821 292.35
69.452082 286.422
69.483431 287.093
69.514774 296.958
69.546253 312.64
69.577755 310.222
69.609356 319.297
69.640918 294.392
69.672421 286.395
69.703988 287.539
69.735542 299.924
69.767084 316.332
69.798409 320.017
69.829745 341.428
69.861066 335.9
69.892479 313.778
69.924106 305.737
69.955707 305.654
69.987193 307.452
70.018759 314.236
70.050621 318.232
70.082182 318.048
70.113758 311.751
70.145265 279.809
70.176761 278.77
70.208327 286.574
70.239898 297.558
70.271601 308.025
70.303075 321.138
70.334556 332.943
70.366111 342.067
70.397577 355.466
70.429081 373.415
70.46064 360.602
70.492181 329.119
70.523697 327.979
70.55526 333.35
70.586775 338.564
70.618355 343.665
70.649843 354.135
70.681375 363.709
70.712879 338.311
72.914492 466.165
72.94623 493.972
73.018532 528.769
73.050105 561.617
73.0817 569.383
73.113273 556.365
73.226222 505.25
73.257809 521.256
73.289364 525.818
73.32083 551.111
73.352216 293.132
73.383826 301.009
73.415457 298.392
73.446836 303.411
73.478413 310.136
73.509969 323.053
73.541341 297.346
73.572976 290.267
73.604725 275.221
73.63634 270.271
73.667926 268.579
73.69941 268.48
73.73087 268.312
73.843794 276.85
73.875206 278.634
73.906552 284.254
73.93803 285.05
73.969672 283.34
74.001168 284.091
74.032595 305.883
74.064142 317.261
74.095751 319.578
74.127227 343.593
74.199626 383.88
74.231203 425.939
74.262897 443.865
74.29451 450.507
74.326025 446.835
74.357508 404.677
74.389286 426.214
74.420923 447.033
74.452543 467.844
74.48403 479.812
74.515668 482.061
74.547256 505.661
74.579017 514.509
74.610588 523.735
74.642242 557.436
74.673962 360.77
74.705635 359.228
74.737193 311.895
74.768834 293.337
74.800451 290.294
74.832032 277.529
74.863687 272.495
74.89533 272.984
74.927017 273.236
74.95871 270.464
74.990404 271.895
75.022077 274.835
75.053867 292.477
75.085592 296.154
75.117308 300.741
75.149 310.164
75.180688 317.012
75.212352 322.349
75.243884 332.432
75.275517 350.514
75.306976 362.507
75.338603 371.594
75.370301 316.64
75.401788 294.628
75.433147 300.122
75.464608 309.901
75.496146 314.818
75.527737 324.711
75.559199 339.389
75.590755 347.102
75.622206 324.045
75.653778 311.101
75.685197 298.319
75.716663 297.392
75.748322 305.289
75.779906 315.321
75.811402 316.383
75.843083 318.926
75.874506 333.206
75.906188 339.381
75.937901 310.392
75.969569 286.978
76.001235 288.13
76.032858 300.335
76.064446 313.931
76.095888 322.026
76.127395 328.076
76.158857 329.463
76.190165 358.106
76.221635 376.186
76.253272 381.408
76.284987 401.326
76.316679 346.597
76.348344 343.159
76.379994 346.485
76.411681 349.794
76.443513 360.729
76.475191 376.545
76.506971 386.338
76.538551 292.793
76.570285 285.684
76.601737 288.735
76.633388 291.563
76.665016 302.132
76.696714 311.073
76.728428 312.139
76.760149 316.014
76.781724 306.953
76.813426 286.199
76.845113 283.416
76.876684 289.72
76.908469 300.518
76.940068 310.084
76.971702 320.401
77.003414 336.882
77.035098 319.517
77.066837 292.835
77.098605 291.902
77.130293 296.002
77.161842 298.766
77.193382 317.048
77.225114 331.859
77.256738 340.61
77.288472 351.168
77.320104 360.112
77.351774 374.85
77.383412 346.423
77.414912 339.725
77.446541 346.041
77.467886 357.334
77.499459 368.067
77.530989 380.38
77.562673 389.049
77.59418 390.445
77.6258 407.727
77.657344 424.53
77.688785 437.064
77.720172 395.188
77.751877 392.373
77.783442 395.19
77.814998 404.351
77.84659 418.405
77.878104 428.893
77.909535 434.582
77.940934 388.268
77.972539 358.892
78.00386 358.627
78.035303 359.969
78.066725 361.905
78.098289 370.211
78.129734 373.843
78.161245 368.433
78.192981 330.77
78.224502 321.748
78.256096 319.256
78.287611 321.326
78.319152 327.242
78.350707 338.79
78.382194 344.217
78.413641 304.655
78.445006 282.54
78.476571 277.203
78.508 278.455
78.539463 277.077
78.570863 278.947
78.602271 280.744
78.633671 279.051
78.675221 274.602
78.706532 277.141
78.737817 288.828
78.769118 289.215
78.800615 295.145
78.832182 298.569
78.863834 304.77
78.895408 305.619
78.927115 290.782
78.958856 279.961
78.990521 284.412
79.022263 286.097
79.053982 287.472
79.085678 297.84
79.117393 303.387
79.149107 321.079
79.282725 454.078
79.314374 465.414
79.345911 470.716
79.387714 422.329
79.419336 442.443
79.450985 463.822
79.482381 478.861
79.513843 494.942
79.545355 509.166
79.577081 525.428
79.608851 544.198
79.640504 556.861
79.672225 593.524
79.703659 605.325
79.73519 628.116
79.766746 653.925
79.798187 657.768
79.829545 608.872
80.135317 566.491
80.166905 438.894
80.198484 343.751
80.230104 305.608
80.261632 281.171
80.293219 273.104
80.324858 274.543
80.356369 279.255
80.387923 282.91
80.419503 275.263
80.451045 274.462
80.482576 282.487
80.514086 297.765
80.545892 310.014
80.57752 331.704
80.60908 351.628
80.640535 363.611
80.672102 375.333
80.703483 396.543
80.734787 411.402
80.766088 357.891
80.797461 345.447
80.828968 350.442
80.860344 362.542
80.891788 376.03
80.92331 390.286
80.954885 351.186
80.986431 304.004
81.018173 284.004
81.049784 282.486
81.081235 289.865
81.112785 300.063
81.144365 303.858
81.175823 308.057
81.207273 329.758
81.238766 331.757
81.270272 302.994
81.30183 298.833
81.33337 302.319
81.364991 306.336
81.396498 314.872
81.427862 322.343
81.459417 328.288
81.491014 320.633
81.532723 287.126
81.564316 285.769
81.595856 296.189
81.627374 304.293
81.658983 307.692
81.690616 320.212
81.722184 332.594
81.753823 339.294
81.785488 346.185
81.817089 330.083
81.848595 290.544
81.88013 285.188
81.911602 292.724
81.943068 301.084
81.974637 306.226
82.006105 323.735
82.037719 330.799
82.069106 313.607
82.100661 293.062
82.131977 288.854
82.163242 290.067
82.194553 296.488
82.2259 299.164
82.257385 307.53
82.288866 314.447
82.320303 324.44
82.351792 297.384
82.383395 283.423
82.414861 292.173
82.446259 293.361
82.47768 293.163
82.509143 296.314
82.530498 319.819
82.56213 324.505
82.593789 329.201
82.62551 346.745
82.657147 298.204
82.688643 288.72
82.720217 294.953
82.751692 314.917
82.783155 320.323
82.814587 328.141
82.845951 351.197
82.877573 360.483
82.909109 364.942
82.940629 383.487
82.972124 371.21
83.003832 356.255
83.035571 360.008
83.067245 369.665
83.098864 385.407
83.130495 395.57
83.162204 399.534
83.193902 418.17
83.225512 422.724
83.257113 438.453
83.28877 386.379
83.320346 367.527
83.351811 367.852
83.383378 369.724
83.415133 371.697
83.446811 377.603
83.478621 345.206
83.510276 318.217
83.541635 310.048
83.572999 308.288
83.604744 305.233
83.63619 311.183
83.667593 314.232
83.699199 313.416
83.730672 308.22
83.762195 351.966
83.926052 409.854
83.957669 444.64
83.989336 454.386
84.021001 463.536
84.052565 467.425
84.084152 494.789
84.115789 504.959
84.147169 566.385
84.229646 405.701
84.261203 381.993
84.292731 332.374
84.324361 329.987
84.356028 338.428
84.387787 344.584
84.419503 361.183
84.522356 473.295
84.554016 476.902
84.58564 494.014
84.617262 491.435
84.649088 422.941
84.68064 426.308
84.712189 426.931
84.743753 433.876
84.775229 447.846
84.806748 454.7
84.838237 456.749
84.869591 432.83
85.114633 301.36
85.146204 287.863
85.177834 281.301
85.209284 275.794
85.240715 275.769
85.272196 276.87
85.303698 274.906
85.335151 271.861
85.366551 286.08
85.40811 286.367
85.439375 281.632
85.470762 287.158
85.502263 297.215
85.533805 301.278
85.565307 300.412
85.596926 303.442
85.62846 299.097
85.670209 286.75
85.701714 292.326
85.73333 296.162
85.76491 299.921
85.796547 309.499
85.828263 317.619
85.859703 320.079
85.891289 331.712
85.922972 342.785
85.954452 346.041
85.986136 348.991
86.017791 298.217
86.049319 282.432
86.080649 282.242
86.101878 299.154
86.143455 324.227
86.174877 336.511
86.2062 351.3
86.237614 369.452
86.268854 362.085
86.300116 366.907
86.331625 377.693
86.36323 325.619
86.394841 315.201
86.426411 319.239
86.447802 319.101
86.479365 315.405
86.510906 309.343
86.542422 286.109
86.573913 277.643
86.605668 277.57
86.637221 279.658
86.668582 276.804
86.699972 280.917
86.731709 287.31
86.763252 288.109
86.794718 285.39
86.826147 285.717
86.857635 284.984
86.889039 294.733
86.920454 302.776
86.951829 319.373
86.983277 323.847
87.014677 334.602
87.046164 344.435
87.077978 346.967
87.109678 337.39
87.141339 290.749
87.173017 281.755
87.204656 288.415
87.236125 300.787
87.267457 301.08
87.29903 302.441
87.330395 307.461
87.361804 281.773
87.393446 284.433
87.425036 288.639
87.456746 296.699
87.48839 305.074
87.520133 315.355
87.551876 332.971
87.583513 338.345
87.614953 329.228
87.646228 302.098
87.677507 295.491
87.708856 297.262
87.730023 310.94
87.761561 321.629
87.793075 329.095
87.824692 336.801
87.856407 341.631
87.88802 301.344
87.919637 289.233
87.951346 295.474
87.982925 304.071
88.014542 307.684
88.046215 314.423
88.077911 314.556
88.109596 293.547
88.141121 286.151
88.172547 285.382
88.204086 284.242
88.235538 289.446
88.266869 292.873
88.298216 294.587
88.329584 295.058
88.360963 278.333
88.392349 278.807
88.42384 281.245
88.455293 285.916
88.486867 296.332
88.518379 296.556
88.549723 284.642
88.581021 282.266
88.612424 281.01
88.643798 286.654
88.675188 295.543
88.706613 300.073
88.738048 300.895
88.769446 285.302
88.800974 281.151
88.832616 281.552
88.864145 290.417
88.895786 296.603
88.927312 296.296
88.958752 298.3
88.99009 277.546
89.021481 277.442
89.052865 286.486
89.084385 292.211
89.116124 294.748
89.1477 296.253
89.179206 278.425
89.210632 280.542
89.242037 282.053
89.273345 290.774
89.304872 298.31
89.336302 302.875
89.367829 307.24
89.399297 436.599
89.532677 444.823
89.564165 366.293
89.595525 385.591
89.626895 396.983
89.658198 416.104
89.689473 426.489
89.720682 433.793
89.751947 446.262
89.783232 474.716
89.814521 479.636
89.845847 499.512
89.877127 513.592
89.908434 515.269
89.939688 484.342
90.205087 345.677
90.236705 282.459
90.268304 278.0
90.299981 280.778
90.331503 278.95
90.363122 275.559
90.394521 277.471
90.425803 273.877
90.457183 271.5
90.488524 273.296
90.520018 278.124
90.551519 283.393
90.583024 287.571
90.614492 296.683
90.645934 306.375
90.677498 313.134
90.709017 319.07
90.740615 298.829
90.772204 300.212
90.803684 315.914
90.835179 330.392
90.866763 337.759
90.898435 329.727
90.930017 291.322
90.961768 286.7
90.993438 286.461
91.024982 292.137
91.056574 298.889
91.08812 299.431
91.119779 308.205
91.15147 285.733
91.183194 284.594
91.214852 285.063
91.246534 289.652
91.278172 299.339
91.30974 309.397
91.34143 312.786
91.373029 324.526
91.404778 332.589
91.43643 294.801
91.468096 279.938
91.499746 279.8
91.531365 289.789
91.562949 295.532
91.594628 302.375
91.626384 308.712
91.657811 301.729
91.689293 286.747
91.720957 283.216
91.75262 286.355
91.784085 294.954
91.815427 294.822
91.846812 299.904
91.878184 300.732
91.909392 289.172
91.940891 289.423
91.972304 294.675
92.003765 300.031
92.035279 311.476
92.066877 322.606
92.098259 326.832
92.129529 310.211
92.160743 308.806
92.192002 311.111
92.223245 317.198
92.254521 325.255
92.285845 337.423
92.31721 343.778
92.348515 316.897
92.380164 305.036
92.411695 299.267
92.432988 300.533
92.464411 319.638
92.495918 331.893
92.527507 341.395
92.559172 354.417
92.590797 381.154
92.622303 389.35
92.653913 391.678
92.685377 392.119
92.716977 383.411
92.748701 383.327
92.780314 390.534
92.811752 395.145
92.843318 366.303
92.874841 296.82
92.906389 280.071
92.927668 279.112
92.959094 286.661
92.990521 288.56
93.022132 292.506
93.053849 299.283
93.085462 317.655
93.116956 324.314
93.148319 325.093
93.179747 334.135
93.21122 335.66
93.242733 340.49
93.274212 355.816
93.305797 367.315
93.337543 372.045
93.369075 386.27
93.400528 404.204
93.432065 406.7
93.463606 353.799
93.495135 338.654
93.526669 339.519
93.558324 341.084
93.58981 344.415
93.62147 326.147
93.653049 289.815
93.684611 288.25
93.716191 284.097
93.747779 286.057
93.779379 290.66
93.810871 300.789
93.842351 302.5
93.873744 317.569
93.905275 310.952
93.936784 310.355
93.968285 316.606
93.999737 324.885
94.031495 342.017
94.06307 351.474
94.094606 366.647
94.1262 310.069
94.157798 302.797
94.189231 313.317
94.220743 313.906
94.252236 314.951
94.28388 315.9
94.315548 326.924
94.347038 312.749
94.378768 290.333
94.410408 288.576
94.441909 291.489
94.473556 447.756
94.627418 404.327
94.659025 400.606
94.69059 471.975
94.844598 479.365
94.876165 490.207
94.907801 500.394
94.939341 528.485
94.970957 550.242
95.002661 556.266
95.034337 488.459
95.330545 336.578
95.362311 295.163
95.394002 288.197
95.425795 289.081
95.447253 279.544
95.479008 276.148
95.510559 272.961
95.54214 268.455
95.573845 269.051
95.605398 268.023
95.636934 271.534
95.668442 281.784
95.70003 288.557
95.731428 295.711
95.763024 300.193
95.79461 302.752
95.82623 309.84
95.857724 288.479
95.889182 279.911
95.920755 292.031
95.952378 301.652
95.983973 315.161
96.015621 326.724
96.047288 339.459
96.078891 304.544
96.110349 292.204
96.141749 297.527
96.173095 307.522
96.204672 309.208
96.236081 315.941
96.267519 320.861
96.298923 308.356
96.330312 288.369
96.361687 287.273
96.393089 289.228
96.424528 300.459
96.455981 314.77
96.487431 324.91
96.518865 332.279
96.550326 343.356
96.581832 316.973
96.613504 296.897
96.644903 293.274
96.676435 294.581
96.70807 294.281
96.739617 301.355
96.77115 304.431
96.802619 305.325
96.834023 297.054
96.87566 284.293
96.906993 286.238
96.938373 289.643
96.969781 307.12
97.001193 316.574
97.032687 320.23
97.064156 329.313
97.095701 329.657
97.127274 330.172
97.158965 285.758
97.19075 279.767
97.222204 284.47
97.253738 286.965
97.285071 283.02
97.316457 285.901
97.34807 288.478
97.379539 276.573
97.411076 278.527
97.442742 276.445
97.474208 276.065
97.50579 275.345
97.537209 273.948
97.578875 273.945
97.600028 276.066
97.631613 277.358
97.663115 283.756
97.69463 285.813
97.726048 285.447
97.757563 279.054
97.789173 277.788
97.820833 280.36
97.852322 284.649
97.883898 289.304
97.915567 294.045
97.947024 289.184
97.988874 285.32
98.02059 284.148
98.052052 289.196
98.083573 296.262
98.115182 300.421
98.146768 302.986
98.178252 288.51
98.209766 281.738
98.24147 283.637
98.272912 285.477
98.304382 288.406
98.335881 286.321
98.377664 285.336
98.409299 291.726
98.441077 285.656
98.472611 295.449
98.504043 301.307
98.535543 303.645
98.567039 281.097
98.598675 276.85
98.630552 277.528
98.66183 280.766
98.693112 281.258
98.724306 279.328
98.755861 283.142
98.787198 290.511
98.818874 300.119
98.850394 302.251
98.881986 304.841
98.913553 306.035
98.94509 308.661
98.966418 303.269
99.028691 286.445
99.060337 286.528
99.091892 297.484
99.123459 308.571
99.155134 315.585
99.186596 319.249
99.218222 326.526
99.249979 331.286
99.28178 338.931
99.313648 339.722
99.345284 310.66
99.377013 285.391
99.408667 286.381
99.440328 288.814
99.472042 292.34
99.503753 299.25
99.53541 306.77
99.56708 306.908
99.59886 301.815
99.661036 282.095
99.692883 277.868
99.724589 289.979
99.75635 449.242
99.920315 434.436
99.952032 444.401
99.983709 459.935
100.01504 330.834
