2.2e-05 0.084325
0.27762 0.106167
0.308939 0.135755
0.340303 0.16047
0.37161 0.131143
0.545859 0.165256
0.578308 0.178657
0.609609 0.185097
0.640878 0.20781
0.67224 0.238703
0.805691 0.231828
0.838091 0.232785
0.869505 0.252366
0.900874 0.261155
0.932182 0.276471
0.963484 0.301795
0.995906 0.325117
1.027217 0.338518
1.058518 0.482193
1.08984 0.48959
1.121174 0.494463
1.153609 0.49046
1.184945 0.479321
1.216274 0.475318
1.247591 0.469835
1.278957 0.462003
1.311419 0.463222
1.342717 0.498205
1.374027 0.514739
1.405315 0.512042
1.436668 0.509953
1.469112 0.506559
1.500427 0.507951
1.531787 0.503339
1.5631 0.504906
1.594427 0.501947
1.62681 0.502556
1.658133 0.501251
1.689426 0.497335
1.720695 0.498901
1.752055 0.498292
1.784492 0.501338
1.815849 0.503252
1.847133 0.501077
1.878445 0.504645
1.909742 0.506907
1.942141 0.502904
1.973314 0.503687
2.004595 0.506994
2.035892 0.509953
2.067266 0.504558
2.099715 0.50595
2.131005 0.505428
2.16232 0.504122
2.193586 0.503252
2.22491 0.500729
2.257356 0.501599
2.288646 0.49951
2.320028 0.500729
2.351324 0.501338
2.382702 0.499423
2.415179 0.499249
2.446507 0.500816
2.477778 0.502295
2.509115 0.49951
2.540494 0.504645
2.572881 0.506037
2.604184 0.506124
2.635475 0.509257
2.666771 0.510475
2.698085 0.511345
2.730502 0.514826
2.761776 0.514739
2.793074 0.516741
2.824427 0.519003
2.855747 0.39752
3.051366 0.519003
3.082719 0.5197
3.11401 0.519438
3.145314 0.52231
3.176607 0.52379
3.209064 0.522397
3.240437 0.526052
3.27167 0.526748
3.302934 0.527619
3.33423 0.532405
3.366691 0.535364
3.387779 0.536408
3.41907 0.531709
3.450333 0.535799
3.481609 0.53606
3.513957 0.532318
3.545164 0.535538
3.576432 0.535103
3.607704 0.53519
3.639006 0.535103
3.671362 0.537626
3.702545 0.539019
3.733773 0.542674
3.764979 0.543892
3.796258 0.547634
3.828657 0.548156
3.859925 0.424671
3.921801 0.538409
3.953028 0.557554
3.984286 0.556162
4.016591 0.553987
4.058068 0.557554
4.089339 0.554509
4.120636 0.551637
4.15197 0.55564
4.184381 0.556858
4.215674 0.557032
4.246967 0.559817
4.27828 0.565299
4.309614 0.567736
4.34204 0.568954
4.373346 0.573567
4.404637 0.576699
4.43598 0.579832
4.467263 0.579919
4.49969 0.583052
4.530947 0.585489
4.56222 0.579658
4.593506 0.581138
4.624755 0.585054
4.65708 0.583139
4.6884 0.585054
4.719652 0.582356
4.750893 0.583139
4.782187 0.586881
4.814568 0.588535
4.845908 0.586011
4.877234 0.595844
4.908546 0.593408
4.939947 0.60211
4.972323 0.60298
5.003635 0.589579
5.034949 0.611073
5.066261 0.609942
5.097523 0.614641
5.129982 0.615077
5.161244 0.611248
5.192511 0.614467
5.22387 0.612379
5.255207 0.613945
5.287587 0.614989
5.318905 0.611857
5.350231 0.619254
5.381502 0.616295
5.412716 0.625084
5.444888 0.626041
5.476138 0.631959
5.507415 0.637267
5.538742 0.637354
5.570003 0.638399
5.602362 0.643098
5.633565 0.643011
5.664822 0.643533
5.696065 0.642315
5.727334 0.643098
5.759738 0.645186
5.79103 0.643272
5.822288 0.639704
5.853592 0.645534
5.884937 0.64684
5.917314 0.652583
5.948557 0.655716
5.979859 0.64597
6.011076 0.661286
6.042372 0.665985
6.07474 0.655803
6.106013 0.673382
6.137282 0.675296
6.168598 0.674687
6.199942 0.67547
6.232286 0.675818
6.263577 0.677994
6.294823 0.675905
6.326062 0.673121
6.357368 0.677994
6.389664 0.675122
6.420914 0.680083
6.441943 0.683476
6.473185 0.68426
6.504451 0.690612
6.536814 0.69418
6.568112 0.697835
6.5994 0.702099
6.630663 0.703666
6.661952 0.705058
6.694328 0.709496
6.725653 0.707408
6.756952 0.709235
6.78825 0.702534
6.819527 0.709757
6.851984 0.710889
6.883344 0.709844
6.914655 0.711498
6.94596 0.711585
6.977219 0.708974
7.00948 0.719678
7.04181 0.722898
7.074202 0.726988
7.105475 0.730904
7.13678 0.733428
7.168097 0.740128
7.19945 0.742217
7.231833 0.74709
7.263068 0.746394
7.294368 0.737779
7.325632 0.746568
7.356879 0.746655
7.389278 0.746307
7.421612 0.744566
7.453996 0.743522
7.486351 0.741173
7.518692 0.579832
7.591939 0.742043
7.624329 0.762058
7.655602 0.767192
7.686875 0.758838
7.718166 0.767018
7.749454 0.781551
7.78182 0.782769
7.813027 0.783553
7.844327 0.698792
8.008262 0.784858
8.039598 0.78303
8.072077 0.78451
8.104469 0.78451
8.135745 0.782073
8.167043 0.783466
8.198375 0.782421
8.229666 0.781116
8.262104 0.785293
8.293373 0.788426
8.324643 0.790166
8.355982 0.79443
8.387307 0.79591
8.419702 0.801044
8.452163 0.810878
8.484554 0.814707
8.516931 0.820189
8.549343 0.819754
8.581738 0.823148
8.614223 0.81375
8.646609 0.817666
8.679017 0.822365
8.711512 0.821146
8.744003 0.812879
8.776497 0.821669
8.808994 0.822974
8.841344 0.822974
8.873739 0.832198
8.906159 0.838986
8.93849 0.84151
8.970932 0.846818
9.003419 0.853258
9.035926 0.856478
9.068404 0.862308
9.10086 0.862656
9.133347 0.863788
9.16576 0.813227
9.208424 0.862743
9.240883 0.859785
9.273318 0.859524
9.305693 0.858392
9.338057 0.864049
9.370365 0.841684
9.402927 0.871881
9.435361 0.874927
9.467773 0.881714
9.500104 0.886936
9.532486 0.894246
9.564881 0.89938
9.597275 0.90521
9.6297 0.908343
9.662003 0.904949
9.694402 0.90669
9.726914 0.908343
9.75927 0.905036
9.791695 0.900772
9.824132 0.906342
9.856557 0.907212
9.889101 0.487849
10.105396 0.425802
10.218302 0.582704
10.249535 0.724638
10.342049 0.926183
10.373347 0.954204
10.405696 0.954988
10.438059 0.953247
10.469358 0.950288
10.500533 0.945502
10.531877 0.875884
10.563187 0.88067
10.595713 0.876058
10.62704 0.949331
10.658347 0.938279
10.689664 0.947068
10.721033 0.815577
10.763634 0.946807
10.796008 0.953073
10.827315 0.965169
10.858627 0.968737
10.889928 0.971783
10.921267 0.979876
10.953695 0.986055
10.985057 0.989362
11.016391 0.992494
11.047706 1.001284
11.079054 1.001284
11.111619 0.996584
11.143921 1.001545
11.176338 0.987186
11.208777 0.998673
11.240128 1.00111
11.271445 0.992755
11.302725 0.992842
11.334031 1.001197
11.366454 1.007375
11.398831 1.009986
11.431267 1.014511
11.463642 1.031132
11.494905 1.034961
11.526222 1.037572
11.557481 1.043925
11.5887 1.042793
11.6211 1.047319
11.652433 1.048711
11.683681 1.04845
11.714953 0.837942
11.787086 1.023736
11.819565 1.044708
11.850881 1.041575
11.882155 1.056804
11.913408 1.062722
11.944673 1.063853
11.977148 1.074035
12.008526 1.07769
12.039829 1.079256
12.071175 1.093267
12.102549 1.096574
12.134951 1.099793
12.166229 1.102926
12.19747 1.10458
12.22875 1.101012
12.260028 1.098488
12.29248 1.097792
12.323755 1.090482
12.355023 1.096138
12.386343 1.097879
12.417575 1.104406
12.439819 1.105276
12.471084 1.118068
12.502346 1.118329
12.533594 1.130599
12.564851 1.140085
12.59729 1.145654
12.628635 1.142609
12.659966 1.155053
12.691348 1.15749
12.722662 1.155923
12.755026 1.154357
12.786338 1.159404
12.817622 1.155401
12.848937 1.159056
12.880251 1.158708
12.912724 1.159404
12.944044 1.152703
12.975383 1.165235
13.006687 1.16506
13.038009 1.11685
13.0705 1.143827
13.101888 0.880148
13.194448 1.060546
13.225767 1.203873
13.257014 1.207267
13.289511 1.208659
13.320834 1.227717
13.352195 1.226499
13.383572 1.221451
13.414911 1.218492
13.447332 1.218754
13.478668 1.218928
13.51005 1.217274
13.541387 1.219363
13.572686 1.231894
13.605155 1.236854
13.636427 1.240074
13.667693 1.255042
13.698946 1.2399
13.730199 1.270097
13.762574 1.273317
13.793767 1.277494
13.825056 1.259045
13.856365 1.268182
13.887665 1.149048
13.920125 1.242772
13.951417 1.269053
13.982753 1.276102
14.014056 1.271054
14.045288 1.273578
14.077697 1.236071
14.108995 1.27906
14.140311 1.305254
14.171631 1.304558
14.202948 1.316045
14.235338 1.315958
14.266584 1.328576
14.297862 1.329185
14.329141 1.321702
14.360385 1.303688
14.392872 1.257392
14.424152 1.321614
14.445213 1.301425
14.47651 1.312129
14.507844 1.333537
14.540243 1.329708
14.571509 1.326488
14.602829 1.333276
14.634143 1.347547
14.665497 1.359295
14.697935 1.374089
14.729206 1.369912
14.760497 1.381921
14.79185 1.374263
14.823176 1.386359
14.855633 1.387578
14.887 1.394191
14.918321 1.384445
14.949647 1.384619
14.980982 1.387839
15.013448 1.380616
15.044842 1.404808
15.076273 1.393147
15.107645 1.380355
15.138947 1.402807
15.171469 1.405853
15.202801 1.429349
15.234133 1.432656
15.265494 1.440227
15.296852 1.386708
15.329477 1.451714
15.360832 1.470946
15.392229 1.413772
15.423597 1.16567
15.495899 1.290808
15.528379 1.462156
15.55964 1.47112
15.591007 1.447885
15.622348 1.474775
15.653746 1.47843
15.686209 1.419167
15.717554 1.430219
15.748861 1.438486
15.780259 1.500098
15.801351 1.484695
15.833801 1.453019
15.865183 1.503492
15.896588 1.505929
15.928013 1.509671
15.959395 1.506538
15.99198 1.508104
16.023282 1.527858
16.054586 1.545785
16.08585 1.561449
16.117164 1.515762
16.149608 1.516546
16.180977 1.412118
16.212296 1.518373
16.243655 1.536996
16.274997 1.547091
16.30741 1.556576
16.338794 1.543174
16.370142 1.553878
16.401477 1.538997
16.432838 1.40855
16.47551 1.596084
16.506758 1.598956
16.538033 1.453541
16.589745 1.593648
16.620942 1.623409
16.65345 1.626194
16.684765 1.630197
16.716107 1.636028
16.74736 1.570674
16.778655 1.601828
16.811126 1.59095
16.842437 1.611835
16.873733 1.641771
16.905012 1.625933
16.936414 1.64708
16.968844 1.663527
17.000179 1.664484
17.031475 1.623061
17.062814 1.696596
17.094163 1.626716
17.126577 1.654999
17.1579 1.711128
17.189193 1.708866
17.220543 1.710519
17.251917 1.542217
17.294562 1.682498
17.32594 1.676493
17.357235 1.658306
17.388543 1.703732
17.419869 1.703993
17.452345 1.679974
17.483746 1.707909
17.515083 1.732449
17.546416 1.69851
17.567544 1.750811
17.600056 1.766823
17.631396 1.775264
17.662681 1.775612
17.693925 1.787708
17.725169 1.767171
17.757599 1.751159
17.788846 1.785446
17.82001 1.753857
17.85117 1.779354
17.882408 1.796237
17.914867 1.79145
17.946136 1.791886
17.977439 1.797716
18.008723 1.801023
18.040034 1.813467
18.072454 1.831307
18.093537 1.200392
18.216652 1.566845
18.247924 1.876472
18.27917 1.887176
18.311543 1.885
18.342812 1.878473
18.374146 1.885
18.405469 1.884739
18.436828 1.885783
18.469325 1.889873
18.500674 1.890134
18.532002 1.901882
18.563312 1.905972
18.59462 1.920592
18.626954 1.930774
18.658202 1.937127
18.6895 1.948788
18.72078 1.962537
18.752063 1.966018
18.784382 1.978811
18.815664 1.975504
18.846992 1.978724
18.878196 1.979855
18.909486 1.976896
18.941905 1.980203
18.973213 1.975504
19.004601 1.962537
19.03595 1.983249
19.067258 1.988818
19.099737 1.999696
19.131079 2.016839
19.162386 2.01536
19.193676 2.032243
19.224989 2.044513
19.257443 2.06096
19.288743 2.074449
19.320177 2.054607
19.35151 2.078191
19.38282 2.066268
19.415289 2.047123
19.446605 2.080018
19.477949 2.071229
19.509269 2.050082
19.540611 2.078104
19.573146 2.076537
19.604488 2.05687
19.625587 1.622017
19.707931 1.875776
19.729053 2.135016
19.761486 2.136583
19.792724 2.154684
19.823962 2.170696
19.855217 2.182618
19.886493 2.188884
19.918974 2.166519
19.950284 2.183314
19.981641 2.176178
20.012924 2.174264
20.044211 2.175308
20.076767 2.177222
20.108067 2.189928
20.13935 2.189841
20.170617 2.188013
20.201895 2.14807
20.234281 2.224737
20.265519 2.246232
20.29675 2.256152
20.328088 2.255543
20.359344 2.280083
20.391747 2.292093
20.423045 2.280519
20.454295 2.293485
20.485556 2.288351
20.516874 2.281563
20.539082 2.277212
20.570481 2.28983
20.601806 2.286349
20.633113 2.29305
20.664436 2.29801
20.696955 2.309932
20.728242 2.317764
20.759542 2.340825
20.790838 2.357186
20.822154 2.365018
20.854608 2.378941
20.885894 2.387818
20.917177 2.403482
20.948521 2.403482
20.979902 2.407572
21.012451 2.407572
21.043765 2.398521
21.075089 2.408442
21.106385 2.408007
21.137673 2.408268
21.170156 2.17583
21.211729 2.38277
21.242993 2.074884
21.274399 2.300708
21.305737 2.097074
21.348395 2.311064
21.379746 2.166345
21.411106 2.185577
21.442434 1.480866
21.647275 1.506451
21.679625 1.719135
21.71087 1.883172
21.742127 1.988122
21.773416 1.971327
21.845468 1.94287
21.888041 2.14572
21.919395 2.357012
21.950684 2.532711
21.98199 2.554205
22.013365 2.508518
22.045623 2.583445
22.076894 2.615556
22.108222 2.575178
22.139476 2.562211
22.170816 2.696748
22.233797 2.65228
22.265086 2.605113
22.296349 2.442555
22.327613 2.581791
22.358917 2.656544
22.391331 2.368063
22.422633 2.493985
22.453952 2.466747
22.485297 2.585533
22.516611 2.472839
22.559281 2.638008
22.590517 2.294616
22.621761 2.660373
22.653007 2.33134
22.694468 2.691527
22.726931 2.415317
22.768465 2.704232
22.799782 2.642446
22.851469 2.463788
22.893028 2.718069
22.92542 2.789341
22.95676 2.579616
22.988017 2.703014
23.019269 2.52044
23.050543 2.70519
23.082902 2.383031
23.124411 2.719722
23.155701 2.431764
23.197202 1.888742
23.320316 2.043642
23.352653 2.027978
23.394195 1.995606
23.425489 1.934429
23.467015 2.013881
23.498392 2.005265
23.541103 2.311673
23.572344 2.430198
23.603644 2.666552
23.634865 2.749919
23.676366 2.97322
23.70884 2.909954
23.740165 2.907953
23.771438 2.930927
23.802748 2.973742
23.874861 2.984881
23.907328 2.902296
23.93874 2.788558
23.970109 2.753574
24.011667 2.98871
24.042948 2.70841
24.075369 3.011771
24.10662 2.85278
24.137894 3.052933
24.169179 3.055108
24.210653 3.1068
24.243123 3.072774
24.274407 3.112543
24.305699 3.120723
24.347198 3.09392
24.378533 2.938498
24.421249 2.984011
24.452584 2.938759
24.494135 3.042577
24.525544 2.889765
24.556904 3.068684
24.589394 2.688046
24.630925 2.912565
24.662131 2.746264
24.693428 2.751921
24.724718 2.603721
24.767378 2.72973
24.798676 2.556294
24.840089 2.807964
24.871385 2.891418
24.90278 2.635049
24.935275 2.488155
24.96664 2.848951
24.998001 2.798217
25.049659 3.140217
25.080984 3.229937
25.113421 3.145003
25.144753 3.192343
25.176033 3.155707
25.207422 3.191212
25.238726 3.229067
25.271211 3.07991
25.312834 3.226369
25.333938 2.89255
25.36529 3.099142
25.396609 2.806745
25.44958 3.083652
25.480973 3.012467
25.512294 3.098446
25.543589 3.149354
25.574946 3.351073
25.607354 3.302253
25.638774 3.373525
25.670117 3.414425
25.701529 3.394323
25.732885 3.291636
25.765389 3.372828
25.796762 3.308606
25.828124 3.344981
25.85944 3.403635
25.890782 3.429654
25.923271 3.439749
25.954557 3.440619
25.985859 3.481259
26.017155 3.484392
26.048511 3.499969
26.08092 3.529905
26.1122 3.557143
26.143499 3.552705
26.174738 3.545743
26.206014 3.565497
26.238396 3.552531
26.259474 3.548614
26.290775 3.55575
26.322029 3.542349
26.353396 3.548179
26.385842 3.570892
26.417121 3.571501
26.448447 3.614491
26.479722 3.631982
26.511021 3.639727
26.543462 3.668706
26.574775 3.668706
26.605995 3.728578
26.637284 3.728578
26.668609 3.681933
26.701041 3.731188
26.732404 3.734408
26.763733 3.714393
26.795119 3.72762
26.826435 3.737715
26.858976 3.73406
26.890234 3.733973
26.92149 3.752248
26.952743 3.766433
26.984073 3.783141
27.01645 3.814382
27.047754 3.839967
27.079034 3.839967
27.110306 3.878083
27.14162 3.902884
27.174031 3.891832
27.205359 3.91907
27.236686 3.922464
27.268025 3.916634
27.299454 3.907235
27.332035 3.875211
27.363327 3.792017
27.394518 3.603787
27.45641 3.930644
27.487661 3.94248
27.520088 3.013511
27.582009 3.080954
27.61331 3.31052
27.664953 4.09651
27.696265 4.065356
27.728729 4.120267
27.760103 4.081455
27.791489 4.119658
27.822906 4.128012
27.854259 4.133495
27.886765 4.139586
27.918063 4.123574
27.94936 4.039684
27.980658 4.016971
28.011946 4.072753
28.044384 4.143154
28.075711 4.157774
28.107007 4.175353
28.138373 4.153249
28.169771 4.279693
28.202192 2.839118
28.335515 3.125945
28.366813 3.660961
28.398072 4.208247
28.429395 4.206768
28.461753 4.339129
28.49305 4.300839
28.524419 4.33269
28.555718 4.340087
28.587074 4.336258
28.619562 4.337215
28.650822 4.298577
28.682141 4.397522
28.713482 4.392648
28.744765 4.417798
28.77709 4.412229
28.808417 4.438422
28.839696 4.325554
28.87096 4.524227
28.892086 4.504647
28.924491 4.51361
28.955753 4.527621
28.987036 4.487764
29.018313 4.5063
29.049571 4.521703
29.082072 4.366106
29.113476 4.543894
29.144856 4.529448
29.176227 4.579921
29.207604 4.590364
29.240072 4.595324
29.271361 4.643622
29.302717 4.659025
29.334044 4.686611
29.36535 4.700622
29.397933 4.728295
29.429278 4.749094
29.460561 4.761799
29.491872 4.74074
29.523221 4.750573
29.555721 4.727251
29.587039 4.777202
29.618384 4.730819
29.649763 4.628567
29.681116 4.785034
29.713592 4.765019
29.744897 4.755011
29.776251 4.843252
29.807602 4.877539
29.838923 4.879454
29.871366 4.905387
29.902727 4.96639
29.934071 4.971872
29.965336 4.991191
29.996642 4.994063
30.029091 4.976049
30.060431 4.924184
30.091614 4.987623
30.12285 5.000154
30.154205 4.999719
30.186541 4.993628
30.217741 4.987536
30.249011 4.628306
30.2803 4.776593
30.311534 4.73839
30.34404 5.040185
30.375307 5.112327
30.40653 5.067945
30.437779 5.192127
30.469054 5.150443
30.501659 5.239902
30.532935 5.27271
30.564231 5.043405
30.595468 4.950116
30.626788 5.047408
30.659181 5.127469
30.6906 5.245385
30.721829 5.232157
30.75313 5.242687
30.784457 5.192649
30.816829 5.171502
30.848123 5.199872
30.879397 5.289244
30.910678 5.328752
30.941949 5.383142
30.97443 5.35512
31.005704 5.44632
31.026738 5.494357
31.058031 5.490354
31.089333 5.464595
31.121646 5.506279
31.152953 5.535519
31.184269 5.514024
31.215533 5.527164
31.246872 5.522204
31.279285 5.500622
31.310484 5.490876
31.341612 5.539696
31.372842 5.489048
31.404121 5.548746
31.436566 5.60418
31.467868 5.532473
31.49921 5.654044
31.5305 5.660483
31.561855 5.717831
31.59429 5.573287
31.625567 5.762126
31.656891 5.783534
31.688153 4.446951
31.780512 4.82959
31.812916 5.219452
31.84427 5.525946
31.875581 5.712175
31.906944 5.753424
31.938299 5.83801
31.970613 5.851237
32.001923 5.877257
32.033117 5.888831
32.064393 5.956622
32.095682 5.999437
32.128098 6.038771
32.159394 5.127295
32.211113 5.024086
32.242427 5.099622
32.273771 5.648996
32.306272 5.926599
32.337661 6.054348
32.369031 6.028416
32.40036 6.019191
32.431713 6.007704
32.464182 5.914764
32.495468 5.983251
32.526786 6.145548
32.558094 5.923901
32.589402 5.821388
32.621833 5.419778
32.653098 5.663094
32.684331 6.055915
32.715604 5.709651
32.7469 6.201939
32.779385 6.290441
32.810687 6.297403
32.842047 6.339696
32.873352 6.42054
32.904643 6.446212
32.937039 6.409053
32.968461 6.160951
32.999847 6.188102
33.031133 6.362409
33.062411 5.886656
33.094869 6.262246
33.126118 6.272341
33.14722 5.879085
33.178501 4.132015
33.281282 4.421714
33.313732 4.537628
33.345067 4.127751
33.386604 4.23914
33.41796 4.319723
33.449349 4.192844
33.481812 4.275777
33.513218 4.239923
33.544563 4.097554
33.575896 4.2944
33.607226 4.578181
33.639706 4.56417
33.671104 4.574787
33.702427 4.999371
33.733736 5.756556
33.765217 5.544221
33.797835 0.529533
34.022832 0.635092
34.054124 0.424062
34.085477 0.649015
34.11685 0.882585
34.159444 1.040183
36.299187 5.226414
36.330514 4.86701
36.361783 5.17098
36.393195 5.05028
36.425619 5.257394
36.456985 5.3794
36.488318 5.506279
36.519643 5.897881
36.550908 6.50913
36.583328 6.575963
36.61463 5.872906
36.645897 5.383403
36.677148 5.377398
36.708454 5.362343
36.740848 5.354598
36.772204 5.331189
36.803488 5.263224
36.834803 5.160102
36.866122 5.11546
36.898458 5.911283
36.929735 6.626088
36.961007 6.71198
36.992311 6.730167
37.023617 6.73243
37.056055 6.73887
37.087364 6.764889
37.118625 6.564302
37.149883 6.78447
37.181194 6.772547
37.213632 6.653935
37.244959 6.76985
37.276248 6.769241
37.307525 6.707193
37.338766 6.691616
37.371012 6.835987
37.402218 6.866097
37.433536 6.763845
37.464799 6.938587
37.496109 6.945114
37.528661 5.197348
37.61105 5.075168
37.642412 5.273754
37.673707 5.701993
37.705039 5.819909
37.737546 5.874472
37.768895 6.067489
37.800255 6.310108
37.831636 6.471797
37.862993 6.443862
37.895457 7.071819
37.926779 7.050933
37.958059 7.089745
37.989416 7.104278
38.020715 7.149617
38.053087 7.22028
38.084383 7.17964
38.115696 7.218365
38.146939 7.200264
38.178215 7.295989
38.210681 7.290681
38.241947 7.273102
38.273234 7.358124
38.304601 7.407118
38.335985 7.331756
38.368363 7.283545
38.399574 7.389452
38.430773 7.297121
38.462055 7.251869
38.49336 7.393455
38.525733 7.386754
38.557021 7.402679
38.588368 7.502059
38.619649 7.526252
38.650933 7.527557
38.683403 7.5722
38.714763 7.683241
38.746118 7.658787
38.777406 7.675844
38.808737 7.753903
38.841289 7.659049
38.872582 7.217147
38.903906 7.534432
38.925042 7.745723
38.9564 7.567588
38.988769 7.552446
39.020016 7.636858
39.051253 7.729537
39.082497 7.541742
39.113697 7.705693
39.146027 7.861377
39.177356 7.819519
39.208699 7.512067
39.239971 7.835879
39.271239 7.409728
39.303657 7.522336
39.334953 7.636162
39.366234 8.004355
39.39757 7.697426
39.428931 8.099558
39.461391 8.228613
39.492738 8.129842
39.524073 8.114526
39.555398 8.115135
39.586742 8.183796
39.619167 8.114178
39.650484 6.639664
39.712484 6.327513
39.733556 6.503299
39.764813 6.608684
39.797298 6.231353
39.828546 6.436901
39.859848 6.748181
39.891161 6.646887
39.922457 7.140654
39.954862 7.700036
39.986222 8.272124
40.017467 6.45883
40.079393 6.581794
40.110697 6.484154
40.14314 6.444733
40.174396 6.420801
40.205687 6.232571
40.23701 6.131973
40.268319 6.1157
40.300739 6.40653
40.332064 7.628068
40.363368 8.474713
40.394624 8.304584
40.425942 8.423457
40.458351 8.75336
40.489624 8.682698
40.520941 8.847954
40.552323 8.947769
40.583609 8.958473
40.616008 8.811926
40.647324 8.632311
40.678632 8.660507
40.709886 8.630484
40.741164 8.595762
40.773588 8.627264
40.804896 8.442428
40.836211 8.586711
40.867491 8.637794
40.898821 8.802963
40.931303 8.848041
40.962597 9.109109
40.993865 9.065946
41.025086 8.928102
41.05642 9.289768
41.088895 9.25992
41.120251 8.666163
41.151562 8.882154
41.182901 9.010077
41.214195 8.679043
41.246639 8.837076
41.277954 8.95038
41.309245 8.936456
41.340532 8.914439
41.371905 9.06464
41.40433 9.192825
41.435633 8.74927
41.466977 9.081349
41.498313 9.253045
41.529622 9.213536
41.562098 9.359561
41.593402 9.285417
41.624793 9.093097
41.656112 9.321358
41.687429 8.828809
41.719936 9.194478
41.751255 9.309697
41.782486 9.367132
41.813856 9.203094
41.845195 8.899384
41.877729 9.259397
41.909048 9.31631
41.940434 8.63614
41.97179 9.239295
42.003189 9.356428
42.035616 8.934019
42.066944 9.013645
42.098271 8.864662
42.129514 9.289507
42.160814 9.240252
42.193257 9.175943
42.224572 8.980576
42.255844 8.37629
42.28718 8.343222
42.318439 8.379771
42.350862 8.052914
42.382208 8.22461
42.413552 8.50256
42.444852 8.469579
42.476157 8.55225
42.508633 5.54396
42.693224 5.744199
42.7245 6.054697
42.755762 6.183664
42.7871 5.997262
42.819495 5.707302
42.850796 5.645167
42.882087 5.367913
42.913373 5.294466
42.944658 5.495662
42.977122 5.737411
43.008405 6.025631
43.039748 6.23144
43.071072 7.431832
43.102409 0.164211
43.359281 0.728554
43.390502 1.571109
43.421777 2.270685
43.453126 2.837986
43.484504 3.342893
43.51687 3.748332
43.548218 4.276821
43.579456 4.622563
43.610708 5.528035
43.641993 10.080196
43.674477 9.735847
43.705763 9.84654
43.736978 9.992477
43.76828 8.859093
43.799596 9.009816
43.832015 8.99859
43.853085 8.63292
43.884313 6.702233
43.976795 6.924924
44.008108 6.769067
44.040423 6.830766
44.071714 7.024043
44.103001 6.689528
44.134286 7.415037
44.165549 7.913851
44.197875 7.31496
44.229188 7.594739
44.260442 7.716745
44.291754 6.248409
44.323057 6.222825
44.355513 6.260854
44.386794 6.377203
44.41811 6.253108
44.449355 6.263638
44.480675 6.493117
44.513097 6.538543
44.544433 6.47258
44.575722 6.655589
44.607017 8.183361
44.638327 8.980576
44.670733 9.061508
44.701997 9.034008
44.733237 9.019215
44.764539 9.113199
44.795855 9.121118
44.828177 9.013906
44.859465 7.546093
44.890791 7.676366
44.922102 8.516658
44.953387 8.84865
44.98573 8.951685
45.017041 8.932366
45.048334 8.966653
45.079596 9.028091
45.110871 8.74518
45.143266 9.107717
45.174549 8.753273
45.205796 8.669992
45.237113 8.46662
45.25835 8.697404
45.290747 8.613688
45.322031 8.248715
45.35318 8.379945
45.3845 8.867795
45.415766 8.586624
45.448166 9.187256
45.479496 10.653415
45.510831 8.94307
45.542175 8.936282
45.573505 8.836641
45.606016 9.003812
45.637325 9.123555
45.668602 8.901299
45.699908 9.122424
45.731198 9.127819
45.763636 8.939763
45.794896 8.874496
45.826215 8.902517
45.857543 8.97318
45.888847 9.02461
45.921264 8.927406
45.952582 9.043842
45.983773 8.997111
46.015151 8.451652
46.046508 8.27839
46.079009 8.612296
46.110225 8.948117
46.141494 8.942286
46.172712 9.038882
46.204078 9.063422
46.236408 9.001462
46.267753 9.182904
46.299013 9.39759
46.330296 9.351642
46.361608 9.367915
46.394057 8.910697
46.425255 9.02287
46.45652 8.980838
46.487739 9.028352
46.51906 8.946115
46.551472 8.446779
46.582791 8.702191
46.614013 8.770068
46.645251 8.390823
46.676478 8.607684
46.708802 8.750053
46.7706 8.715418
46.801862 9.120422
46.83303 9.177857
46.86431 9.076998
46.896709 8.782165
46.928019 8.812274
46.959375 8.93019
46.990581 8.979619
47.021982 7.596392
47.064516 8.374202
47.095715 8.328254
47.126909 8.461486
47.158206 8.612644
47.189474 8.659462
47.221766 8.782513
47.253017 8.940981
47.284157 8.99128
47.315438 9.122859
47.33647 8.743178
47.389293 8.862922
47.420482 8.966044
47.451692 8.993717
47.482902 9.102408
47.514152 6.942677
47.607554 6.520442
47.638687 6.394869
47.669783 6.313067
47.700953 6.290093
47.73217 6.185666
47.764673 6.757231
47.79586 6.543591
47.827039 6.604506
47.858358 6.614253
47.889617 6.883153
47.922035 7.289376
47.953247 7.526339
47.984418 8.131669
48.015558 0.511955
48.291048 0.932449
48.323379 2.192974
48.35455 3.284935
48.385707 4.071534
48.416854 4.793562
48.437824 5.410119
48.470134 5.765781
48.501362 6.147202
48.532541 6.65498
48.563752 7.090877
48.595022 8.599504
48.6681 8.730212
48.699209 8.790867
48.73041 8.785384
48.761635 8.936717
48.792887 8.896774
48.825249 8.952207
48.856471 8.879543
48.887669 8.821499
48.91891 9.056547
48.950102 9.042885
48.982463 9.165152
49.013639 9.256004
49.044836 9.194914
49.075994 9.243559
49.107158 9.489225
49.139451 9.787539
49.17062 9.942352
49.201839 10.010752
49.233049 9.288289
49.26429 9.489747
49.296561 9.581904
49.327871 9.673191
49.359023 9.883003
49.390311 9.963499
49.421498 10.089682
49.453787 10.14877
49.484937 9.572418
49.53645 9.373397
49.567649 9.424393
49.598883 9.074822
49.631298 8.858919
49.66256 8.963085
49.693779 8.574963
49.724971 8.666424
49.756173 8.66042
49.788503 8.834204
49.819713 8.823152
49.851052 9.085265
49.88239 9.201005
49.91365 9.590171
49.945851 9.590606
49.977195 9.611927
50.008473 9.803725
50.039699 10.02894
50.070964 10.072973
50.103425 9.586516
50.134723 9.383927
50.165882 9.544658
50.197089 10.025633
50.228345 9.513504
50.260659 9.665359
50.291903 9.737153
50.323133 9.540481
50.354352 9.443103
50.385647 9.751685
50.417965 9.033921
50.449256 9.305955
50.480446 9.398895
50.511687 9.829658
50.542904 9.861508
50.575279 9.976204
50.606521 10.043995
50.637748 10.171222
50.668964 9.231289
50.720577 9.470602
50.752872 9.419258
50.784137 9.581208
50.815361 9.557189
50.846589 9.819041
50.877808 9.844974
50.910205 9.923729
50.941495 10.122054
50.972737 10.067491
51.003981 8.890073
51.05565 9.080827
51.088084 9.334585
51.119345 9.438577
51.150568 9.583035
51.181777 9.739241
51.212987 9.883873
51.245444 9.750902
51.27665 9.796415
51.307873 10.025546
51.339148 9.243298
51.38058 9.529777
51.413005 9.773702
51.44447 9.995871
51.47576 10.220912
51.506951 10.371288
51.538218 10.597721
51.570652 10.90291
51.601892 9.01234
51.684098 9.225023
51.715265 9.407945
51.746483 9.592521
51.778858 7.921335
51.82034 7.886352
51.851518 7.718485
51.882716 7.788103
51.913958 7.716223
51.946277 7.728667
51.977579 7.386754
52.00862 7.457678
52.039909 7.54618
52.071135 7.663139
52.103586 7.276496
52.134647 7.671493
52.165823 7.934911
52.197041 8.019497
52.228313 8.297883
52.260596 8.47306
52.291826 8.576878
52.323052 8.791215
52.354286 9.49375
52.395804 9.589127
52.42808 9.816952
52.459308 10.081241
52.490479 10.28383
52.521603 10.402877
52.552736 9.573115
52.585048 9.557973
52.61618 9.617148
52.647341 9.942961
52.67854 8.905302
52.709629 9.166805
52.741723 9.557799
52.772801 9.815473
52.804158 10.039557
52.835198 10.255895
52.866441 10.483199
52.898528 11.109589
52.92957 9.585124
52.991292 9.51246
53.022435 9.546399
53.05354 9.723142
53.085824 9.712177
53.117039 9.646997
53.148239 9.776661
53.179294 9.770482
53.21043 9.787191
53.242668 10.090552
53.273721 8.586189
53.32525 8.903474
53.356451 9.33502
53.387689 9.807641
53.419994 10.220651
53.451189 10.458571
53.472127 10.569874
53.503207 10.605379
53.534368 10.866012
53.566515 10.980012
53.597633 10.909523
53.628759 10.74009
53.659989 8.203724
53.73192 8.453654
53.764186 8.92845
53.795407 9.119552
53.826629 9.428135
53.857845 9.788844
53.889216 9.901974
53.921626 10.151555
53.952858 10.492423
53.983939 10.88185
54.015028 11.062945
54.046072 11.429136
54.078237 11.700038
54.109577 7.344548
54.181443 7.271797
54.212441 7.601178
54.243501 7.901146
54.275479 8.198329
54.306611 8.443646
54.337771 8.631354
54.368925 8.899036
54.400209 9.128254
54.43247 9.429962
54.463605 8.654937
54.525464 8.865619
54.556565 8.927754
54.587656 9.173245
54.619776 9.502626
54.650865 9.939916
54.68196 10.384254
54.713125 10.537153
54.744269 9.063944
54.81722 9.37479
54.848233 9.716267
54.879326 10.123273
54.910394 10.562216
54.941531 10.728342
54.973639 10.973224
55.004723 11.288421
55.035874 9.23799
55.107757 9.495838
55.139088 9.6054
55.171422 9.894055
55.202516 9.965848
55.23357 10.065228
55.26466 10.178619
55.295854 10.46066
55.32818 10.563608
55.349137 10.587191
55.380291 8.270993
55.492776 8.459745
55.523983 8.688093
55.556353 8.81123
55.587441 8.959256
55.61853 9.022957
55.649662 8.977792
55.680768 8.61978
55.713211 8.194587
55.744356 7.289985
55.806112 7.37257
55.837245 6.482414
55.939733 7.169284
55.971946 6.224739
56.013177 6.252238
56.044398 6.114742
56.075547 5.719746
56.106628 5.532647
56.138723 5.357122
56.169789 5.3794
56.20084 5.323183
56.231995 5.355556
56.263131 5.450497
56.295379 5.048887
56.336826 5.133386
56.368059 5.140435
56.399226 5.249127
56.420177 5.354424
56.452379 5.572938
56.4835 5.123988
56.535119 5.089527
56.566248 5.181336
56.59736 4.96169
56.639863 4.395607
56.803298 4.841164
56.885251 5.038444
56.916446 5.145047
56.947599 5.296902
56.979905 5.372264
57.011088 5.79328
57.042203 6.261115
57.073367 4.76937
57.104549 5.22302
57.136828 5.639772
57.168133 6.157035
57.199362 6.551597
57.230553 5.073776
57.261756 5.228415
57.29395 5.460157
57.325034 5.634202
57.356277 5.820866
57.387385 4.631874
57.744188 3.464812
57.776659 3.360645
57.808443 3.560276
57.839641 3.493268
57.870909 3.544785
57.902403 3.695944
57.934771 3.739542
57.966053 3.876777
57.997242 3.726663
58.069201 4.658242
58.100485 0.065093
58.438316 0.802088
58.469401 1.972458
58.50055 2.671077
58.531685 3.391103
58.562786 4.238357
58.595033 4.843078
58.626145 5.161321
58.657306 5.603744
58.68845 5.930515
58.719567 6.262855
58.751827 6.475191
58.782905 7.91681
58.82425 8.008445
58.855356 8.299536
58.876325 8.516136
58.90868 8.844038
58.939944 9.19474
58.971143 9.574333
59.002372 9.747247
59.033513 9.805204
59.065714 9.129908
59.117205 9.194478
59.138104 8.957515
59.16925 8.982056
59.200427 8.946464
59.2327 9.254524
59.26389 9.082306
59.295007 8.882589
59.326134 8.839687
59.357244 8.782426
59.389549 8.731865
59.420665 8.971352
59.451849 9.271494
59.483008 9.447019
59.514266 9.730278
59.54644 9.67554
59.577579 9.850978
59.608732 9.254176
59.639989 9.294207
59.67114 8.14159
59.713496 6.380597
59.744651 7.511806
59.775771 9.160801
59.806964 9.380098
59.838158 9.640731
59.870391 7.699949
59.901554 8.11644
59.93273 8.779119
59.963919 9.089877
59.99502 9.422304
60.02723 7.314003
60.068553 7.522771
60.099703 7.961453
60.130872 8.258026
60.16207 8.328428
60.194369 9.811209
60.225584 10.313156
60.256829 7.866511
60.288043 8.451565
60.319252 9.264271
60.351411 9.728015
60.38249 7.827873
60.444176 8.111219
60.475296 8.305106
60.506484 8.509783
60.538726 8.720204
60.569915 9.14505
60.601067 9.762389
60.632309 9.860638
60.663487 9.693206
60.695741 9.667099
60.726871 8.253936
60.788536 8.471754
60.819656 8.867795
60.850781 9.312394
60.883005 9.597655
60.914161 9.909284
60.945283 10.02807
60.976381 10.255634
61.007572 10.490596
61.03977 9.291683
61.101457 9.555101
61.132611 9.814168
61.163803 10.02337
61.184776 10.028679
61.21701 10.247019
61.24816 10.451436
61.279342 10.225263
61.310478 10.143114
61.341727 8.950728
61.404657 9.052718
61.435895 9.54196
61.467065 10.049477
61.498196 10.347791
61.529394 10.604074
61.561574 10.672647
61.592658 10.642625
61.623872 10.738524
61.655009 9.313526
61.716673 9.597394
61.749076 10.041906
61.780271 10.236228
61.811461 10.433683
61.842598 10.583101
61.863588 10.526536
61.895906 10.437512
61.927121 10.507913
61.958304 9.017996
62.030284 9.032094
62.061495 9.516289
62.093944 9.786146
62.125197 10.077238
62.156474 10.33848
62.1877 10.394349
62.21892 10.610774
62.251217 10.855917
62.282459 9.025828
62.344171 9.268535
62.375278 9.633944
62.406468 9.851413
62.428607 10.016061
62.459785 10.163825
62.490937 10.122838
62.522102 10.06079
62.553266 10.372071
62.585609 10.341439
62.616682 8.946812
62.668162 9.157059
62.699259 9.436489
62.730442 7.485525
62.833805 8.080935
62.864944 8.218953
62.896029 8.018192
62.927163 6.591801
62.958316 6.855654
62.990476 7.255785
63.021592 7.608227
63.052704 7.994521
63.083863 4.40927
63.155744 4.49403
63.188297 5.010162
63.219587 5.613839
63.250757 6.32934
63.282578 8.579227
63.313718 9.25583
63.346042 9.50837
63.377169 0.278298
63.611741 0.530055
63.642841 1.374002
63.674029 2.294616
63.706302 3.171023
63.737496 3.891832
63.768623 4.544677
63.79972 4.952466
63.820844 5.031831
63.853126 4.707932
63.894522 5.014861
63.925588 5.278366
63.956631 5.373743
63.987761 5.54979
64.020019 7.258483
64.051171 7.983731
64.082305 8.387168
64.113389 8.635618
64.144541 8.685047
64.176775 8.76241
64.207986 9.111894
64.239099 5.191866
64.28039 6.351009
64.311501 9.25757
64.343771 9.7764
64.374859 10.112743
64.405963 10.344223
64.437112 10.580925
64.468278 6.551336
64.500474 6.783686
64.531584 7.252739
64.562764 7.759473
64.583708 9.397851
64.614903 8.350009
64.64717 8.573745
64.678265 8.845256
64.709423 9.240252
64.740566 9.496709
64.771756 9.923381
64.804003 10.747226
64.835137 7.849628
64.866256 8.155426
64.897297 8.669992
64.928388 10.729125
64.960685 11.751034
64.991857 11.765567
65.022914 8.407444
65.054047 8.607771
65.08516 8.798264
65.117443 9.282284
65.148498 9.966022
65.179628 10.228048
65.21074 8.997981
65.241794 9.468339
65.274014 9.698514
65.305146 10.050086
65.33627 10.528016
65.367406 10.827461
65.398615 8.321379
65.430789 8.466446
65.461981 8.550423
65.493138 8.383513
65.52432 8.640317
65.555592 8.938457
65.587926 9.102495
65.618996 9.284982
65.650119 8.413449
65.681261 8.299275
65.712411 8.598024
65.744674 9.024088
65.77583 9.480783
65.806976 9.852545
65.837934 7.276583
65.869162 7.736499
65.901523 8.192585
65.922476 8.586711
65.953652 8.847693
65.984876 9.069601
66.016134 9.915897
66.048473 6.71781
66.079693 7.141002
66.110889 7.609184
66.142082 8.40466
66.173322 10.831203
66.20563 8.775725
66.267357 8.766936
66.298595 8.651804
66.329844 7.998872
66.361062 7.354208
66.393481 7.337064
66.424603 7.625893
66.455748 8.458353
66.486928 8.603333
66.518065 8.561997
66.550413 5.935475
66.581548 6.240925
66.61268 6.66725
66.643884 6.93354
66.675012 9.546921
66.707306 9.867165
66.738432 10.165914
66.769634 5.77283
66.800675 5.901798
66.831928 6.227785
66.864283 8.709762
66.895457 10.786995
66.926673 10.910655
66.957947 11.161977
66.989193 7.728319
67.021538 7.989648
67.052737 8.315722
67.084008 8.865793
67.115089 9.739937
67.146307 10.403573
67.178606 8.506911
67.209805 8.876932
67.241018 9.089703
67.272286 9.470776
67.293189 10.099602
67.325439 10.598765
67.356499 8.368284
67.38753 8.77442
67.418682 9.11172
67.449954 9.41717
67.482258 9.70243
67.513394 8.569829
67.605822 8.10504
67.636995 7.812992
67.668183 8.058657
67.700411 8.269078
67.731377 8.357841
67.762385 6.198806
67.884982 6.556644
67.916345 6.203767
67.948555 5.693987
67.979701 6.073145
68.010832 5.560581
68.092798 5.862463
68.123931 6.68509
68.156059 6.925708
68.187067 7.111936
68.218221 6.589103
68.249327 0.890504
68.788513 1.34163
68.820638 1.82217
68.851694 2.451083
68.882776 3.143001
68.913799 3.975896
68.944844 4.50952
68.977024 5.038183
69.008136 5.552749
69.039191 5.834703
69.07042 5.966891
69.1015 6.21917
69.133728 7.20009
69.164804 7.22115
69.196063 7.460201
69.227074 7.668186
69.258131 7.96885
69.290305 8.499341
69.321301 8.884677
69.352348 9.015821
69.383578 9.198482
69.414765 8.870493
69.467378 8.954818
69.498518 9.106324
69.529536 9.321706
69.560556 9.727493
69.591602 9.71209
69.623742 9.906673
69.654923 9.917203
69.686026 9.504193
69.717116 9.691727
69.74824 8.821934
69.790632 9.031659
69.821707 9.369655
69.85283 9.589649
69.883928 9.237903
69.915069 9.494359
69.947479 9.845583
69.978621 9.683982
70.009716 9.721401
70.04089 9.190649
70.082237 9.382187
70.114547 9.650826
70.145932 9.951055
70.17718 10.22944
70.208368 10.525231
70.239516 10.735217
70.271744 6.791605
70.302881 6.932234
70.334007 7.467163
70.365094 8.072842
70.396316 9.888659
70.428609 10.897514
70.45977 8.313895
70.490863 8.435292
70.521968 8.806096
70.55311 9.113199
70.585306 9.373049
70.616368 9.245561
70.647468 9.815473
70.678536 8.070753
70.709595 8.448432
70.741755 8.959517
70.772907 9.997699
70.804144 10.479718
70.835231 10.541417
70.866297 7.834661
70.898466 8.460963
70.929474 8.573919
70.960648 8.831681
70.991712 10.843386
71.022786 10.483634
71.054918 10.598852
71.086023 7.141785
71.117062 7.347942
71.148151 7.682806
71.179265 9.623849
71.211393 9.33502
71.242392 9.635336
71.273393 9.309436
71.30451 9.727928
71.335614 7.77418
71.367733 7.845364
73.642763 7.537304
73.673946 8.182229
73.705088 7.83118
73.736252 7.732844
73.768473 7.347159
73.799602 7.735716
73.830565 8.327383
73.861696 8.466446
73.892833 8.257939
73.925106 7.933954
73.956229 7.917419
73.987416 7.833268
74.018673 7.776442
74.049879 7.949705
74.082149 6.213252
74.113241 6.00901
74.144391 6.454653
74.175601 6.793868
74.206852 7.01743
74.239106 7.106454
74.270258 7.229417
74.311595 7.194173
74.342678 6.228916
74.37391 6.454914
74.406309 6.623739
74.437505 6.891072
74.468668 7.126991
74.499918 7.30269
74.531122 7.431136
74.563291 7.247257
74.594354 6.248496
74.625514 6.614166
74.656654 7.04284
74.687875 7.254915
74.720139 7.328449
74.751327 7.478563
74.782488 6.152597
74.81361 6.645233
74.844722 7.254654
74.876911 7.539827
74.908075 7.807596
74.939152 7.460724
74.970206 6.526882
75.001282 6.873581
75.03343 7.356818
75.064398 7.620846
75.09532 7.855546
75.126327 8.047344
75.157394 7.39302
75.189583 7.838141
75.220735 8.2696
75.251878 8.559386
75.283003 8.749879
75.314259 9.752817
75.346498 9.865424
75.377645 6.952598
75.408879 7.011773
75.480816 7.356731
75.512067 7.901581
75.544306 7.921248
75.575494 8.041862
75.60651 7.954143
75.637608 7.951793
75.668772 7.925773
75.701094 6.516265
75.73239 6.947376
75.76363 7.780967
75.794745 8.557646
75.825962 8.45435
75.858273 7.253174
75.889496 6.898643
75.920838 7.125077
75.95207 7.569676
75.983349 7.742938
76.015639 7.900102
76.046911 8.236967
76.07811 7.921944
76.109335 6.831027
76.140602 7.102625
76.172876 8.846648
76.203972 10.211079
76.235142 10.22535
76.266282 10.486071
76.297478 6.906563
76.329697 7.061376
76.360894 7.432528
76.392086 8.159952
76.423196 9.953926
76.454257 10.055308
76.486914 10.304454
76.5181 7.50554
76.549317 7.879999
76.580449 8.110697
76.611615 8.586363
76.674363 10.33761
76.705452 7.644777
76.736507 7.845625
76.767634 8.000178
76.798762 8.415277
76.830976 8.519878
76.862188 9.345202
76.893301 9.218323
76.924464 9.139045
76.955659 9.21754
76.987987 9.196828
77.019172 8.432855
77.070669 8.837337
77.101805 9.082654
77.13296 9.117289
77.165244 8.809142
77.196497 8.810186
77.227647 8.682436
77.258803 8.591411
77.290026 7.164237
77.322305 7.629896
77.353511 8.586102
77.384664 8.509261
77.415852 8.767719
77.446974 7.443145
77.479217 7.009075
77.510401 7.448801
77.541515 7.699079
77.572673 8.175094
77.604046 8.448171
77.636327 8.771374
77.667452 6.617299
77.698501 6.952162
77.729641 7.347942
77.760796 9.911024
77.793125 8.262987
77.844772 9.231724
77.875959 9.879348
77.907135 7.315918
78.050128 5.920246
78.082507 6.023542
78.113665 6.284698
78.134603 6.490246
78.165791 6.956166
78.197044 6.617908
78.229452 5.429351
78.27089 5.753424
78.302129 5.874385
78.333365 5.735323
78.364582 5.994477
78.396935 5.94322
78.428229 6.596674
78.459475 0.3943
78.795891 0.46035
78.827087 1.294637
78.859418 2.320288
78.890625 3.097053
78.921778 3.700121
78.952924 4.381597
78.98408 4.672166
79.01624 5.081521
79.047285 5.514024
79.078417 5.872297
79.109572 6.029112
79.140775 6.128927
79.173085 7.625893
79.204157 7.85807
79.235248 8.047779
79.266401 8.171091
79.297572 8.304671
79.329907 8.455046
79.361122 8.852653
79.392393 8.891117
79.423475 8.6458
79.454545 8.536412
79.486779 8.760931
79.517923 8.557907
79.549038 8.686439
79.580189 8.754317
79.611269 7.554273
79.673965 7.396066
79.705246 7.054936
79.736438 6.853044
79.767704 6.979923
79.798887 7.028133
79.831093 6.347789
79.862187 6.626262
79.893271 7.082784
79.924461 7.485873
79.955599 7.902451
79.987921 8.244625
80.019017 5.156447
80.070507 5.440316
80.101632 5.611577
80.132804 5.828698
80.165127 7.394325
80.196274 8.685569
80.247763 9.023392
80.278943 8.971787
80.310073 8.848476
80.342219 8.852566
80.373301 8.620911
80.404479 8.519356
80.435657 8.533889
80.466961 9.117289
80.499277 9.245126
80.530506 9.279065
80.561563 9.165587
80.592683 6.077932
80.623878 6.487983
80.65613 7.579423
80.687327 10.227265
80.718505 10.273735
80.749615 10.278173
80.780738 8.08224
80.813033 7.317397
80.844187 7.642775
80.87529 7.800896
80.906396 8.023413
80.937601 8.253936
80.969869 8.777291
81.000957 8.900864
81.032099 7.751554
81.063151 8.016103
81.09424 8.040904
81.126462 8.490551
81.15766 8.95212
81.189005 9.260529
81.220147 9.293597
81.251276 6.8815
81.283514 7.150835
81.314656 8.692879
81.345793 10.363368
81.376867 10.669167
81.40804 11.017606
81.440233 6.759059
81.471279 6.950248
81.502354 7.31087
81.53361 8.114439
81.564906 10.269297
81.59713 10.480936
81.628321 9.846366
81.659409 7.892183
81.690531 8.310588
81.721769 8.789997
81.753927 9.402289
81.785056 9.938262
81.816197 7.760256
81.857536 7.908804
81.888708 8.162475
81.920995 8.452087
81.952232 8.85039
81.983415 9.694337
82.014566 10.084199
82.045815 8.037337
82.078133 8.222086
82.109304 8.659114
82.140507 9.358952
82.171703 10.541591
82.202986 7.76539
82.245554 8.004268
82.27675 8.093292
82.307984 8.533715
82.339224 8.719421
82.370443 9.503844
82.402668 10.22944
82.433888 10.62844
82.465084 9.590867
82.516705 9.767001
82.547996 9.938349
82.580334 10.16487
82.611551 10.54133
82.642748 10.637925
82.673867 10.491205
82.705033 10.287659
82.737259 10.374594
82.768473 9.588779
82.79955 9.046714
82.830578 8.8966
82.861679 9.067338
82.893855 8.999896
82.924986 9.214407
82.95619 9.394457
82.987311 9.20962
83.018442 7.339762
83.121824 7.319834
83.152871 7.357515
83.183924 7.417473
83.214902 6.875931
83.246062 7.036401
83.278491 7.092356
83.309739 7.182164
83.341316 7.275017
83.37275 7.39885
83.403939 6.265988
83.476794 5.972982
83.508098 6.015536
83.539247 6.069142
83.570426 6.53776
83.601564 0.130969
83.857658 0.733428
83.888888 1.682933
83.920188 2.181313
83.951375 2.91065
83.982569 3.823606
84.01477 4.392997
84.046015 4.926707
84.07727 5.346592
84.108506 5.604615
84.13967 5.841839
84.171999 6.250063
84.203196 7.831702
84.254676 8.040208
84.285828 8.334954
84.317009 8.691052
84.349341 8.955862
84.380492 9.271668
84.411561 9.465467
84.442717 9.702082
84.463717 9.981774
84.495943 9.269927
84.527104 9.39759
84.558283 9.615234
84.589483 9.635684
84.620573 9.391846
84.652826 9.228243
84.684066 9.009207
84.715225 9.028178
84.746369 8.730647
84.777402 8.769894
84.809713 8.945593
84.840812 9.321358
84.871966 9.58582
84.90308 9.697296
84.934241 9.937044
84.966456 10.147639
84.997594 10.458223
85.02874 6.257547
85.080285 6.43603
85.111476 6.866706
85.14367 10.077325
85.174924 10.093946
85.20612 10.263466
85.237241 10.33352
85.268362 7.371525
85.300563 7.709435
85.331648 8.270993
85.362702 8.750488
85.39379 9.240078
85.42496 7.853544
85.457282 8.087288
85.488427 8.331909
85.519607 8.557385
85.550777 8.781729
85.582092 9.001984
85.614433 9.329364
85.645495 9.351468
85.676541 9.133824
85.707625 9.268187
85.738715 9.546573
85.770952 9.576421
85.802181 9.823566
85.833281 9.711916
85.864424 9.561192
85.895685 9.617235
85.928038 9.602441
85.959148 7.975811
85.990272 6.591192
86.021378 6.940414
86.042307 9.409947
86.074681 10.03538
86.105843 10.533585
86.137063 10.438034
86.168279 6.927622
86.199518 7.103495
86.231861 7.387363
86.263116 7.572896
86.294371 7.85572
86.315394 8.34531
86.346603 9.003725
86.378897 8.526927
86.410109 8.247061
86.441253 8.187277
86.472474 8.036814
86.503734 7.132474
86.536128 7.369437
86.567432 7.612317
86.588514 7.644429
86.619734 8.393086
86.650989 8.188582
86.683445 6.208466
86.714761 6.418017
86.746001 6.679607
86.777257 6.955295
86.808623 7.261528
86.840954 7.735977
86.872204 7.115765
86.903411 6.12971
86.934681 6.410185
86.966033 6.684567
86.998419 6.866619
87.029788 8.89338
87.061118 9.344593
87.092512 8.904258
87.123941 8.161257
87.156301 7.255785
87.187657 7.52103
87.218943 7.840317
87.250201 8.613514
87.281502 8.686439
87.313946 8.573658
87.345335 8.828461
87.376731 8.794783
87.397873 6.263203
87.429235 6.609554
87.461791 9.114069
87.493167 9.333019
87.524504 9.242776
87.555848 9.430919
87.587041 9.588779
87.619323 7.960757
87.670984 7.731626
87.702301 7.66923
87.733637 7.052935
87.764987 6.538456
87.797583 6.956688
87.828852 7.085046
87.860247 7.618061
87.891578 7.778009
87.922878 7.449759
87.955304 7.08026
87.986678 7.102799
88.018076 6.828938
88.049437 5.332407
88.193455 5.446842
88.225856 5.304647
88.257067 5.455458
88.288444 5.557187
88.319774 5.511674
88.351175 4.877365
88.383634 2.037725
88.9564 2.134929
88.987854 2.535147
89.019214 3.035354
89.050538 3.341674
89.083017 3.520245
89.124649 4.00853
89.156097 4.410314
89.177247 4.509607
89.208617 0.098944
89.568115 0.510649
89.59939 1.178201
89.6306 1.816774
89.661864 2.529317
89.693178 3.301992
89.72557 3.961625
89.756822 4.425804
89.788151 4.892333
89.819375 5.287417
89.850654 5.548311
89.883017 5.824521
89.904044 6.112045
89.935305 7.23751
89.976739 7.448889
90.008003 7.692204
90.040379 7.96154
90.071563 8.198155
90.102684 8.463835
90.133895 8.734563
90.165152 8.889464
90.197611 9.152795
90.228823 9.389758
90.260096 9.239382
90.291332 9.405596
90.322652 9.639513
90.355084 9.505846
90.386375 9.147573
90.417573 9.294729
90.448865 9.164195
90.480278 9.11024
90.502475 9.044886
90.533744 9.373136
90.565073 9.339284
90.59635 9.192216
90.627597 9.068121
90.659913 9.144788
90.691182 9.356167
90.722438 9.522032
90.753689 9.158451
90.784962 7.907847
90.817316 6.599372
90.848572 9.34233
90.879763 9.159495
90.911073 9.230767
90.942283 9.543179
90.974564 9.553273
91.005703 8.888419
91.036975 8.130451
91.068205 7.292683
91.099512 7.639991
91.131688 8.106694
91.162904 8.535716
91.194064 8.165521
91.225239 7.753555
91.256433 8.027155
91.288773 8.387516
91.320038 8.687397
91.351268 9.261399
91.382498 9.587908
91.413735 7.132996
91.446022 7.47456
91.477302 7.822912
91.508558 8.088593
91.539899 9.763956
91.571149 9.828875
91.603433 9.130343
91.63465 9.235727
91.665777 8.035422
91.69694 7.415472
91.72808 7.841622
91.760348 8.923925
91.791522 7.577334
91.873703 7.55027
91.904989 7.036314
91.936296 7.065553
91.968622 7.108629
91.999857 6.811969
92.031089 6.736781
92.062343 6.976442
92.093625 7.234203
92.125983 7.412948
92.157201 7.680369
92.188403 7.663139
92.219624 7.685242
92.250827 5.05115
92.283196 6.460484
92.314368 7.787233
92.345521 8.126709
92.376704 8.49029
92.407897 8.672429
92.440189 8.932366
92.471344 9.14444
92.502494 9.336152
92.533739 9.517159
92.564915 9.691118
92.59712 9.968024
92.628199 9.542483
92.659281 9.840188
92.690467 9.793195
92.72164 9.24852
92.753953 9.399504
92.785158 9.44728
92.81636 9.270536
92.847542 9.541612
92.878619 9.814603
92.910842 10.061051
92.942062 10.039818
92.973167 10.562477
93.004323 10.410709
93.035395 10.206466
93.067691 8.163433
93.098883 7.051978
93.130045 7.354817
93.16116 10.035989
93.192301 10.312808
93.224535 10.282089
93.255636 9.536826
93.286805 7.377269
93.317992 7.823609
93.349156 8.215124
93.381467 8.791563
93.412595 9.13774
93.443684 9.33502
93.474789 7.44358
93.505951 7.723619
93.538247 7.953969
93.569381 6.397218
93.692077 7.05572
93.72325 7.400504
93.754465 7.140306
93.786836 7.119594
93.807859 6.412099
93.839077 6.04582
93.870243 6.297838
93.901419 6.333605
93.933697 6.45213
93.964859 6.444036
93.996062 6.676039
94.027223 6.920486
94.058423 0.909039
94.324751 1.360775
94.35606 1.967149
94.387271 2.793344
94.41848 4.101557
94.449687 4.628567
94.482032 4.943155
94.51325 5.352771
94.544453 5.701819
94.575614 6.208553
94.606865 6.598067
94.63924 6.99637
94.670442 7.706389
94.701623 8.019932
94.73279 8.376725
94.763988 8.762671
94.796248 9.169329
94.827449 9.496273
94.858526 9.885613
94.889579 5.889962
94.92069 6.128405
94.95305 6.54594
94.984234 7.105497
95.015327 10.53315
95.046415 11.22968
95.077716 8.162475
95.109976 8.290486
95.141089 8.644756
95.172242 8.846822
95.203308 9.188213
95.23445 9.651174
95.266653 10.280262
95.297731 8.055437
95.32887 8.425806
95.360011 8.988931
95.39113 9.534302
95.423415 10.967742
95.454387 10.726428
95.485457 7.653827
95.55722 7.875474
95.588326 8.269078
95.620506 8.560431
95.651686 9.614537
95.682798 9.846453
95.713896 8.471145
95.745028 8.597241
95.777182 8.946638
95.808314 9.515854
95.839431 9.905803
95.870529 7.164411
95.911922 7.534171
95.944212 7.638511
95.975432 7.979989
96.006484 8.407706
96.037613 9.501321
96.068711 10.513135
96.100891 10.335695
96.132137 10.316985
96.163244 9.351119
96.214726 9.311437
96.24599 9.335716
96.278166 9.543353
96.309226 9.486962
96.340357 9.714875
96.37137 9.86934
96.402595 9.837229
96.4348 9.640992
96.465863 9.775443
96.497009 8.910436
96.538443 9.097187
96.569461 9.201179
96.601545 8.932192
96.632543 9.007554
96.663748 9.26984
96.69473 9.227286
96.725782 9.021303
96.757752 9.190737
96.788779 9.474431
96.819921 9.656918
96.850953 9.93539
96.882235 10.02659
96.914495 10.241885
96.945627 10.471103
96.97682 10.741918
97.007991 6.274429
97.039115 6.47345
97.071333 6.763236
97.102477 7.166152
97.133527 9.069775
97.164634 9.947052
97.195668 10.154775
97.227828 9.383405
97.258902 7.286852
97.28997 7.543656
97.321111 8.005051
97.352245 8.361845
97.384564 9.522119
97.415768 9.196828
97.446978 7.83788
97.478195 8.073103
97.499122 8.289355
97.531339 8.565478
97.56266 8.809577
97.593823 8.818714
97.625005 9.004595
97.656275 8.912699
97.688425 7.076692
97.719601 8.794957
97.750794 10.097601
97.782001 10.303671
97.813195 10.418193
97.845499 10.141896
97.876678 10.345007
97.907943 6.348659
97.939111 7.256742
97.970278 10.341004
98.002544 10.492684
98.033634 10.387039
98.064761 10.221173
98.095968 10.490248
98.127173 10.583449
98.159483 8.802702
98.211028 8.945506
98.242256 9.126949
98.273474 9.250869
98.304733 9.659006
98.336941 9.815734
98.368152 9.793456
98.399415 10.120227
98.430639 10.276607
98.461875 9.225198
98.504436 9.442667
98.535644 5.91137
98.709476 6.20777
98.740631 6.600852
98.771747 6.516788
98.803951 6.262333
98.835347 2.894029
99.344197 3.315132
99.365106 3.797761
99.396316 4.359319
99.42853 5.064551
99.45963 5.501754
99.490761 5.686242
99.521853 7.230026
99.552964 7.46055
99.585282 7.745114
99.616333 7.154403
99.647414 7.438098
99.668407 7.513285
99.699553 7.69203
99.742007 7.977117
99.773199 8.172396
99.804332 8.407793
99.835457 8.621172
99.866628 8.770765
99.898774 8.633443
99.929942 9.234161
99.961272 9.877868
99.982254 6.282174
100.186398 7.028743
