2.2e-05 371.354
0.27762 325.362
0.308939 304.981
0.340303 296.531
0.37161 292.661
0.545859 282.635
0.578308 279.296
0.609609 277.093
0.640878 276.714
0.67224 275.753
0.805691 270.726
0.838091 269.284
0.869505 272.463
0.900874 274.393
0.932182 275.324
0.963484 275.807
0.995906 275.658
1.027217 275.547
1.058518 274.351
1.08984 274.704
1.121174 274.829
1.153609 275.546
1.184945 276.598
1.216274 276.458
1.247591 276.519
1.278957 277.805
1.311419 276.541
1.342717 276.384
1.374027 278.116
1.405315 277.328
1.436668 276.696
1.469112 277.1
1.500427 276.756
1.531787 277.568
1.5631 277.106
1.594427 277.422
1.62681 277.11
1.658133 276.929
1.689426 277.725
1.720695 277.248
1.752055 278.802
1.784492 279.307
1.815849 277.886
1.847133 278.139
1.878445 278.341
1.909742 277.393
1.942141 279.269
1.973314 279.58
2.004595 278.82
2.035892 277.891
2.067266 278.341
2.099715 278.359
2.131005 277.524
2.16232 277.096
2.193586 277.316
2.22491 276.865
2.257356 277.124
2.288646 276.669
2.320028 276.495
2.351324 276.314
2.382702 277.031
2.415179 277.92
2.446507 277.821
2.477778 277.372
2.509115 278.182
2.540494 277.088
2.572881 276.442
2.604184 276.6
2.635475 276.438
2.666771 276.764
2.698085 277.797
2.730502 276.973
2.761776 277.196
2.793074 277.359
2.824427 276.932
2.855747 318.167
3.051366 295.654
3.082719 286.429
3.11401 282.383
3.145314 279.594
3.176607 277.852
3.209064 278.919
3.240437 277.142
3.27167 276.221
3.302934 276.258
3.33423 275.997
3.366691 275.645
3.387779 275.704
3.41907 277.089
3.450333 276.39
3.481609 276.106
3.513957 277.168
3.545164 276.175
3.576432 275.914
3.607704 275.935
3.639006 276.889
3.671362 275.758
3.702545 276.034
3.733773 276.855
3.764979 276.169
3.796258 275.97
3.828657 275.799
3.859925 286.537
3.921801 293.642
3.953028 283.376
3.984286 279.72
4.016591 284.1
4.058068 279.075
4.089339 278.186
4.120636 277.776
4.15197 277.826
4.184381 276.354
4.215674 276.379
4.246967 277.074
4.27828 276.826
4.309614 275.988
4.34204 276.499
4.373346 276.074
4.404637 275.858
4.43598 275.43
4.467263 276.846
4.49969 276.301
4.530947 276.097
4.56222 277.909
4.593506 278.211
4.624755 276.741
4.65708 277.502
4.6884 276.102
4.719652 275.972
4.750893 276.845
4.782187 276.526
4.814568 276.435
4.845908 278.609
4.877234 277.16
4.908546 278.895
4.939947 277.716
4.972323 277.835
5.003635 280.29
5.034949 278.722
5.066261 278.077
5.097523 276.227
5.129982 275.214
5.161244 276.124
5.192511 275.98
5.22387 276.363
5.255207 276.891
5.287587 275.312
5.318905 276.316
5.350231 275.227
5.381502 276.875
5.412716 275.475
5.444888 276.698
5.476138 278.45
5.507415 275.662
5.538742 275.07
5.570003 275.378
5.602362 274.96
5.633565 274.913
5.664822 275.875
5.696065 275.226
5.727334 275.962
5.759738 274.748
5.79103 274.428
5.822288 275.602
5.853592 274.952
5.884937 274.715
5.917314 273.692
5.948557 273.452
5.979859 276.42
6.011076 275.113
6.042372 274.156
6.07474 276.939
6.106013 274.858
6.137282 274.295
6.168598 274.294
6.199942 274.215
6.232286 273.842
6.263577 273.356
6.294823 273.527
6.326062 274.416
6.357368 273.606
6.389664 274.92
6.420914 273.827
6.441943 273.054
6.473185 274.24
6.504451 273.392
6.536814 273.171
6.568112 273.546
6.5994 273.509
6.630663 273.678
6.661952 274.083
6.694328 273.66
6.725653 274.041
6.756952 273.969
6.78825 275.226
6.819527 275.147
6.851984 273.552
6.883344 273.671
6.914655 273.551
6.94596 272.982
6.977219 275.605
7.00948 273.579
7.04181 273.334
7.074202 273.873
7.105475 274.295
7.13678 273.672
7.168097 272.993
7.19945 273.091
7.231833 273.804
7.263068 273.078
7.294368 275.055
7.325632 273.615
7.356879 272.902
7.389278 273.936
7.421612 273.922
7.453996 275.193
7.486351 275.208
7.518692 285.353
7.591939 284.643
7.624329 279.104
7.655602 275.228
7.686875 278.181
7.718166 279.312
7.749454 275.273
7.78182 275.11
7.813027 274.339
7.844327 303.788
8.008262 282.964
8.039598 276.857
8.072077 273.68
8.104469 272.635
8.135745 273.175
8.167043 272.861
8.198375 273.4
8.229666 274.548
8.262104 272.618
8.293373 272.423
8.324643 272.777
8.355982 273.478
8.387307 274.828
8.419702 275.376
8.452163 274.675
8.484554 273.626
8.516931 273.347
8.549343 273.807
8.581738 273.164
8.614223 276.069
8.646609 275.771
8.679017 273.121
8.711512 273.123
8.744003 274.722
8.776497 274.096
8.808994 273.55
8.841344 274.774
8.873739 273.733
8.906159 273.07
8.93849 272.792
8.970932 273.233
9.003419 272.399
9.035926 272.933
9.068404 272.924
9.10086 272.585
9.133347 272.899
9.16576 281.501
9.208424 275.691
9.240883 275.275
9.273318 275.997
9.305693 274.967
9.338057 273.939
9.370365 277.336
9.402927 273.755
9.435361 273.278
9.467773 274.127
9.500104 272.272
9.532486 273.118
9.564881 273.453
9.597275 272.556
9.6297 272.113
9.662003 272.691
9.694402 272.011
9.726914 271.904
9.75927 273.365
9.791695 274.631
9.824132 272.904
9.856557 272.673
9.889101 302.902
10.105396 399.906
10.218302 437.639
10.249535 434.982
10.342049 346.631
10.373347 323.568
10.405696 293.921
10.438059 285.03
10.469358 277.615
10.500533 275.638
10.531877 272.464
10.563187 271.337
10.595713 271.364
10.62704 271.224
10.658347 271.814
10.689664 272.115
10.721033 279.435
10.763634 274.182
10.796008 274.0
10.827315 271.207
10.858627 271.515
10.889928 271.581
10.921267 271.215
10.953695 271.057
10.985057 271.954
11.016391 271.945
11.047706 270.89
11.079054 270.508
11.111619 271.521
11.143921 270.88
11.176338 273.708
11.208777 271.633
11.240128 270.922
11.271445 272.713
11.302725 274.387
11.334031 273.512
11.366454 272.539
11.398831 273.093
11.431267 272.622
11.463642 270.887
11.494905 270.708
11.526222 272.412
11.557481 272.616
11.5887 272.371
11.6211 272.733
11.652433 272.151
11.683681 273.154
11.714953 281.887
11.787086 282.611
11.819565 278.315
11.850881 275.507
11.882155 272.119
11.913408 272.06
11.944673 274.406
11.977148 272.351
12.008526 271.639
12.039829 272.468
12.071175 271.595
12.102549 271.663
12.134951 271.237
12.166229 270.876
12.19747 271.049
12.22875 270.651
12.260028 270.955
12.29248 271.46
12.323755 273.575
12.355023 273.237
12.386343 272.711
12.417575 272.645
12.439819 273.913
12.471084 270.891
12.502346 272.182
12.533594 274.352
12.564851 271.313
12.59729 270.629
12.628635 272.226
12.659966 270.892
12.691348 270.624
12.722662 270.545
12.755026 271.45
12.786338 269.579
12.817622 270.277
12.848937 273.311
12.880251 270.651
12.912724 270.676
12.944044 272.969
12.975383 272.816
13.006687 273.459
13.038009 275.922
13.0705 282.285
13.101888 293.03
13.194448 308.296
13.225767 284.668
13.257014 282.976
13.289511 278.923
13.320834 277.958
13.352195 279.073
13.383572 273.161
13.414911 270.922
13.447332 270.974
13.478668 271.257
13.51005 272.196
13.541387 273.583
13.572686 273.573
13.605155 273.512
13.636427 272.257
13.667693 271.123
13.698946 273.511
13.730199 273.04
13.762574 272.506
13.793767 273.442
13.825056 275.018
13.856365 276.096
13.887665 279.206
13.920125 281.54
13.951417 276.37
13.982753 271.857
14.014056 273.127
14.045288 275.325
14.077697 277.693
14.108995 279.744
14.140311 277.721
14.171631 276.687
14.202948 272.52
14.235338 273.446
14.266584 271.884
14.297862 274.844
14.329141 277.82
14.360385 278.482
14.392872 287.083
14.424152 280.398
14.445213 282.089
14.47651 281.588
14.507844 278.286
14.540243 275.921
14.571509 276.698
14.602829 280.46
14.634143 276.576
14.665497 275.302
14.697935 275.134
14.729206 274.371
14.760497 273.432
14.79185 275.364
14.823176 273.985
14.855633 276.819
14.887 277.192
14.918321 280.927
14.949647 281.02
14.980982 280.788
15.013448 284.231
15.044842 275.46
15.076273 277.413
15.107645 280.869
15.138947 275.178
15.171469 272.885
15.202801 274.8
15.234133 272.098
15.265494 274.221
15.296852 278.393
15.329477 276.189
15.360832 274.9
15.392229 278.926
15.423597 296.799
15.495899 310.614
15.528379 280.078
15.55964 275.453
15.591007 275.506
15.622348 275.477
15.653746 274.073
15.686209 277.69
15.717554 276.552
15.748861 276.718
15.780259 278.517
15.801351 279.337
15.833801 283.174
15.865183 273.855
15.896588 271.078
15.928013 274.447
15.959395 271.34
15.99198 270.213
16.023282 275.089
16.054586 274.245
16.08585 275.46
16.117164 279.725
16.149608 282.535
16.180977 284.237
16.212296 285.867
16.243655 284.005
16.274997 275.966
16.30741 273.328
16.338794 271.636
16.370142 271.162
16.401477 273.952
16.432838 282.474
16.47551 279.444
16.506758 279.391
16.538033 284.173
16.589745 282.039
16.620942 278.203
16.65345 273.11
16.684765 270.968
16.716107 270.107
16.74736 271.727
16.778655 277.436
16.811126 278.868
16.842437 282.635
16.873733 272.092
16.905012 274.344
16.936414 274.773
16.968844 270.736
17.000179 270.563
17.031475 278.767
17.062814 274.549
17.094163 274.447
17.126577 275.216
17.1579 272.076
17.189193 271.46
17.220543 270.096
17.251917 274.76
17.294562 270.938
17.32594 272.95
17.357235 276.378
17.388543 272.164
17.419869 271.819
17.452345 275.695
17.483746 277.645
17.515083 273.03
17.546416 275.727
17.567544 272.79
17.600056 272.155
17.631396 273.567
17.662681 273.391
17.693925 273.391
17.725169 272.826
17.757599 272.353
17.788846 273.569
17.82001 271.875
17.85117 271.698
17.882408 268.933
17.914867 270.078
17.946136 268.812
17.977439 268.49
18.008723 268.853
18.040034 268.808
18.072454 268.591
18.093537 301.446
18.216652 317.155
18.247924 283.063
18.27917 273.486
18.311543 268.877
18.342812 269.305
18.374146 269.009
18.405469 268.658
18.436828 268.993
18.469325 269.035
18.500674 269.028
18.532002 267.875
18.563312 268.46
18.59462 267.716
18.626954 267.679
18.658202 268.691
18.6895 267.773
18.72078 267.516
18.752063 269.22
18.784382 268.377
18.815664 269.137
18.846992 268.224
18.878196 268.177
18.909486 268.884
18.941905 268.188
18.973213 268.673
19.004601 271.057
19.03595 267.92
19.067258 268.028
19.099737 268.3
19.131079 267.859
19.162386 269.435
19.193676 269.008
19.224989 270.555
19.257443 270.32
19.288743 269.709
19.320177 272.843
19.35151 270.113
19.38282 271.905
19.415289 274.519
19.446605 269.275
19.477949 270.102
19.509269 273.411
19.540611 269.397
19.573146 270.228
19.604488 270.93
19.625587 291.121
19.707931 304.712
19.729053 275.801
19.761486 272.514
19.792724 271.629
19.823962 269.852
19.855217 269.53
19.886493 270.675
19.918974 274.942
19.950284 271.369
19.981641 269.998
20.012924 270.989
20.044211 269.217
20.076767 269.539
20.108067 268.783
20.13935 267.91
20.170617 267.635
20.201895 267.751
20.234281 268.773
20.265519 267.633
20.29675 267.839
20.328088 270.161
20.359344 268.66
20.391747 268.156
20.423045 270.371
20.454295 267.569
20.485556 267.88
20.516874 269.403
20.539082 269.224
20.570481 268.939
20.601806 268.028
20.633113 268.016
20.664436 267.746
20.696955 268.272
20.728242 268.821
20.759542 267.76
20.790838 269.02
20.822154 269.621
20.854608 268.881
20.885894 269.002
20.917177 268.803
20.948521 267.481
20.979902 268.412
21.012451 267.95
21.043765 267.781
21.075089 268.501
21.106385 268.394
21.137673 268.713
21.170156 277.624
21.211729 275.511
21.242993 280.088
21.274399 286.268
21.305737 289.785
21.348395 294.269
21.379746 296.45
21.411106 301.483
21.442434 387.385
21.647275 412.229
21.679625 421.334
21.71087 405.457
21.742127 385.813
21.773416 391.163
21.845468 393.9
21.888041 388.086
21.919395 353.729
21.950684 316.039
21.98199 307.718
22.013365 283.462
22.045623 277.388
22.076894 283.267
22.108222 271.181
22.139476 268.05
22.170816 275.16
22.233797 278.393
22.265086 275.58
22.296349 277.595
22.327613 276.131
22.358917 271.544
22.391331 277.012
22.422633 283.493
22.453952 287.312
22.485297 280.584
22.516611 285.298
22.559281 285.404
22.590517 288.953
22.621761 281.98
22.653007 286.091
22.694468 278.707
22.726931 283.587
22.768465 280.744
22.799782 286.93
22.851469 289.881
22.893028 279.704
22.92542 274.696
22.95676 286.157
22.988017 284.496
23.019269 291.671
23.050543 282.998
23.082902 287.182
23.124411 275.994
23.155701 281.279
23.197202 317.169
23.320316 362.131
23.352653 368.804
23.394195 377.12
23.425489 386.168
23.467015 397.102
23.498392 404.378
23.541103 384.382
23.572344 384.489
23.603644 372.201
23.634865 369.421
23.676366 348.955
23.70884 349.09
23.740165 347.258
23.771438 336.992
23.802748 348.035
23.874861 351.818
23.907328 368.985
23.93874 365.506
23.970109 365.238
24.011667 350.978
24.042948 352.416
24.075369 332.504
24.10662 332.63
24.137894 327.088
24.169179 328.265
24.210653 321.839
24.243123 322.3
24.274407 303.507
24.305699 303.488
24.347198 296.992
24.378533 299.049
24.421249 298.281
24.452584 302.298
24.494135 300.458
24.525544 304.742
24.556904 293.991
24.589394 296.584
24.630925 300.11
24.662131 307.472
24.693428 310.968
24.724718 320.799
24.767378 326.619
24.798676 335.998
24.840089 335.131
24.871385 339.005
24.90278 339.614
24.935275 346.266
24.96664 340.364
24.998001 346.101
25.049659 321.983
25.080984 282.002
25.113421 279.74
25.144753 292.821
25.176033 292.224
25.207422 300.659
25.238726 302.241
25.271211 315.288
25.312834 326.904
25.333938 332.101
25.36529 328.074
25.396609 329.382
25.44958 322.904
25.480973 325.437
25.512294 324.764
25.543589 329.404
25.574946 298.911
25.607354 274.061
25.638774 271.167
25.670117 269.401
25.701529 269.28
25.732885 268.969
25.765389 268.518
25.796762 268.37
25.828124 269.4
25.85944 268.131
25.890782 266.992
25.923271 268.045
25.954557 269.228
25.985859 269.078
26.017155 269.312
26.048511 270.715
26.08092 268.471
26.1122 267.234
26.143499 267.42
26.174738 268.658
26.206014 268.033
26.238396 268.338
26.259474 268.417
26.290775 267.53
26.322029 268.725
26.353396 268.373
26.385842 266.633
26.417121 269.128
26.448447 267.769
26.479722 267.627
26.511021 267.408
26.543462 267.051
26.574775 268.591
26.605995 266.96
26.637284 267.371
26.668609 270.644
26.701041 267.28
26.732404 267.044
26.763733 268.366
26.795119 267.061
26.826435 268.016
26.858976 268.056
26.890234 266.958
26.92149 267.22
26.952743 267.092
26.984073 267.736
27.01645 267.44
27.047754 267.994
27.079034 268.656
27.110306 266.755
27.14162 266.872
27.174031 269.069
27.205359 266.539
27.236686 267.468
27.268025 268.422
27.299454 268.505
27.332035 270.161
27.363327 274.022
27.394518 283.649
27.45641 270.512
27.487661 268.771
27.520088 280.071
27.582009 288.829
27.61331 309.882
27.664953 274.149
27.696265 274.849
27.728729 270.097
27.760103 271.911
27.791489 270.121
27.822906 268.808
27.854259 271.324
27.886765 278.123
27.918063 268.413
27.94936 273.508
27.980658 277.206
28.011946 271.162
28.044384 267.764
28.075711 270.419
28.107007 270.611
28.138373 270.324
28.169771 268.981
28.202192 286.22
28.335515 354.898
28.366813 328.411
28.398072 305.797
28.429395 287.262
28.461753 269.901
28.49305 271.542
28.524419 269.122
28.555718 267.619
28.587074 269.089
28.619562 267.855
28.650822 269.386
28.682141 267.847
28.713482 268.663
28.744765 267.926
28.77709 268.54
28.808417 270.015
28.839696 276.603
28.87096 269.001
28.892086 269.978
28.924491 270.01
28.955753 268.139
28.987036 272.473
29.018313 271.632
29.049571 269.763
29.082072 276.39
29.113476 272.373
29.144856 269.738
29.176227 268.041
29.207604 268.102
29.240072 269.868
29.271361 267.933
29.302717 269.554
29.334044 271.448
29.36535 269.888
29.397933 271.247
29.429278 270.507
29.460561 268.601
29.491872 269.731
29.523221 269.593
29.555721 270.59
29.587039 267.957
29.618384 271.393
29.649763 275.647
29.681116 268.782
29.713592 270.064
29.744897 272.85
29.776251 267.92
29.807602 269.687
29.838923 270.198
29.871366 269.616
29.902727 269.604
29.934071 270.05
29.965336 269.353
29.996642 269.567
30.029091 271.16
30.060431 272.375
30.091614 268.292
30.12285 268.706
30.154205 269.452
30.186541 268.01
30.217741 269.184
30.249011 277.338
30.2803 284.201
30.311534 287.092
30.34404 276.176
30.375307 272.462
30.40653 274.583
30.437779 271.262
30.469054 272.972
30.501659 270.396
30.532935 272.455
30.564231 279.169
30.595468 287.775
30.626788 289.987
30.659181 284.788
30.6906 275.526
30.721829 272.788
30.75313 272.977
30.784457 273.347
30.816829 277.268
30.848123 281.399
30.879397 286.125
30.910678 277.814
30.941949 275.5
30.97443 274.942
31.005704 269.326
31.026738 268.765
31.058031 270.277
31.089333 272.85
31.121646 268.763
31.152953 270.667
31.184269 269.251
31.215533 269.679
31.246872 268.473
31.279285 268.681
31.310484 271.543
31.341612 270.525
31.372842 272.146
31.404121 270.937
31.436566 268.349
31.467868 272.445
31.49921 269.195
31.5305 269.658
31.561855 270.446
31.59429 276.725
31.625567 273.417
31.656891 271.708
31.688153 315.175
31.780512 322.996
31.812916 300.786
31.84427 287.775
31.875581 283.627
31.906944 274.063
31.938299 271.638
31.970613 270.189
32.001923 269.507
32.033117 274.137
32.064393 277.385
32.095682 283.645
32.128098 278.169
32.159394 289.568
32.211113 307.994
32.242427 318.271
32.273771 288.342
32.306272 283.581
32.337661 271.954
32.369031 275.387
32.40036 278.483
32.431713 278.167
32.464182 280.078
32.495468 289.478
32.526786 294.81
32.558094 298.475
32.589402 295.98
32.621833 305.855
32.653098 301.16
32.684331 298.789
32.715604 302.869
32.7469 280.073
32.779385 276.199
32.810687 284.356
32.842047 285.907
32.873352 277.539
32.904643 280.487
32.937039 289.708
32.968461 299.675
32.999847 302.831
33.031133 303.62
33.062411 304.233
33.094869 298.708
33.126118 298.256
33.14722 309.68
33.178501 392.967
33.281282 372.921
33.313732 381.533
33.345067 435.375
33.386604 430.183
33.41796 434.762
33.449349 437.297
33.481812 439.188
33.513218 443.267
33.544563 448.192
33.575896 445.903
33.607226 438.367
33.639706 446.519
33.671104 456.51
33.702427 446.577
33.733736 448.517
33.765217 453.753
33.797835 431.32
34.022832 382.676
34.054124 365.451
34.085477 340.321
34.11685 341.864
34.159444 347.148
36.299187 396.003
36.330514 423.124
36.361783 432.368
36.393195 438.524
36.425619 439.944
36.456985 430.389
36.488318 420.898
36.519643 406.645
36.550908 365.991
36.583328 351.872
36.61463 316.217
36.645897 282.595
36.677148 273.549
36.708454 274.789
36.740848 273.042
36.772204 274.198
36.803488 274.641
36.834803 270.383
36.866122 271.35
36.898458 272.39
36.929735 271.113
36.961007 269.741
36.992311 268.241
37.023617 270.21
37.056055 269.773
37.087364 271.164
37.118625 276.274
37.149883 269.468
37.181194 269.644
37.213632 273.519
37.244959 269.867
37.276248 268.938
37.307525 271.832
37.338766 272.549
37.371012 271.253
37.402218 271.14
37.433536 273.073
37.464799 269.703
37.496109 269.832
37.528661 290.578
37.61105 323.885
37.642412 350.884
37.673707 345.339
37.705039 337.427
37.737546 333.175
37.768895 322.369
37.800255 309.773
37.831636 305.636
37.862993 302.145
37.895457 280.053
37.926779 275.773
37.958059 271.62
37.989416 270.604
38.020715 272.076
38.053087 276.44
38.084383 272.306
38.115696 273.981
38.146939 272.903
38.178215 271.265
38.210681 273.178
38.241947 274.328
38.273234 271.903
38.304601 270.739
38.335985 271.848
38.368363 274.139
38.399574 271.077
38.430773 273.463
38.462055 274.541
38.49336 270.128
38.525733 273.149
38.557021 274.012
38.588368 271.672
38.619649 274.185
38.650933 275.422
38.683403 274.811
38.714763 274.705
38.746118 275.648
38.777406 272.983
38.808737 271.429
38.841289 273.578
38.872582 280.483
38.903906 279.869
38.925042 274.729
38.9564 279.286
38.988769 282.117
39.020016 279.26
39.051253 278.738
39.082497 279.555
39.113697 280.841
39.146027 275.58
39.177356 281.923
39.208699 287.14
39.239971 286.02
39.271239 292.126
39.303657 297.716
39.334953 294.182
39.366234 292.472
39.39757 292.762
39.428931 278.985
39.461391 274.277
39.492738 270.281
39.524073 271.183
39.555398 269.741
39.586742 269.891
39.619167 270.773
39.650484 298.171
39.712484 322.45
39.733556 354.904
39.764813 360.134
39.797298 365.547
39.828546 354.184
39.859848 346.078
39.891161 344.886
39.922457 328.448
39.954862 312.254
39.986222 298.996
40.017467 294.756
40.079393 278.251
40.110697 274.022
40.14314 271.001
40.174396 271.16
40.205687 269.703
40.23701 269.11
40.268319 270.934
40.300739 273.062
40.332064 270.807
40.363368 276.581
40.394624 282.793
40.425942 283.08
40.458351 276.109
40.489624 277.801
40.520941 275.757
40.552323 273.039
40.583609 272.365
40.616008 275.871
40.647324 271.932
40.678632 271.742
40.709886 273.598
40.741164 271.372
40.773588 272.417
40.804896 275.672
40.836211 272.876
40.867491 274.122
40.898821 273.495
40.931303 275.21
40.962597 272.228
40.993865 273.901
41.025086 277.931
41.05642 273.653
41.088895 274.086
41.120251 285.835
41.151562 284.206
41.182901 280.297
41.214195 283.399
41.246639 277.785
41.277954 277.247
41.309245 277.903
41.340532 276.941
41.371905 275.947
41.40433 276.317
41.435633 272.63
41.466977 271.314
41.498313 273.178
41.529622 272.666
41.562098 270.603
41.593402 273.815
41.624793 280.145
41.656112 278.325
41.687429 273.939
41.719936 275.401
41.751255 274.014
41.782486 271.722
41.813856 274.769
41.845195 280.006
41.877729 275.742
41.909048 274.871
41.940434 277.066
41.97179 274.087
42.003189 273.507
42.035616 285.972
42.066944 285.533
42.098271 290.19
42.129514 289.121
42.160814 288.19
42.193257 286.14
42.224572 280.481
42.255844 285.525
42.28718 292.157
42.318439 294.598
42.350862 308.509
42.382208 310.275
42.413552 308.28
42.444852 305.253
42.476157 292.954
42.508633 453.485
42.693224 464.993
42.7245 460.044
42.755762 475.797
42.7871 476.147
42.819495 410.207
42.850796 425.455
42.882087 428.575
42.913373 423.387
42.944658 430.076
42.977122 437.09
43.008405 440.577
43.039748 449.629
43.071072 449.817
43.102409 408.185
43.359281 310.3
43.390502 286.587
43.421777 280.189
43.453126 280.601
43.484504 278.603
43.51687 281.719
43.548218 279.786
43.579456 282.602
43.610708 286.51
43.641993 284.086
43.674477 289.316
43.705763 289.433
43.736978 283.449
43.76828 282.474
43.799596 282.754
43.832015 282.672
43.853085 287.395
43.884313 310.61
43.976795 361.525
44.008108 381.083
44.040423 384.91
44.071714 383.134
44.103001 387.394
44.134286 374.025
44.165549 371.57
44.197875 384.262
44.229188 384.473
44.260442 384.59
44.291754 301.866
44.323057 284.959
44.355513 280.951
44.386794 288.503
44.41811 294.817
44.449355 295.368
44.480675 295.802
44.513097 306.126
44.544433 302.223
44.575722 302.946
44.607017 317.286
44.638327 288.983
44.670733 279.732
44.701997 281.585
44.733237 281.599
44.764539 279.772
44.795855 283.642
44.828177 281.989
44.859465 279.976
44.890791 276.258
44.922102 277.549
44.953387 273.842
44.98573 273.837
45.017041 274.448
45.048334 272.274
45.079596 274.891
45.110871 284.094
45.143266 283.847
45.174549 278.67
45.205796 276.584
45.237113 278.819
45.25835 275.726
45.290747 277.955
45.322031 283.179
45.35318 283.94
45.3845 279.063
45.415766 284.177
45.448166 279.444
45.479496 278.099
45.510831 274.653
45.542175 275.1
45.573505 278.116
45.606016 283.082
45.637325 280.674
45.668602 283.473
45.699908 279.267
45.731198 274.828
45.763636 279.625
45.794896 278.051
45.826215 277.603
45.857543 276.887
45.888847 280.098
45.921264 278.401
45.952582 276.052
45.983773 275.925
46.015151 281.696
46.046508 298.089
46.079009 297.756
46.110225 284.237
46.141494 278.352
46.172712 277.53
46.204078 277.951
46.236408 278.478
46.267753 274.582
46.299013 274.365
46.330296 272.65
46.361608 271.811
46.394057 270.971
46.425255 272.572
46.45652 274.14
46.487739 275.088
46.51906 278.769
46.551472 288.727
46.582791 286.605
46.614013 285.01
46.645251 292.624
46.676478 296.862
46.708802 295.675
46.7706 293.371
46.801862 288.572
46.83303 289.218
46.86431 299.602
46.896709 301.76
46.928019 304.306
46.959375 315.877
46.990581 316.75
47.021982 322.733
47.064516 299.459
47.095715 289.085
47.126909 287.753
47.158206 289.475
47.189474 291.07
47.221766 293.454
47.253017 298.101
47.284157 299.332
47.315438 299.177
47.33647 294.996
47.389293 280.736
47.420482 280.68
47.451692 282.293
47.482902 283.772
47.514152 370.591
47.607554 376.619
47.638687 408.96
47.669783 421.528
47.700953 417.643
47.73217 428.741
47.764673 344.743
47.79586 356.086
47.827039 356.957
47.858358 369.626
47.889617 372.515
47.922035 375.619
47.953247 386.43
47.984418 393.528
48.015558 359.586
48.291048 317.941
48.323379 300.284
48.35455 297.45
48.385707 300.342
48.416854 302.312
48.437824 302.377
48.470134 308.722
48.501362 315.222
48.532541 315.945
48.563752 314.93
48.595022 309.136
48.6681 283.982
48.699209 282.769
48.73041 284.658
48.761635 286.804
48.792887 297.085
48.825249 310.578
48.856471 314.455
48.887669 319.239
48.91891 320.693
48.950102 313.764
48.982463 289.868
49.013639 284.568
49.044836 289.133
49.075994 297.428
49.107158 305.614
49.139451 312.568
49.17062 314.475
49.201839 316.893
49.233049 305.062
49.26429 286.926
49.296561 281.805
49.327871 282.604
49.359023 284.7
49.390311 291.082
49.421498 298.783
49.453787 301.488
49.484937 297.002
49.53645 289.079
49.567649 290.148
49.598883 296.842
49.631298 316.474
49.66256 320.606
49.693779 327.32
49.724971 343.262
49.756173 349.974
49.788503 359.292
49.819713 349.517
49.851052 295.741
49.88239 286.708
49.91365 293.967
49.945851 299.32
49.977195 303.146
50.008473 313.533
50.039699 323.952
50.070964 327.812
50.103425 299.24
50.134723 291.574
50.165882 291.665
50.197089 295.095
50.228345 311.193
50.260659 320.735
50.291903 328.325
50.323133 336.853
50.354352 352.224
50.385647 354.752
50.417965 313.776
50.449256 286.89
50.480446 285.744
50.511687 290.659
50.542904 300.754
50.575279 307.044
50.606521 317.276
50.637748 322.121
50.668964 315.386
50.720577 287.212
50.752872 288.307
50.784137 289.908
50.815361 296.74
50.846589 305.811
50.877808 318.393
50.910205 326.374
50.941495 336.233
50.972737 341.546
51.003981 324.752
51.05565 295.503
51.088084 288.498
51.119345 291.169
51.150568 300.942
51.181777 309.803
51.212987 316.155
51.245444 332.191
51.27665 343.279
51.307873 345.353
51.339148 317.318
51.38058 291.852
51.413005 288.85
51.44447 296.555
51.47576 303.596
51.506951 310.135
51.538218 315.007
51.570652 323.196
51.601892 316.025
51.684098 286.708
51.715265 285.29
51.746483 290.112
51.778858 306.984
51.82034 339.901
51.851518 373.164
51.882716 391.142
51.913958 400.277
51.946277 408.076
51.977579 426.791
52.00862 437.891
52.039909 448.952
52.071135 451.957
52.103586 314.483
52.134647 295.107
52.165823 299.064
52.197041 306.673
52.228313 313.712
52.260596 318.928
52.291826 335.714
52.323052 340.626
52.354286 332.456
52.395804 296.602
52.42808 293.372
52.459308 298.937
52.490479 308.663
52.521603 313.15
52.552736 336.845
52.585048 356.331
52.61618 366.468
52.647341 371.528
52.67854 358.305
52.709629 288.999
52.741723 285.761
52.772801 293.152
52.804158 306.225
52.835198 312.956
52.866441 326.231
52.898528 327.856
52.92957 320.207
52.991292 286.717
53.022435 291.798
53.05354 298.976
53.085824 308.77
53.117039 326.205
53.148239 334.702
53.179294 344.159
53.21043 354.999
53.242668 360.347
53.273721 348.587
53.32525 288.985
53.356451 283.099
53.387689 290.727
53.419994 310.303
53.451189 321.625
53.472127 335.63
53.503207 344.375
53.534368 353.057
53.566515 365.713
53.597633 375.32
53.628759 388.427
53.659989 363.276
53.73192 296.642
53.764186 295.663
53.795407 306.321
53.826629 321.392
53.857845 329.559
53.889216 339.854
53.921626 352.961
53.952858 364.004
53.983939 373.677
54.015028 385.497
54.046072 399.755
54.078237 403.284
54.109577 386.005
54.181443 301.88
54.212441 293.893
54.243501 297.376
54.275479 303.511
54.306611 313.985
54.337771 331.8
54.368925 350.623
54.400209 361.671
54.43247 384.503
54.463605 369.701
54.525464 309.683
54.556565 292.733
54.587656 302.228
54.619776 318.402
54.650865 332.326
54.68196 341.584
54.713125 354.261
54.744269 334.316
54.81722 288.31
54.848233 289.235
54.879326 298.552
54.910394 307.962
54.941531 318.306
54.973639 328.131
55.004723 333.124
55.035874 324.799
55.107757 290.352
55.139088 289.43
55.171422 297.311
55.202516 306.665
55.23357 315.542
55.26466 330.392
55.295854 338.636
55.32818 348.686
55.349137 351.693
55.380291 346.476
55.492776 319.695
55.523983 324.825
55.556353 336.037
55.587441 349.005
55.61853 362.183
55.649662 371.045
55.680768 391.089
55.713211 416.886
55.744356 441.51
55.806112 476.512
55.837245 454.909
55.939733 415.58
55.971946 419.411
56.013177 430.418
56.044398 441.245
56.075547 454.012
56.106628 482.975
56.138723 520.446
56.169789 545.927
56.20084 572.168
56.231995 599.986
56.263131 605.345
56.295379 623.437
56.336826 672.106
56.368059 691.303
56.399226 597.943
56.420177 547.327
56.452379 517.6
56.4835 523.51
56.535119 553.772
56.566248 558.504
56.59736 629.845
56.639863 549.381
56.803298 591.738
56.885251 603.029
56.916446 627.657
56.947599 611.298
56.979905 531.104
57.011088 526.118
57.042203 533.611
57.073367 348.222
57.104549 320.989
57.136828 314.763
57.168133 340.64
57.199362 341.461
57.230553 332.067
57.261756 297.097
57.29395 293.37
57.325034 300.208
57.356277 305.693
57.387385 671.91
57.744188 483.734
57.776659 498.623
57.808443 504.937
57.839641 549.371
57.870909 560.668
57.902403 578.377
57.934771 590.952
57.966053 605.6
57.997242 672.619
58.069201 666.14
58.100485 616.493
58.438316 340.301
58.469401 307.094
58.50055 306.538
58.531685 320.857
58.562786 330.494
58.595033 340.818
58.626145 356.345
58.657306 375.333
58.68845 391.552
58.719567 408.574
58.751827 413.875
58.782905 395.422
58.82425 331.81
58.855356 297.525
58.876325 299.813
58.90868 314.806
58.939944 330.949
58.971143 344.682
59.002372 357.076
59.033513 374.137
59.065714 360.715
59.117205 311.697
59.138104 305.842
59.16925 310.71
59.200427 324.54
59.2327 329.299
59.26389 358.243
59.295007 371.521
59.326134 383.847
59.357244 414.944
59.389549 405.292
59.420665 319.13
59.451849 306.574
59.483008 309.622
59.514266 324.843
59.54644 342.405
59.577579 351.153
59.608732 370.341
59.639989 376.129
59.67114 403.282
59.713496 352.61
59.744651 348.552
59.775771 358.052
59.806964 369.238
59.838158 377.928
59.870391 322.227
59.901554 315.484
59.93273 325.415
59.963919 336.117
59.99502 340.225
60.02723 317.37
60.068553 287.964
60.099703 287.916
60.130872 295.358
60.16207 318.394
60.194369 332.853
60.225584 323.456
60.256829 286.975
60.288043 291.733
60.319252 300.903
60.351411 311.066
60.38249 305.312
60.444176 284.82
60.475296 293.931
60.506484 306.585
60.538726 316.79
60.569915 332.112
60.601067 347.643
60.632309 359.97
60.663487 376.016
60.695741 387.981
60.726871 372.666
60.788536 293.868
60.819656 290.152
60.850781 298.425
60.883005 310.258
60.914161 323.121
60.945283 336.294
60.976381 349.561
61.007572 357.065
61.03977 337.24
61.101457 286.849
61.132611 286.122
61.163803 299.816
61.184776 314.784
61.21701 326.937
61.24816 333.24
61.279342 348.309
61.310478 367.23
61.341727 354.549
61.404657 292.079
61.435895 286.021
61.467065 296.563
61.498196 312.601
61.529394 321.546
61.561574 332.968
61.592658 344.155
61.623872 347.997
61.655009 330.313
61.716673 286.139
61.749076 288.236
61.780271 298.251
61.811461 311.438
61.842598 324.262
61.863588 334.829
61.895906 348.937
61.927121 356.352
61.958304 336.013
62.030284 294.535
62.061495 290.179
62.093944 298.777
62.125197 314.275
62.156474 324.043
62.1877 334.562
62.21892 344.816
62.251217 347.259
62.282459 337.185
62.344171 291.838
62.375278 289.452
62.406468 301.17
62.428607 314.066
62.459785 325.941
62.490937 336.868
62.522102 353.035
62.553266 359.744
62.585609 365.531
62.616682 353.259
62.668162 294.986
62.699259 289.591
62.730442 383.142
62.833805 395.062
62.864944 408.084
62.896029 412.329
62.927163 393.829
62.958316 280.19
62.990476 302.658
63.021592 318.857
63.052704 329.335
63.083863 321.429
63.155744 282.503
63.188297 299.14
63.219587 320.474
63.250757 334.652
63.282578 350.41
63.313718 370.505
63.346042 376.435
63.377169 362.678
63.611741 299.756
63.642841 294.825
63.674029 302.546
63.706302 310.186
63.737496 325.471
63.768623 337.493
63.79972 342.711
63.820844 356.062
63.853126 365.928
63.894522 423.258
63.925588 447.177
63.956631 468.713
63.987761 485.605
64.020019 376.06
64.051171 354.714
64.082305 356.318
64.113389 366.169
64.144541 381.168
64.176775 393.966
64.207986 403.649
64.239099 386.596
64.28039 296.261
64.311501 296.491
64.343771 307.784
64.374859 319.836
64.405963 331.406
64.437112 339.607
64.468278 291.141
64.500474 286.255
64.531584 293.58
64.562764 312.703
64.583708 328.89
64.614903 321.27
64.64717 289.976
64.678265 290.216
64.709423 298.09
64.740566 309.856
64.771756 322.447
64.804003 329.04
64.835137 321.307
64.866256 284.95
64.897297 286.839
64.928388 292.649
64.960685 304.89
64.991857 315.049
65.022914 287.084
65.054047 285.935
65.08516 298.591
65.117443 312.585
65.148498 323.293
65.179628 328.468
65.21074 290.0
65.241794 284.539
65.274014 292.827
65.305146 315.276
65.33627 325.382
65.367406 329.561
65.398615 310.031
65.430789 302.695
65.461981 314.474
65.493138 328.446
65.52432 351.463
65.555592 360.135
65.587926 371.433
65.618996 402.798
65.650119 352.806
65.681261 340.893
65.712411 349.042
65.744674 362.537
65.77583 371.252
65.806976 373.809
65.837934 317.564
65.869162 302.967
65.901523 312.01
65.922476 323.316
65.953652 335.826
65.984876 350.212
66.016134 357.709
66.048473 304.412
66.079693 293.029
66.110889 299.611
66.142082 316.602
66.173322 320.244
66.20563 332.117
66.267357 395.726
66.298595 412.592
66.329844 433.682
66.361062 374.01
66.393481 379.021
66.424603 396.175
66.455748 407.986
66.486928 420.412
66.518065 440.066
66.550413 383.377
66.581548 315.974
66.61268 306.035
66.643884 310.55
66.675012 319.725
66.707306 338.088
66.738432 350.641
66.769634 331.007
66.800675 291.447
66.831928 290.671
66.864283 302.954
66.895457 315.672
66.926673 328.148
66.957947 330.938
66.989193 295.169
67.021538 295.213
67.052737 303.82
67.084008 314.465
67.115089 330.033
67.146307 330.179
67.178606 310.325
67.209805 304.098
67.241018 310.973
67.272286 322.897
67.293189 330.104
67.325439 334.525
67.356499 294.649
67.38753 289.218
67.418682 298.581
67.449954 313.928
67.482258 326.556
67.513394 391.411
67.605822 361.152
67.636995 351.326
67.668183 362.815
67.700411 374.67
67.731377 377.859
67.762385 512.231
67.884982 536.902
67.916345 443.903
67.948555 465.267
67.979701 477.869
68.010832 541.072
68.092798 385.298
68.123931 401.311
68.156059 419.896
68.187067 424.073
68.218221 448.328
68.249327 400.228
68.788513 329.315
68.820638 325.992
68.851694 331.478
68.882776 357.561
68.913799 368.106
68.944844 376.097
68.977024 399.987
69.008136 413.425
69.039191 424.327
69.07042 440.48
69.1015 455.425
69.133728 431.767
69.164804 360.81
69.196063 308.307
69.227074 304.403
69.258131 314.241
69.290305 333.096
69.321301 342.861
69.352348 355.704
69.383578 372.25
69.414765 359.052
69.467378 313.489
69.498518 299.271
69.529536 302.656
69.560556 311.333
69.591602 328.437
69.623742 340.587
69.654923 360.006
69.686026 374.635
69.717116 386.3
69.74824 371.404
69.790632 301.346
69.821707 296.716
69.85283 301.991
69.883928 320.968
69.915069 338.716
69.947479 352.596
69.978621 367.7
70.009716 383.84
70.04089 369.16
70.082237 312.929
70.114547 296.979
70.145932 302.478
70.17718 315.101
70.208368 326.2
70.239516 331.025
70.271744 292.893
70.302881 290.315
70.334007 297.84
70.365094 305.54
70.396316 319.915
70.428609 338.679
70.45977 306.298
70.490863 302.899
70.521968 317.495
70.55311 328.193
70.585306 336.373
70.616368 357.111
70.647468 352.125
70.678536 293.37
70.709595 292.629
70.741755 315.659
70.772907 326.52
70.804144 344.061
70.835231 354.783
70.866297 298.822
70.898466 292.977
70.929474 303.381
70.960648 310.852
70.991712 325.016
71.022786 337.801
71.054918 349.503
71.086023 304.255
71.117062 298.794
71.148151 304.573
71.179265 315.005
71.211393 331.394
71.242392 346.77
71.273393 372.887
71.30451 381.593
71.335614 337.751
71.367733 313.869
73.642763 414.033
73.673946 417.671
73.705088 434.967
73.736252 453.477
73.768473 473.068
73.799602 410.354
73.830565 358.066
73.861696 349.537
73.892833 354.43
73.925106 380.83
73.956229 398.844
73.987416 418.403
74.018673 443.083
74.049879 462.698
74.082149 412.956
74.113241 382.658
74.144391 379.018
74.175601 389.119
74.206852 415.027
74.239106 427.183
74.270258 443.048
74.311595 436.629
74.342678 389.648
74.37391 383.741
74.406309 387.484
74.437505 408.403
74.468668 417.925
74.499918 448.191
74.531122 468.352
74.563291 470.375
74.594354 399.241
74.625514 385.635
74.656654 396.863
74.687875 407.882
74.720139 431.407
74.751327 460.036
74.782488 371.006
74.81361 352.034
74.844722 358.086
74.876911 364.865
74.908075 387.037
74.939152 354.681
74.970206 297.984
75.001282 293.528
75.03343 312.432
75.064398 328.144
75.09532 337.266
75.126327 352.898
75.157394 291.319
75.189583 295.731
75.220735 312.821
75.251878 328.911
75.283003 332.954
75.314259 352.253
75.346498 377.232
75.377645 365.0
75.408879 361.768
75.480816 352.711
75.512067 363.544
75.544306 379.725
75.575494 392.749
75.60651 401.877
75.637608 436.425
75.668772 433.839
75.701094 405.46
75.73239 379.118
75.76363 381.28
75.794745 389.716
75.825962 408.731
75.858273 350.204
75.889496 313.119
75.920838 311.372
75.95207 321.631
75.983349 335.326
76.015639 345.241
76.046911 371.552
76.07811 326.533
76.109335 294.686
76.140602 302.436
76.172876 311.733
76.203972 324.252
76.235142 343.983
76.266282 355.583
76.297478 344.725
76.329697 323.103
76.360894 305.923
76.392086 312.115
76.423196 329.262
76.454257 341.118
76.486914 355.453
76.5181 299.9
76.549317 292.735
76.580449 302.599
76.611615 346.528
76.674363 348.526
76.705452 325.581
76.736507 313.46
76.767634 311.571
76.798762 318.09
76.830976 327.535
76.862188 346.472
76.893301 359.849
76.924464 377.183
76.955659 405.102
76.987987 341.395
77.019172 331.432
77.070669 329.114
77.101805 341.289
77.13296 353.793
77.165244 369.513
77.196497 387.507
77.227647 397.449
77.258803 418.2
77.290026 376.533
77.322305 345.335
77.353511 354.544
77.384664 365.046
77.415852 384.398
77.446974 333.864
77.479217 307.579
77.510401 304.675
77.541515 315.893
77.572673 334.855
77.604046 351.318
77.636327 357.175
77.667452 336.177
77.698501 303.493
77.729641 302.949
77.760796 305.461
77.793125 351.096
77.844772 363.257
77.875959 372.032
77.907135 407.12
78.050128 427.113
78.082507 444.294
78.113665 460.664
78.134603 472.683
78.165791 495.857
78.197044 368.294
78.229452 408.479
78.27089 409.829
78.302129 418.944
78.333365 450.785
78.364582 465.944
78.396935 497.606
78.428229 511.782
78.459475 481.249
78.795891 402.623
78.827087 323.451
78.859418 319.632
78.890625 332.277
78.921778 346.811
78.952924 358.082
78.98408 368.492
79.01624 390.48
79.047285 403.947
79.078417 415.332
79.109572 431.358
79.140775 441.716
79.173085 360.68
79.204157 323.51
79.235248 315.391
79.266401 318.267
79.297572 327.406
79.329907 353.001
79.361122 372.562
79.392393 381.066
79.423475 408.664
79.454545 426.469
79.486779 368.822
79.517923 338.226
79.549038 338.997
79.580189 347.146
79.611269 388.586
79.673965 418.112
79.705246 430.476
79.736438 457.769
79.767704 486.108
79.798887 511.165
79.831093 427.732
79.862187 406.867
79.893271 413.642
79.924461 428.124
79.955599 442.292
79.987921 454.111
80.019017 432.745
80.070507 322.68
80.101632 309.578
80.132804 316.294
80.165127 330.035
80.196274 375.465
80.247763 395.548
80.278943 406.1
80.310073 421.484
80.342219 360.93
80.373301 331.737
80.404479 330.633
80.435657 340.372
80.466961 350.847
80.499277 365.099
80.530506 388.366
80.561563 404.44
80.592683 322.45
80.623878 304.238
80.65613 310.609
80.687327 323.282
80.718505 334.558
80.749615 355.306
80.780738 322.269
80.813033 297.276
80.844187 305.352
80.87529 328.064
80.906396 339.499
80.937601 364.802
80.969869 383.81
81.000957 369.845
81.032099 335.193
81.063151 326.39
81.09424 337.656
81.126462 352.477
81.15766 373.175
81.189005 384.265
81.220147 393.722
81.251276 320.236
81.283514 303.392
81.314656 305.683
81.345793 315.407
81.376867 324.513
81.40804 336.09
81.440233 313.803
81.471279 284.525
81.502354 289.913
81.53361 303.785
81.564906 319.521
81.59713 334.928
81.628321 336.052
81.659409 308.778
81.690531 303.787
81.721769 307.316
81.753927 325.05
81.785056 334.481
81.816197 318.397
81.857536 296.519
81.888708 293.666
81.920995 308.285
81.952232 322.616
81.983415 338.887
82.014566 350.303
82.045815 298.796
82.078133 295.958
82.109304 301.334
82.140507 306.11
82.171703 324.675
82.202986 317.367
82.245554 290.717
82.27675 293.697
82.307984 312.218
82.339224 322.278
82.370443 332.948
82.402668 345.161
82.433888 351.217
82.465084 340.848
82.516705 291.014
82.547996 289.923
82.580334 300.864
82.611551 316.741
82.642748 327.161
82.673867 334.895
82.705033 358.605
82.737259 359.634
82.768473 330.004
82.79955 317.721
82.830578 310.422
82.861679 319.268
82.893855 335.786
82.924986 349.529
82.95619 364.337
82.987311 380.481
83.018442 493.461
83.121824 505.936
83.152871 332.639
83.183924 344.556
83.214902 381.313
83.246062 396.728
83.278491 414.183
83.309739 429.241
83.341316 450.38
83.37275 467.678
83.403939 520.978
83.476794 580.644
83.508098 597.929
83.539247 603.628
83.570426 613.106
83.601564 569.899
83.857658 345.014
83.888888 309.791
83.920188 312.653
83.951375 326.084
83.982569 338.333
84.01477 352.267
84.046015 366.579
84.07727 375.704
84.108506 391.32
84.13967 417.088
84.171999 430.606
84.203196 378.446
84.254676 304.51
84.285828 296.843
84.317009 304.699
84.349341 318.98
84.380492 332.748
84.411561 342.482
84.442717 358.913
84.463717 359.998
84.495943 348.286
84.527104 308.967
84.558283 297.585
84.589483 305.599
84.620573 319.312
84.652826 334.352
84.684066 357.375
84.715225 370.14
84.746369 398.282
84.777402 413.508
84.809713 355.012
84.840812 306.371
84.871966 305.771
84.90308 315.79
84.934241 328.307
84.966456 341.499
84.997594 355.042
85.02874 328.413
85.080285 294.202
85.111476 296.346
85.14367 314.839
85.174924 331.281
85.20612 343.132
85.237241 361.484
85.268362 306.309
85.300563 295.581
85.331648 303.999
85.362702 315.587
85.39379 329.661
85.42496 321.771
85.457282 293.557
85.488427 295.803
85.519607 308.146
85.550777 321.584
85.582092 342.321
85.614433 358.925
85.645495 367.047
85.676541 391.915
85.707625 408.232
85.738715 319.878
85.770952 306.708
85.802181 311.573
85.833281 323.921
85.864424 346.438
85.895685 361.498
85.928038 376.524
85.959148 349.367
85.990272 302.771
86.021378 303.139
86.042307 313.69
86.074681 331.747
86.105843 345.442
86.137063 355.821
86.168279 335.61
86.199518 297.6
86.231861 294.792
86.263116 306.293
86.294371 323.174
86.315394 343.121
86.346603 355.162
86.378897 372.306
86.410109 407.235
86.441253 434.532
86.472474 452.117
86.503734 395.818
86.536128 392.791
86.567432 397.26
86.588514 419.99
86.619734 435.85
86.650989 419.969
86.683445 354.07
86.714761 323.313
86.746001 318.638
86.777257 332.823
86.808623 348.303
86.840954 367.996
86.872204 352.932
86.903411 296.966
86.934681 301.038
86.966033 303.544
86.998419 322.551
87.029788 349.211
87.061118 360.518
87.092512 390.177
87.123941 392.346
87.156301 338.933
87.187657 340.28
87.218943 351.975
87.250201 362.584
87.281502 375.987
87.313946 399.892
87.345335 410.243
87.376731 422.198
87.397873 325.432
87.429235 311.589
87.461791 312.712
87.493167 321.813
87.524504 340.533
87.555848 362.412
87.587041 365.953
87.619323 377.226
87.670984 417.041
87.702301 433.891
87.733637 461.67
87.764987 420.699
87.797583 427.781
87.828852 447.816
87.860247 461.808
87.891578 471.643
87.922878 493.117
87.955304 424.393
87.986678 413.894
88.018076 428.848
88.049437 577.085
88.193455 589.533
88.225856 622.678
88.257067 446.037
88.288444 461.699
88.319774 487.752
88.351175 441.428
88.383634 469.169
88.9564 483.549
88.987854 504.147
89.019214 516.372
89.050538 540.135
89.083017 575.811
89.124649 573.647
89.156097 593.974
89.177247 614.581
89.208617 570.951
89.568115 378.246
89.59939 325.996
89.6306 321.801
89.661864 337.691
89.693178 353.48
89.72557 365.041
89.756822 377.497
89.788151 392.011
89.819375 405.64
89.850654 416.719
89.883017 439.133
89.904044 446.963
89.935305 424.415
89.976739 311.372
90.008003 293.527
90.040379 301.339
90.071563 317.708
90.102684 334.549
90.133895 346.373
90.165152 358.254
90.197611 386.86
90.228823 389.773
90.260096 334.331
90.291332 293.859
90.322652 301.098
90.355084 311.623
90.386375 335.61
90.417573 350.596
90.448865 369.602
90.480278 394.031
90.502475 410.056
90.533744 344.49
90.565073 316.127
90.59635 311.731
90.627597 321.837
90.659913 336.533
90.691182 348.474
90.722438 364.847
90.753689 375.894
90.784962 379.231
90.817316 317.805
90.848572 312.464
90.879763 324.072
90.911073 341.113
90.942283 356.719
90.974564 367.407
91.005703 388.817
91.036975 365.066
91.068205 353.726
91.099512 351.526
91.131688 362.377
91.162904 375.882
91.194064 354.077
91.225239 310.06
91.256433 311.776
91.288773 326.369
91.320038 344.516
91.351268 359.251
91.382498 362.188
91.413735 297.97
91.446022 288.977
91.477302 296.69
91.508558 311.434
91.539899 332.651
91.571149 349.285
91.603433 372.819
91.63465 391.135
91.665777 351.033
91.69694 331.358
91.72808 336.274
91.760348 351.529
91.791522 363.185
91.873703 418.07
91.904989 437.151
91.936296 494.144
91.968622 515.887
91.999857 445.867
92.031089 415.437
92.062343 410.453
92.093625 420.148
92.125983 440.35
92.157201 453.747
92.188403 462.518
92.219624 471.854
92.250827 328.856
92.283196 299.142
92.314368 304.187
92.345521 317.174
92.376704 326.07
92.407897 341.361
92.440189 362.687
92.471344 365.953
92.502494 353.567
92.533739 298.878
92.564915 291.909
92.59712 300.889
92.628199 318.649
92.659281 335.679
92.690467 346.092
92.72164 365.731
92.753953 392.523
92.785158 399.842
92.81636 338.767
92.847542 295.575
92.878619 298.272
92.910842 306.313
92.942062 322.534
92.973167 336.786
93.004323 347.493
93.035395 353.137
93.067691 328.808
93.098883 317.408
93.130045 322.644
93.16116 335.935
93.192301 346.511
93.224535 353.898
93.255636 382.755
93.286805 304.914
93.317992 299.793
93.349156 320.429
93.381467 333.194
93.412595 344.02
93.443684 363.523
93.474789 310.196
93.505951 303.627
93.538247 304.954
93.569381 353.407
93.692077 442.016
93.72325 468.405
93.754465 488.063
93.786836 508.518
93.807859 391.562
93.839077 409.818
93.870243 427.472
93.901419 452.928
93.933697 468.333
93.964859 491.686
93.996062 501.257
94.027223 520.913
94.058423 462.46
94.324751 361.997
94.35606 325.129
94.387271 315.93
94.41848 322.599
94.449687 333.302
94.482032 351.232
94.51325 371.927
94.544453 395.56
94.575614 406.891
94.606865 422.954
94.63924 434.097
94.670442 412.943
94.701623 313.495
94.73279 297.335
94.763988 303.674
94.796248 313.079
94.827449 322.07
94.858526 335.974
94.889579 327.18
94.92069 289.553
94.95305 296.594
94.984234 310.82
95.015327 324.838
95.046415 331.212
95.077716 313.387
95.109976 292.966
95.141089 296.115
95.172242 313.017
95.203308 330.08
95.23445 343.202
95.266653 355.737
95.297731 299.1
95.32887 291.945
95.360011 301.888
95.39113 317.123
95.423415 327.488
95.454387 341.681
95.485457 320.849
95.55722 317.273
95.588326 327.234
95.620506 340.912
95.651686 357.321
95.682798 369.903
95.713896 315.085
95.745028 305.955
95.777182 315.102
95.808314 328.466
95.839431 333.082
95.870529 324.717
95.911922 289.592
95.944212 286.625
95.975432 297.701
96.006484 309.833
96.037613 320.573
96.068711 329.579
96.100891 351.603
96.132137 358.162
96.163244 346.796
96.214726 310.826
96.24599 304.57
96.278166 313.115
96.309226 326.623
96.340357 338.434
96.37137 349.07
96.402595 361.952
96.4348 381.315
96.465863 382.569
96.497009 357.874
96.538443 306.99
96.569461 309.573
96.601545 324.106
96.632543 344.162
96.663748 357.323
96.69473 371.269
96.725782 386.443
96.757752 404.216
96.788779 360.831
96.819921 307.293
96.850953 300.744
96.882235 317.467
96.914495 331.298
96.945627 350.168
96.97682 351.314
97.007991 309.124
97.039115 294.806
97.071333 301.918
97.102477 312.014
97.133527 333.148
97.164634 346.266
97.195668 361.557
97.227828 361.496
97.258902 344.618
97.28997 329.095
97.321111 335.74
97.352245 355.218
97.384564 368.666
97.415768 367.667
97.446978 308.348
97.478195 311.54
97.499122 323.944
97.531339 338.266
97.56266 351.7
97.593823 367.602
97.625005 390.565
97.656275 385.587
97.688425 306.061
97.719601 295.764
97.750794 306.853
97.782001 326.376
97.813195 334.791
97.845499 358.053
97.876678 364.898
97.907943 352.544
97.939111 291.78
97.970278 295.701
98.002544 307.23
98.033634 316.874
98.064761 340.173
98.095968 353.994
98.127173 357.648
98.159483 346.235
98.211028 297.491
98.242256 292.239
98.273474 303.7
98.304733 312.919
98.336941 323.859
98.368152 344.006
98.399415 356.37
98.430639 363.073
98.461875 350.894
98.504436 302.511
98.535644 351.7
98.709476 446.263
98.740631 456.481
98.771747 468.529
98.803951 498.648
98.835347 478.976
99.344197 394.322
99.365106 378.079
99.396316 381.601
99.42853 390.649
99.45963 404.254
99.490761 419.58
99.521853 434.05
99.552964 453.351
99.585282 460.307
99.616333 435.926
99.647414 350.077
99.668407 325.131
99.699553 335.055
99.742007 355.723
99.773199 370.303
99.804332 383.583
99.835457 394.456
99.866628 407.671
99.898774 422.683
99.929942 328.0
99.961272 300.369
99.982254 395.045
100.186398 464.521
