7e-06 0.026541
0.235702 0.034199
0.266774 0.040378
0.297855 0.033329
0.328927 0.038725
0.359936 0.043337
0.392105 0.047427
0.423202 0.05056
0.444077 0.053867
0.47509 0.08154
0.506152 0.107038
0.53822 0.107647
0.569497 0.111302
0.60056 0.108865
0.631734 0.11339
0.662826 0.117045
0.694932 0.122179
0.72602 0.127662
0.757117 0.136451
0.788157 0.158207
0.819164 0.163254
0.851204 0.173262
0.882333 0.179615
0.913434 0.188665
0.944514 0.201283
0.975621 0.212074
1.007746 0.227042
1.038718 0.244621
1.069692 0.260894
1.100696 0.281518
1.131752 0.296834
1.163759 0.313282
1.194792 0.333558
1.225847 0.358185
1.246704 0.38377
1.277785 0.405961
1.30988 0.444164
1.34091 0.449559
1.371987 0.455999
1.403081 0.457478
1.434172 0.457043
1.466311 0.469748
1.497455 0.471141
1.528596 0.47088
1.559668 0.462439
1.590865 0.4694
1.623104 0.46853
1.654143 0.483585
1.68514 0.464005
1.716305 0.461916
1.747445 0.474013
1.779673 0.477494
1.810794 0.517263
1.841992 0.576177
1.873044 0.634657
1.904098 0.722898
1.93637 0.801218
1.967521 0.913391
1.998716 1.005026
2.029969 1.085783
2.061118 1.187947
2.093326 1.237463
2.124553 1.309518
2.155805 1.368955
2.176789 1.301164
2.207971 1.227804
2.270665 1.708344
2.301687 1.859154
2.332821 1.985685
2.363888 2.0741
2.394941 2.283651
2.427006 2.424454
2.458056 2.518178
2.48912 2.579877
2.520182 2.523399
2.55126 2.693094
2.583442 2.900295
2.614876 3.098794
2.645992 3.338454
2.677049 3.616318
2.708207 3.7928
2.740334 4.000089
2.771429 4.429198
2.802492 4.86788
2.823389 5.384882
2.854489 5.716352
2.886631 6.078889
2.91774 6.276518
2.948866 6.613035
2.979899 6.831897
3.010967 6.652543
3.04317 6.360669
3.074243 6.111696
3.105327 5.256698
3.136484 5.192127
3.167634 4.525271
3.199934 3.933255
3.2311 3.242642
3.262234 3.027957
3.293359 3.195128
3.324585 3.360384
3.356743 3.502753
3.387768 3.656088
3.418809 3.758862
3.449876 3.95562
3.480909 3.704037
3.513065 3.921681
3.544249 4.144895
3.575327 4.320245
3.606373 4.626131
3.637372 4.641273
3.669571 3.075124
3.782205 3.267009
3.813385 3.850497
3.844478 3.994258
3.875605 3.758949
3.907796 3.825347
3.93893 3.953183
3.970083 3.096183
4.051846 3.038052
4.083034 2.885588
4.11522 2.813881
4.146266 2.911695
4.177277 2.730426
4.208305 2.752965
4.239372 2.843034
4.27156 3.030133
4.302608 3.889309
4.3337 4.400306
4.364731 4.525184
4.395804 4.527534
4.427958 4.474885
4.459012 4.480193
4.490059 4.53145
4.52111 4.564257
4.552402 4.494552
4.584588 4.406398
4.615639 4.482804
4.64675 4.481934
4.677845 4.444253
4.709043 4.516047
4.741298 4.592627
4.772392 4.572525
4.803554 4.584795
4.834553 4.672514
4.865647 3.992518
4.897838 3.975722
4.928928 4.351226
4.959995 4.391865
4.991064 4.354445
5.022161 4.317287
5.054264 4.369587
5.08533 4.429024
5.11667 4.414056
5.147768 4.017493
5.178776 3.958753
5.210942 3.832918
5.242163 3.815426
5.27331 3.88226
5.304368 3.813512
5.335468 3.796629
5.367705 3.787753
5.398727 3.840402
5.429772 4.234267
5.460947 4.603679
5.492033 4.609248
5.524264 4.636138
5.555472 4.648495
5.586449 4.605332
5.617421 4.676343
5.64841 4.689483
5.680515 4.61299
5.711544 4.636399
5.742654 4.641621
5.773898 4.622389
5.805051 4.62848
5.837291 4.662332
5.868479 4.659112
5.899639 4.62117
5.930791 4.63814
5.962028 4.659895
5.994348 4.652324
6.025477 4.609683
6.056708 4.673645
6.087889 4.576963
6.118994 4.473754
6.151209 4.593323
6.182498 4.578964
6.213686 4.59515
6.244931 4.63405
6.276137 4.635703
6.308439 4.436769
6.339633 4.471056
6.370806 3.654956
6.463084 4.318853
6.494235 4.459134
6.526449 4.452955
6.557712 4.530405
6.588851 4.624738
6.619909 4.63405
6.651118 3.470033
6.724034 3.196955
6.755219 3.0384
6.786409 3.03605
6.817557 2.971305
6.84874 2.848777
6.88097 3.015687
6.912066 3.14509
6.943236 3.245079
6.974514 4.246189
7.005601 4.600807
7.038081 4.602199
7.069235 4.618734
7.100405 4.629437
7.131706 4.350965
7.162922 4.276908
7.195246 4.298664
7.226404 4.242969
7.257613 4.254804
7.288883 4.400742
7.320039 4.393258
7.352298 4.395346
7.383467 4.516047
7.414651 4.594976
7.445822 4.502558
7.477062 4.489853
7.509282 4.626653
7.540511 4.485067
7.571732 4.523618
7.602849 4.525967
7.634067 4.40518
7.666394 4.17483
7.697545 4.516743
7.728641 4.385339
7.75979 4.344699
7.790923 4.382989
7.823134 4.475407
7.854181 4.288134
7.885251 4.512827
7.91639 4.554772
7.947569 4.083805
7.97976 4.10556
8.010895 4.205027
8.042063 4.204418
8.07316 4.0322
8.104327 4.226087
8.136569 4.238705
8.167713 4.158122
8.19875 4.19093
8.229857 4.510477
8.261028 4.495074
8.293243 4.487851
8.32435 4.504038
8.35547 4.274471
8.386559 4.240359
8.417654 4.273775
8.449855 4.244014
8.481004 4.05735
8.512102 4.413099
8.543241 4.444949
8.57452 4.491245
8.606753 4.399871
8.637774 3.366911
8.709711 3.525205
8.74079 3.784446
8.771989 4.171785
8.80422 4.205288
8.835538 4.311456
8.866695 4.296488
8.897782 4.290049
8.928976 3.579334
8.971628 3.36256
9.002744 3.34472
9.033888 3.145786
9.065057 3.194693
9.096085 3.017427
9.128269 3.055108
9.159339 3.034484
9.190402 3.176157
9.221528 3.550877
9.252663 4.326337
9.284903 4.484283
9.315953 4.625434
9.34698 4.691833
9.37801 4.610989
9.409102 4.577137
9.441252 4.590799
9.472349 4.352879
9.503458 4.277778
9.534662 4.418842
9.56591 4.43703
9.59824 4.265595
9.629469 4.4835
9.660638 4.573482
9.691862 4.492551
9.723098 4.660331
9.755494 4.669555
9.786647 4.529361
9.817831 4.471578
9.84909 4.538238
9.880371 4.510477
9.912613 4.434158
9.943864 4.45661
9.975217 4.454696
10.006525 4.490375
10.037771 4.592627
10.070202 4.671643
10.10148 4.609074
10.132839 4.629437
10.164169 4.661549
10.195526 4.653108
10.228035 4.632222
10.259371 4.6773
10.290763 4.628741
10.322147 4.639706
10.353482 4.577398
10.385934 4.707062
10.417234 4.601938
10.448543 4.477496
10.479807 4.481151
10.511136 4.411445
10.543584 4.564605
10.575057 4.597674
10.606451 3.342632
10.688702 3.629459
10.719889 4.025673
10.752117 4.183968
10.783455 4.269946
10.81476 4.232352
10.846082 4.256806
10.877426 4.298055
10.909958 3.438096
10.961708 3.529905
10.992987 3.445492
11.024233 3.288938
11.055557 3.300774
11.087959 3.301122
11.119266 3.299729
11.150481 3.386926
11.181728 3.543915
11.213099 4.166911
11.245597 4.70332
11.27697 4.776941
11.308299 4.776854
11.339688 4.766237
11.371006 4.7685
11.403497 4.672253
11.434806 4.619082
11.466141 4.658416
11.497502 4.63988
11.528857 4.637879
11.561355 4.607247
11.592783 4.66355
11.624115 4.599676
11.655354 4.613686
11.686721 4.695662
11.71925 4.666509
11.750615 4.616558
11.781994 4.556686
11.813324 4.67234
11.844705 4.674515
11.877264 4.68635
11.908605 4.739347
11.939982 4.611946
11.971365 4.60568
12.002753 4.688526
12.035147 4.332429
12.066509 4.300665
12.097816 4.322421
12.129123 4.287873
12.160515 4.246798
12.193035 4.421714
12.224375 4.473754
12.255733 4.423193
12.286984 4.434071
12.318165 4.77433
12.350598 4.682782
12.381821 4.729688
12.40284 4.71237
12.434071 4.645537
12.465352 4.569827
12.497773 4.605158
12.529109 4.614208
12.560374 4.592018
12.591641 4.609683
12.622908 4.695053
12.655253 4.682695
12.686573 4.712979
12.717909 4.771807
12.749181 4.67408
12.780527 4.649714
12.813136 4.676082
12.844516 4.675821
12.875885 4.610118
12.907271 4.61212
12.938676 4.593323
12.971382 4.632918
13.002697 4.741871
13.034106 4.791561
13.06545 4.795129
13.096883 4.780596
13.129474 4.824455
13.160876 4.782859
13.182069 4.800176
13.213395 4.767717
13.24479 4.773721
13.277307 4.611598
13.308706 4.739086
13.34018 4.756491
13.37151 4.752923
13.402889 4.677213
13.435402 4.653717
13.466818 4.583925
13.49822 4.649975
13.529492 4.755795
13.560899 4.603766
13.593496 3.415731
13.686151 3.434528
13.717499 3.668184
13.74877 4.180139
13.780232 4.543111
13.812768 4.173264
13.844244 3.952487
13.875662 4.257154
13.907244 3.656871
13.948942 3.431134
13.981563 3.30321
14.012839 3.094356
14.044038 2.813794
14.075416 2.87149
14.106823 2.964692
14.139284 2.832156
14.170646 2.831025
14.202083 3.49614
14.233454 4.221562
14.26484 4.22513
14.297282 3.11585
14.390036 2.942849
14.431642 3.317656
14.463006 4.221388
14.494315 4.840468
14.527021 4.770066
14.558454 4.548332
14.589853 3.467422
14.651764 3.469946
14.683112 3.1866
14.715542 2.849212
14.747021 2.211596
14.77841 2.163212
14.809804 2.347265
14.84107 2.674471
14.873746 2.854782
14.905138 3.535648
14.936513 4.088417
14.967809 4.54546
14.99926 4.710804
15.031629 4.788602
15.062854 4.217994
15.09409 4.450693
15.125452 4.751008
15.156863 4.648495
15.189491 4.678605
15.220871 4.644753
15.252224 4.653891
15.283589 4.662332
15.315018 4.355577
15.34738 4.229742
15.378736 4.162386
15.410092 4.095988
15.441397 4.125576
15.472743 4.22043
15.505341 4.227305
15.536755 4.209553
15.568074 4.254804
15.599351 4.609857
15.630685 4.741349
15.663086 4.814709
15.694303 4.777463
15.725607 4.690092
15.756917 4.697837
15.788222 4.704886
15.82074 4.728382
15.85208 4.70654
15.88334 4.736562
15.914685 4.728643
15.946015 4.691572
15.978386 4.849692
16.009737 4.81497
16.041216 4.777637
16.072625 4.763453
16.103979 4.685654
16.136496 4.571219
16.16789 4.536845
16.199269 4.77024
16.230562 4.748049
16.261951 4.705756
16.29458 4.820278
16.325996 4.658764
16.357311 4.618124
16.388615 4.375244
16.419977 4.092507
16.452491 4.249844
16.483791 4.010183
16.515195 3.990777
16.546585 4.044731
16.577869 4.140369
16.610386 4.406224
16.641709 4.439467
16.67311 4.561473
16.704491 4.243578
16.735838 4.391952
16.768222 4.480454
16.799563 4.392126
16.830848 4.351313
16.862111 4.313458
16.893358 4.296314
16.925705 4.282478
16.957018 4.325119
16.988267 4.415884
17.019553 4.649105
17.050827 4.654413
17.083181 4.673732
17.114451 4.736824
17.145673 4.753706
17.176982 4.743698
17.208288 4.771459
17.240747 4.716199
17.272047 4.526315
17.303413 4.513871
17.334672 4.617167
17.365982 4.597674
17.39849 4.609248
17.429733 4.633702
17.46091 4.540848
17.492148 4.323552
17.523443 4.040293
17.555792 4.779987
17.586998 4.8664
17.618295 4.89973
17.649588 4.900687
17.680904 4.883457
17.713287 4.891028
17.744578 4.743785
17.775837 4.621866
17.807195 3.927338
17.838503 3.851628
17.870955 3.827087
17.902136 3.798196
17.933527 3.801851
17.964969 3.823781
17.996431 3.913153
18.028976 4.094073
18.060326 4.197978
18.091686 4.773634
18.123001 4.848213
18.154349 4.865008
18.186768 4.707758
18.218099 4.75214
18.249365 4.791561
18.280721 4.739173
18.312015 4.631874
18.344394 4.77581
18.375641 4.788341
18.406891 4.683479
18.438182 4.14298
18.469587 4.167346
18.50216 4.379856
18.533431 4.418755
18.56472 2.798304
18.749088 2.946417
18.780344 3.110281
18.812792 3.451671
18.844067 3.342109
18.875358 3.255609
18.906703 3.147265
18.937983 3.247864
18.970445 2.848342
19.011951 2.738955
19.043229 2.549941
19.074518 2.325944
19.105775 2.41697
19.138194 2.399827
19.169533 2.273557
19.200842 2.219516
19.232156 2.282346
19.263438 3.147701
19.295806 3.535996
19.327033 3.687155
19.358293 3.890962
19.389556 4.010531
19.420811 3.939173
19.4531 3.9638
19.484323 4.134713
19.515491 4.24149
19.546743 4.585665
19.577959 4.747614
19.610334 4.763453
19.641626 4.757796
19.672868 4.778856
19.704137 4.620909
19.735418 4.267597
19.767714 4.212337
19.798987 4.221736
19.830272 3.955359
19.861577 3.94918
19.892915 3.953793
19.925331 4.093377
19.956656 4.180922
19.987919 4.352531
20.019293 4.543372
20.050586 4.289178
20.082935 4.488112
20.114235 4.434071
20.145521 4.330079
20.176831 4.302232
20.208138 3.875733
20.250755 3.230633
20.312783 3.034484
20.344072 2.727468
20.395744 2.703101
20.427102 2.627478
20.459485 2.551594
20.490835 2.662636
20.521969 2.828153
20.553283 3.144829
20.574349 3.411467
20.606695 3.308171
20.637927 2.962516
20.669181 2.944589
20.700494 2.894725
20.731784 2.802133
20.764222 2.75166
20.795484 2.506256
20.826791 2.287741
20.858031 2.544285
20.889275 2.827631
20.921701 3.118983
20.952988 3.16963
20.984254 3.279105
21.015522 3.702471
21.04684 3.826391
21.079308 3.647646
21.11064 4.057698
21.141966 4.466531
21.163066 4.254021
21.204719 4.541544
21.237286 4.507867
21.258401 4.422671
21.289647 4.42389
21.32097 4.417711
21.352291 4.232527
21.384782 4.056479
21.416025 4.021757
21.447392 4.044818
21.478721 4.043426
21.509971 4.236965
21.542388 4.330514
21.573688 4.258894
21.604974 4.386992
21.636242 4.691311
21.667508 4.711935
21.699898 4.764323
21.731234 4.80122
21.76253 4.836813
21.793807 4.847255
21.814955 4.859004
21.847261 4.768935
21.87855 4.696358
21.909892 4.734735
21.941265 4.774417
21.972628 4.777811
22.004976 4.774243
22.036317 4.787993
22.067628 4.771633
22.098872 4.816101
22.130155 4.937759
22.16264 4.855175
22.194012 4.860744
22.225361 4.868141
22.25675 4.796173
22.288137 4.182662
22.320688 4.198065
22.351948 4.005658
22.383284 4.350965
22.414662 4.699143
22.446101 4.765976
22.47857 4.68139
22.509905 4.800437
22.541159 4.785034
22.57249 4.256458
22.603797 4.180661
22.636222 3.934125
22.667496 3.778703
22.698793 3.672361
22.730095 3.676625
22.76138 3.623976
22.793792 3.560014
22.825079 3.702036
22.856403 4.349572
22.887685 4.530231
22.918978 4.667292
22.951262 4.813578
22.982538 4.771459
23.013801 4.460874
23.045124 4.612468
23.076472 4.66355
23.108871 4.36219
23.140135 4.292311
23.171457 4.530667
23.202679 4.632309
23.233945 4.349572
23.266384 4.524314
23.2976 4.437813
23.32886 4.379943
23.360153 4.365149
23.391458 4.522747
23.423845 4.109389
23.45516 4.021235
23.486485 4.054391
23.517757 4.034202
23.549066 4.098773
23.58151 3.160145
23.663866 3.221322
23.695121 3.412685
23.726334 3.71126
23.757686 3.784533
23.790079 4.312065
23.811126 4.710804
23.84242 4.64136
23.873692 3.765388
23.935554 3.588819
23.968006 3.385273
23.9993 3.285632
24.030581 3.204004
24.061789 2.913174
24.093102 2.791951
24.125542 2.815796
24.156935 2.969304
24.188278 3.780443
24.219502 4.33852
24.25078 4.456871
24.283129 4.574961
24.314416 4.651802
24.345628 4.735866
24.376868 4.820713
24.408113 4.861353
24.440589 4.852825
24.461542 4.905213
24.492813 4.908258
24.524087 4.920703
24.555369 4.860135
24.587787 4.960994
24.619058 4.831765
24.65027 4.795216
24.681514 4.829155
24.712823 4.854826
24.74519 4.8255
24.776473 4.834028
24.807755 4.83542
24.839023 4.687308
24.870302 4.684958
24.902779 4.797914
24.934091 4.727164
24.965384 4.766759
24.996733 4.797739
25.02805 4.827849
25.060506 4.732472
25.091763 4.290745
25.122972 4.116438
25.154214 3.798805
25.185532 3.861026
25.218043 4.198414
25.249351 4.745526
25.280698 4.643535
25.312016 4.741958
25.343309 4.724205
25.37563 4.318331
25.406915 4.249148
25.438204 3.764692
25.469474 3.78784
25.50079 3.795324
25.533302 3.329404
25.554457 3.032656
25.585735 3.090614
25.61703 3.005592
25.648238 3.801851
25.68075 4.050475
25.712039 4.112957
25.743268 4.207986
25.774516 4.015492
25.805856 4.013925
25.838211 4.289352
25.869547 4.278126
25.900803 4.216688
25.932089 3.995476
25.963383 3.278583
26.006056 3.640859
26.037332 4.124705
26.068591 4.048908
26.099957 3.951269
26.131257 3.955794
26.163746 4.142023
26.195087 4.258981
26.226358 4.27743
26.257679 4.246711
26.288977 3.930209
26.321465 3.76008
26.35285 3.746417
26.384139 3.829959
26.415435 3.619799
26.446763 3.788884
26.479136 3.881912
26.510473 2.676646
26.61325 2.615208
26.644532 2.640358
26.675787 2.682912
26.708202 2.678648
26.739399 2.892202
26.770561 2.966606
26.801819 3.536605
26.833065 3.723704
26.865464 3.194693
26.896732 3.05302
26.927994 2.95538
26.959234 2.903341
26.99048 2.829893
27.02286 2.583358
27.054115 2.439683
27.085349 2.347874
27.116585 2.340303
27.147857 3.202525
27.180124 3.442273
27.201275 3.656175
27.232519 3.851715
27.263733 4.063267
27.294922 4.22452
27.327019 4.473145
27.358214 4.658242
27.389407 4.766933
27.420647 4.921138
27.451807 4.981619
27.484023 4.964475
27.515259 4.947506
27.546454 4.984055
27.57767 4.985622
27.608906 4.938194
27.641312 4.876669
27.672528 4.94359
27.70372 4.911652
27.734945 4.950029
27.766201 4.991191
27.798643 4.667379
27.829932 4.333995
27.861211 4.190582
27.892533 4.165867
27.923744 4.188493
27.956151 4.59576
27.987425 4.771981
28.018566 4.757535
28.049791 4.764932
28.081075 4.627523
28.113416 4.427284
28.144668 4.245406
28.17595 4.152379
28.207191 4.014796
28.238493 3.909672
28.270896 3.904712
28.302129 3.918809
28.333319 3.97929
28.364624 4.152553
28.395891 4.500296
28.428191 4.701231
28.459455 4.645972
28.490722 4.824717
28.521959 4.999719
28.553203 4.988058
28.58558 5.02339
28.616914 3.649474
28.699171 3.715959
28.730466 3.974069
28.761867 4.306844
28.794275 4.699839
28.825457 4.767107
28.856673 4.810358
28.887903 4.850649
28.919174 3.756686
28.971925 3.666356
29.003181 3.540869
29.034581 3.366824
29.065837 3.088351
29.097163 3.070685
29.129583 3.03109
29.160816 3.193475
29.191946 3.35377
29.223161 3.933255
29.254412 4.709585
29.286759 4.837944
29.318025 4.934887
29.34924 4.996761
29.380443 5.021301
29.411722 5.014252
29.444112 4.862136
29.475363 4.858481
29.506629 4.913132
29.53792 4.884936
29.56924 4.914176
29.601661 4.903298
29.63297 4.883022
29.664215 4.896249
29.695426 4.894944
29.726676 4.925924
29.758942 4.78573
29.790142 4.673471
29.82149 4.821584
29.852743 4.773373
29.883979 4.830895
29.916356 4.844819
29.94762 4.778333
29.978853 4.644144
30.010072 2.575961
30.224966 2.293485
30.288063 2.303318
30.31939 2.410792
30.350656 2.590059
30.381956 2.752617
30.413271 2.853999
30.445715 3.029959
30.477042 2.765409
30.508277 2.265551
30.71312 1.727576
30.744398 1.464419
30.776773 2.146939
30.807986 2.27199
30.839192 2.37137
30.87041 2.455956
30.901717 2.540194
30.934175 2.608855
30.965428 2.649408
30.996761 3.189994
31.028059 3.475689
31.059263 3.657393
31.091616 3.809074
31.122853 4.000698
31.154037 4.139934
31.185366 4.319897
31.216711 4.60655
31.249035 4.738477
31.280247 4.70828
31.311412 4.789559
31.34267 4.821497
31.373854 4.817581
31.40617 4.672079
31.437405 4.308584
31.468666 4.575135
31.499859 4.527273
31.531018 4.688265
31.563526 5.014252
31.594877 5.020518
31.626148 4.787036
31.657491 4.848387
31.688909 4.872231
31.721391 4.336519
31.752692 4.329818
31.784017 4.278301
31.815337 4.189363
31.846568 4.18362
31.878993 4.187884
31.910229 4.235398
31.941575 4.319114
31.97288 4.4198
32.0042 4.852216
32.026267 4.931929
32.057593 4.91348
32.088847 4.946897
32.120131 4.935671
32.151433 4.95264
32.183799 4.948463
32.215021 4.944808
32.246298 4.931755
32.277619 4.991626
32.308958 5.017298
32.341276 5.048104
32.372564 5.057415
32.403741 5.009292
32.43497 4.99006
32.466269 5.014861
32.498656 5.021214
32.529915 4.953858
32.561154 4.931058
32.592364 4.977964
32.62358 4.933321
32.655943 5.003983
32.68714 5.008074
32.718386 5.001286
32.749612 5.019474
32.780896 5.056719
32.813409 4.910695
32.844791 4.821758
32.876018 4.791822
32.907214 4.815144
35.224375 4.873362
35.256677 4.875451
35.287916 4.449561
35.319143 4.389429
35.350349 4.343219
35.381584 4.365062
35.413962 4.365671
35.445167 4.252629
35.476336 4.126707
35.507658 4.16169
35.538939 4.334256
35.571285 4.633092
35.602542 4.801133
35.633856 4.886503
35.665153 4.964214
35.696381 4.947506
35.728836 4.696271
35.760067 4.574352
35.791269 4.608813
35.822452 4.37185
35.853757 4.50717
35.886367 4.500035
35.917567 4.387862
35.948765 4.471404
35.980006 4.64075
36.01128 4.887547
36.043651 4.976049
36.074903 4.952727
36.1061 4.770501
36.137349 4.604027
36.168684 4.821323
36.201029 4.812098
36.232237 4.775897
36.263458 4.794694
36.294661 4.810619
36.325947 4.844471
36.358427 4.95499
36.389789 4.928448
36.421112 4.678692
36.452488 4.48089
36.483737 4.665813
36.516071 4.668598
36.547268 4.480454
36.578483 4.698185
36.60967 4.692268
36.640902 4.663376
36.673176 4.998936
36.704313 4.805572
36.735446 4.805223
36.76664 4.769892
36.797839 4.788341
36.830146 4.561908
36.861343 4.511609
36.892618 4.529274
36.923799 4.311456
36.954971 4.380465
36.987404 4.776506
37.018614 4.872405
37.049821 4.883979
37.081084 4.899556
37.11232 4.918701
37.144743 4.938542
37.17601 4.945156
37.207273 4.766411
37.238514 4.729166
37.269732 4.758492
37.302169 4.758405
37.333329 4.732646
37.364547 4.872579
37.395745 4.929144
37.427001 4.886851
37.459294 4.769283
37.490428 4.881107
37.521567 5.007029
37.552843 5.073428
37.584118 5.075081
37.616405 5.061941
37.64759 4.598631
37.678782 4.957426
37.710032 5.101623
37.741395 5.011641
37.77365 4.973961
37.804836 5.023128
37.835933 4.978051
37.866982 4.387601
37.898181 4.557818
37.930461 4.586709
37.961706 4.459134
37.993033 4.512566
38.024294 4.591844
38.055556 4.559297
38.08795 4.279345
38.119228 4.604462
38.150534 4.525793
38.181797 4.163082
38.213098 4.470969
38.245554 4.611598
38.276808 4.303363
38.308105 4.453564
38.339367 4.616036
38.370644 4.611337
38.40303 4.585317
38.434286 4.802613
38.465576 4.647364
38.496853 4.645798
38.528135 4.626653
38.560531 4.509172
38.591743 3.813599
38.653543 3.79193
38.684795 3.741979
38.716043 4.150029
38.748406 5.05846
38.779726 4.049866
38.861823 4.259852
38.893042 3.882869
38.924224 3.836834
38.956574 3.771567
38.987819 3.549572
39.019029 3.289461
39.050148 3.348462
39.071148 3.487524
39.103473 3.607007
39.134673 3.633897
39.165849 4.041947
39.197068 4.613338
39.228224 4.741088
39.260561 4.814796
39.291778 4.877104
39.322968 4.90791
39.354126 4.91261
39.385272 4.970132
39.417564 5.00407
39.448673 5.141131
39.479853 5.146353
39.511007 5.08213
39.542185 5.1628
39.574435 5.085959
39.605612 5.079345
39.636852 5.096576
39.668059 5.004332
39.699348 4.916265
39.731716 4.95177
39.763003 4.955512
39.7942 4.971611
39.825321 4.968739
39.856513 5.043231
39.888767 5.000329
39.91998 4.967782
39.951164 5.15871
39.982362 5.03157
40.013624 4.963518
40.045951 4.986579
40.077232 4.956556
40.108524 4.946548
40.139782 4.686263
40.171009 5.017385
40.203422 5.004158
40.234681 5.012338
40.265933 5.117722
40.297223 5.056893
40.328492 5.038444
40.360924 5.028611
40.392121 4.905735
40.423374 4.549638
40.454729 4.433375
40.486149 4.310325
40.508509 4.366542
40.539765 4.453825
40.571091 4.644753
40.602386 4.687743
40.633702 4.575135
40.666122 4.852303
40.697452 5.11807
40.728791 5.109281
40.760097 4.92575
40.791444 4.846385
40.823836 4.816536
40.855222 4.789472
40.886505 4.802178
40.917852 4.798436
40.94924 4.766063
40.981791 4.840207
41.013145 4.958122
41.044447 5.095444
41.075671 5.075864
41.106969 5.08535
41.139439 5.056023
41.17085 5.095793
41.20221 5.117983
41.233608 5.099883
41.264991 5.118157
41.297414 5.112066
41.328694 5.131037
41.359948 5.09762
41.391178 5.039663
41.422456 5.005724
41.454846 5.043927
41.486134 5.089701
41.517408 5.030525
41.548679 5.028002
41.579884 5.072644
41.612327 5.127121
41.643659 5.064377
41.67499 5.045145
41.706228 4.9851
41.737579 4.907214
41.769939 4.674515
41.801237 4.974918
41.822267 4.956034
41.853475 4.948463
41.884721 5.003461
41.917099 5.01286
41.948368 3.095226
42.091858 2.544633
42.214753 2.654629
42.245997 2.797521
42.278358 2.451431
42.309624 2.569956
42.340833 2.466138
42.423141 1.871773
42.495339 1.700947
42.527809 1.331013
42.559228 1.169238
42.590486 0.598803
43.121123 0.790601
43.152396 0.816969
43.408915 0.305624
43.440105 0.188317
43.675059 0.166474
43.706285 0.357924
43.73753 0.474274
43.769917 0.596715
43.801153 0.714979
43.832406 0.79765
43.863623 0.871881
43.894913 0.954552
43.927244 1.468161
43.958426 2.008137
43.989649 2.068792
44.020887 2.140934
44.052204 2.202285
44.084488 2.258763
44.11582 1.689547
44.187913 1.88822
44.219125 2.294442
44.250476 2.610857
44.282925 2.604243
44.314197 2.582923
44.34545 2.585098
44.376755 1.949919
44.448817 1.869336
44.481099 1.807376
44.512304 1.568324
44.543591 1.532732
44.574835 1.587121
44.606045 1.580246
44.63852 1.651692
44.669802 1.730709
44.701057 1.918591
44.73235 2.538541
44.763591 2.571523
44.795986 2.595454
44.827293 2.494682
44.85861 2.50495
44.88994 2.507822
44.921276 2.499468
44.943494 2.504341
44.974795 2.353008
45.00607 2.34596
45.037317 2.349441
45.068662 2.355184
45.101079 2.246928
45.13238 2.446558
45.163665 2.448559
45.194904 2.442381
45.226243 2.488677
45.258611 2.614164
45.289858 2.599457
45.321137 2.576309
45.352391 2.56604
45.383742 2.362581
45.416119 2.342479
45.447398 2.34361
45.478671 2.355967
45.509902 2.35675
45.541197 2.352834
45.573608 2.39504
45.604884 2.401828
45.636138 2.502949
45.667473 2.63592
45.698744 2.638878
45.73114 2.629654
45.762455 2.635484
45.793761 2.629393
45.825054 2.592321
45.856383 2.598065
45.888778 2.612597
45.920087 2.587274
45.95136 2.616078
45.982641 2.621387
46.013964 2.585968
46.046355 2.548288
46.07764 2.571349
46.108993 2.581704
46.140348 2.555162
46.17171 2.555598
46.20412 2.551159
46.235452 2.539237
46.266771 2.546808
46.298056 2.615034
46.329387 2.605113
46.361796 2.614164
46.393134 2.627304
46.424525 2.643578
46.455857 2.601981
46.48718 2.546895
46.519543 2.483195
46.550827 2.403743
46.582172 2.289917
46.613456 2.40235
46.644825 2.581182
46.677405 2.575352
46.70878 2.609813
46.740175 2.497379
46.771425 2.444556
46.802714 2.425585
46.83517 2.203503
46.866494 2.195584
46.897867 2.144328
46.929194 2.113174
46.960526 2.090026
46.992895 2.078016
47.024193 2.197847
47.055505 2.242403
47.086741 2.298097
47.118029 2.529839
47.150348 2.602503
47.181612 2.637399
47.212851 2.651845
47.244216 2.633135
47.275571 2.640967
47.307997 2.614512
47.329105 2.620081
47.360382 2.604156
47.391627 2.594062
47.422888 2.589275
47.455286 2.60346
47.486494 2.606071
47.517803 2.606245
47.549165 2.591799
47.580525 2.448734
47.613102 2.483369
47.64438 2.488503
47.675649 2.46666
47.706973 2.449517
47.738237 2.478321
47.770633 2.487981
47.801927 2.506343
47.833217 2.622431
47.864495 2.600936
47.895793 2.574307
47.928104 2.579616
47.959352 2.577701
47.990646 2.452214
48.021918 2.482933
48.053277 2.497901
48.085733 2.488242
48.117035 2.518091
48.148362 2.588231
48.179643 2.59119
48.210942 2.596846
48.243312 2.57831
48.274599 2.478408
48.305805 2.400088
48.337139 2.406789
48.368417 2.415752
48.400887 2.406353
48.432193 2.404613
48.46352 2.391211
48.494807 2.409051
48.526069 2.518874
48.558455 2.627565
48.589757 2.568651
48.621136 2.560471
48.652382 2.549332
48.683759 2.556729
48.716227 2.554988
48.747497 1.942783
48.799225 2.055652
48.830477 2.253977
48.861762 2.650104
48.894164 2.637225
48.925424 2.64497
48.956705 2.6394
48.987962 2.644709
49.019259 2.066442
49.072061 1.092571
49.450326 0.846296
49.48161 0.967171
49.512924 1.440314
49.54414 1.109975
49.71937 1.054716
49.750683 0.824801
49.781934 0.335472
49.813209 0.36828
49.844512 0.446861
49.876901 0.512651
49.908157 0.552507
49.939447 0.61673
49.970741 1.084825
50.002112 1.564321
50.034564 1.675797
50.065766 1.822344
50.09706 1.968716
50.128304 2.116916
50.159521 2.249886
50.191944 2.334821
50.223234 2.470924
50.254508 2.63122
50.285794 2.664376
50.317096 2.648625
50.349564 2.631829
50.380946 2.638791
50.412222 2.63035
50.443528 2.6394
50.474891 2.649147
50.507407 2.660547
50.538681 2.64262
50.569996 2.652541
50.601365 2.69701
50.632737 2.662549
50.665213 2.671425
50.696583 2.683782
50.727901 2.670468
50.759127 2.666116
50.790498 2.686828
50.823074 2.675689
50.854406 2.654107
50.885792 2.668466
50.917147 2.678213
50.948537 2.647233
50.981039 2.646536
51.012374 2.642011
51.04364 2.600501
51.074983 2.583532
51.106238 2.624084
51.138643 2.622779
51.159687 2.617558
51.190939 2.579703
51.222215 2.18227
51.396528 2.641837
51.428931 2.684478
51.460159 2.69788
51.49141 1.5658
51.655322 0.922354
51.686582 0.828891
51.719094 0.834896
51.750344 0.962384
51.781632 1.093354
51.812925 1.260263
51.844188 1.385228
51.876667 1.498706
51.907986 2.042337
51.939273 2.708148
51.97058 2.570043
52.001888 2.555772
52.034313 2.571436
52.065634 2.574307
52.096961 2.559252
52.128311 2.564909
52.159613 2.561254
52.192127 2.583967
52.22341 2.627043
52.254684 2.723464
52.286048 2.710585
52.317401 2.69231
52.349904 2.702231
52.38118 2.610944
52.412527 2.228566
52.443778 2.081062
52.475047 1.681193
52.558584 1.897879
52.589906 1.878821
52.641662 1.995867
52.672968 2.293224
52.704282 2.213946
52.736775 1.698423
52.829173 1.53891
52.860368 1.454063
52.891624 1.481736
52.922851 1.241728
52.95516 1.220755
52.986381 1.317698
53.017606 1.451191
53.048839 1.522898
53.080146 1.84584
53.112533 2.163908
53.143817 2.267639
53.175076 2.337954
53.206351 2.401306
53.237644 2.488938
53.270043 2.54646
53.301337 2.583619
53.332678 2.652889
53.36396 2.705799
53.395216 2.643839
53.427602 2.646188
53.458862 2.656022
53.490099 2.641663
53.521416 2.658981
53.552787 2.63531
53.58522 2.647145
53.606289 2.652889
53.637519 2.55786
53.668794 2.73617
53.700035 2.714936
53.732429 2.720941
53.763706 2.718243
53.795033 2.688916
53.826316 2.648712
53.85764 2.635571
53.890102 2.64671
53.9214 2.556903
53.952697 2.565953
53.983952 2.580225
54.015226 2.531405
54.047622 2.534451
54.078851 2.600588
54.110089 2.64001
54.141432 2.652628
54.172722 2.671077
54.205067 2.720419
54.236285 2.658197
54.267563 2.710063
54.298855 2.721811
54.33014 2.673687
54.362429 2.656805
54.393743 2.647494
54.425084 2.653498
54.456263 2.653063
54.487606 2.675428
54.520133 2.579007
54.551468 2.545242
54.582774 2.604156
54.614036 2.629654
54.6454 2.631829
54.677793 2.640967
54.709184 2.639749
54.740546 2.619994
54.771886 2.691614
54.803207 2.746526
54.835604 2.64671
54.866883 2.636529
54.898196 2.648364
54.929487 2.655152
54.960822 2.645318
54.993295 2.615817
55.02458 2.650887
55.055911 2.560645
55.087136 2.601546
55.11843 2.671512
55.150767 2.618689
55.182134 2.611205
55.213377 2.625042
55.244723 2.628523
55.275967 2.621126
55.308372 2.687785
55.339671 2.707539
55.370824 2.695356
55.402112 2.724857
55.433388 2.749484
55.46582 2.696923
55.497157 2.647233
55.518225 2.701796
55.549481 2.677952
55.580764 2.705103
55.613114 2.723639
55.644368 2.717286
55.675656 2.727642
55.706976 2.733472
55.738241 2.719461
55.770626 2.688307
55.801845 2.698141
55.833085 2.724161
55.864384 2.727729
55.895623 2.700752
55.928005 2.725727
55.959294 2.723464
55.99054 2.72799
56.02171 2.77124
56.053004 2.741826
56.085443 2.688307
56.116704 2.001175
56.209148 1.972893
56.240376 2.427761
56.271638 2.616339
56.30403 2.619298
56.335352 2.714762
56.366702 2.735387
56.398006 2.109519
56.480285 1.875863
56.523046 1.646122
56.554339 1.615926
56.585605 1.596519
56.616895 1.588861
56.648132 1.60148
56.680544 1.646035
56.711764 1.384358
56.793938 2.008398
56.825216 2.726249
56.856575 2.727468
56.889085 2.739825
56.920311 2.730861
56.951583 2.567868
56.982838 1.95662
57.065143 1.914153
57.097583 1.791538
57.128826 1.783967
57.160054 1.779963
57.191325 1.76195
57.222594 1.841489
57.254867 1.927554
57.286162 2.002655
57.317421 2.42428
57.348679 2.759927
57.380007 2.769064
57.412505 2.746787
57.443708 2.752965
57.474987 2.741826
57.506252 2.721115
57.537523 2.71746
57.5699 2.710498
57.601142 2.720506
57.632285 2.71659
57.663636 2.784729
57.694876 2.734951
57.72734 2.42663
57.758594 2.724161
57.789822 2.727032
57.821016 2.704842
57.852254 2.719635
57.884717 2.690831
57.915875 2.687785
57.947043 2.471534
57.978089 2.712674
58.009181 2.384337
58.041523 2.338737
58.072571 2.385903
58.103588 2.379724
58.134638 2.40296
58.165697 2.411053
58.197668 2.441598
58.228694 2.450561
58.259668 2.413489
58.290704 2.624346
58.321701 2.731732
58.353979 2.743045
58.385139 2.757229
58.406096 2.747831
58.437328 2.729817
58.468646 2.701448
58.501008 2.683782
58.53215 2.664376
58.5633 2.721463
58.594437 2.772197
58.625652 2.753226
58.657993 2.74757
58.689229 2.767063
58.720499 2.764713
58.751731 2.748179
58.782965 2.780377
58.815325 2.714414
58.846571 2.705799
58.877766 2.707365
58.909011 2.716938
58.940247 2.687959
58.972597 2.716764
59.00373 2.696923
59.034868 2.712152
59.066054 2.773677
59.097297 2.83059
59.129669 2.840423
59.160884 2.835376
59.191979 2.797347
59.223094 2.749571
59.254245 2.74609
59.286487 2.749832
59.317701 2.751486
59.348924 2.743654
59.380069 2.751225
59.411249 2.744524
59.443449 2.722681
59.474634 2.805005
59.505828 2.837203
59.536944 2.791429
59.568145 2.78499
59.600508 2.795954
59.631662 2.78438
59.662653 2.79987
59.693841 2.797434
59.725041 2.803612
59.757415 2.71102
59.788741 2.728947
59.819895 2.766976
59.851053 2.769325
59.882258 2.763234
59.914595 2.77707
59.945833 2.757403
59.977028 2.755402
60.008208 2.80309
60.039438 2.769064
60.071619 2.667335
60.102761 2.672469
60.134022 2.785338
60.165246 2.805614
60.19654 2.768542
60.228804 2.777419
60.260024 2.610857
60.291184 2.705103
60.322422 2.725814
60.353652 2.653498
60.385915 1.785881
60.519139 1.826608
60.550338 2.180268
60.581559 2.505037
60.61275 2.322986
60.64504 2.231351
60.676257 2.583967
60.707425 1.851844
60.819983 1.631067
60.851148 1.428043
60.883445 1.507234
60.914678 1.560927
60.945821 1.434657
60.976957 1.549353
61.008088 1.630197
61.040379 1.709562
61.071509 2.107952
61.102669 2.523747
61.133871 2.551681
61.165058 1.683107
61.29908 1.764996
61.330296 1.867769
61.361471 2.19219
61.392678 2.549245
61.423868 2.632352
61.456151 1.877603
61.650345 1.636985
61.68161 1.097531
61.712855 0.780333
61.917126 0.502904
61.949482 0.336081
61.980792 0.413184
62.011972 0.485239
62.043243 0.580006
62.074545 0.642228
62.10692 0.69009
62.138184 0.756837
62.1694 0.983357
62.200706 1.359208
62.231883 1.369999
62.264177 1.373654
62.295382 1.359643
62.326573 1.390711
62.357737 1.398108
62.388948 1.402807
62.421291 1.294028
62.452519 1.332492
62.483764 1.297161
62.515043 1.336669
62.546343 1.329795
62.57873 1.338497
62.609929 1.271315
62.641263 1.345285
62.672598 1.366866
62.703877 1.418123
62.736696 1.389492
62.767983 1.25043
62.799257 1.245296
62.830457 1.194822
62.861732 1.184641
62.894101 1.244686
62.925326 1.23085
62.956523 1.226412
62.987769 1.261395
63.018968 1.255564
63.051361 1.392451
63.082543 1.361645
63.113772 1.347721
63.144957 1.323529
63.176213 1.297683
63.208607 1.317873
63.239845 1.316741
63.27127 1.313869
63.302541 1.317176
63.323475 1.320309
63.355817 1.363908
63.386842 1.40272
63.418027 1.381225
63.449384 1.373654
63.480565 1.367824
63.51279 1.370869
63.543979 1.371043
63.575147 1.367475
63.606318 1.369738
63.637383 1.368694
63.669733 1.336147
63.700871 1.416904
63.731954 1.408115
63.7631 1.428391
63.794289 1.423779
63.826518 1.438573
63.857678 1.398543
63.888866 1.423083
63.920004 1.424214
63.951079 1.378701
63.983309 1.347112
64.014525 1.331187
64.045645 1.344588
64.076797 1.284108
64.107969 1.358251
64.140158 1.320048
64.171213 1.337453
64.202303 1.285935
64.233374 1.386882
64.264508 1.375133
64.29669 1.336495
64.327802 1.363646
64.358961 1.303775
64.390055 1.270532
64.421236 1.256608
64.453422 1.300555
64.484628 0.956032
64.627577 1.052018
64.648555 1.163146
64.679738 1.04932
64.773165 1.225454
64.804344 0.895986
64.896522 0.899032
64.927668 0.814185
64.958843 0.786772
64.990981 0.824714
65.02211 0.814968
65.053402 0.708626
65.084396 0.728467
65.115518 0.718547
65.147678 0.952899
65.178727 1.207789
65.209736 1.229022
65.240942 1.254085
65.272117 1.289503
65.304408 1.32057
65.335528 1.322137
65.366689 1.261656
65.397843 1.209181
65.428951 1.280105
65.461186 1.295073
65.492336 1.287589
65.523496 1.284369
65.554602 1.302469
65.585709 1.296204
65.617925 1.316654
65.648963 1.327097
65.680058 1.459459
65.711199 1.4565
65.742367 1.456413
65.774594 1.433178
65.805778 1.398978
65.83692 1.392277
65.868021 1.396454
65.899074 1.394975
65.931213 1.396019
65.962332 1.417165
65.993436 1.417514
66.024551 1.412553
66.055853 1.462678
66.088084 1.473382
66.11927 1.455194
66.150419 1.43283
66.181501 1.435614
66.212698 1.415164
66.245294 1.415251
66.276412 1.416643
66.307518 1.41586
66.338556 1.406201
66.369612 1.420559
66.401689 1.438486
66.432806 1.454411
66.463813 1.473991
66.494802 1.47373
66.525785 1.473382
66.557845 1.475645
66.588976 1.465637
66.619943 1.449886
66.650913 1.456065
66.681993 1.461721
66.714223 1.461286
66.745354 1.461547
66.776669 1.476254
66.807918 1.397063
66.839108 1.475558
66.87144 1.489481
66.90273 1.480866
66.934002 1.435701
66.965199 1.44684
66.996527 1.446666
67.028858 1.452236
67.060033 1.445013
67.091233 1.317089
67.122412 1.307778
67.153653 1.307082
67.185934 1.348156
67.217144 1.35799
67.248311 1.358251
67.279527 1.359643
67.310797 1.359643
67.343097 1.353117
67.374401 1.482868
67.40561 1.490004
67.436746 1.47199
67.467909 1.426129
67.500191 1.399761
67.531293 1.388187
67.562489 1.414207
67.593673 1.469901
67.624826 1.440314
67.656962 1.396106
67.677925 1.470685
67.709105 1.505146
67.740243 1.41734
67.771359 1.404199
67.803652 1.408028
67.834767 1.396106
67.86601 1.38401
67.897223 1.388448
67.928426 1.398195
67.960806 1.380181
67.992194 1.387056
68.023319 1.467987
68.054592 1.460503
68.085902 1.486436
68.118205 1.49392
68.14935 1.475123
68.180447 1.480344
68.21151 1.482781
68.242539 1.490874
68.274795 1.489917
68.305892 1.492962
68.337037 1.495747
68.368119 1.496965
68.399294 1.501839
68.431595 1.51933
68.462647 1.506625
68.49371 1.517677
68.524848 1.522898
68.556119 1.525509
68.588272 1.52255
68.619375 1.5249
68.650493 1.513152
68.681685 1.528207
68.712861 1.528903
68.745434 1.502709
68.776671 1.475645
68.807737 1.474514
68.838812 1.476167
68.869931 1.423431
68.902182 1.241379
68.943505 1.293071
68.974671 1.465202
69.005823 1.470249
69.036943 1.53221
69.069108 1.531687
69.100242 1.512542
69.131224 1.36617
69.162296 1.363385
69.193366 1.295769
69.225482 1.125465
69.256704 1.068726
69.287776 1.054716
69.318987 1.059415
69.350174 1.061329
69.382388 1.074905
69.413384 0.721157
69.627416 1.147917
69.65849 1.506451
69.689576 0.812879
69.894667 0.754487
69.925703 0.299271
69.956793 0.362449
69.987899 0.445121
70.019093 0.541629
70.051258 0.606461
70.082397 0.663374
70.113506 0.722811
70.144735 0.916959
70.175838 1.383227
70.207918 1.411683
70.239001 1.426477
70.270262 1.4337
70.301379 1.449625
72.373454 1.522898
72.405473 1.529599
72.436548 1.52342
72.467505 1.510454
72.49859 1.508017
72.52975 0.905907
72.704266 0.75614
72.816849 0.974568
72.847805 1.264876
72.878841 0.734385
73.123411 0.202676
73.155548 0.25985
73.186527 0.320591
73.217728 0.382204
73.248784 0.429022
73.27973 0.461394
73.311895 0.496551
73.343004 0.527358
73.374076 0.714457
73.40513 1.068813
73.436185 1.117459
73.468432 1.142696
73.499561 1.171239
73.530642 1.233721
73.561741 1.322659
73.592887 1.419602
73.625028 1.477124
73.656074 1.525857
73.687109 1.552312
73.718223 1.566932
73.749372 1.530121
73.781516 1.499054
73.812596 1.496704
73.833541 1.488785
73.864638 1.478343
73.895716 1.483564
73.927834 1.486958
73.958914 1.501491
73.989988 1.496356
74.021146 1.529077
74.052272 1.578593
74.084508 1.574851
74.115617 1.583118
74.146718 1.56728
74.177821 1.535604
74.208941 1.525422
74.241122 1.526205
74.272207 1.529251
74.303315 1.527858
74.334448 1.531165
74.365516 1.542304
74.397652 1.540303
74.428772 1.547961
74.459839 1.575808
74.49094 1.567715
74.522031 1.583031
74.554314 1.036093
74.687263 1.350071
74.718385 1.581726
74.749492 1.410117
74.800979 1.565017
74.833237 1.025041
74.956096 0.874143
74.987236 0.727336
75.018449 0.79504
75.049683 0.806179
75.082009 0.750658
75.113164 0.815403
75.144334 0.882759
75.175515 0.927314
75.206698 1.167932
75.238975 1.493049
75.27015 1.506886
75.301341 1.504449
75.332585 1.52664
75.363829 1.544219
75.396137 1.544219
75.427287 1.543
75.458423 1.586773
75.489585 1.589819
75.52083 1.54361
75.553025 1.56641
75.584061 1.579115
75.615226 1.567541
75.646396 1.576678
75.67758 1.574242
75.709872 1.575286
75.74095 1.563451
75.772092 1.571196
75.803172 1.580594
75.834315 1.568585
75.866531 1.567193
75.897651 1.569107
75.928787 1.56728
75.959906 1.564582
75.991029 1.570935
76.023275 1.579115
76.054427 1.588339
76.085548 1.604264
76.11671 1.613054
76.14781 1.613576
76.180107 1.620364
76.211231 1.620103
76.2424 1.616187
76.273408 1.598434
76.304401 1.592864
76.336508 1.575373
76.367502 1.572675
76.398563 1.572153
76.429621 1.577287
76.46065 1.562058
76.492766 1.523942
76.52383 1.511237
76.554873 1.559709
76.585951 1.60557
76.617125 1.627238
76.649318 1.617318
76.680557 1.623671
76.711704 1.628457
76.742866 1.597825
76.774032 1.56815
76.806313 1.553617
76.837418 1.499489
76.868545 1.474165
76.899691 1.37435
76.940981 1.543436
76.973169 1.545524
77.004199 1.562842
77.035208 1.608964
77.066262 1.51115
77.097306 1.524552
77.129451 1.436659
77.160413 1.444404
77.191358 1.28228
77.22227 1.25687
77.253392 1.253128
77.285524 1.252779
77.316594 1.281758
77.347574 1.36121
77.378611 1.393321
77.409741 1.46703
77.441827 1.485043
77.472876 1.616535
77.504006 1.640031
77.535081 1.646471
77.566211 1.639335
77.598383 1.639857
77.629494 1.640553
77.66057 1.623322
77.691664 1.617492
77.722816 1.61462
77.754989 1.580594
77.786049 1.586512
77.817128 1.59095
77.848167 1.590602
77.879183 1.585468
77.911327 1.594953
77.94231 1.617057
77.973275 1.616622
78.004319 1.634635
78.035477 1.65117
78.067692 1.646558
78.09873 1.643338
78.129744 1.640988
78.16088 1.64238
78.192024 1.645165
78.224163 1.640988
78.255189 1.641858
78.286241 1.623148
78.317249 1.628196
78.348299 1.636115
78.380681 1.63568
78.411782 1.625324
78.44293 1.638029
78.47401 1.632373
78.505046 1.639161
78.537259 1.645513
78.56833 1.652388
78.599395 1.633069
78.630493 1.634113
78.661591 1.638987
78.693846 1.640379
78.725034 1.632982
78.756281 1.637942
78.787406 1.623322
78.8185 1.625759
78.850783 1.636811
78.881967 1.644121
78.913141 1.647689
78.944311 1.646906
78.97561 1.645774
79.007974 1.642903
79.039164 1.646558
79.070344 1.639161
79.10148 1.608093
79.132705 1.595997
79.165012 1.606788
79.196194 1.615055
79.227343 1.610704
79.258513 1.619145
79.289777 1.622191
79.322055 1.605831
79.343006 1.632634
79.374207 1.657087
79.405314 1.663614
79.436505 1.662222
79.468785 1.61549
79.499975 1.599826
79.531258 1.58277
79.562421 0.875536
79.786866 1.01425
79.81916 1.319439
79.850295 1.437616
79.881288 0.800783
80.075507 0.671641
80.106603 0.414837
80.138792 0.419449
80.169784 0.512651
80.20079 0.581921
80.231758 0.637006
80.262753 0.665115
80.294738 0.73569
80.325714 1.019732
80.356688 1.357555
80.387624 1.388274
80.418864 1.409856
80.450837 1.453802
80.48181 1.471903
80.512897 1.533689
80.543865 1.537692
80.574816 0.876754
80.790083 1.155401
80.821112 1.534559
80.852118 1.568498
80.883089 0.66555
81.087017 0.441031
81.119084 0.40744
81.15018 0.504035
81.181324 0.631611
81.212319 0.699663
81.243336 0.772153
81.275314 0.816969
81.296156 0.88302
81.327228 1.055151
81.358196 1.579985
81.389198 1.596781
81.421157 1.609138
81.452163 1.542826
81.483144 1.570152
81.514278 1.566932
81.545328 1.589297
81.57763 1.592168
81.608771 1.621756
81.639944 1.629327
81.671121 1.627326
81.702252 1.646993
81.734526 1.682672
81.765569 1.686675
81.796688 1.64064
81.827757 1.679539
81.85876 1.623061
81.890982 1.663701
81.922034 1.685283
81.953069 1.677277
81.984098 1.50706
82.015171 1.511672
82.0474 1.52168
82.078433 1.534211
82.10956 1.530295
82.140616 1.525509
82.171761 1.511411
82.203961 1.506364
82.23514 1.507147
82.256189 1.557707
82.287294 1.614794
82.318464 1.608355
82.350737 1.629936
82.381744 1.627413
82.412812 1.526379
82.443836 1.646732
82.474905 1.64473
82.507042 1.601654
82.538145 1.60879
82.569165 1.638029
82.600238 1.633765
82.631382 1.648472
82.663541 1.646471
82.694809 1.583988
82.726007 1.55179
82.757111 1.556837
82.788316 1.556663
82.820596 1.552747
82.851724 1.587991
82.882966 1.593909
82.914178 1.593822
82.945351 1.595475
82.977573 1.670315
82.998432 1.700947
83.029626 1.308909
83.131953 1.639596
83.163035 1.712347
83.195268 1.71722
83.226386 1.712521
83.257541 1.710954
83.288755 1.716176
83.32001 1.241902
83.413425 1.11128
83.444632 1.084303
83.475785 1.102056
83.50698 1.108583
83.538152 1.089525
83.570343 1.118068
83.601452 1.164538
83.632593 1.199173
83.663665 1.368259
83.694661 1.695725
83.726957 1.669706
83.758029 1.672577
83.789096 1.673796
83.820174 1.664571
83.851238 1.590167
83.883438 1.650561
83.914499 1.662918
83.945565 1.651344
83.976636 1.687458
84.007923 1.700338
84.040035 1.703209
84.071081 1.710867
84.102072 1.710606
84.133319 1.518808
84.164406 1.530034
84.196616 1.522811
84.2276 1.523159
84.258695 1.529686
84.289802 1.497139
84.320921 1.529251
84.353215 1.525509
84.384259 1.573894
84.415305 1.729925
84.44649 1.743936
84.477549 1.728098
84.509811 1.725226
84.540833 1.683977
84.57201 1.575199
84.603069 1.5658
84.634124 1.569281
84.666302 1.57868
84.697456 1.215012
84.759172 1.212749
84.810639 1.563451
84.841708 1.64386
84.873902 1.734364
84.904993 1.739063
84.93604 1.328576
85.017921 1.350854
85.049122 1.108844
85.081395 0.976308
85.112546 0.93532
85.143622 0.944893
85.174653 0.93036
85.205853 0.993539
85.23807 1.040705
85.269343 1.269575
85.300527 1.469118
85.331565 1.653693
85.362755 1.748374
85.395002 1.74968
85.426156 1.750028
85.457302 1.668574
85.488445 1.632982
85.519615 1.631851
85.551944 1.624715
85.583145 1.65378
85.614284 1.662831
85.645391 1.670489
85.676618 1.665354
85.708866 1.712869
85.74 1.757338
85.770978 1.679191
85.791786 1.671359
85.822753 1.67658
85.854804 1.651431
85.885788 1.650474
85.91675 1.65526
85.947713 1.658393
85.978835 1.66109
86.011053 1.662744
86.042064 1.742631
86.073139 1.697727
86.104127 1.669445
86.125146 1.669532
86.15723 1.666921
86.188223 1.662309
86.219248 1.656826
86.250257 1.645687
86.281442 1.646645
86.313568 1.665267
86.344691 1.707473
86.37585 1.717829
86.406883 1.722964
86.437962 1.728968
86.47015 1.722528
86.501308 1.732362
86.532438 1.722354
86.563525 1.718873
86.594596 1.714174
86.626778 1.733841
86.657901 1.756554
86.688963 1.754292
86.720142 1.747504
86.751298 1.753509
86.783435 1.747504
86.814506 1.766127
86.845598 1.770478
86.876721 1.741499
86.907867 1.738018
86.939981 1.742631
86.971043 1.740977
87.002209 1.730186
87.033285 1.723921
87.064438 1.732797
87.096782 1.734189
87.127898 1.730273
87.159033 1.764909
87.190147 1.761515
87.221262 1.765344
87.253612 1.784489
87.284795 1.782661
87.315992 1.784402
87.347224 1.787534
87.378336 1.752812
87.410436 1.740194
87.441487 1.739585
87.472529 1.729751
87.503531 1.736626
87.53457 1.735843
87.566713 1.732971
87.597831 1.737061
87.62896 1.737322
87.660134 1.772915
87.691267 1.793104
87.723651 1.753596
87.754682 1.74907
87.785739 1.748722
87.816861 1.751594
87.847985 1.7596
87.880255 1.757425
87.911429 1.756293
87.942589 1.763342
87.973763 1.763255
88.004954 1.760035
88.037163 1.769869
88.068243 1.162798
88.201126 1.29046
88.232203 1.610704
88.263375 1.708866
88.295509 1.759078
88.326522 1.126074
88.469452 1.130425
88.500478 0.835592
88.531567 0.641444
88.563694 0.626041
88.594767 0.640052
88.737806 0.63544
88.758628 0.609507
88.789697 0.604373
88.821888 0.566692
88.853168 0.493854
88.884192 0.528141
88.915196 0.554335
88.94631 0.579049
88.97864 0.654498
89.009692 0.861525
89.040727 0.849864
89.071746 0.853519
89.102782 0.85613
89.134925 0.855085
89.165994 0.855433
89.19698 0.858479
89.228026 0.848994
89.259291 0.873795
89.291502 0.893114
89.322546 0.88711
89.353629 0.877624
89.384633 0.879365
89.405552 0.881714
89.437759 0.87658
89.468763 0.879191
89.499742 0.881018
89.530748 0.879539
89.561724 0.881888
89.593881 0.883455
89.625051 0.893114
89.656188 0.895812
89.687324 0.895029
89.718457 0.896682
89.750631 0.893723
89.781771 0.894855
89.81281 0.897901
89.843932 0.892331
89.874963 0.89529
89.907124 0.893985
89.938205 0.891635
89.969233 0.893375
90.000341 0.89703
90.03141 0.896247
90.063567 0.895203
90.094581 0.896508
90.125609 0.900685
90.156789 0.904862
90.187819 0.903731
90.219969 0.909388
90.251081 0.906951
90.282194 0.90173
90.313261 0.907647
90.34434 0.906429
90.376521 0.911563
90.407469 0.915044
90.438596 0.91252
90.469646 0.895551
90.500654 0.898162
90.532827 0.899728
90.563992 0.891896
90.595084 0.889372
90.626109 0.885543
90.657133 0.88563
90.689324 0.88476
90.720274 0.89442
90.751265 0.90582
90.782266 0.903731
90.813305 0.902948
90.845425 0.91661
90.876477 0.917307
90.907458 0.921571
90.938438 0.921223
90.969453 0.84969
91.001552 0.824975
91.032615 0.82924
91.063635 0.919221
91.094594 0.923137
91.125686 0.918786
91.157874 0.919395
91.188962 0.926009
91.219948 0.895029
91.251025 0.826281
91.282131 0.773545
91.314299 0.792255
91.345422 0.763189
91.366392 0.760579
91.39764 0.765191
91.428838 0.765887
91.461056 0.762319
91.492169 0.763189
91.523324 0.800609
91.554452 0.877015
91.585697 0.913478
91.617946 0.929925
91.649084 0.932449
91.680246 0.93445
91.71136 0.931491
91.742439 0.937931
91.774543 0.924443
91.805724 0.903296
91.836805 0.914609
91.867808 0.912868
91.898874 0.909039
91.930996 0.905733
91.96213 0.909562
91.993259 0.913739
92.024339 0.908778
92.055438 0.91896
92.087547 0.932362
92.118565 0.911911
92.14974 0.918264
92.180881 0.918786
92.212062 0.914957
92.24429 0.917655
92.275533 0.91574
92.306756 0.919221
92.338013 0.913478
92.369175 0.928446
92.401515 0.924791
92.432753 0.925835
92.463926 0.929316
92.495195 0.930534
92.526473 0.928446
92.558785 0.926444
92.579775 0.930621
92.610938 0.927662
92.641939 0.926357
92.673135 0.933058
92.705479 0.941586
92.736683 0.93941
92.767849 0.941673
92.79904 0.933667
92.830146 0.937409
92.862382 0.938627
92.883363 0.944545
92.914529 0.94411
92.945726 0.938888
92.976872 0.948722
93.008985 0.952812
93.040083 0.95142
93.071118 0.701055
93.173372 0.872577
93.194288 0.937583
93.22637 0.941064
93.257406 0.913043
93.288418 0.933493
93.319484 0.919569
93.350475 0.705145
93.443702 0.649276
93.474793 0.605591
93.505878 0.601675
93.536932 0.612814
93.568079 0.601675
93.60028 0.61264
93.631375 0.633438
93.662454 0.663374
93.693625 0.75353
93.72476 0.928184
93.757034 0.9435
93.788173 0.952812
93.819253 0.944545
93.850281 0.925226
93.88137 0.954988
93.913542 0.957772
93.944577 0.948896
93.975662 0.955336
94.006678 0.959513
94.037764 0.955075
94.070001 0.958033
94.1011 0.955771
94.132187 0.935407
94.163181 0.932101
94.194485 0.924878
94.226671 0.933754
94.257776 0.938627
94.288834 0.945937
94.319992 0.949853
94.351133 0.950984
94.38323 0.953595
94.4144 0.974045
94.445474 0.922006
94.476565 0.910867
94.507675 0.894855
94.539916 0.900511
94.571039 0.912781
94.60204 0.907038
94.633075 0.910606
94.664184 0.912868
94.696353 0.913478
94.727403 0.916088
94.758673 0.954813
94.789749 0.969868
94.820832 0.982226
94.853226 0.98092
94.88433 0.983096
94.915407 0.974742
94.946558 0.98327
94.977712 0.983444
95.010022 0.946546
95.041138 0.885543
95.072391 0.889372
95.103494 0.886849
95.134624 0.89703
95.166808 0.899815
95.197978 0.90434
95.229286 0.902426
95.260519 0.90025
95.291812 0.90582
95.324197 0.965343
95.355463 0.961688
95.386729 0.960035
95.417955 0.959426
95.449137 0.96221
95.481435 0.959513
95.512605 0.958207
95.543806 0.96134
95.575002 0.956554
95.606238 0.983183
95.638511 0.9596
95.669687 0.979006
95.700865 0.994496
95.732085 0.992233
95.763255 0.993452
95.795412 0.995975
95.826562 0.997194
95.857761 0.997716
95.888918 1.000326
95.919978 0.955423
95.952372 0.953769
95.983492 0.95316
96.01471 0.952638
96.045912 0.955075
96.077089 0.95403
96.109478 0.952116
96.140613 0.956206
96.171708 0.970826
96.202784 0.995714
96.233829 0.997977
96.266033 1.006853
96.297128 1.002676
96.328222 1.004416
96.359284 1.005374
96.390469 0.995105
96.422622 0.991624
96.453684 0.990406
96.484815 0.99145
96.515924 0.98823
96.546995 0.98736
96.568935 0.992755
96.600123 0.988578
96.631277 0.991624
96.662395 0.999717
96.693777 1.007027
96.725968 0.983792
96.757226 0.984923
96.7883 0.984836
96.819273 0.987534
96.850471 0.989274
96.88269 0.991798
96.913745 0.990928
96.94488 0.988665
96.975929 1.006157
97.006912 1.011813
97.039105 1.01834
97.070327 1.018862
97.101458 1.017992
97.13258 0.995279
97.163739 0.991189
97.195929 0.999282
97.226993 0.998064
97.258058 0.992494
97.289176 1.005461
97.320326 1.004939
97.352602 1.001806
97.383815 1.012248
97.415089 1.021647
97.44622 0.991624
97.477369 0.992059
97.509686 0.969172
97.540936 0.956989
97.571963 0.96952
97.603063 0.979615
97.634207 0.981094
97.666432 0.981181
97.69749 0.996758
97.728625 1.014685
97.759716 0.995018
97.790872 1.017035
97.823021 1.005722
97.854093 1.013206
97.885157 1.008071
97.916158 1.009986
97.947376 1.013554
97.979544 1.015207
98.010786 1.013467
98.041949 0.993365
98.073051 0.979702
98.104364 0.992755
98.136468 0.873708
98.19815 1.006505
98.219016 1.009812
98.250088 0.984227
98.28117 0.933928
98.313474 0.995627
98.34463 1.01425
98.375828 1.019732
98.40696 0.399869
98.722921 0.525704
98.755177 0.738475
98.786263 0.398738
99.030915 0.149331
99.062084 0.177439
99.093273 0.249059
99.115321 0.278124
99.146395 0.308843
99.177559 0.335211
99.208673 0.366888
99.239825 0.389775
99.272115 0.459915
99.303366 0.7658
99.334524 0.781116
99.365733 0.77311
99.39698 0.812096
99.429378 0.850647
99.460626 0.876319
99.491787 0.909388
99.522931 0.935494
99.553955 0.958904
99.586365 0.977439
99.617516 1.009116
99.648795 1.018253
99.679942 1.034352
99.71112 1.041401
99.743392 1.040444
99.774634 1.045752
99.805797 1.042881
99.836896 1.040618
99.868161 1.033917
99.900372 1.043925
99.931488 1.041749
99.962544 1.047319
99.993564 1.030175
100.024688 1.038007
