7e-06 267.243
0.235702 271.119
0.266774 277.84
0.297855 283.07
0.328927 287.536
0.359936 291.539
0.392105 294.962
0.423202 298.444
0.444077 301.333
0.47509 300.092
0.506152 300.076
0.53822 298.7
0.569497 300.565
0.60056 303.007
0.631734 303.209
0.662826 304.16
0.694932 303.403
0.72602 302.318
0.757117 300.294
0.788157 299.01
0.819164 297.567
0.851204 295.34
0.882333 297.405
0.913434 294.559
0.944514 292.161
0.975621 291.069
1.007746 288.201
1.038718 286.354
1.069692 284.798
1.100696 284.473
1.131752 283.37
1.163759 282.085
1.194792 280.939
1.225847 280.627
1.246704 279.729
1.277785 279.728
1.30988 278.785
1.34091 280.06
1.371987 276.3
1.403081 275.287
1.434172 276.474
1.466311 276.934
1.497455 275.16
1.528596 270.432
1.559668 269.203
1.590865 269.625
1.623104 268.284
1.654143 267.675
1.68514 267.515
1.716305 268.255
1.747445 267.407
1.779673 268.167
1.810794 270.826
1.841992 271.155
1.873044 271.646
1.904098 271.917
1.93637 270.298
1.967521 270.025
1.998716 269.846
2.029969 270.591
2.061118 269.467
2.093326 270.253
2.124553 271.975
2.155805 269.356
2.176789 272.612
2.207971 295.382
2.270665 280.222
2.301687 272.241
2.332821 270.962
2.363888 273.959
2.394941 271.654
2.427006 270.345
2.458056 268.236
2.48912 268.403
2.520182 270.489
2.55126 270.051
2.583442 271.08
2.614876 272.304
2.645992 274.741
2.677049 270.828
2.708207 271.4
2.740334 270.39
2.771429 270.831
2.802492 272.708
2.823389 275.567
2.854489 270.573
2.886631 272.723
2.91774 272.998
2.948866 273.896
2.979899 273.714
3.010967 270.768
3.04317 268.528
3.074243 268.374
3.105327 274.094
3.136484 283.376
3.167634 270.323
3.199934 268.403
3.2311 268.091
3.262234 269.93
3.293359 268.715
3.324585 268.471
3.356743 269.472
3.387768 269.907
3.418809 270.445
3.449876 269.784
3.480909 273.807
3.513065 288.152
3.544249 292.198
3.575327 294.478
3.606373 275.749
3.637372 273.83
3.669571 305.117
3.782205 366.342
3.813385 314.44
3.844478 300.375
3.875605 299.712
3.907796 277.894
3.93893 274.089
3.970083 273.115
4.051846 269.702
4.083034 269.281
4.11522 271.226
4.146266 270.264
4.177277 271.992
4.208305 269.23
4.239372 269.839
4.27156 272.175
4.302608 268.538
4.3337 268.71
4.364731 269.546
4.395804 272.921
4.427958 277.727
4.459012 275.268
4.490059 271.668
4.52111 270.065
4.552402 270.419
4.584588 273.783
4.615639 269.328
4.64675 270.366
4.677845 274.235
4.709043 269.677
4.741298 268.777
4.772392 269.481
4.803554 268.241
4.834553 268.102
4.865647 274.676
4.897838 298.959
4.928928 278.169
4.959995 276.323
4.991064 275.878
5.022161 277.248
5.054264 276.777
5.08533 274.981
5.11667 274.141
5.147768 275.585
5.178776 270.705
5.210942 268.655
5.242163 269.752
5.27331 269.384
5.304368 268.969
5.335468 268.644
5.367705 269.983
5.398727 269.863
5.429772 268.717
5.460947 269.433
5.492033 270.693
5.524264 268.853
5.555472 269.361
5.586449 273.931
5.617421 270.607
5.64841 271.739
5.680515 270.699
5.711544 270.555
5.742654 271.154
5.773898 271.706
5.805051 272.465
5.837291 269.204
5.868479 269.866
5.899639 270.01
5.930791 270.378
5.962028 270.867
5.994348 271.24
6.025477 272.16
6.056708 269.389
6.087889 270.183
6.118994 274.833
6.151209 271.849
6.182498 272.938
6.213686 273.267
6.244931 268.989
6.276137 269.122
6.308439 271.522
6.339633 269.814
6.370806 316.55
6.463084 279.64
6.494235 270.507
6.526449 269.911
6.557712 268.316
6.588851 269.168
6.619909 269.261
6.651118 268.914
6.724034 271.369
6.755219 269.896
6.786409 269.519
6.817557 273.003
6.84874 280.03
6.88097 272.936
6.912066 273.446
6.943236 277.807
6.974514 272.132
7.005601 272.015
7.038081 271.52
7.069235 268.628
7.100405 268.597
7.131706 269.902
7.162922 271.546
7.195246 268.822
7.226404 269.211
7.257613 271.51
7.288883 268.983
7.320039 268.843
7.352298 269.232
7.383467 269.878
7.414651 273.467
7.445822 279.897
7.477062 280.723
7.509282 273.068
7.540511 274.537
7.571732 270.343
7.602849 270.169
7.634067 272.832
7.666394 284.872
7.697545 279.721
7.728641 274.727
7.75979 277.252
7.790923 275.879
7.823134 276.243
7.854181 281.5
7.885251 274.365
7.91639 273.948
7.947569 272.785
7.97976 272.406
8.010895 273.129
8.042063 273.941
8.07316 282.466
8.104327 271.631
8.136569 269.629
8.167713 271.168
8.19875 270.108
8.229857 271.394
8.261028 271.128
8.293243 272.489
8.32435 274.731
8.35547 270.818
8.386559 270.144
8.417654 268.027
8.449855 272.184
8.481004 281.429
8.512102 274.743
8.543241 273.315
8.57452 270.219
8.606753 270.025
8.637774 281.546
8.709711 330.25
8.74079 325.686
8.771989 317.952
8.80422 279.552
8.835538 272.227
8.866695 271.08
8.897782 272.915
8.928976 272.147
8.971628 273.625
9.002744 270.878
9.033888 269.323
9.065057 271.205
9.096085 273.372
9.128269 271.326
9.159339 272.79
9.190402 275.128
9.221528 269.021
9.252663 270.579
9.284903 272.049
9.315953 271.005
9.34698 270.196
9.37801 270.566
9.409102 269.626
9.441252 267.632
9.472349 270.655
9.503458 274.767
9.534662 270.747
9.56591 271.477
9.59824 275.281
9.629469 272.03
9.660638 270.285
9.691862 272.761
9.723098 269.051
9.755494 269.97
9.786647 268.891
9.817831 271.971
9.84909 268.102
9.880371 269.314
9.912613 268.849
9.943864 268.347
9.975217 269.635
10.006525 269.363
10.037771 268.515
10.070202 268.985
10.10148 269.943
10.132839 270.16
10.164169 269.371
10.195526 269.583
10.228035 270.702
10.259371 270.348
10.290763 272.95
10.322147 272.94
10.353482 276.405
10.385934 271.628
10.417234 273.018
10.448543 282.998
10.479807 284.905
10.511136 282.489
10.543584 271.295
10.575057 269.669
10.606451 283.265
10.688702 308.333
10.719889 304.558
10.752117 279.486
10.783455 272.334
10.81476 270.219
10.846082 268.559
10.877426 267.997
10.909958 267.898
10.961708 268.081
10.992987 268.907
11.024233 269.89
11.055557 268.984
11.087959 270.726
11.119266 269.163
11.150481 269.009
11.181728 268.701
11.213099 269.839
11.245597 269.116
11.27697 268.352
11.308299 270.592
11.339688 270.7
11.371006 269.056
11.403497 268.377
11.434806 270.697
11.466141 269.926
11.497502 270.81
11.528857 270.56
11.561355 272.194
11.592783 268.858
11.624115 268.826
11.655354 270.82
11.686721 268.514
11.71925 269.673
11.750615 270.238
11.781994 275.047
11.813324 270.336
11.844705 271.079
11.877264 269.221
11.908605 269.966
11.939982 270.039
11.971365 271.13
12.002753 269.346
12.035147 269.749
12.066509 269.515
12.097816 269.282
12.129123 272.291
12.160515 273.635
12.193035 269.372
12.224375 270.087
12.255733 270.478
12.286984 268.634
12.318165 267.898
12.350598 270.947
12.381821 269.247
12.40284 267.957
12.434071 269.783
12.465352 270.661
12.497773 268.158
12.529109 268.268
12.560374 269.511
12.591641 270.004
12.622908 269.279
12.655253 268.842
12.686573 269.116
12.717909 268.146
12.749181 268.579
12.780527 269.848
12.813136 269.273
12.844516 268.269
12.875885 269.883
12.907271 270.087
12.938676 271.477
12.971382 270.285
13.002697 269.653
13.034106 269.56
13.06545 268.947
13.096883 268.944
13.129474 268.922
13.160876 269.553
13.182069 269.198
13.213395 268.196
13.24479 268.602
13.277307 273.918
13.308706 270.012
13.34018 269.733
13.37151 269.463
13.402889 273.52
13.435402 279.074
13.466818 282.956
13.49822 278.023
13.529492 269.997
13.560899 269.683
13.593496 281.086
13.686151 325.555
13.717499 334.357
13.74877 314.487
13.780232 305.406
13.812768 301.75
13.844244 307.641
13.875662 307.494
13.907244 302.272
13.948942 283.453
13.981563 269.758
14.012839 268.209
14.044038 267.481
14.075416 267.906
14.106823 268.124
14.139284 267.379
14.170646 268.173
14.202083 269.065
14.233454 268.799
14.26484 271.352
14.297282 305.57
14.390036 328.961
14.431642 357.098
14.463006 303.905
14.494315 276.799
14.527021 274.147
14.558454 273.3
14.589853 272.401
14.651764 270.052
14.683112 270.665
14.715542 272.174
14.747021 268.473
14.77841 269.232
14.809804 269.053
14.84107 269.262
14.873746 269.09
14.905138 273.231
14.936513 271.74
14.967809 270.25
14.99926 271.09
15.031629 270.755
15.062854 291.006
15.09409 292.131
15.125452 284.071
15.156863 283.911
15.189491 273.635
15.220871 269.507
15.252224 268.527
15.283589 268.516
15.315018 268.561
15.34738 268.596
15.378736 268.464
15.410092 270.779
15.441397 271.273
15.472743 269.097
15.505341 268.134
15.536755 270.023
15.568074 268.477
15.599351 270.587
15.630685 271.577
15.663086 269.43
15.694303 268.015
15.725607 269.527
15.756917 270.445
15.788222 269.852
15.82074 270.132
15.85208 269.908
15.88334 269.231
15.914685 270.692
15.946015 271.871
15.978386 271.435
16.009737 271.954
16.041216 273.095
16.072625 273.631
16.103979 277.109
16.136496 278.697
16.16789 284.169
16.199269 277.114
16.230562 275.923
16.261951 275.479
16.29458 271.386
16.325996 270.404
16.357311 271.865
16.388615 273.67
16.419977 284.038
16.452491 291.537
16.483791 293.485
16.515195 287.577
16.546585 289.085
16.577869 278.701
16.610386 271.962
16.641709 271.212
16.67311 272.963
16.704491 269.65
16.735838 270.9
16.768222 274.692
16.799563 270.414
16.830848 269.734
16.862111 271.782
16.893358 269.828
16.925705 271.016
16.957018 272.224
16.988267 278.713
17.019553 278.332
17.050827 271.628
17.083181 270.0
17.114451 268.687
17.145673 268.464
17.176982 269.064
17.208288 267.973
17.240747 270.872
17.272047 269.779
17.303413 268.849
17.334672 269.243
17.365982 269.189
17.39849 268.247
17.429733 269.252
17.46091 272.187
17.492148 274.371
17.523443 295.055
17.555792 280.646
17.586998 275.038
17.618295 269.016
17.649588 269.212
17.680904 270.424
17.713287 268.825
17.744578 271.365
17.775837 270.754
17.807195 269.755
17.838503 268.988
17.870955 269.43
17.902136 269.696
17.933527 269.726
17.964969 269.552
17.996431 271.049
18.028976 269.639
18.060326 270.141
18.091686 274.069
18.123001 271.493
18.154349 269.934
18.186768 274.111
18.218099 272.621
18.249365 269.18
18.280721 270.622
18.312015 274.848
18.344394 268.743
18.375641 269.597
18.406891 272.359
18.438182 277.065
18.469587 302.978
18.50216 300.513
18.533431 293.327
18.56472 381.394
18.749088 410.681
18.780344 401.748
18.812792 391.562
18.844067 375.279
18.875358 363.067
18.906703 359.216
18.937983 357.942
18.970445 346.555
19.011951 322.569
19.043229 289.951
19.074518 279.601
19.105775 275.354
19.138194 280.81
19.169533 276.261
19.200842 273.916
19.232156 271.595
19.263438 268.995
19.295806 272.529
19.327033 274.709
19.358293 270.12
19.389556 269.424
19.420811 273.809
19.4531 285.536
19.484323 288.368
19.515491 291.073
19.546743 278.615
19.577959 275.802
19.610334 272.72
19.641626 270.66
19.672868 268.828
19.704137 269.013
19.735418 271.81
19.767714 272.018
19.798987 272.31
19.830272 283.426
19.861577 285.653
19.892915 287.429
19.925331 281.987
19.956656 274.089
19.987919 271.027
20.019293 272.598
20.050586 280.692
20.082935 286.668
20.114235 289.357
20.145521 291.211
20.176831 293.538
20.208138 298.743
20.250755 319.04
20.312783 338.327
20.344072 362.646
20.395744 388.025
20.427102 410.524
20.459485 428.286
20.490835 448.94
20.521969 442.558
20.553283 413.536
20.574349 349.889
20.606695 311.672
20.637927 306.027
20.669181 285.976
20.700494 278.911
20.731784 270.55
20.764222 271.816
20.795484 274.25
20.826791 276.208
20.858031 278.68
20.889275 272.267
20.921701 272.418
20.952988 279.23
20.984254 289.442
21.015522 282.227
21.04684 283.594
21.079308 291.761
21.11064 294.317
21.141966 291.614
21.163066 295.115
21.204719 287.663
21.237286 274.288
21.258401 273.116
21.289647 268.802
21.32097 275.674
21.352291 273.286
21.384782 272.211
21.416025 268.934
21.447392 268.819
21.478721 269.409
21.509971 268.84
21.542388 270.362
21.573688 274.423
21.604974 269.705
21.636242 268.297
21.667508 269.378
21.699898 268.344
21.731234 268.316
21.76253 269.378
21.793807 269.1
21.814955 267.941
21.847261 269.052
21.87855 269.356
21.909892 268.23
21.941265 268.0
21.972628 267.895
22.004976 268.184
22.036317 267.876
22.067628 268.323
22.098872 269.29
22.130155 269.336
22.16264 269.295
22.194012 268.961
22.225361 267.852
22.25675 271.271
22.288137 277.053
22.320688 286.708
22.351948 308.341
22.383284 305.482
22.414662 289.621
22.446101 283.006
22.47857 284.4
22.509905 279.222
22.541159 275.302
22.57249 272.135
22.603797 271.703
22.636222 269.142
22.667496 268.927
22.698793 271.52
22.730095 270.03
22.76138 269.483
22.793792 270.403
22.825079 273.986
22.856403 271.474
22.887685 271.151
22.918978 273.43
22.951262 270.717
22.982538 271.911
23.013801 288.571
23.045124 288.6
23.076472 288.781
23.108871 295.024
23.140135 296.508
23.171457 288.891
23.202679 284.081
23.233945 286.904
23.266384 280.271
23.2976 276.998
23.32886 278.395
23.360153 270.421
23.391458 269.959
23.423845 269.107
23.45516 268.48
23.486485 269.139
23.517757 269.807
23.549066 269.48
23.58151 280.82
23.663866 320.097
23.695121 337.993
23.726334 333.66
23.757686 337.474
23.790079 308.647
23.811126 297.939
23.84242 294.869
23.873692 291.182
23.935554 272.598
23.968006 268.961
23.9993 268.377
24.030581 268.217
24.061789 269.258
24.093102 268.696
24.125542 269.561
24.156935 268.881
24.188278 268.136
24.219502 268.981
24.25078 268.556
24.283129 268.696
24.314416 269.837
24.345628 271.776
24.376868 269.876
24.408113 269.584
24.440589 272.292
24.461542 272.63
24.492813 273.439
24.524087 270.152
24.555369 272.675
24.587787 269.731
24.619058 269.107
24.65027 271.612
24.681514 270.58
24.712823 269.816
24.74519 272.059
24.776473 270.959
24.807755 270.49
24.839023 271.237
24.870302 272.584
24.902779 271.046
24.934091 274.025
24.965384 273.776
24.996733 269.654
25.02805 269.087
25.060506 272.261
25.091763 279.654
25.122972 293.407
25.154214 306.958
25.185532 327.288
25.218043 312.601
25.249351 281.663
25.280698 279.641
25.312016 270.961
25.343309 272.959
25.37563 272.402
25.406915 275.982
25.438204 276.929
25.469474 281.219
25.50079 285.429
25.533302 295.227
25.554457 298.827
25.585735 302.962
25.61703 305.378
25.648238 276.776
25.68075 274.263
25.712039 276.349
25.743268 284.709
25.774516 295.926
25.805856 307.238
25.838211 309.694
25.869547 308.272
25.900803 310.569
25.932089 314.963
25.963383 320.374
26.006056 313.173
26.037332 309.96
26.068591 310.862
26.099957 316.86
26.131257 321.427
26.163746 306.309
26.195087 301.59
26.226358 302.877
26.257679 301.881
26.288977 306.609
26.321465 289.42
26.35285 279.072
26.384139 280.674
26.415435 286.201
26.446763 312.751
26.479136 314.878
26.510473 329.08
26.61325 365.899
26.644532 375.967
26.675787 406.188
26.708202 431.7
26.739399 434.378
26.770561 419.673
26.801819 383.849
26.833065 365.022
26.865464 333.35
26.896732 306.852
26.927994 272.801
26.959234 270.473
26.99048 271.834
27.02286 272.623
27.054115 269.15
27.085349 269.032
27.116585 271.734
27.147857 268.923
27.180124 270.062
27.201275 270.077
27.232519 268.743
27.263733 268.531
27.294922 269.093
27.327019 268.708
27.358214 267.982
27.389407 268.083
27.420647 268.331
27.451807 269.232
27.484023 270.649
27.515259 271.221
27.546454 270.09
27.57767 269.195
27.608906 271.015
27.641312 274.079
27.672528 273.529
27.70372 273.112
27.734945 273.499
27.766201 272.275
27.798643 279.355
27.829932 287.756
27.861211 301.957
27.892533 309.123
27.923744 315.33
27.956151 287.76
27.987425 272.153
28.018566 270.64
28.049791 270.071
28.081075 270.388
28.113416 271.827
28.144668 274.449
28.17595 270.025
28.207191 269.416
28.238493 269.79
28.270896 267.819
28.302129 269.595
28.333319 270.736
28.364624 270.153
28.395891 272.681
28.428191 274.085
28.459455 278.444
28.490722 276.012
28.521959 269.752
28.553203 269.849
28.58558 270.315
28.616914 292.541
28.699171 329.304
28.730466 332.223
28.761867 317.353
28.794275 288.065
28.825457 277.003
28.856673 273.159
28.887903 272.689
28.919174 272.066
28.971925 270.122
29.003181 269.915
29.034581 269.417
29.065837 269.843
29.097163 268.797
29.129583 268.586
29.160816 270.84
29.191946 269.343
29.223161 269.59
29.254412 270.514
29.286759 268.448
29.318025 269.956
29.34924 269.862
29.380443 268.417
29.411722 269.137
29.444112 269.504
29.475363 270.372
29.506629 268.759
29.53792 269.506
29.56924 269.23
29.601661 270.545
29.63297 272.172
29.664215 271.543
29.695426 272.546
29.726676 270.915
29.758942 272.051
29.790142 276.61
29.82149 272.227
29.852743 273.686
29.883979 269.967
29.916356 269.089
29.94762 270.334
29.978853 271.559
30.010072 324.153
30.224966 353.504
30.288063 379.652
30.31939 503.439
30.350656 490.709
30.381956 476.945
30.413271 463.65
30.445715 458.725
30.477042 396.566
30.508277 399.358
30.71312 383.669
30.744398 301.544
30.776773 279.598
30.807986 270.279
30.839192 267.802
30.87041 267.591
30.901717 268.945
30.934175 267.938
30.965428 267.967
30.996761 278.959
31.028059 275.045
31.059263 271.008
31.091616 271.285
31.122853 270.662
31.154037 272.257
31.185366 274.121
31.216711 271.21
31.249035 270.066
31.280247 270.108
31.311412 270.181
31.34267 269.546
31.373854 269.675
31.40617 273.336
31.437405 288.079
31.468666 291.347
31.499859 288.939
31.531018 280.534
31.563526 275.259
31.594877 271.896
31.626148 276.489
31.657491 274.281
31.688909 272.572
31.721391 271.836
31.752692 270.589
31.784017 270.826
31.815337 269.09
31.846568 268.275
31.878993 269.915
31.910229 270.598
31.941575 270.853
31.97288 270.519
32.0042 269.264
32.026267 269.32
32.057593 269.132
32.088847 268.973
32.120131 270.803
32.151433 269.377
32.183799 269.011
32.215021 270.905
32.246298 269.643
32.277619 269.093
32.308958 268.668
32.341276 268.767
32.372564 268.876
32.403741 268.515
32.43497 268.988
32.466269 267.954
32.498656 268.011
32.529915 269.35
32.561154 269.685
32.592364 269.362
32.62358 271.213
32.655943 268.728
32.68714 270.349
32.718386 271.707
32.749612 271.076
32.780896 271.394
32.813409 269.918
32.844791 269.969
32.876018 273.088
32.907214 273.135
35.224375 270.516
35.256677 269.226
35.287916 269.469
35.319143 268.213
35.350349 269.572
35.381584 271.18
35.413962 273.828
35.445167 279.702
35.476336 283.968
35.507658 283.107
35.538939 279.726
35.571285 280.337
35.602542 278.661
35.633856 276.305
35.665153 271.138
35.696381 272.898
35.728836 271.111
35.760067 275.468
35.791269 274.572
35.822452 282.339
35.853757 275.747
35.886367 274.85
35.917567 276.042
35.948765 270.789
35.980006 270.269
36.01128 269.326
36.043651 270.492
36.074903 269.979
36.1061 272.388
36.137349 279.061
36.168684 272.95
36.201029 270.204
36.232237 269.046
36.263458 268.425
36.294661 268.601
36.325947 269.203
36.358427 268.204
36.389789 267.246
36.421112 268.216
36.452488 278.993
36.483737 274.26
36.516071 274.09
36.547268 279.413
36.578483 269.892
36.60967 269.637
36.640902 271.519
36.673176 268.674
36.704313 268.988
36.735446 268.835
36.76664 269.073
36.797839 270.301
36.830146 273.289
36.861343 270.542
36.892618 271.183
36.923799 275.108
36.954971 277.834
36.987404 274.681
37.018614 272.694
37.049821 273.716
37.081084 269.604
37.11232 270.889
37.144743 270.009
37.17601 268.61
37.207273 269.327
37.238514 271.561
37.269732 271.059
37.302169 269.61
37.333329 269.567
37.364547 268.962
37.395745 269.158
37.427001 271.302
37.459294 278.314
37.490428 280.376
37.521567 273.048
37.552843 269.886
37.584118 268.814
37.616405 270.076
37.64759 280.412
37.678782 275.13
37.710032 270.206
37.741395 271.118
37.77365 271.332
37.804836 269.861
37.835933 270.091
37.866982 275.616
37.898181 289.778
37.930461 284.217
37.961706 278.479
37.993033 271.135
38.024294 271.159
38.055556 273.646
38.08795 284.257
38.119228 277.28
38.150534 275.086
38.181797 278.417
38.213098 278.054
38.245554 273.602
38.276808 278.095
38.308105 279.287
38.339367 274.257
38.370644 278.94
38.40303 271.147
38.434286 270.702
38.465576 271.369
38.496853 273.014
38.528135 274.776
38.560531 279.608
38.591743 297.321
38.653543 327.784
38.684795 332.899
38.716043 299.59
38.748406 279.997
38.779726 305.109
38.861823 317.7
38.893042 313.904
38.924224 277.163
38.956574 269.631
38.987819 271.678
39.019029 270.238
39.050148 269.087
39.071148 271.276
39.103473 270.646
39.134673 269.439
39.165849 268.951
39.197068 270.109
39.228224 268.801
39.260561 268.984
39.291778 270.273
39.322968 268.827
39.354126 269.468
39.385272 269.491
39.417564 269.635
39.448673 268.333
39.479853 269.5
39.511007 271.989
39.542185 269.502
39.574435 269.669
39.605612 270.284
39.636852 268.467
39.668059 269.393
39.699348 271.451
39.731716 271.252
39.763003 270.809
39.7942 270.563
39.825321 270.492
39.856513 268.541
39.888767 270.515
39.91998 272.322
39.951164 269.196
39.982362 270.53
40.013624 269.657
40.045951 268.745
40.077232 270.357
40.108524 271.503
40.139782 283.117
40.171009 271.892
40.203422 269.675
40.234681 268.522
40.265933 267.719
40.297223 268.585
40.328492 270.265
40.360924 272.369
40.392121 271.031
40.423374 272.429
40.454729 274.859
40.486149 281.05
40.508509 279.893
40.539765 278.31
40.571091 274.098
40.602386 271.062
40.633702 276.836
40.666122 270.575
40.697452 269.116
40.728791 270.867
40.760097 270.474
40.791444 271.85
40.823836 270.85
40.855222 269.05
40.886505 268.346
40.917852 270.36
40.94924 269.727
40.981791 271.274
41.013145 270.556
41.044447 270.522
41.075671 269.099
41.106969 269.748
41.139439 270.962
41.17085 268.938
41.20221 269.279
41.233608 272.196
41.264991 270.293
41.297414 268.748
41.328694 268.742
41.359948 269.834
41.391178 272.556
41.422456 273.429
41.454846 270.981
41.486134 268.74
41.517408 271.652
41.548679 272.164
41.579884 271.216
41.612327 270.34
41.643659 273.72
41.67499 271.477
41.706228 269.564
41.737579 271.737
41.769939 280.422
41.801237 270.838
41.822267 270.699
41.853475 269.657
41.884721 269.019
41.917099 268.841
41.948368 324.613
42.091858 431.678
42.214753 500.158
42.245997 487.564
42.278358 380.23
42.309624 373.761
42.340833 328.135
42.423141 321.342
42.495339 269.12
42.527809 270.619
42.559228 269.567
42.590486 445.813
43.121123 433.261
43.152396 390.03
43.408915 354.947
43.440105 344.282
43.675059 289.54
43.706285 272.553
43.73753 270.078
43.769917 269.473
43.801153 269.726
43.832406 269.858
43.863623 270.296
43.894913 269.356
43.927244 268.699
43.958426 268.848
43.989649 269.593
44.020887 268.953
44.052204 270.12
44.084488 269.239
44.11582 281.069
44.187913 317.529
44.219125 309.573
44.250476 274.1
44.282925 270.016
44.314197 270.898
44.34545 270.66
44.376755 270.006
44.448817 269.411
44.481099 272.354
44.512304 271.153
44.543591 274.552
44.574835 269.547
44.606045 269.101
44.63852 268.136
44.669802 269.329
44.701057 277.925
44.73235 274.422
44.763591 269.146
44.795986 268.503
44.827293 270.13
44.85861 268.922
44.88994 268.733
44.921276 269.259
44.943494 269.343
44.974795 267.971
45.00607 270.412
45.037317 269.947
45.068662 270.167
45.101079 281.28
45.13238 271.155
45.163665 268.24
45.194904 269.33
45.226243 270.104
45.258611 268.07
45.289858 268.227
45.321137 270.062
45.352391 270.573
45.383742 269.084
45.416119 268.277
45.447398 267.862
45.478671 267.738
45.509902 268.14
45.541197 268.554
45.573608 268.129
45.604884 268.097
45.636138 268.94
45.667473 267.601
45.698744 267.781
45.73114 269.994
45.762455 268.529
45.793761 268.071
45.825054 271.238
45.856383 271.22
45.888778 270.26
45.920087 273.347
45.95136 270.161
45.982641 268.162
46.013964 269.212
46.046355 269.455
46.07764 268.684
46.108993 268.27
46.140348 268.95
46.17171 267.888
46.20412 269.606
46.235452 268.919
46.266771 268.072
46.298056 268.302
46.329387 269.513
46.361796 269.868
46.393134 269.297
46.424525 269.007
46.455857 272.048
46.48718 277.84
46.519543 284.586
46.550827 287.399
46.582172 294.698
46.613456 300.881
46.644825 284.124
46.677405 280.11
46.70878 269.46
46.740175 268.236
46.771425 268.192
46.802714 268.037
46.83517 268.131
46.866494 269.339
46.897867 269.262
46.929194 268.871
46.960526 269.246
46.992895 270.053
47.024193 269.406
47.055505 271.789
47.086741 270.827
47.118029 268.519
47.150348 268.504
47.181612 268.064
47.212851 268.833
47.244216 271.948
47.275571 272.193
47.307997 271.819
47.329105 268.368
47.360382 268.456
47.391627 270.335
47.422888 270.819
47.455286 269.676
47.486494 269.198
47.517803 268.24
47.549165 267.991
47.580525 269.452
47.613102 268.428
47.64438 270.049
47.675649 272.981
47.706973 275.162
47.738237 272.909
47.770633 270.077
47.801927 268.733
47.833217 268.418
47.864495 268.124
47.895793 269.657
47.928104 269.272
47.959352 270.39
47.990646 273.572
48.021918 272.654
48.053277 269.488
48.085733 269.201
48.117035 268.866
48.148362 268.449
48.179643 268.981
48.210942 268.771
48.243312 269.515
48.274599 268.451
48.305805 270.1
48.337139 269.494
48.368417 268.656
48.400887 268.784
48.432193 270.483
48.46352 272.242
48.494807 271.02
48.526069 269.701
48.558455 269.838
48.589757 269.116
48.621136 269.119
48.652382 269.657
48.683759 271.056
48.716227 271.277
48.747497 282.106
48.799225 313.767
48.830477 312.327
48.861762 273.142
48.894164 268.659
48.925424 268.051
48.956705 269.301
48.987962 268.801
49.019259 268.994
49.072061 314.375
49.450326 495.239
49.48161 502.627
49.512924 480.062
49.54414 453.447
49.71937 301.919
49.750683 278.848
49.781934 273.687
49.813209 271.797
49.844512 271.661
49.876901 272.779
49.908157 272.426
49.939447 277.618
49.970741 269.836
50.002112 269.656
50.034564 269.355
50.065766 269.729
50.09706 268.399
50.128304 269.519
50.159521 268.085
50.191944 269.039
50.223234 269.823
50.254508 267.816
50.285794 267.63
50.317096 268.126
50.349564 268.334
50.380946 268.209
50.412222 268.25
50.443528 268.165
50.474891 267.513
50.507407 267.963
50.538681 268.805
50.569996 268.917
50.601365 268.835
50.632737 269.632
50.665213 269.4
50.696583 267.684
50.727901 269.691
50.759127 271.502
50.790498 268.449
50.823074 268.781
50.854406 269.212
50.885792 269.532
50.917147 268.586
50.948537 269.275
50.981039 269.043
51.012374 271.092
51.04364 270.908
51.074983 271.527
51.106238 268.855
51.138643 268.6
51.159687 268.742
51.190939 268.825
51.222215 300.227
51.396528 280.787
51.428931 269.937
51.460159 269.893
51.49141 269.368
51.655322 269.313
51.686582 272.8
51.719094 268.685
51.750344 268.48
51.781632 268.851
51.812925 269.509
51.844188 269.058
51.876667 268.407
51.907986 268.332
51.939273 269.204
51.97058 268.132
52.001888 270.224
52.034313 268.306
52.065634 270.124
52.096961 270.522
52.128311 269.007
52.159613 271.24
52.192127 269.312
52.22341 269.376
52.254684 269.395
52.286048 269.157
52.317401 269.845
52.349904 269.287
52.38118 270.074
52.412527 275.739
52.443778 283.392
52.475047 316.925
52.558584 357.562
52.589906 361.126
52.641662 361.041
52.672968 334.025
52.704282 325.545
52.736775 319.231
52.829173 281.676
52.860368 269.927
52.891624 270.38
52.922851 269.203
52.95516 268.273
52.986381 268.742
53.017606 272.6
53.048839 273.804
53.080146 272.778
53.112533 275.077
53.143817 270.113
53.175076 268.565
53.206351 270.356
53.237644 271.279
53.270043 268.52
53.301337 268.115
53.332678 268.404
53.36396 267.901
53.395216 268.903
53.427602 268.024
53.458862 267.639
53.490099 269.339
53.521416 269.157
53.552787 268.65
53.58522 267.444
53.606289 268.677
53.637519 275.62
53.668794 272.615
53.700035 271.062
53.732429 272.216
53.763706 268.14
53.795033 268.291
53.826316 269.102
53.85764 270.62
53.890102 269.968
53.9214 271.057
53.952697 267.582
53.983952 268.258
54.015226 272.093
54.047622 274.412
54.078851 273.2
54.110089 270.226
54.141432 272.037
54.172722 269.612
54.205067 268.343
54.236285 272.887
54.267563 267.872
54.298855 268.701
54.33014 269.796
54.362429 268.493
54.393743 269.098
54.425084 268.768
54.456263 270.931
54.487606 268.229
54.520133 268.292
54.551468 271.529
54.582774 269.266
54.614036 270.048
54.6454 270.286
54.677793 268.994
54.709184 268.643
54.740546 270.36
54.771886 270.775
54.803207 269.597
54.835604 270.946
54.866883 272.082
54.898196 269.321
54.929487 268.906
54.960822 269.101
54.993295 271.921
55.02458 270.952
55.055911 272.22
55.087136 268.616
55.11843 268.274
55.150767 269.495
55.182134 269.246
55.213377 269.921
55.244723 269.101
55.275967 268.769
55.308372 268.768
55.339671 267.949
55.370824 268.156
55.402112 268.744
55.433388 268.675
55.46582 273.114
55.497157 278.827
55.518225 273.134
55.549481 271.946
55.580764 269.473
55.613114 267.819
55.644368 268.636
55.675656 268.168
55.706976 267.571
55.738241 267.758
55.770626 272.223
55.801845 272.502
55.833085 269.155
55.864384 268.48
55.895623 270.937
55.928005 267.964
55.959294 268.722
55.99054 268.045
56.02171 267.776
56.053004 268.26
56.085443 268.2
56.116704 279.833
56.209148 311.039
56.240376 289.39
56.271638 273.33
56.30403 269.816
56.335352 268.476
56.366702 269.249
56.398006 269.246
56.480285 273.53
56.523046 269.735
56.554339 268.121
56.585605 268.633
56.616895 270.594
56.648132 270.506
56.680544 273.433
56.711764 285.7
56.793938 307.65
56.825216 279.378
56.856575 272.773
56.889085 270.955
56.920311 267.95
56.951583 269.287
56.982838 269.276
57.065143 270.336
57.097583 270.824
57.128826 268.558
57.160054 267.624
57.191325 268.32
57.222594 268.344
57.254867 268.15
57.286162 269.84
57.317421 269.262
57.348679 269.492
57.380007 269.084
57.412505 269.686
57.443708 269.541
57.474987 269.276
57.506252 268.834
57.537523 269.065
57.5699 268.263
57.601142 270.075
57.632285 271.119
57.663636 268.399
57.694876 268.59
57.72734 279.044
57.758594 274.569
57.789822 269.817
57.821016 269.256
57.852254 268.226
57.884717 271.612
57.915875 273.123
57.947043 281.091
57.978089 278.034
58.009181 277.333
58.041523 272.329
58.072571 268.322
58.103588 270.939
58.134638 269.974
58.165697 269.082
58.197668 270.636
58.228694 271.436
58.259668 269.598
58.290704 269.814
58.321701 270.095
58.353979 269.346
58.385139 268.698
58.406096 268.081
58.437328 270.942
58.468646 274.497
58.501008 278.095
58.53215 276.929
58.5633 269.06
58.594437 268.061
58.625652 268.561
58.657993 269.141
58.689229 268.707
58.720499 267.899
58.751731 268.539
58.782965 268.711
58.815325 269.038
58.846571 269.501
58.877766 269.192
58.909011 268.512
58.940247 272.288
58.972597 270.53
59.00373 271.121
59.034868 272.27
59.066054 270.154
59.097297 271.051
59.129669 269.653
59.160884 270.262
59.191979 268.974
59.223094 268.101
59.254245 269.416
59.286487 268.189
59.317701 268.925
59.348924 269.859
59.380069 267.867
59.411249 269.098
59.443449 270.496
59.474634 270.375
59.505828 268.229
59.536944 269.23
59.568145 269.79
59.600508 269.096
59.631662 269.046
59.662653 269.372
59.693841 268.174
59.725041 267.292
59.757415 267.974
59.788741 267.889
59.819895 267.597
59.851053 268.889
59.882258 267.735
59.914595 268.036
59.945833 270.932
59.977028 271.635
60.008208 271.085
60.039438 275.2
60.071619 277.663
60.102761 283.853
60.134022 279.682
60.165246 271.241
60.19654 273.908
60.228804 274.105
60.260024 283.652
60.291184 281.395
60.322422 278.134
60.353652 275.389
60.385915 291.929
60.519139 339.318
60.550338 330.376
60.581559 303.844
60.61275 303.71
60.64504 310.012
60.676257 305.501
60.707425 300.239
60.819983 271.817
60.851148 270.506
60.883445 270.262
60.914678 270.178
60.945821 268.691
60.976957 268.161
61.008088 269.989
61.040379 270.952
61.071509 271.751
61.102669 271.49
61.133871 272.066
61.165058 289.585
61.29908 390.041
61.330296 369.506
61.361471 315.002
61.392678 271.184
61.423868 269.266
61.456151 288.263
61.650345 294.891
61.68161 283.952
61.712855 281.618
61.917126 276.12
61.949482 271.387
61.980792 271.39
62.011972 273.464
62.043243 271.504
62.074545 271.417
62.10692 272.974
62.138184 274.8
62.1694 271.978
62.200706 271.387
62.231883 271.194
62.264177 269.853
62.295382 270.171
62.326573 270.529
62.357737 270.197
62.388948 270.991
62.421291 269.726
62.452519 271.44
62.483764 277.746
62.515043 278.474
62.546343 274.914
62.57873 274.055
62.609929 278.915
62.641263 271.842
62.672598 270.26
62.703877 270.157
62.736696 269.101
62.767983 269.803
62.799257 269.673
62.830457 277.289
62.861732 282.425
62.894101 272.601
62.925326 271.366
62.956523 272.298
62.987769 270.123
63.018968 271.347
63.051361 275.078
63.082543 273.817
63.113772 271.998
63.144957 272.623
63.176213 275.474
63.208607 271.966
63.239845 270.996
63.27127 270.436
63.302541 270.484
63.323475 270.964
63.355817 270.015
63.386842 270.921
63.418027 270.778
63.449384 270.545
63.480565 270.686
63.51279 270.685
63.543979 270.228
63.575147 270.876
63.606318 270.568
63.637383 270.18
63.669733 272.944
63.700871 272.843
63.731954 275.164
63.7631 277.297
63.794289 279.466
63.826518 272.327
63.857678 275.967
63.888866 273.209
63.920004 272.492
63.951079 274.402
63.983309 271.251
64.014525 276.9
64.045645 276.352
64.076797 282.163
64.107969 275.491
64.140158 278.474
64.171213 282.841
64.202303 284.815
64.233374 279.34
64.264508 281.335
64.29669 277.489
64.327802 272.781
64.358961 270.752
64.390055 270.89
64.421236 270.669
64.453422 272.283
64.484628 313.765
64.627577 330.164
64.648555 330.656
64.679738 342.301
64.773165 335.79
64.804344 327.511
64.896522 295.855
64.927668 273.825
64.958843 271.718
64.990981 273.161
65.02211 271.729
65.053402 271.792
65.084396 279.182
65.115518 285.301
65.147678 276.694
65.178727 271.335
65.209736 269.586
65.240942 270.379
65.272117 269.68
65.304408 269.756
65.335528 270.984
65.366689 273.067
65.397843 272.69
65.428951 269.79
65.461186 269.508
65.492336 271.179
65.523496 272.337
65.554602 269.643
65.585709 272.349
65.617925 271.053
65.648963 270.001
65.680058 270.068
65.711199 271.044
65.742367 271.135
65.774594 269.657
65.805778 270.416
65.83692 271.498
65.868021 272.503
65.899074 271.753
65.931213 271.529
65.962332 269.53
65.993436 271.36
66.024551 271.794
66.055853 270.168
66.088084 270.832
66.11927 269.847
66.150419 272.416
66.181501 269.926
66.212698 270.824
66.245294 269.634
66.276412 268.972
66.307518 269.814
66.338556 270.569
66.369612 270.132
66.401689 272.803
66.432806 271.305
66.463813 269.462
66.494802 270.455
66.525785 270.459
66.557845 270.475
66.588976 269.85
66.619943 271.025
66.650913 273.907
66.681993 270.193
66.714223 269.924
66.745354 271.038
66.776669 269.592
66.807918 279.286
66.839108 274.41
66.87144 269.161
66.90273 269.188
66.934002 271.349
66.965199 269.28
66.996527 270.083
67.028858 269.365
67.060033 270.872
67.091233 270.611
67.122412 271.262
67.153653 271.268
67.185934 269.577
67.217144 270.098
67.248311 271.657
67.279527 269.831
67.310797 270.049
67.343097 271.178
67.374401 269.519
67.40561 270.096
67.436746 269.946
67.467909 275.618
67.500191 282.478
67.531293 285.528
67.562489 280.579
67.593673 271.432
67.624826 274.148
67.656962 277.326
67.677925 275.891
67.709105 272.514
67.740243 270.878
67.771359 269.373
67.803652 270.866
67.834767 271.823
67.86601 271.048
67.897223 270.017
67.928426 272.146
67.960806 270.719
67.992194 269.78
68.023319 268.878
68.054592 271.87
68.085902 272.694
68.118205 270.037
68.14935 270.787
68.180447 269.438
68.21151 269.496
68.242539 269.741
68.274795 269.472
68.305892 269.423
68.337037 269.121
68.368119 269.371
68.399294 270.489
68.431595 269.24
68.462647 270.938
68.49371 271.813
68.524848 269.215
68.556119 269.22
68.588272 269.468
68.619375 269.115
68.650493 271.934
68.681685 270.635
68.712861 268.423
68.745434 269.396
68.776671 269.684
68.807737 269.106
68.838812 269.091
68.869931 276.743
68.902182 282.431
68.943505 299.845
68.974671 281.787
69.005823 275.028
69.036943 272.812
69.069108 271.684
69.100242 273.139
69.131224 271.87
69.162296 273.466
69.193366 273.012
69.225482 270.995
69.256704 270.225
69.287776 270.523
69.318987 269.709
69.350174 269.384
69.382388 269.97
69.413384 297.887
69.627416 329.167
69.65849 298.607
69.689576 296.902
69.894667 283.566
69.925703 275.615
69.956793 270.736
69.987899 271.875
70.019093 272.027
70.051258 270.552
70.082397 270.684
70.113506 271.515
70.144735 271.316
70.175838 271.062
70.207918 270.892
70.239001 270.519
70.270262 270.981
70.301379 269.967
72.373454 271.8
72.405473 269.67
72.436548 269.255
72.467505 271.028
72.49859 270.63
72.52975 293.745
72.704266 355.095
72.816849 414.655
72.847805 407.131
72.878841 393.303
73.123411 314.717
73.155548 284.063
73.186527 274.292
73.217728 272.025
73.248784 273.096
73.27973 272.206
73.311895 271.49
73.343004 271.051
73.374076 270.531
73.40513 272.651
73.436185 269.609
73.468432 272.692
73.499561 280.108
73.530642 279.984
73.561741 275.306
73.592887 272.037
73.625028 269.133
73.656074 270.36
73.687109 270.048
73.718223 269.16
73.749372 268.422
73.781516 269.677
73.812596 270.267
73.833541 271.744
73.864638 273.052
73.895716 273.914
73.927834 269.42
73.958914 268.865
73.989988 270.633
74.021146 269.716
74.052272 269.15
74.084508 270.352
74.115617 270.075
74.146718 269.89
74.177821 269.893
74.208941 270.561
74.241122 269.617
74.272207 269.742
74.303315 269.972
74.334448 269.286
74.365516 269.73
74.397652 270.845
74.428772 270.383
74.459839 270.364
74.49094 272.38
74.522031 272.224
74.554314 291.193
74.687263 308.674
74.718385 288.023
74.749492 298.346
74.800979 293.81
74.833237 290.339
74.956096 276.208
74.987236 272.192
75.018449 270.075
75.049683 270.099
75.082009 269.787
75.113164 270.974
75.144334 272.695
75.175515 270.61
75.206698 270.732
75.238975 270.143
75.27015 268.98
75.301341 271.213
75.332585 271.28
75.363829 269.547
75.396137 271.621
75.427287 272.957
75.458423 271.035
75.489585 271.273
75.52083 274.782
75.553025 272.273
75.584061 269.087
75.615226 270.96
75.646396 269.769
75.67758 268.923
75.709872 269.123
75.74095 272.474
75.772092 268.884
75.803172 269.948
75.834315 270.562
75.866531 269.187
75.897651 269.37
75.928787 269.462
75.959906 270.994
75.991029 272.359
76.023275 269.751
76.054427 270.995
76.085548 269.623
76.11671 270.63
76.14781 270.561
76.180107 268.607
76.211231 269.047
76.2424 268.686
76.273408 268.779
76.304401 271.348
76.336508 269.019
76.367502 269.427
76.398563 270.202
76.429621 270.206
76.46065 272.245
76.492766 278.653
76.52383 280.869
76.554873 279.092
76.585951 272.861
76.617125 268.679
76.649318 270.983
76.680557 270.76
76.711704 270.943
76.742866 268.486
76.774032 268.078
76.806313 273.222
76.837418 281.312
76.868545 281.702
76.899691 292.132
76.940981 278.857
76.973169 273.239
77.004199 269.178
77.035208 268.736
77.066262 270.084
77.097306 269.862
77.129451 271.511
77.160413 270.864
77.191358 270.481
77.22227 271.527
77.253392 270.788
77.285524 269.207
77.316594 268.487
77.347574 270.481
77.378611 270.987
77.409741 269.099
77.441827 269.601
77.472876 271.434
77.504006 268.994
77.535081 268.867
77.566211 269.715
77.598383 268.863
77.629494 270.221
77.66057 269.29
77.691664 269.811
77.722816 269.516
77.754989 268.856
77.786049 270.649
77.817128 268.867
77.848167 269.318
77.879183 270.515
77.911327 269.114
77.94231 269.021
77.973275 270.098
78.004319 270.488
78.035477 269.315
78.067692 269.271
78.09873 270.148
78.129744 269.596
78.16088 269.962
78.192024 269.506
78.224163 269.502
78.255189 268.511
78.286241 268.782
78.317249 269.477
78.348299 269.378
78.380681 269.967
78.411782 272.164
78.44293 269.492
78.47401 270.933
78.505046 270.679
78.537259 270.504
78.56833 271.23
78.599395 270.318
78.630493 270.152
78.661591 269.301
78.693846 268.856
78.725034 270.208
78.756281 270.433
78.787406 271.551
78.8185 271.855
78.850783 271.221
78.881967 270.67
78.913141 271.393
78.944311 269.513
78.97561 269.402
79.007974 270.848
79.039164 270.507
79.070344 270.83
79.10148 270.299
79.132705 272.28
79.165012 272.176
79.196194 270.956
79.227343 270.691
79.258513 269.219
79.289777 268.911
79.322055 271.39
79.343006 271.032
79.374207 273.771
79.405314 270.012
79.436505 270.443
79.468785 278.119
79.499975 279.708
79.531258 281.255
79.562421 335.063
79.786866 402.623
79.81916 355.379
79.850295 339.09
79.881288 318.944
80.075507 283.961
80.106603 278.031
80.138792 277.622
80.169784 272.631
80.20079 272.69
80.231758 271.424
80.262753 274.622
80.294738 273.817
80.325714 272.118
80.356688 272.644
80.387624 272.083
80.418864 270.79
80.450837 270.272
80.48181 272.846
80.512897 270.628
80.543865 270.588
80.574816 298.229
80.790083 365.701
80.821112 297.665
80.852118 289.355
80.883089 289.741
81.087017 272.784
81.119084 272.591
81.15018 274.701
81.181324 275.393
81.212319 270.575
81.243336 269.223
81.275314 270.277
81.296156 272.149
81.327228 269.369
81.358196 269.606
81.389198 268.965
81.421157 268.552
81.452163 269.437
81.483144 269.741
81.514278 273.397
81.545328 274.128
81.57763 271.268
81.608771 271.095
81.639944 271.541
81.671121 271.722
81.702252 275.198
81.734526 274.845
81.765569 272.331
81.796688 275.846
81.827757 273.253
81.85876 278.204
81.890982 278.15
81.922034 271.646
81.953069 272.359
81.984098 273.772
82.015171 270.398
82.0474 270.376
82.078433 269.434
82.10956 271.796
82.140616 270.731
82.171761 272.762
82.203961 272.453
82.23514 270.918
82.256189 271.079
82.287294 273.788
82.318464 274.654
82.350737 270.181
82.381744 269.381
82.412812 273.694
82.443836 272.184
82.474905 272.744
82.507042 277.996
82.538145 280.216
82.569165 276.552
82.600238 276.756
82.631382 271.264
82.663541 268.768
82.694809 269.948
82.726007 269.069
82.757111 268.98
82.788316 269.112
82.820596 268.676
82.851724 269.301
82.882966 269.665
82.914178 269.215
82.945351 270.332
82.977573 269.124
82.998432 268.889
83.029626 290.818
83.131953 283.08
83.163035 275.923
83.195268 274.317
83.226386 274.886
83.257541 274.899
83.288755 276.303
83.32001 275.436
83.413425 272.308
83.444632 272.707
83.475785 274.137
83.50698 272.605
83.538152 275.0
83.570343 272.56
83.601452 272.714
83.632593 275.801
83.663665 274.274
83.694661 273.309
83.726957 271.241
83.758029 270.832
83.789096 270.578
83.820174 272.536
83.851238 279.204
83.883438 275.038
83.914499 270.512
83.945565 272.994
83.976636 269.182
84.007923 270.084
84.040035 271.195
84.071081 269.185
84.102072 269.94
84.133319 270.361
84.164406 269.023
84.196616 269.508
84.2276 271.07
84.258695 270.385
84.289802 270.936
84.320921 270.387
84.353215 271.768
84.384259 270.667
84.415305 271.738
84.44649 271.784
84.477549 271.785
84.509811 271.506
84.540833 272.741
84.57201 271.927
84.603069 271.942
84.634124 269.989
84.666302 269.867
84.697456 280.804
84.759172 320.986
84.810639 281.975
84.841708 271.803
84.873902 269.872
84.904993 269.455
84.93604 268.86
85.017921 269.057
85.049122 269.125
85.081395 269.863
85.112546 270.11
85.143622 270.466
85.174653 273.277
85.205853 269.877
85.23807 273.208
85.269343 274.284
85.300527 270.806
85.331565 269.964
85.362755 270.817
85.395002 272.444
85.426156 269.861
85.457302 269.369
85.488445 274.832
85.519615 278.595
85.551944 277.251
85.583145 273.244
85.614284 269.679
85.645391 269.615
85.676618 268.904
85.708866 269.795
85.74 269.62
85.770978 270.314
85.791786 274.663
85.822753 276.995
85.854804 278.165
85.885788 276.355
85.91675 272.382
85.947713 271.975
85.978835 271.279
86.011053 269.188
86.042064 269.522
86.073139 268.85
86.104127 269.871
86.125146 269.195
86.15723 268.822
86.188223 269.301
86.219248 269.48
86.250257 273.293
86.281442 272.959
86.313568 269.607
86.344691 269.863
86.37585 269.655
86.406883 269.274
86.437962 269.366
86.47015 270.581
86.501308 271.171
86.532438 270.361
86.563525 270.137
86.594596 271.2
86.626778 269.139
86.657901 268.174
86.688963 268.747
86.720142 269.967
86.751298 269.48
86.783435 270.563
86.814506 269.976
86.845598 269.09
86.876721 269.637
86.907867 269.808
86.939981 269.563
86.971043 268.707
87.002209 268.783
87.033285 270.611
87.064438 269.396
87.096782 268.916
87.127898 271.572
87.159033 270.681
87.190147 271.252
87.221262 271.031
87.253612 269.49
87.284795 270.093
87.315992 269.741
87.347224 268.532
87.378336 268.724
87.410436 269.118
87.441487 268.303
87.472529 270.763
87.503531 269.539
87.53457 269.072
87.566713 268.932
87.597831 269.718
87.62896 269.842
87.660134 268.68
87.691267 269.488
87.723651 271.082
87.754682 270.946
87.785739 271.011
87.816861 271.7
87.847985 269.412
87.880255 270.632
87.911429 269.526
87.942589 268.859
87.973763 268.652
88.004954 268.484
88.037163 268.65
88.068243 288.094
88.201126 314.458
88.232203 270.274
88.263375 268.42
88.295509 270.706
88.326522 268.762
88.469452 271.299
88.500478 272.471
88.531567 275.716
88.563694 275.449
88.594767 274.377
88.737806 272.242
88.758628 272.384
88.789697 272.713
88.821888 272.68
88.853168 272.477
88.884192 272.559
88.915196 273.474
88.94631 274.283
88.97864 274.107
89.009692 272.895
89.040727 272.655
89.071746 272.861
89.102782 272.724
89.134925 273.037
89.165994 273.57
89.19698 273.309
89.228026 273.425
89.259291 273.116
89.291502 272.648
89.322546 271.309
89.353629 272.045
89.384633 272.331
89.405552 271.758
89.437759 272.22
89.468763 272.519
89.499742 271.837
89.530748 272.718
89.561724 272.672
89.593881 272.438
89.625051 273.004
89.656188 272.345
89.687324 272.593
89.718457 272.444
89.750631 273.12
89.781771 273.913
89.81281 274.604
89.843932 271.847
89.874963 272.168
89.907124 271.6
89.938205 270.783
89.969233 272.097
90.000341 271.941
90.03141 272.062
90.063567 271.47
90.094581 272.131
90.125609 273.101
90.156789 272.791
90.187819 274.467
90.219969 272.595
90.251081 272.77
90.282194 273.636
90.313261 273.74
90.34434 271.415
90.376521 271.728
90.407469 271.655
90.438596 272.132
90.469646 272.082
90.500654 272.109
90.532827 272.262
90.563992 271.309
90.595084 272.466
90.626109 272.12
90.657133 272.384
90.689324 273.38
90.720274 272.288
90.751265 271.639
90.782266 272.63
90.813305 273.139
90.845425 272.785
90.876477 272.489
90.907458 272.515
90.938438 272.424
90.969453 278.646
91.001552 289.479
91.032615 295.778
91.063635 278.84
91.094594 273.37
91.125686 273.348
91.157874 273.943
91.188962 272.532
91.219948 272.919
91.251025 271.258
91.282131 271.893
91.314299 272.945
91.345422 272.066
91.366392 272.133
91.39764 271.996
91.428838 271.895
91.461056 272.034
91.492169 274.433
91.523324 278.949
91.554452 280.569
91.585697 274.798
91.617946 273.953
91.649084 271.965
91.680246 271.757
91.71136 273.429
91.742439 271.467
91.774543 269.145
91.805724 271.128
91.836805 272.224
91.867808 271.663
91.898874 272.425
91.930996 274.635
91.96213 272.686
91.993259 272.525
92.024339 273.238
92.055438 274.357
92.087547 272.013
92.118565 273.143
92.14974 272.495
92.180881 272.964
92.212062 273.273
92.24429 272.716
92.275533 272.645
92.306756 271.994
92.338013 271.889
92.369175 273.186
92.401515 271.225
92.432753 273.643
92.463926 273.263
92.495195 272.829
92.526473 272.627
92.558785 273.097
92.579775 272.394
92.610938 273.502
92.641939 273.511
92.673135 273.424
92.705479 273.998
92.736683 274.272
92.767849 275.306
92.79904 274.088
92.830146 273.633
92.862382 273.829
92.883363 272.003
92.914529 270.863
92.945726 272.358
92.976872 272.147
93.008985 272.848
93.040083 272.852
93.071118 297.061
93.173372 299.659
93.194288 285.962
93.22637 274.681
93.257406 277.414
93.288418 275.774
93.319484 278.068
93.350475 277.104
93.443702 277.067
93.474793 273.714
93.505878 272.49
93.536932 272.294
93.568079 272.599
93.60028 272.428
93.631375 272.034
93.662454 274.35
93.693625 274.318
93.72476 274.944
93.757034 276.189
93.788173 273.306
93.819253 273.971
93.850281 277.143
93.88137 275.185
93.913542 271.472
93.944577 270.591
93.975662 270.125
94.006678 271.29
94.037764 270.678
94.070001 272.313
94.1011 272.995
94.132187 272.1
94.163181 271.843
94.194485 274.254
94.226671 272.243
94.257776 272.484
94.288834 273.681
94.319992 271.671
94.351133 271.567
94.38323 272.176
94.4144 271.713
94.445474 270.303
94.476565 272.393
94.507675 276.125
94.539916 276.273
94.571039 272.723
94.60204 273.827
94.633075 271.481
94.664184 270.949
94.696353 271.246
94.727403 271.087
94.758673 276.581
94.789749 270.263
94.820832 270.584
94.853226 271.524
94.88433 271.736
94.915407 273.66
94.946558 271.635
94.977712 271.341
95.010022 270.245
95.041138 273.268
95.072391 274.156
95.103494 275.934
95.134624 273.723
95.166808 274.282
95.197978 272.227
95.229286 271.674
95.260519 272.435
95.291812 272.58
95.324197 272.613
95.355463 271.468
95.386729 271.444
95.417955 272.109
95.449137 271.11
95.481435 271.573
95.512605 272.333
95.543806 271.578
95.575002 271.714
95.606238 271.917
95.638511 278.501
95.669687 275.991
95.700865 272.951
95.732085 272.251
95.763255 272.227
95.795412 271.165
95.826562 271.9
95.857761 271.187
95.888918 270.989
95.919978 272.881
95.952372 271.751
95.983492 271.597
96.01471 272.686
96.045912 271.358
96.077089 272.161
96.109478 273.131
96.140613 272.616
96.171708 272.521
96.202784 272.034
96.233829 274.365
96.266033 271.699
96.297128 271.595
96.328222 272.631
96.359284 271.181
96.390469 270.004
96.422622 270.648
96.453684 271.664
96.484815 271.655
96.515924 271.029
96.546995 272.054
96.568935 271.984
96.600123 271.349
96.631277 272.336
96.662395 271.17
96.693777 270.295
96.725968 271.893
96.757226 273.172
96.7883 273.234
96.819273 272.918
96.850471 272.184
96.88269 271.19
96.913745 272.021
96.94488 273.459
96.975929 271.8
97.006912 270.68
97.039105 271.772
97.070327 271.299
97.101458 271.687
97.13258 272.271
97.163739 273.275
97.195929 272.522
97.226993 271.744
97.258058 274.302
97.289176 271.914
97.320326 271.202
97.352602 271.879
97.383815 271.629
97.415089 271.77
97.44622 272.713
97.477369 272.387
97.509686 276.849
97.540936 279.244
97.571963 274.877
97.603063 273.071
97.634207 272.364
97.666432 272.647
97.69749 272.972
97.728625 272.86
97.759716 276.36
97.790872 271.708
97.823021 269.561
97.854093 272.914
97.885157 274.916
97.916158 272.942
97.947376 271.771
97.979544 271.773
98.010786 273.227
98.041949 275.976
98.073051 277.568
98.104364 278.674
98.136468 292.457
98.19815 279.951
98.219016 276.24
98.250088 278.302
98.28117 282.347
98.313474 287.077
98.34463 281.139
98.375828 278.047
98.40696 335.678
98.722921 386.019
98.755177 372.665
98.786263 352.713
99.030915 322.583
99.062084 308.842
99.093273 306.35
99.115321 293.394
99.146395 280.285
99.177559 276.525
99.208673 275.703
99.239825 276.07
99.272115 275.836
99.303366 274.309
99.334524 272.81
99.365733 272.257
99.39698 271.443
99.429378 270.883
99.460626 271.249
99.491787 273.494
99.522931 271.601
99.553955 271.625
99.586365 274.942
99.617516 274.615
99.648795 271.957
99.679942 271.696
99.71112 271.975
99.743392 270.166
99.774634 271.163
99.805797 272.687
99.836896 272.088
99.868161 269.842
99.900372 271.277
99.931488 271.33
99.962544 271.106
99.993564 271.359
100.024688 270.832
