
1.3e-05 0.31367821535547125
0.736284 3.5795775757407258
0.882588 3.654155326286473
1.038791 4.133054371143303
1.185273 3.6004185559818627
1.341934 2.230304443845162
1.488564 1.445452007930089
1.645381 1.0559385761220426
1.802393 0.5211298445368951
1.959482 0.7804447387297908
2.105976 0.7092480381444324
2.262521 0.7868006185819343
2.409219 0.7579416682147502
2.565837 0.7965491709980071
2.722498 0.8616907754327722
2.879206 0.7855417309962766
3.035902 0.7572788503753198
3.192391 0.7098378362704517
3.348919 0.5341795748633845
3.49546 0.5385445004265731
3.66212 0.6159004846651186
3.818593 0.5373704038727249
3.974595 0.5804542066538213
4.120455 0.4439930354033662
4.29671 0.5673930393982635
4.45243 0.47133079009344175
4.648842 0.6299987132379223
4.825057 0.6672551224779666
4.99125 0.6006170555125057
5.14729 0.5733863064897181
5.394832 2.632452341441697
5.551016 3.41447901697436
6.205301 3.5377506721446945
6.371444 2.862855724827219
6.537359 3.6339602235173953
6.703367 3.715129683521943
6.859363 3.5856360966493126
7.015359 3.5794375571456603
7.161014 3.752499469386387
7.316959 3.820622203724899
7.473181 3.861289853830476
7.629323 4.022785365871807
7.785922 4.029031240138845
7.942359 3.9336009803091807
8.098876 3.706739911261356
8.25489 3.9775663242800423
8.411034 3.990116578439472
8.638859 3.8949097120368092
8.856369 3.881000925417267
9.01262 4.011339737500601
9.168885 3.9610177056985565
9.325548 3.994955863808323
9.482215 3.9780086971673034
9.63945 3.9695053343384346
9.79619 3.9927090181079303
9.953133 3.9814811366082767
10.109882 3.9488263433084874
10.255846 3.9841967946328736
10.442398 3.893574452562813
10.598515 3.457101865136298
10.764618 3.7605560122561847
10.920642 3.982638177381197
11.066402 3.8642978656748506
11.222227 3.866746681108298
11.377848 3.941445359489219
11.533471 3.911850385167824
11.689289 3.954658458624364
11.845075 3.9934945310144885
12.000994 4.000014910962912
12.156883 3.922105099697931
12.313267 3.947699140305545
12.468907 3.8781419621918594
12.624747 3.9639076249609144
12.821122 3.9078876113921117
12.977165 3.7763594663613618
13.153667 3.9742402187817025
13.309605 3.931349622541517
13.465775 3.9802220384060414
13.673386 3.8198518647045425
13.881338 3.9959043760851185
14.038217 3.726634190551716
14.194987 3.9118942731277535
14.362078 3.9337483228119567
14.51948 3.9231060521684897
14.676898 3.9360695487610147
14.834597 3.737914829864517
14.992425 3.9533562765210997
15.150132 3.883944570541154
15.307353 3.950475475199081
15.465123 3.7642414229622156
15.632995 3.2331405930388004
15.800968 3.4590928359474358
15.958709 4.007113042313674
16.116831 3.9620051121206363
16.274807 3.9321948452958604
16.442805 3.501619030359811
16.774308 2.600004588243391
17.064587 3.9421148984395433
17.222598 3.8339375915838287
17.400939 3.1371035272803116
17.558897 3.965457531308301
17.726863 4.030313083607003
17.884601 3.8273782037530584
18.042211 3.898022326907673
18.200012 3.84821232726475
18.357499 3.979734892035635
18.514918 3.776077209788069
18.672636 3.139391129655386
18.962475 2.608557756930303
19.109563 2.7024981074943226
19.287597 3.5481675966156714
19.445283 4.0226472568344604
19.623396 3.528962137009447
19.780636 3.7079097925141955
19.938117 3.910972208657529
20.0957 3.7642101691080816
20.253017 3.962119386941937
20.410053 3.5634568179497017
20.566151 3.2521673144431302
20.845316 2.317289726125842
21.023316 2.040711285261253
21.180301 2.456357305240843
21.336763 4.132672793237444
21.493964 4.101578525256034
21.65109 4.1500646444925495
21.808341 4.111557340473003
21.965782 4.054402800231375
22.112644 4.056209646790734
22.2696 4.002028911995942
22.426495 3.8701029493090933
22.583548 3.9466488085272617
22.740852 3.9400231023224896
22.897831 3.8528044680421085
23.044075 3.9087109302755683
23.200697 3.925787780394838
23.377648 3.802519637067821
23.534225 3.828696898494518
23.69061 3.070866976448347
23.908602 3.900475851179245
24.105758 4.091136984012032
24.262526 3.947327607216975
24.418736 3.711887626687245
24.585225 2.939093919933937
24.742293 3.6636138984300572
24.919667 3.9445697711891725
25.066415 3.9175847131517028
25.222995 3.997958248415593
25.37963 3.8188255402270785
25.536502 4.017041185332144
25.693717 3.9130722364717374
25.85108 3.5644923642288826
26.008391 3.377460986588828
26.175903 3.1116181448029394
26.333132 2.9752698921039276
26.47969 3.9003864509628055
26.636047 3.9394963475729097
26.792522 3.8766859917008754
26.948567 3.905711412807545
27.104895 3.7263018339839427
27.261408 3.9913406387394827
27.417613 3.756241990366344
27.777159 2.649254696627121
27.974356 3.980925830826792
28.130957 4.032594277051355
28.277525 3.9603285454417474
28.433973 3.9753955090109856
28.590523 3.9342219453036344
28.757371 3.398521392968253
29.117583 2.589725693667119
29.416347 4.047723542753877
29.57312 3.908332843972047
29.719392 3.9223399670707315
29.875884 3.9069232979029027
30.033081 3.9034408880187654
30.189708 3.953664513254622
30.33592 3.9383262855806325
30.492501 3.9142322636350557
30.648544 3.7931021960103575
30.804825 3.625329259298282
30.95108 3.7472285404722787
31.107548 3.471830167658859
31.254003 3.8884989619735055
31.410348 3.8325884502763037
31.566805 3.7881320052588183
31.723671 3.912864775996712
31.870072 3.9322239973903796
32.02629 3.888760087879089
32.182633 3.7948305325592298
32.338718 3.8823296905994047
32.495266 3.938998986287026
32.733212 2.962275267358198
32.920339 3.8958177250892434
33.076933 3.9501153637854154
33.233769 3.8932309554485403
33.390511 3.933928232390355
33.547356 3.8005684422847708
33.704394 3.8746725100602686
33.953329 2.9397028100100395
34.182173 3.823972400412827
34.339152 3.950367181564954
36.549432 3.7846201227515714
36.706246 3.8593250024017327
36.862787 3.6697484411954417
37.090528 2.7341723094810044
37.24712 2.5260635110844816
37.495144 4.188235984220792
37.651811 4.017628943922994
37.808492 4.016747593555073
37.96484 3.820793240001016
38.121838 3.723869201200569
38.400857 2.3128650256655625
38.638877 4.131820541997636
38.795445 3.9713498622589527
38.941631 3.9048111743404035
39.097985 3.8911305113344588
39.254384 3.866407130416966
39.400867 3.898323147763646
39.557579 3.9561762312896356
39.704002 3.931381631081398
39.860388 3.9054986721691876
40.016648 3.801390967514746
40.173488 3.8368066439742887
40.330747 3.8078785460960463
40.48802 3.5641280989569686
40.879973 1.3953379421919823
41.047745 1.2160717013800477
41.215694 3.501144164759725
41.373208 3.8848065242322556
41.530918 4.192314683265388
41.688432 4.126082140832965
41.846053 3.9419148697499216
42.003474 4.076627789512352
42.161309 3.974824640089407
42.318936 3.9867550645653727
42.527585 3.5420341585904906
42.685372 3.93433867653713
42.853703 4.10880696648932
43.011633 3.5807565928047858
43.179819 3.991356149982479
43.358555 3.8510993727537923
43.516579 3.964985275044433
43.674588 4.053404243532214
43.822007 4.089375271455671
43.979885 4.057818269534077
44.13803 3.8156739053904607
44.285709 4.034577009399792
44.515272 3.0528942329129847
44.673449 3.3331266662533325
44.882594 4.179945482153638
45.03035 4.051010427240011
45.188168 4.0768140453201385
45.346382 3.9778033529545436
45.493976 4.0267392628358
45.65185 4.008359948780596
45.809618 3.923048560956037
45.967498 4.0101748948091105
46.125669 3.9265653531032614
46.293793 3.606806619495936
46.451634 3.9938533370764926
46.609741 4.042497133336055
46.767582 3.86649511403026
46.925351 3.885205861828332
47.083033 3.9174628166972614
47.240834 3.652310210905797
47.511284 2.3703259479289165
47.750698 4.174358521397341
47.908312 3.410458740136418
48.13784 4.413839956579371
48.295499 4.240849357784542
48.453402 4.219532973471673
48.611448 4.035885124280222
48.810627 4.17392851450578
48.97874 4.069810511183397
49.136571 4.103750644757202
49.294403 4.118433648327008
49.442109 3.99155553267082
49.599752 3.959878716673538
49.87986 2.1464720111166393
50.160043 1.9106092928872471
50.460753 4.67357394632064
50.618492 4.118189438390613
50.776226 4.154298022322302
50.934074 4.272769363053112
51.091603 4.076876350134609
51.249252 4.115558424790187
51.407053 4.219501579188196
51.554411 4.033783932784969
51.712154 4.052844424437013
51.869634 4.074577328313991
52.026902 4.081213743864346
52.184269 4.053786522227536
52.342029 4.041942162559273
52.499785 3.967481613400794
52.718568 3.205624687508734
52.937321 3.0005515719801434
53.094956 4.144435382219916
53.252572 4.043966448215158
53.410301 4.079848332775733
53.567713 4.091498784688566
53.725234 4.049117921523901
53.883097 4.106938474214197
54.041041 4.038271197624547
54.198648 4.10894523644339
54.346097 3.992526014933199
54.503812 3.891604891706439
54.661514 4.013223580572874
54.819495 3.9793320130440613
54.977173 4.056798757666828
55.134817 4.059053466625586
55.292636 3.933684675998753
55.45004 3.8031643416127934
55.607688 3.825122251776513
55.765391 3.99427218796575
55.922798 4.004028049874582
56.080096 4.020119788764361
56.237638 3.834873164218959
56.394912 4.045740006907796
56.55224 3.9534883720930223
56.781091 4.084859312192943
56.979324 3.9668771439183734
57.136936 4.022758863539485
57.294516 4.033538488984033
57.452165 4.055530116041414
57.71156 3.2275530818517897
57.951099 3.8885868974364546
58.108808 4.045068055417344
58.266648 4.04707567011232
58.496133 3.998378955900232
58.705029 4.067161125700215
58.862594 4.069355901168957
59.020026 4.016571639525822
59.177564 3.7718900538396145
59.334807 4.06027648464202
59.492576 4.035773385642303
59.650285 3.9720768660596746
59.807725 4.038416456115414
59.965143 4.00456309816587
60.122242 4.064366649628583
60.279672 4.026995619915973
60.437269 3.7279860013547075
60.59516 3.5344996785218776
61.027884 1.8984026867790667
61.216366 2.0565362300950496
61.373935 3.3073653968802716
61.531622 4.008937864374459
61.729489 4.211745833704661
61.886789 4.260858213826157
62.043956 4.243077118053355
62.201646 3.857669639761732
62.348814 4.144520930232558
62.50671 4.124732803354461
62.664273 3.999100895051607
62.822038 3.982356272166424
62.979568 4.076408517402882
63.13719 4.081736260946821
63.294819 4.056813865324028
63.452636 4.046849305874062
63.661367 3.2820250901778025
63.818868 4.039934782123155
64.017065 4.10675474666438
64.174552 3.9998366079817007
64.331786 4.038200811972675
64.489323 3.955843877094104
64.657186 3.518799738897213
64.814453 3.965688647761668
64.972 3.96250125107036
65.129951 3.9678268499561278
65.287571 3.975233837284546
65.445337 4.071386283497228
65.602739 3.9503105590062106
65.760545 3.6978506890252865
65.918274 2.9783609976536027
66.075877 3.888872903058728
66.223472 3.9717291642177024
66.381264 3.9876519988050316
66.538949 3.9932338102659934
66.696807 3.954018875519972
66.854893 4.072158445818091
67.012537 4.064472800537274
67.16996 4.062487180730261
67.327297 4.029988748649281
67.485193 3.9849646313670943
67.642727 3.9777137709767465
67.800242 3.9869167769841467
67.957726 3.991255048727165
68.115263 3.947786672945609
68.27294 3.845041545268156
68.430804 4.041914488760621
68.680545 4.135001602193888
68.919974 4.0950557999485095
69.077586 3.5294893882189067
69.27611 4.199589761883528
69.433987 4.118157540904842
69.581687 4.027047332832457
69.739344 3.990014669171577
69.897111 4.082944577129975
70.054728 4.128614049565175
70.212398 4.10582105239618
70.369945 4.123917438104687
70.527647 3.9477431557116667
72.843459 4.136512054390124
73.001249 4.050332823386908
73.158891 4.077869769523383
73.316806 4.0846160716944055
73.474566 4.078554243831477
73.703714 3.7519397666532557
73.861471 3.605404542399816
74.059807 4.33579679774485
74.207742 3.966508103919585
74.36548 4.154647182776678
74.523578 4.13135332943686
74.681499 3.989609009461114
74.839394 4.143221937669327
74.997326 4.143487949050841
75.155174 4.138949598323177
75.312917 4.078965038721519
75.460373 3.7108616790317908
75.617971 3.7523957960361423
75.775523 4.054486766605692
75.933046 4.064106172144624
76.090541 4.080530924097931
76.247885 4.074875995483292
76.405489 4.0008650196493685
76.562906 4.123056270276317
76.720506 2.8513858181830063
76.929314 4.340733385346479
77.17877 4.0654615559575
77.336717 4.144181685592249
77.494626 4.120110487391964
77.65235 4.133615423582348
77.809761 4.113943831763183
77.967329 4.013952240407836
78.124916 4.082494857968759
78.282397 4.102121067683508
78.440081 4.0946891264200564
78.689363 4.031308412937763
78.918464 4.091364902506964
79.076225 4.02353336695243
79.233878 4.017145268394519
79.391371 4.097823246088937
79.548823 4.056330476098274
79.706371 4.052995211679485
79.864134 4.003287939039833
80.021765 4.030203589358452
80.179636 3.940397350993378
80.337044 4.04417797412433
80.514903 3.4880986172499084
80.692684 3.3270482213132984
80.870512 3.3724673230066196
81.037959 3.616763294376573
81.195382 3.6107185489071525
81.352708 3.8922748496117436
81.510003 3.975559365246824
81.667277 4.104185922205766
81.82464 4.066244303656774
81.981751 3.952392044635231
82.271491 1.1342810290715983
82.745041 4.134441344413443
82.902763 4.422036199262402
83.060567 4.319304632071618
83.218257 3.8562243069463475
83.375494 4.259714303825316
83.522869 4.115182549710713
83.680251 4.170218754281947
83.888575 4.049936426972809
84.056301 4.08009100574734
84.213476 4.093949754719786
84.370851 4.033148760637705
84.527859 3.991188552473347
84.674813 4.042047145343164
84.832275 4.078447754958934
84.989474 3.987137315062026
85.146849 4.057433376166267
85.303745 4.017353450701097
85.450496 3.991229041617754
85.607112 3.7946726057906455
85.753582 3.6646621860629645
85.910449 4.063896053697661
86.067234 3.93192232162339
86.223927 3.6047730859011073
86.482415 2.853518478667135
86.669942 4.078194157568604
86.837253 4.108016065446335
86.994619 4.090614307757676
87.151845 4.095776323616895
87.299345 4.091575050607854
87.456524 4.095269723168543
87.613588 4.056058620278804
87.770115 4.048747310089534
87.927 4.0661719694820615
88.084044 4.056014620309225
88.241196 4.02076577514652
88.398212 3.936126227804535
88.555464 4.061517812202898
88.90561 2.5438656782365356
89.205221 3.8643165477758137
89.372286 4.029836004404432
89.529574 4.127273270224266
89.686842 4.038989881762331
89.843984 4.053658808863751
90.000991 4.0297044408139016
90.178544 4.034666666666667
90.335214 4.001356792071615
90.491771 4.068477706793074
90.6587 3.6634717784877524
90.815456 3.879701205446565
90.972533 3.9372917463265407
91.129741 3.840344889527573
91.286535 3.9432267889894828
91.443498 3.8550671326098955
91.600259 3.8364235711374413
91.756849 3.800726680895716
91.91359 3.888786595470448
92.070181 3.8657381555388235
92.227048 3.940965704267192
92.383763 3.913853935401353
92.539786 3.8636085406689946
92.736373 3.9144797810752174
92.903006 3.4489062381878535
93.059069 4.068021103908049
93.215195 4.111506320657184
93.371625 4.053516020329861
93.51755 4.097869146874662
93.673333 4.0456047833030055
93.901202 3.7612217632887646
94.058238 3.6407489685814034
94.255368 4.191636240003548
94.452698 3.3925323739577222
94.649713 4.185161699429297
94.806051 4.126667757433327
94.962352 4.007095244319136
95.118737 4.056880306653902
95.274887 4.039678028566714
95.431073 4.011206303915554
95.587432 4.037845500173006
95.743261 4.070030711291444
95.899293 3.755731051101428
96.055266 4.034117620721305
96.211041 4.024072978193633
96.367151 3.6679259822126142
96.523044 3.657972102333145
96.679248 3.4766622271277074
96.835369 4.080791795422993
96.991632 4.029764291761351
97.147955 4.037349800974666
97.304196 4.050504409618679
97.460575 3.9807231765366766
97.617336 4.064700285442436
97.773987 3.958607714016933
97.930588 4.0380650751441625
98.086945 3.6142820418400743
98.264675 3.897923969704124
98.441895 4.038944956509488
98.598099 4.024132887199967
98.754028 2.738645493150256
99.001957 4.228057235580469
99.240077 4.127305268072524
99.397077 4.081118528781962
99.553409 4.014790076335878
99.70944 4.133753999620059
99.865545 4.019808654618994
100.022038 4.040947559037659