0.008842733852946146 346.65478571428554 6665045.19187675
0.015111897471673134 336.6904953583369 7030144.33568511
5.6395639655007365e-05 295.49291058069093 125914.82864267901
0.006294513239404251 287.26449946638195 4930336.443614372
0.0444819619300942 432.53772706834553 5321278.54676259
0.005084095594934119 313.89560028653295 1165622.0487106016
0.006828998624104224 320.0633208654203 5274822.947928126
0.010358457090242763 322.9768527696791 5898464.259475219
0.0017103816775375172 277.49243442622964 2674149.8104062723
3.185449573858464e-05 286.7195360394534 384634.5075872534
nan 283.6004650748394 2863701.385602281
0.0031593877624201453 342.99909667024673
