1.2e-05 315.206
0.235666 312.978
0.266673 315.137
0.297655 317.137
0.328651 318.869
0.359637 320.239
0.391725 321.444
0.422722 322.531
0.453663 323.508
0.494921 324.468
0.525897 324.15
0.557852 323.571
0.588829 322.592
0.619796 320.09
0.650751 319.258
0.681724 316.194
0.713687 314.944
0.744677 312.228
0.77571 309.591
0.806712 307.001
0.837688 306.166
0.869737 306.273
0.90075 305.881
0.931793 304.8
0.962855 304.835
0.993845 304.289
1.02581 303.537
1.056748 302.989
1.08769 302.331
1.118674 302.021
1.149663 301.443
1.181835 301.252
1.21289 300.733
1.243895 300.371
1.274983 300.399
1.306105 300.182
1.328097 299.881
1.359101 299.837
1.39014 301.272
1.421423 301.037
1.452557 311.868
1.535673 310.339
1.566873 308.873
1.597968 308.608
1.628961 306.468
1.659918 305.508
1.691959 304.51
1.723055 303.77
1.754315 299.813
1.805662 295.867
1.83672 296.934
1.868746 297.66
1.899989 298.171
1.931243 298.682
1.962477 299.04
1.993555 312.405
2.096992 310.141
2.128067 308.589
2.159129 309.541
2.190182 308.821
2.22132 304.972
2.253456 303.746
2.284457 299.745
2.366394 296.804
2.397564 297.032
2.428703 297.344
2.46077 297.994
2.491799 298.622
2.5228 298.987
2.553816 299.308
2.585013 299.931
2.617004 301.736
2.647985 300.489
2.679039 299.488
2.710039 298.605
2.741032 297.975
2.772956 297.544
2.804145 300.831
2.845324 300.074
2.876306 298.341
2.907377 295.504
2.939486 295.247
2.970444 295.127
3.001465 294.978
3.032396 295.818
3.063395 296.126
3.085157 297.809
3.11616 295.878
3.147197 295.175
3.178195 296.765
3.209179 297.905
3.24104 298.42
3.27202 298.573
3.302979 296.871
3.334022 299.619
3.365016 300.73
3.396973 301.676
3.427971 300.641
3.458973 300.726
3.489966 298.974
3.520994 298.588
3.55306 295.279
3.584029 295.61
3.615041 297.948
3.64606 297.028
3.677183 291.884
3.70922 291.135
3.740232 291.762
3.771235 290.832
3.802217 291.463
3.833245 292.833
3.86529 293.511
3.896326 292.247
3.927367 292.002
3.958409 292.967
3.989429 293.063
4.021468 293.076
4.052526 296.166
4.08371 295.021
4.114822 292.624
4.145982 291.979
4.178253 291.755
4.209457 292.226
4.240571 293.616
4.271708 293.768
4.302827 294.066
4.335066 292.123
4.36631 292.266
4.397569 292.843
4.428685 293.04
4.45989 294.028
4.492141 294.606
4.523172 293.209
4.554329 293.464
4.5855 293.439
4.616683 293.861
4.648964 294.011
4.680064 294.469
4.711159 295.333
4.742211 294.316
4.773292 294.01
4.805505 294.104
4.836551 294.071
4.867619 294.371
4.89871 294.578
4.929852 294.287
4.962015 294.352
4.993097 293.459
5.024054 293.798
5.055135 293.929
5.086215 293.891
5.118318 294.228
5.149469 294.893
5.180554 294.559
5.211697 294.723
5.242864 294.444
5.275128 295.17
5.306285 294.766
5.337406 294.494
5.368485 294.134
5.39961 294.37
5.431756 294.147
5.462884 294.007
5.494008 294.259
5.525085 294.232
5.556176 293.081
5.588373 294.647
5.619511 296.398
5.650682 295.695
5.68176 295.518
5.712921 294.898
5.745207 294.407
5.776377 294.939
5.807553 294.641
5.838714 294.886
5.869874 294.649
5.902056 294.225
5.933203 294.05
5.964394 293.996
5.995571 294.268
6.026787 294.173
6.0591 294.563
6.090265 295.706
6.122172 294.769
6.153423 297.971
6.184595 310.158
6.288249 317.188
6.339848 311.902
6.371059 306.581
6.402298 305.262
6.433471 300.34
6.465745 342.15
6.741046 326.541
6.772187 325.752
6.803383 317.796
6.834429 320.669
7.029464 314.898
7.060641 310.667
7.0917 308.865
7.12283 309.315
7.153967 306.334
7.186235 303.805
7.218402 302.691
7.250565 301.165
7.281676 300.432
7.312768 352.501
7.588091 349.649
7.619168 347.445
7.926018 351.655
7.967319 341.872
7.998424 336.738
8.029563 332.937
8.060739 333.777
8.093044 323.936
8.124261 320.795
8.155504 316.109
8.186699 307.378
8.217881 302.167
8.250232 300.354
8.281408 300.041
8.31255 299.325
8.343769 299.819
8.374987 299.0
8.407222 298.831
8.439464 298.352
8.471497 297.29
8.503633 296.46
8.534715 296.345
8.565847 298.365
8.597054 298.524
8.628163 298.059
8.660369 297.079
8.691591 296.28
8.722667 295.778
8.753758 295.533
8.784849 295.4
8.816951 294.501
8.848116 294.2
8.879341 293.909
8.910555 293.826
8.941711 293.687
8.973879 294.06
9.005063 293.693
9.036367 293.504
9.06754 294.305
9.09867 293.799
9.130947 293.405
9.162219 294.489
9.193373 293.92
9.224536 293.655
9.25575 293.382
9.28807 293.093
9.319252 293.032
9.350476 292.404
9.381615 293.017
9.412851 292.963
9.445163 292.824
9.476315 293.493
9.507509 304.164
9.599658 306.419
9.630864 303.118
9.663069 300.396
9.694352 298.333
9.725629 296.561
9.756887 295.664
9.788212 296.318
9.820531 292.705
9.861998 290.725
9.893265 292.067
9.924453 292.655
9.955702 293.305
9.988049 294.78
10.019325 294.362
10.050663 293.744
10.081937 294.012
10.113261 293.551
10.145662 293.223
10.176902 292.864
10.208225 292.465
10.23953 292.534
10.270828 293.529
10.303264 292.986
10.334573 292.984
10.36582 296.906
10.407301 302.337
10.438494 304.365
10.47072 330.93
10.583545 342.947
10.614689 341.166
10.645853 328.943
10.677046 311.179
10.709241 309.875
10.740321 308.422
10.77142 303.101
10.853376 295.514
10.874301 295.548
10.90653 295.647
10.937681 299.138
10.968707 297.966
10.999893 296.785
11.031079 295.837
11.0633 295.323
11.094456 295.271
11.12554 294.593
11.156607 293.819
11.17773 293.56
11.210001 293.605
11.241172 292.784
11.27233 292.497
11.303497 292.284
11.334688 291.992
11.366991 291.772
11.398185 291.571
11.429386 291.653
11.460591 292.397
11.491732 293.357
11.523926 294.57
11.554992 294.053
11.58613 294.55
11.617232 295.851
11.648586 294.868
11.680791 294.027
11.711886 293.067
11.743008 292.72
11.763956 292.57
11.79511 292.857
11.827277 293.62
11.858485 293.294
11.889629 291.357
11.920757 293.115
11.951924 292.658
11.984283 292.272
12.015456 292.08
12.046575 293.991
12.067488 291.874
12.098769 291.859
12.130996 292.219
12.162062 292.015
12.193199 291.925
12.224502 292.292
12.255643 291.929
12.287857 292.125
12.319057 289.917
12.350148 290.994
12.381281 290.915
12.41243 290.732
12.444681 291.78
12.475845 291.715
12.506963 291.156
12.53819 291.825
12.569243 291.576
12.601378 291.755
12.632444 292.221
12.663469 292.098
12.694586 291.552
12.725712 290.513
12.758075 291.334
12.789241 291.599
12.820361 290.67
12.851516 290.568
12.882791 290.874
12.915019 289.424
12.946151 289.958
12.977241 289.13
13.008338 289.785
13.03966 288.768
13.071864 289.813
13.102927 289.651
13.133983 289.346
13.165138 289.536
13.196263 299.776
13.258954 300.069
13.290055 295.866
13.321107 293.932
13.352174 292.767
13.383281 290.061
13.415515 288.823
13.446562 288.387
13.477754 290.119
13.508843 284.869
13.540024 284.853
13.57223 288.548
13.603257 289.499
13.634419 289.94
13.665413 290.385
13.696417 290.344
13.728511 290.432
13.759658 295.576
13.790721 293.612
13.821785 293.427
13.852957 293.864
13.885272 293.036
13.916312 292.156
13.947463 291.876
13.978496 294.753
14.009646 293.565
14.041801 288.652
14.072945 289.892
14.104145 289.713
14.135426 289.505
14.166567 288.575
14.198828 290.895
14.229952 290.8
14.250893 289.097
14.282036 290.865
14.313151 290.323
14.345459 290.106
14.376649 290.444
14.408002 302.05
14.500321 308.563
14.531498 303.948
14.563725 298.031
14.594897 299.43
14.62607 299.515
14.657219 295.526
14.688291 299.166
14.730625 295.168
14.761738 289.479
14.792859 290.51
14.82402 291.528
14.855097 291.313
14.887276 291.143
14.918589 293.222
14.949613 292.371
14.980603 292.313
15.011674 292.626
15.043873 291.654
15.074903 290.938
15.105961 290.136
15.137089 289.699
15.168187 290.202
15.200352 289.623
15.23148 292.782
15.272764 298.223
15.303864 302.949
15.334979 305.541
15.36729 300.435
15.398358 297.261
15.429416 296.135
15.460623 294.647
15.491787 292.967
15.523834 289.678
15.554823 283.484
15.585867 281.339
15.616919 279.256
15.63771 282.57
15.669909 284.854
15.701118 286.211
15.732115 287.952
15.763172 288.449
15.794278 288.918
15.826411 289.833
15.857541 290.717
15.888618 290.406
15.919747 291.572
15.950915 290.099
15.982995 289.873
16.014015 290.03
16.045097 288.975
16.076133 288.459
16.107151 286.544
16.139278 284.923
16.170255 284.666
16.201237 283.92
16.232217 284.988
16.263208 286.059
16.295272 284.542
16.326284 285.343
16.357281 284.999
16.3883 284.446
16.419307 285.42
16.451449 286.987
16.482535 285.748
16.513634 284.678
16.544745 286.116
16.575917 286.736
16.608104 286.832
16.639213 287.878
16.670252 287.916
16.701313 287.551
16.732425 286.548
16.764707 286.758
16.795869 287.102
16.82694 287.597
16.858039 288.161
16.889168 288.031
16.921389 286.939
16.952594 286.837
16.983677 286.724
17.014688 286.722
17.045677 286.908
17.077851 285.334
17.10895 283.799
17.140045 284.117
17.171098 284.666
17.202157 286.017
17.234315 285.663
17.265378 286.319
17.296388 286.66
17.327508 287.458
17.358555 288.572
17.390678 288.36
17.421813 289.214
17.452865 291.01
17.483899 288.617
17.515006 287.543
17.547185 287.605
17.578274 287.333
17.609314 288.242
17.640389 287.234
17.671434 287.317
17.703594 284.681
17.734643 282.295
17.765654 283.495
17.796702 284.213
17.827873 283.193
17.860082 284.46
17.891263 282.266
17.922389 282.912
17.95348 283.385
17.9846 285.008
18.016925 285.701
18.048069 286.896
18.079172 288.086
18.110293 287.866
18.141436 287.515
18.173882 288.5
18.20512 284.902
18.236333 284.24
18.2676 284.395
18.298796 285.358
18.331167 286.126
18.362349 288.19
18.393558 288.13
18.424696 288.222
18.455873 287.463
18.488148 288.89
18.519236 287.892
18.550423 286.336
18.58158 287.768
18.612745 287.606
18.645037 286.013
18.676256 287.733
18.707414 287.714
18.738558 287.397
18.769932 286.411
18.80218 288.448
18.833215 288.436
18.86423 287.25
18.895241 288.367
18.926451 287.931
18.958631 291.295
18.989699 298.256
19.051333 294.518
19.082503 292.024
19.113608 290.316
19.14584 289.796
19.176959 287.816
19.208133 287.788
19.2392 283.774
19.270262 281.715
19.322718 323.32
19.526699 309.366
19.557797 302.119
19.5888 299.112
19.619933 318.838
19.987648 348.389
20.039247 329.626
20.070572 334.145
20.142319 337.515
20.173666 334.437
20.34807 324.326
20.379213 313.385
20.410345 308.02
20.441471 302.147
20.472599 298.23
20.505197 296.299
20.536263 294.763
20.567315 294.256
20.5984 290.141
20.629682 292.215
20.661842 290.988
20.693792 290.879
20.71566 295.435
20.757002 294.809
20.788057 292.848
20.819289 291.315
20.850428 290.397
20.882607 289.478
20.913774 288.736
20.944776 289.197
20.975825 288.222
21.006948 283.13
21.039243 284.465
21.070466 285.546
21.101653 285.8
21.132858 286.933
21.164105 286.671
21.196402 286.667
21.227652 286.972
21.25887 287.561
21.290126 287.161
21.321308 287.086
21.353471 287.758
21.384555 287.015
21.415853 286.316
21.447209 286.629
21.478527 286.653
21.511042 287.184
21.542419 287.259
21.573746 287.262
21.60514 286.606
21.636539 284.986
21.65883 286.884
21.690193 286.673
21.721448 285.866
21.75275 286.067
21.784108 285.708
21.816544 285.877
21.847949 285.089
21.879344 285.947
21.910686 286.125
21.941841 284.501
21.974109 286.166
22.0052 285.881
22.036409 284.544
22.06767 284.29
22.098989 284.212
22.131461 282.667
22.162758 284.277
22.194106 283.998
22.225438 282.342
22.256762 282.771
22.28918 282.824
22.320536 282.945
22.35194 284.59
22.383319 285.72
22.414734 285.315
22.447109 285.088
22.478406 286.179
22.509635 285.819
22.540933 285.214
22.572239 285.845
22.604611 285.852
22.635909 285.051
22.667227 284.637
22.698545 286.47
22.729907 285.2
22.75211 284.412
22.783453 286.005
22.814722 285.333
22.846085 284.474
22.87744 284.473
22.909831 283.991
22.9412 284.212
22.972499 283.699
23.00381 283.597
23.035194 281.542
23.067683 281.49
23.09907 281.888
23.130437 286.577
23.161791 288.09
23.193078 293.868
23.225399 290.893
23.256795 286.437
23.288146 285.987
23.319504 284.801
23.350885 283.664
23.383331 282.955
23.414696 278.801
23.446019 278.573
23.477389 278.818
23.508671 282.049
23.541107 283.277
23.572437 285.055
23.603715 288.123
23.634932 290.099
23.66623 290.748
23.698586 289.977
23.729811 288.494
23.761067 285.763
23.792435 285.165
23.823823 286.164
23.85622 283.924
23.887636 279.005
23.918979 276.558
23.950304 277.52
23.981698 278.028
24.014169 280.548
24.045478 281.533
24.076795 282.766
24.108164 283.219
24.13956 283.191
24.171985 283.606
24.203388 283.631
24.234736 283.836
24.266078 284.071
24.297502 283.572
24.329976 284.787
24.361428 283.652
24.392687 285.55
24.424077 284.889
24.455438 283.686
24.487806 283.327
24.519213 283.117
24.550534 293.158
24.612433 289.735
24.643763 287.78
24.676191 283.46
24.70748 282.484
24.738821 282.95
24.770075 282.504
24.801358 280.388
24.874418 280.277
24.905673 283.556
24.936823 283.704
24.96803 283.766
24.999261 284.335
25.031641 285.116
25.06288 285.205
25.094088 284.886
25.125209 286.52
25.156461 285.417
25.188814 285.257
25.220107 285.271
25.251504 286.622
25.282847 285.471
25.314194 284.332
25.346507 284.775
25.377678 284.575
25.408977 282.949
25.440236 284.42
25.471481 285.294
25.503754 283.16
25.535068 283.121
25.566407 283.802
25.597838 283.612
25.629189 283.693
25.661624 283.845
25.692987 283.599
25.724238 282.56
25.755597 283.12
25.787009 283.558
25.819527 283.996
25.850919 284.402
25.88223 284.256
25.913565 283.465
25.944813 284.153
25.977169 284.383
26.00839 284.088
26.039561 284.724
26.070626 285.251
26.101872 284.495
26.134172 283.361
26.165356 283.013
26.196484 282.815
26.227681 281.893
26.258916 282.166
26.291322 282.995
26.322617 281.689
26.353944 281.762
26.385185 281.633
26.416396 281.747
26.448806 282.802
26.480102 282.619
26.511381 282.725
26.542606 282.704
26.573798 282.196
26.606007 284.767
26.637278 286.936
26.668437 287.231
26.699624 284.479
26.730812 282.413
26.75302 281.915
26.784274 281.394
26.815536 282.363
26.846745 284.299
26.877936 290.117
26.930671 286.071
26.961833 285.051
26.993065 284.459
27.024318 285.049
27.055639 284.464
27.0881 283.593
27.119318 281.355
27.150525 281.532
27.181707 280.79
27.213071 281.693
27.235205 282.957
27.266445 283.536
27.297598 285.756
27.328666 285.114
27.359901 284.106
27.392248 284.215
27.423376 284.088
27.454477 285.318
27.485607 285.323
27.516716 284.093
27.549003 282.767
27.580185 282.963
27.61143 283.585
27.642558 283.376
27.673775 283.564
27.706152 283.23
27.737303 282.468
27.768439 282.768
27.799568 283.539
27.820513 283.54
27.85274 283.42
27.883831 283.893
27.914852 284.06
27.945947 283.658
27.976976 283.349
28.009167 284.667
28.040339 283.952
28.071517 284.109
28.102707 285.049
28.123716 284.296
28.155969 283.514
28.187057 283.367
28.218147 283.48
28.249312 282.316
28.280498 282.107
28.312758 282.172
28.343981 282.09
28.375193 280.039
28.406451 281.849
28.437672 281.046
28.469999 281.16
28.501236 281.85
28.532363 282.446
28.563581 280.49
28.594732 280.598
28.627083 282.356
28.658236 282.335
28.689453 282.531
28.720604 282.458
28.751846 282.465
28.784175 282.899
28.815316 283.663
28.846492 283.947
28.877695 282.54
28.90904 282.338
28.941277 282.936
28.972453 282.27
28.993329 282.0
29.024431 282.469
29.055565 281.391
29.087756 280.732
29.118842 280.506
29.149932 280.529
29.18102 281.081
29.21216 280.161
29.24455 281.688
29.275808 281.909
29.307065 281.514
29.338282 282.547
29.369446 281.804
29.401795 281.126
29.43303 283.451
29.464262 284.128
29.495477 373.573
29.638539 313.203
29.670777 291.398
29.7019 287.482
29.73307 284.204
29.764289 297.005
29.815904 293.335
29.909172 288.461
29.94036 287.535
29.971537 287.595
30.002739 282.18
30.033962 280.937
30.086773 279.292
30.169114 280.181
30.200285 283.669
30.231427 287.344
30.262709 289.947
30.294814 294.409
30.33617 298.873
30.367488 298.837
30.398703 299.036
30.419732 296.957
30.452071 293.685
30.48332 293.681
30.514555 293.719
30.545812 295.343
30.577057 291.266
30.609372 287.893
30.641685 288.234
30.673913 289.764
30.706228 288.509
30.737485 288.656
30.768739 292.891
30.800023 294.522
30.831283 294.932
30.863567 295.454
30.895851 298.378
30.926939 296.914
30.957987 295.063
30.989114 293.926
31.020359 293.313
31.053848 290.927
31.084984 294.054
31.116132 294.679
31.147271 295.102
31.16822 293.695
31.200484 294.147
31.231615 294.939
31.262669 295.626
31.293774 295.719
31.324869 293.994
31.357133 291.512
31.389242 292.473
31.421254 293.644
31.453292 296.528
31.485472 297.217
31.517606 295.88
31.549737 295.025
31.581923 296.267
31.603766 296.453
31.63586 294.218
31.668078 291.358
31.700245 290.823
31.7322 286.526
31.764333 283.739
31.796464 285.403
31.828509 283.132
31.860664 280.849
31.892936 284.296
31.935287 293.237
31.967328 293.667
31.999449 295.088
32.031579 294.458
32.063737 294.501
32.09591 294.399
32.117925 295.031
32.150123 294.692
32.182257 292.316
32.214386 288.682
32.246531 289.406
32.27875 289.098
32.311026 291.174
32.342108 291.696
32.37319 291.964
32.404315 292.024
32.435486 292.566
32.467744 292.418
32.500054 292.568
32.532391 292.846
32.564763 292.732
32.59712 292.11
32.629544 295.507
32.661901 298.434
32.694216 296.33
32.726398 294.22
32.758613 293.085
32.790866 291.528
32.823117 291.541
32.855334 290.265
32.887718 289.342
32.920047 286.051
32.952305 285.052
32.984676 286.52
33.016899 288.418
33.049222 289.0
33.081552 289.221
33.11388 288.461
33.145061 290.376
33.176239 289.775
33.207382 290.77
33.238478 292.051
33.270703 292.104
33.302896 292.323
33.334064 292.531
33.365284 292.609
33.396327 290.701
33.427498 292.397
33.459689 293.017
33.491933 292.984
33.524116 292.754
33.55521 292.685
33.586271 293.76
33.617342 293.003
33.64838 292.848
33.680675 292.655
33.713033 291.502
33.744305 292.061
33.765274 292.117
33.796363 292.18
33.827544 292.672
33.859724 323.519
34.064936 312.955
34.096143 307.835
34.127269 304.267
34.158397 303.002
34.362633 300.766
34.394804 298.906
34.426041 298.004
34.457318 297.426
36.563128 288.908
36.594305 288.479
36.626497 295.958
36.667861 295.076
36.69892 297.482
36.730324 293.654
36.7615 291.292
36.793756 295.641
36.845237 294.617
36.876336 294.043
36.907545 288.093
36.938722 287.988
36.970914 288.419
37.002047 288.618
37.033066 292.211
37.064194 291.88
37.095543 291.637
37.127677 291.408
37.158795 290.585
37.189911 289.943
37.221028 290.568
37.252204 290.668
37.284375 289.354
37.315481 289.38
37.346548 289.487
37.377662 289.439
37.408889 289.149
37.44113 291.863
37.472226 291.156
37.503238 290.065
37.534379 290.77
37.565536 290.31
37.597883 289.974
37.62906 290.112
37.660255 289.712
37.691315 289.485
37.722419 286.683
37.754705 288.333
37.785883 288.835
37.816983 288.114
37.848054 289.969
37.879227 289.604
37.911387 289.224
37.942485 290.078
37.973599 289.818
38.00471 289.895
38.035804 290.301
38.068055 289.946
38.099159 288.234
38.130236 288.782
38.161403 288.556
38.192586 288.398
38.224872 287.585
38.256056 288.592
38.287237 288.493
38.318387 287.569
38.349524 289.23
38.381844 288.535
38.412933 287.609
38.444003 287.662
38.475107 287.471
38.506297 287.026
38.538527 286.667
38.569699 286.575
38.600886 286.327
38.632132 286.58
38.663383 289.772
38.695699 288.003
38.726966 287.731
38.758246 289.6
38.789615 288.602
38.820817 315.558
39.005817 320.18
39.036879 311.992
39.068047 309.637
39.099265 310.799
39.13048 323.035
39.396442 312.056
39.427436 306.763
39.458521 304.36
39.489612 300.58
39.520691 295.959
39.552798 295.344
39.583931 296.75
39.706654 295.18
39.737752 293.284
39.768908 292.92
39.80111 291.58
39.832186 290.69
39.863225 290.626
39.894358 290.121
39.925401 289.87
39.957524 285.048
39.989578 286.314
40.021658 287.134
40.053812 287.505
40.084971 288.398
40.116153 288.322
40.14726 288.198
40.178361 289.613
40.210565 289.322
40.241635 288.419
40.272796 288.563
40.304084 289.296
40.335191 294.907
40.387798 294.349
40.418908 293.507
40.450099 295.131
40.481293 294.848
40.512485 294.855
40.544737 294.03
40.575851 290.988
40.607034 290.848
40.638163 285.227
40.66927 286.412
40.701475 288.544
40.732586 288.184
40.76365 288.057
40.794751 288.333
40.825795 288.872
40.857967 288.521
40.889082 288.252
40.920178 287.827
40.951258 287.523
40.98234 285.805
41.014531 287.168
41.04566 287.414
41.077019 286.271
41.108134 285.944
41.139257 285.632
41.171492 288.923
41.202628 288.661
41.233755 288.432
41.26488 288.587
41.296069 288.131
41.328272 288.468
41.359481 288.052
41.390655 287.988
41.421767 288.438
41.452852 289.528
41.485013 288.625
41.516076 287.863
41.547142 286.619
41.578214 286.78
41.609308 286.084
41.641452 290.67
41.672619 291.737
41.70375 291.336
41.734922 293.417
41.766121 296.53
41.798426 296.433
41.8296 297.736
41.860686 297.044
41.891823 291.897
41.922948 287.01
41.9551 283.178
41.986224 284.52
42.017272 279.603
42.0483 280.028
42.079325 281.414
42.111518 281.846
42.142584 283.021
42.173653 284.711
42.20476 285.364
42.235941 287.591
42.268109 286.805
42.299164 287.116
42.330247 288.415
42.361413 287.333
42.392616 286.748
42.424861 286.847
42.456088 287.332
42.487367 286.909
42.51848 284.54
42.549764 286.181
42.582072 285.382
42.613263 284.123
42.644471 285.778
42.675662 285.202
42.706924 283.863
42.739232 284.045
42.770472 284.312
42.801706 284.174
42.832898 282.952
42.864175 284.999
42.896401 285.139
42.927584 284.724
42.958726 285.731
42.989902 286.021
43.021128 285.794
43.053441 287.576
43.08465 290.442
43.115833 289.739
43.146975 299.325
43.218838 304.281
43.251099 301.39
43.282219 295.63
43.313333 293.071
43.34444 291.622
43.375637 294.142
43.407914 292.615
43.439077 290.137
43.500715 288.704
43.531916 290.737
43.563063 292.907
43.595254 290.637
43.626442 291.196
43.657614 295.785
43.688815 295.672
43.720005 297.732
43.752195 349.519
44.027468 361.045
44.068725 359.136
44.303324 341.843
44.334459 324.387
44.366624 316.555
44.397689 308.382
44.428792 305.703
44.459867 301.82
44.490956 299.449
44.52307 297.443
44.554153 295.093
44.585108 293.827
44.616181 292.634
44.647152 293.642
44.679181 293.37
44.710156 292.276
44.741181 290.054
44.772186 288.951
44.803243 287.967
44.835325 287.087
44.866419 286.601
44.897497 286.214
44.928689 285.652
44.959846 285.687
44.992164 286.902
45.023416 286.695
45.054502 286.318
45.085657 286.611
45.116827 288.663
45.149048 290.634
45.180214 289.464
45.211487 287.783
45.242521 286.861
45.273571 284.723
45.305781 286.75
45.336918 286.638
45.368001 285.445
45.399089 283.316
45.430258 281.279
45.462381 281.937
45.493442 282.615
45.524507 283.324
45.555639 284.068
45.586697 281.318
45.618811 282.042
45.650089 282.917
45.681198 282.933
45.71241 283.202
45.743558 283.168
45.775681 283.754
45.806834 283.904
45.837946 283.948
45.869148 283.712
45.900277 284.701
45.932679 284.576
45.963922 286.017
45.99501 285.478
46.026163 286.313
46.057271 284.895
46.089432 284.961
46.120529 284.5
46.151611 283.42
46.182753 282.639
46.213755 282.442
46.245949 280.693
46.277056 282.022
46.308087 284.218
46.33915 289.192
46.370434 288.695
46.402464 288.112
46.433496 300.072
46.49514 295.399
46.526311 294.709
46.547175 288.254
46.579393 285.006
46.610517 280.632
46.641706 282.887
46.673043 283.184
46.704219 280.033
46.757033 280.805
46.78827 283.365
46.819488 284.845
46.85069 305.312
46.922652 299.951
46.954903 296.755
46.986092 292.453
47.017283 289.361
47.048451 289.061
47.079637 286.395
47.111937 284.045
47.183843 282.82
47.214879 283.811
47.24591 284.949
47.276909 284.467
47.30917 284.31
47.34022 284.231
47.371433 285.965
47.402474 285.113
47.433462 284.731
47.465425 286.804
47.496428 285.71
47.527562 285.332
47.558554 287.107
47.589628 285.967
47.621635 286.037
47.652645 286.649
47.68371 288.774
47.714692 286.384
47.745688 283.392
47.777544 284.375
47.808506 283.734
47.839457 280.812
47.870401 283.095
47.901383 281.077
47.933317 278.375
47.964346 280.281
47.995318 281.25
48.026296 281.782
48.057253 282.606
48.089138 285.545
48.12009 284.482
48.151123 282.447
48.182069 283.821
48.213073 283.445
48.244972 281.092
48.275981 283.242
48.306955 283.416
48.337978 281.071
48.369012 282.556
48.400952 282.502
48.431996 282.279
48.462974 281.471
48.494196 282.161
48.525164 282.467
48.556961 280.785
48.587935 281.615
48.619064 281.737
48.650112 280.327
48.681121 282.172
48.713254 283.044
48.744248 283.685
48.775409 300.824
48.877619 293.684
48.908766 294.396
48.940988 291.467
48.97229 289.015
49.003379 290.544
49.034419 288.114
49.065469 285.914
49.148478 284.507
49.179533 290.604
49.210587 297.353
49.24186 295.721
49.272985 300.35
49.335857 302.864
49.366938 299.456
49.398012 300.489
49.439261 300.859
49.470327 294.162
49.502424 287.927
49.533464 285.891
49.564558 282.76
49.595652 282.394
49.626949 282.482
49.659075 282.69
49.690147 284.154
49.721261 284.003
49.752356 283.091
49.783488 282.418
49.815782 284.091
49.846882 284.822
49.878008 283.522
49.909038 283.625
49.940095 284.042
49.972317 283.815
50.003335 282.861
50.034396 282.678
50.06547 282.759
50.096529 281.295
50.128653 284.194
50.159744 284.229
50.190927 285.668
50.22204 287.367
50.253134 286.01
50.285409 285.211
50.316485 285.666
50.347687 284.29
50.378814 283.232
50.409974 281.193
50.442256 281.686
50.473368 278.478
50.504497 357.077
50.779815 348.125
50.811041 342.383
51.128365 325.051
51.159621 312.735
51.190905 300.639
51.22213 295.775
51.253223 291.548
51.285472 288.322
51.316595 287.106
51.347792 287.977
51.378931 286.54
51.410112 286.179
51.442335 286.385
51.473508 284.866
51.504649 284.837
51.535788 290.959
51.577174 290.969
51.609395 290.889
51.640597 292.292
51.671769 298.367
51.702879 295.017
51.734052 291.755
51.766274 293.73
51.797388 297.289
51.828581 301.049
51.910583 297.118
51.941772 291.644
51.974036 286.546
52.005282 284.877
52.036404 284.147
52.067587 285.156
52.098755 285.469
52.131053 285.491
52.192798 285.046
52.224041 284.169
52.25521 285.7
52.286462 284.233
52.318829 284.788
52.350126 283.26
52.381292 285.911
52.412489 285.242
52.443715 279.66
52.475997 281.76
52.507216 278.694
52.538478 279.72
52.569665 280.481
52.600889 280.931
52.63332 281.365
52.664589 279.689
52.695896 280.324
52.727171 280.898
52.758347 280.334
52.790754 282.83
52.822092 281.518
52.853302 281.204
52.88458 282.697
52.915922 283.146
52.948208 282.89
52.979384 283.53
53.010512 283.728
53.041589 281.02
53.072735 281.435
53.105015 283.773
53.136171 283.214
53.167305 282.531
53.198452 283.225
53.229609 281.251
53.261887 278.491
53.293094 281.121
53.324307 283.496
53.355495 280.625
53.386625 280.789
53.418875 281.681
53.449922 281.305
53.481059 279.925
53.512178 281.45
53.54329 282.767
53.575437 279.066
53.606626 280.305
53.637818 281.737
53.668936 284.788
53.700107 286.998
53.732306 287.872
53.763419 284.135
53.794529 282.923
53.825616 281.724
53.856675 280.025
53.888756 301.026
54.021615 303.433
54.052646 300.31
54.083661 299.59
54.114675 302.858
54.146848 297.495
54.177858 294.915
54.208843 291.477
54.290778 289.254
54.321806 290.456
54.353951 301.263
54.405426 295.054
54.436464 291.926
54.467494 287.732
54.498505 287.765
54.530678 285.213
54.561784 284.262
54.59286 283.581
54.62394 283.827
54.655042 282.704
54.687178 281.8
54.718261 282.63
54.749426 285.693
54.78058 285.237
54.811749 286.71
54.844087 286.901
54.865028 289.782
54.896196 288.359
54.927382 291.845
54.958531 288.029
54.990621 288.818
55.021647 290.655
55.052681 288.089
55.083801 287.761
55.114897 286.252
55.147119 284.946
55.178218 287.087
55.209299 302.515
55.331891 325.523
55.362928 321.602
55.395066 312.629
55.426089 306.748
55.457049 300.902
55.488233 297.733
55.51925 294.076
55.602438 288.558
55.633509 287.638
55.664502 288.195
55.695636 285.275
55.726668 284.364
55.758851 286.856
55.77977 286.068
55.81083 285.549
55.842033 287.868
55.873138 288.247
55.905212 285.347
55.936237 282.665
55.967253 282.763
55.998328 282.189
56.029399 282.357
56.06145 283.898
56.092494 288.788
56.113297 288.125
56.144288 283.962
56.175286 284.629
56.207467 283.678
56.239274 282.203
56.270287 282.449
56.301371 282.577
56.332382 281.889
56.364536 281.775
56.395612 282.406
56.41649 281.512
56.447622 281.121
56.478724 284.151
56.510879 283.378
56.541941 286.63
56.573034 298.466
56.634644 301.005
56.665668 300.326
56.697821 303.805
56.728997 302.977
56.760029 303.709
56.791048 309.887
56.822098 301.194
56.854161 297.101
56.895421 293.292
56.92645 293.774
56.957443 294.68
56.988605 297.464
57.020788 297.986
57.051804 295.573
57.082809 293.703
57.113776 293.354
57.144776 291.64
57.176829 291.466
57.207804 289.088
57.238763 289.555
57.269728 292.144
57.300707 289.66
57.332688 284.677
57.363726 283.583
57.394671 282.97
57.425621 282.602
57.456592 281.906
57.488531 284.078
57.519592 282.523
57.550566 278.952
57.571403 278.047
57.602416 279.308
57.634338 279.286
57.665397 283.167
57.696404 284.166
57.727455 283.104
57.758456 281.844
57.790553 282.75
57.821573 280.93
57.852594 279.783
57.883625 279.083
57.914708 279.949
57.946769 278.905
57.977823 277.49
58.008828 278.125
58.039844 279.194
58.070883 279.234
58.103019 280.239
58.13428 280.241
58.165261 281.404
58.196255 280.643
58.227307 280.738
58.25943 280.511
58.290422 280.179
58.321469 280.294
58.352479 280.667
58.383577 279.175
58.415743 275.514
58.446817 276.962
58.477989 278.424
58.509153 278.787
58.540329 280.553
58.572838 280.859
58.603885 280.989
58.635092 281.919
58.666179 281.528
58.697161 281.295
58.729233 281.342
58.760434 281.596
58.791626 278.552
58.822914 279.906
58.854222 278.782
58.886572 280.523
58.917735 279.4
58.948941 298.622
59.092054 302.178
59.123312 300.818
59.155447 299.725
59.186713 294.516
59.217865 294.41
59.249061 293.752
59.38187 296.945
59.414097 294.939
59.445228 299.473
59.476323 295.427
59.507396 297.973
59.538511 294.687
59.570569 321.814
59.683123 309.491
59.71419 307.8
59.745379 303.211
59.776613 304.929
59.808883 296.291
59.840004 295.575
59.871165 292.363
59.953155 290.245
59.98428 290.755
60.016746 291.168
60.047899 291.89
60.079094 290.388
60.110282 288.368
60.141481 287.584
60.163483 285.093
60.194593 282.442
60.225795 280.943
60.256855 280.162
60.288299 282.441
60.320568 284.947
60.351917 285.492
60.383022 283.451
60.414301 282.616
60.445427 281.409
60.477618 280.311
60.508831 280.631
60.539897 283.823
60.571026 283.087
60.602105 282.813
60.634182 280.798
60.665245 280.945
60.696272 280.222
60.727401 279.669
60.758581 281.316
60.790867 281.835
60.822074 281.182
60.853187 278.882
60.884292 284.824
60.915501 287.429
60.947718 288.873
60.978813 289.418
61.00998 295.908
61.04114 288.397
61.07225 285.93
61.104437 282.401
61.135549 282.06
61.166652 281.103
61.197721 277.975
61.228755 278.134
61.261003 278.466
61.292254 279.152
61.323379 279.729
61.354734 279.486
61.375788 294.715
61.418314 289.664
61.449473 285.22
61.48073 283.079
61.511981 281.267
61.543181 280.309
61.575469 282.546
61.606668 282.514
61.637866 280.492
61.679212 279.234
61.710408 279.486
61.742701 283.027
61.773871 289.447
61.804991 295.097
61.836215 290.902
61.867541 284.436
61.899817 284.356
61.931121 284.416
61.96228 282.669
61.993393 280.245
62.024545 278.106
62.056866 274.846
62.088072 273.712
62.119164 276.866
62.150284 279.227
62.181409 281.393
62.213567 284.25
62.244638 288.381
62.275754 283.919
62.306778 284.351
62.338195 282.572
62.370345 284.538
62.40137 283.737
62.432429 281.913
62.463472 280.141
62.494618 277.921
62.527065 276.661
62.558219 277.912
62.589386 279.082
62.620579 280.012
62.651712 282.6
62.683856 285.316
62.71502 285.797
62.746152 282.987
62.777211 280.769
62.808262 280.21
62.840371 281.403
62.871556 281.368
62.902834 281.535
62.934018 284.273
62.965227 280.732
62.997528 276.514
63.028766 280.339
63.059917 280.257
63.09102 276.986
63.122527 278.128
63.154876 276.88
63.185973 277.639
63.217162 276.49
63.248371 292.21
63.330578 298.782
63.393288 299.035
63.424386 291.474
63.455816 285.687
63.486943 280.855
63.518094 278.933
63.601221 278.422
63.632309 280.969
63.663309 280.572
63.694386 279.693
63.725389 279.926
63.757478 279.966
63.788592 279.269
63.819718 279.006
63.850874 282.393
63.882196 282.479
63.914369 278.753
63.945392 278.566
63.976409 291.257
64.058376 297.954
64.089426 289.558
64.121707 287.216
64.152812 289.681
64.184 284.18
64.215074 282.349
64.246108 281.139
64.329457 282.529
64.360542 286.479
64.391602 287.947
64.422701 285.282
64.453866 282.074
64.486066 280.26
64.517116 281.352
64.548097 281.867
64.579071 281.642
64.610185 277.207
64.642275 276.818
64.673344 276.636
64.704347 278.066
64.735371 279.416
64.766408 280.111
64.798527 280.056
64.829563 279.963
64.860638 280.534
64.891759 284.873
64.922905 289.503
64.9551 293.432
64.986142 296.597
65.017188 300.032
65.048233 303.987
65.07931 300.513
65.111581 290.849
65.142633 285.044
65.173643 282.151
65.204685 280.281
65.235754 277.83
65.267945 277.9
65.299006 276.037
65.330156 273.912
65.361272 274.646
65.392385 276.364
65.424565 277.044
65.455638 277.71
65.486664 278.914
65.517757 278.075
65.548896 278.514
65.581151 278.444
65.612247 277.818
65.643277 278.812
65.674308 282.205
65.705382 286.555
65.737548 284.712
65.768679 281.641
65.799863 281.426
65.830954 278.527
65.862071 277.144
65.894233 280.341
65.925342 275.282
65.956494 272.955
65.987652 274.619
66.018779 275.954
66.051117 276.251
66.08222 277.844
66.113371 277.455
66.144461 277.617
66.175706 277.265
66.207973 278.624
66.239104 284.044
66.270118 288.109
66.311265 287.106
66.342365 282.191
66.374636 279.444
66.405775 278.88
66.436819 277.777
66.467831 275.588
66.498944 274.208
66.531022 273.205
66.562096 271.678
66.593093 273.143
66.624153 276.752
66.65527 276.819
66.68758 277.206
66.718637 277.44
66.749855 276.749
66.780954 276.779
66.812178 276.746
66.844372 277.569
66.875425 277.364
66.906569 277.836
66.937765 277.64
66.968957 277.161
67.001189 276.784
67.032398 278.252
67.063619 276.933
67.09483 278.381
67.12605 277.688
67.158292 277.101
67.189439 276.419
67.220628 277.444
67.252059 277.239
67.283334 275.902
67.315727 275.646
67.347052 276.411
67.378229 274.288
67.409435 276.057
67.440774 277.964
67.47305 277.331
67.504223 279.357
67.535321 279.842
67.566441 287.608
67.617954 294.071
67.650114 294.819
67.681167 286.433
67.712394 279.243
67.743453 278.08
67.774436 276.044
67.806548 275.733
67.837592 274.487
67.889069 274.508
67.920137 275.808
67.951222 277.002
67.973181 277.495
68.004404 276.964
68.035523 276.774
68.066642 276.313
68.09769 277.034
68.129908 276.875
68.161127 276.257
68.192247 276.326
68.223478 276.238
68.254734 277.986
68.286957 277.708
68.318096 277.24
68.349179 277.268
68.380335 276.49
68.411514 276.948
68.443832 277.525
68.474988 276.51
68.506113 276.829
68.537232 275.233
68.568375 276.335
68.600481 276.924
68.631515 276.464
68.66249 279.573
68.693595 281.743
68.724761 278.587
68.757012 279.16
68.788198 277.789
68.819284 276.664
68.850593 277.135
68.881778 288.739
68.974954 297.018
69.006144 291.135
69.037212 282.054
69.068237 280.47
69.099443 278.132
69.131612 277.419
69.162746 275.847
69.2345 274.204
69.265531 275.944
69.296629 276.562
69.328848 276.727
69.359991 276.994
69.391001 276.471
69.422025 276.366
69.453049 276.352
69.485143 278.76
69.5162 278.076
69.547262 279.483
69.578349 281.087
69.609465 280.687
69.641697 279.529
69.672821 281.381
69.703999 285.01
69.735119 283.081
69.76613 284.48
69.798307 286.351
69.829346 279.03
69.860415 276.815
69.891488 276.281
69.922433 276.058
69.95458 273.282
69.985628 274.038
70.016678 274.82
70.047794 273.986
70.078955 274.93
70.111148 278.574
70.14221 277.46
70.163316 277.401
70.194405 278.368
70.225472 276.973
70.257493 276.935
70.288524 277.714
70.319686 276.504
70.350775 274.801
70.382087 274.436
70.414155 275.893
70.445197 275.707
70.476436 275.228
70.507764 275.725
70.538955 275.829
70.571286 275.791
70.602361 277.157
70.633483 276.518
70.664727 274.551
70.695926 275.504
70.728067 276.771
70.759215 277.029
70.790344 276.629
70.821436 278.111
70.852601 276.898
73.179881 275.739
73.21091 275.735
73.241962 275.437
73.272992 276.632
73.304099 275.622
73.336318 273.929
73.36741 274.877
73.388239 275.278
73.419247 275.641
73.45026 276.371
73.482352 276.369
73.513389 276.39
73.544419 275.755
73.575478 276.788
73.606528 275.724
73.638621 275.798
73.669622 277.336
73.700634 276.592
73.731733 277.086
73.762834 277.781
73.79497 278.075
73.8261 277.393
73.857153 276.954
73.888175 279.276
73.919268 276.835
73.951404 274.991
73.982489 277.923
74.013883 275.373
74.045002 273.369
74.076029 274.04
74.108455 301.929
74.312853 312.273
74.343943 291.891
74.375081 288.626
74.406182 290.805
74.621305 292.432
74.65232 294.431
74.683457 292.158
74.714614 288.174
74.745811 281.779
74.778203 278.609
74.809375 279.159
74.840526 278.032
74.871665 275.468
74.903014 275.816
74.935411 275.543
74.966613 275.645
74.99768 276.394
75.028751 276.092
75.060016 276.239
75.092344 276.147
75.12361 287.636
75.195641 295.628
75.22689 293.814
75.258144 287.395
75.290366 281.045
75.321457 281.252
75.35264 278.081
75.383782 275.855
75.465911 275.728
75.498227 279.313
75.519211 279.933
75.550444 278.558
75.581685 277.262
75.612804 278.751
75.645059 276.869
75.676138 276.215
75.707165 277.843
75.738208 277.936
75.769326 276.601
75.801584 276.181
75.822488 277.771
75.853796 276.839
75.884907 275.153
75.915928 276.889
75.948234 276.589
75.979277 276.888
76.010334 277.207
76.041355 278.621
76.072363 276.393
76.104526 275.277
76.135599 276.359
76.166731 275.978
76.197954 275.991
76.229038 277.174
76.261211 276.114
76.292448 274.633
76.323464 274.183
76.354434 276.318
76.385413 275.546
76.417456 274.529
76.448397 276.03
76.469318 275.186
76.50035 273.758
76.531634 276.377
76.56397 275.426
76.595034 274.787
76.62617 274.872
76.657222 275.342
76.688444 275.256
76.720651 274.671
76.75178 275.329
76.772621 275.782
76.80372 274.174
76.834872 276.691
76.8671 276.841
76.898151 278.294
76.9293 275.92
76.960397 275.396
76.991536 274.611
77.02371 274.085
77.054833 275.094
77.085854 274.689
77.116962 273.479
77.148196 273.836
77.180431 274.083
77.211467 274.943
77.242445 276.964
77.27354 277.061
77.304651 275.726
77.336937 275.388
77.368159 275.318
77.399253 274.742
77.430304 274.869
77.461353 276.404
77.493425 275.882
77.524456 273.984
77.5558 275.17
77.586943 274.904
77.618002 275.409
77.650096 275.819
77.681249 278.73
77.712259 282.045
77.743249 280.603
77.774259 277.415
77.806308 276.289
77.837296 275.561
77.868351 275.119
77.899427 274.97
77.930466 273.114
77.962582 272.425
77.993661 271.66
78.024789 274.692
78.055897 274.936
78.086983 275.387
78.119102 275.095
78.150164 275.036
78.181158 275.63
78.212377 275.015
78.243537 276.103
78.275753 276.773
78.306841 275.31
78.337968 272.958
78.369072 273.831
78.40015 274.498
78.432365 273.884
78.463413 274.803
78.494529 273.498
78.525606 273.803
78.556642 272.564
78.588803 274.386
78.619864 274.162
78.650946 273.613
78.682015 274.538
78.713073 274.246
78.745185 276.461
78.776292 276.017
78.80734 275.026
78.838432 274.516
78.869576 275.141
78.9018 275.174
78.93285 274.544
78.963984 274.972
78.995113 273.939
79.026342 274.635
79.058507 275.357
79.089767 277.299
79.120934 282.024
79.162351 291.79
79.203688 284.978
79.23595 284.48
79.267109 286.361
79.298228 291.19
79.329328 310.682
79.452075 328.302
79.484378 325.271
79.515509 321.757
79.546598 316.79
79.577706 301.517
79.608839 299.771
79.641016 302.932
79.6722 298.171
79.723693 287.039
79.754869 281.436
79.775811 282.328
79.807961 281.344
79.839061 281.694
79.870168 278.303
79.901329 278.045
79.932285 277.135
79.964307 276.343
79.995375 275.525
80.026424 275.797
80.057493 275.135
80.088655 274.91
80.120794 275.522
80.151921 275.094
80.182896 275.452
80.213973 275.918
80.245026 275.825
80.277133 276.91
80.308118 275.615
80.339156 276.393
80.370239 275.999
80.401283 274.505
80.43333 275.07
80.464328 274.426
80.495332 276.0
80.526306 275.577
80.557313 275.095
80.58941 273.153
80.620517 272.169
80.651641 274.02
80.68267 276.769
80.7137 280.342
80.745861 278.386
80.776866 275.304
80.807924 274.569
80.838952 275.128
80.870064 274.515
80.902293 275.39
80.933432 274.965
80.964545 274.882
80.995715 273.092
81.026928 273.266
81.059114 274.136
81.090138 273.945
81.121227 274.761
81.152338 274.997
81.183531 274.119
81.215692 274.191
81.246828 274.516
81.277905 274.503
81.308974 274.214
81.340015 274.206
81.372284 274.443
81.403337 273.681
81.434506 274.085
81.465512 275.171
81.496614 274.606
81.528778 275.072
81.559798 275.595
81.590943 274.501
81.622062 272.79
81.65312 274.028
81.685263 274.116
81.716367 274.09
81.747516 290.18
81.849933 309.918
81.90155 289.14
81.933794 284.254
81.964927 280.758
81.99607 269.676
87.060397 271.589
87.091488 272.97
87.123733 273.081
87.154829 274.86
87.185939 274.27
87.217051 273.362
87.24813 274.862
87.280511 275.157
87.301469 275.313
87.332584 279.55
87.363749 277.944
87.394878 291.686
87.5085 295.783
87.559983 281.853
87.591088 279.287
87.622178 274.829
87.653266 273.83
87.685471 275.081
87.71664 273.825
87.768161 273.8
87.799171 273.847
87.83027 276.31
87.862403 276.52
87.89345 276.358
87.924473 274.894
87.955635 273.653
87.976563 274.072
88.008725 275.095
88.039747 274.547
88.070816 274.418
88.101953 275.135
88.133089 276.442
88.165226 273.281
88.19628 273.742
88.227257 275.053
88.258203 274.376
88.289209 313.181
88.423021 319.428
88.454104 285.793
88.485175 277.827
88.516187 278.108
88.547289 277.413
88.57946 276.115
88.681702 274.571
88.712822 276.367
88.743952 275.017
88.77518 274.12
88.807318 273.605
88.838516 274.298
88.869827 273.064
88.900901 273.246
88.932116 275.131
88.964408 273.453
88.995587 272.52
89.026787 273.417
89.058127 272.925
89.089293 272.499
89.12148 273.181
89.15257 273.538
89.183694 273.698
89.214737 273.516
89.245843 275.487
89.278002 273.434
89.308989 273.372
89.339976 274.271
89.371126 274.104
89.402237 273.544
89.43437 274.029
89.465562 273.557
89.496852 272.793
89.527917 273.23
89.558952 274.444
89.5912 274.017
89.622258 275.223
89.653324 274.64
89.684464 276.401
89.715665 278.752
89.747868 282.303
89.778955 277.208
89.810048 275.466
89.841073 278.552
89.872127 279.879
89.904311 277.174
89.935339 278.62
89.966425 278.538
89.997405 277.441
90.028512 281.243
90.060645 285.366
90.091654 281.78
90.122694 279.151
90.153714 280.049
90.184831 281.395
90.216939 276.635
90.247971 276.947
90.278985 275.591
90.310095 273.334
90.341226 272.86
90.373475 274.469
90.404694 273.647
90.435758 274.603
90.466789 273.015
90.497916 274.132
90.530105 274.486
90.561134 274.446
90.592177 273.249
90.623227 272.778
90.654277 273.082
90.686532 272.52
90.717658 273.196
90.748828 273.072
90.77998 273.12
90.811051 274.393
90.843173 273.135
90.874272 274.116
90.905272 273.768
90.936313 273.449
90.967672 274.061
90.999835 274.473
91.030904 272.775
91.062053 273.01
91.093078 274.116
91.124199 275.996
91.156371 278.698
91.187557 295.201
91.239204 280.414
91.270336 276.244
91.301412 273.597
91.333689 273.19
91.364848 272.233
91.396098 269.946
91.427279 273.103
91.529624 274.319
91.561817 274.071
91.592995 274.458
91.624122 275.038
91.655238 273.684
91.686396 274.832
91.718728 273.451
91.750033 273.111
91.781249 271.968
91.812447 272.839
91.84372 273.783
91.875951 273.427
91.907097 274.034
91.938176 273.555
91.969241 273.234
92.00036 273.052
92.032549 272.743
92.063673 273.342
92.094796 273.412
92.115675 273.677
92.146672 273.492
92.178769 272.964
92.209878 275.588
92.241051 274.761
92.272159 274.829
92.30329 279.13
92.335607 276.391
92.366672 301.759
92.560444 317.906
92.591561 297.757
92.622624 290.121
92.654758 307.244
92.93007 287.278
92.961161 277.935
92.992296 274.64
93.023397 274.364
93.055547 273.546
93.086626 273.746
93.117766 274.333
93.148814 273.183
93.200334 273.88
93.232555 274.755
93.263664 273.419
93.294658 273.414
93.325782 274.232
93.356988 272.923
93.389326 272.785
93.420336 273.094
93.451532 273.123
93.482585 272.512
93.51364 272.123
93.545884 272.707
93.576981 285.061
93.66916 287.229
93.700175 277.727
93.731132 276.675
93.76328 273.748
93.794434 272.544
93.825498 273.652
93.856568 272.982
93.938652 272.894
93.970864 272.877
94.001973 272.644
94.033062 272.732
94.064119 272.542
94.095118 272.573
94.127179 272.839
94.148032 274.236
94.178968 273.227
94.209935 275.531
94.240917 276.827
94.27277 276.643
94.303792 275.699
94.334772 278.117
94.365741 277.703
94.396769 276.236
94.428622 273.96
94.459652 274.412
94.490811 275.179
94.52185 274.388
94.552865 277.04
94.584922 275.851
94.615956 274.648
94.646927 279.637
94.677968 278.611
94.709023 275.567
94.740856 273.485
94.771837 274.607
94.802854 273.843
94.833964 272.559
94.865007 273.579
94.896882 272.087
94.928173 272.479
94.959133 272.763
94.990097 272.374
95.021159 272.791
95.053061 272.595
95.084073 273.372
95.115022 274.015
95.146103 273.486
95.177055 274.307
95.208863 272.727
95.239838 273.098
95.270902 274.9
95.302012 274.531
95.33303 281.258
95.365117 294.749
95.396197 309.301
95.427217 311.427
95.468376 304.205
95.499438 286.512
95.531568 276.736
95.562578 273.222
95.593566 272.184
95.634927 271.485
95.66615 269.864
95.698136 273.473
95.729224 278.19
95.760286 280.268
95.791316 276.787
95.822309 274.702
95.854289 275.48
95.885305 275.071
95.916288 273.412
95.947307 272.551
95.978308 273.024
96.010456 272.993
96.041501 272.347
96.072539 272.072
96.10361 271.304
96.124445 271.562
96.156415 271.254
96.187433 271.763
96.218414 273.343
96.249361 273.103
96.280341 272.66
96.312264 274.123
96.343251 272.95
96.37423 273.144
96.405181 272.413
96.436219 271.803
96.468128 271.448
96.499108 273.154
96.530064 272.531
96.561038 272.237
96.592341 272.307
96.624151 278.873
96.6552 274.638
96.686164 273.265
96.717147 273.405
96.748195 273.178
96.780084 271.552
96.811305 272.76
96.842267 272.48
96.87322 272.209
96.90422 272.973
96.936105 272.594
96.967145 272.64
96.998158 272.378
97.02918 272.686
97.060207 272.493
97.092247 272.146
97.123253 272.849
97.154206 272.431
97.185256 272.307
97.216222 273.57
97.248163 272.989
97.279138 271.853
97.310132 272.458
97.341135 272.311
97.372166 271.291
97.404047 271.523
97.435006 271.802
97.466016 272.232
97.496962 272.311
97.52795 272.949
97.559784 272.468
97.59077 272.427
97.621715 273.607
97.652662 273.331
97.68383 273.615
97.7156 274.932
97.74658 275.469
97.777541 273.76
97.808758 274.588
97.839836 277.224
97.871632 274.037
97.902657 272.63
97.933626 272.96
97.964587 272.128
97.995601 272.733
98.027493 272.423
98.058534 274.257
98.089496 272.619
98.120473 273.701
98.151524 274.347
98.183396 273.737
98.214392 272.851
98.245395 273.073
98.276391 273.568
98.297294 272.177
98.32933 271.913
98.360334 272.45
98.39138 271.272
98.422329 272.34
98.453289 272.65
98.485298 272.244
98.516258 272.516
98.547247 272.585
98.578229 314.824
98.761473 323.718
98.793487 286.777
98.824497 283.253
98.855503 279.421
99.028912 275.743
99.059924 275.227
99.092 273.589
99.122979 273.773
99.153952 289.01
99.256183 319.731
99.287232 342.772
99.390405 342.298
99.421413 341.723
99.452474 345.459
99.483795 336.217
99.525063 313.891
99.557373 307.111
99.588443 294.144
99.619522 292.812
99.650708 291.664
99.681828 291.706
99.714046 296.299
99.745122 294.605
99.776131 284.359
99.807185 277.2
99.838348 276.709
99.870461 275.211
99.901502 274.558
99.932605 273.934
99.963683 273.127
99.994709 272.991
100.026807 274.667
