1.2e-05 0.010964
0.235666 0.01958
0.266673 0.026454
0.297655 0.032024
0.328651 0.03681
0.359637 0.0409
0.391725 0.044381
0.422722 0.04734
0.453663 0.049951
0.494921 0.052213
0.525897 0.090677
0.557852 0.092505
0.588829 0.094332
0.619796 0.093288
0.650751 0.096508
0.681724 0.100772
0.713687 0.104688
0.744677 0.110605
0.77571 0.117654
0.806712 0.125225
0.837688 0.130273
0.869737 0.140454
0.90075 0.147677
0.931793 0.153334
0.962855 0.158468
0.993845 0.161688
1.02581 0.162384
1.056748 0.164734
1.08769 0.164908
1.118674 0.164734
1.149663 0.165169
1.181835 0.165169
1.21289 0.166126
1.243895 0.167083
1.274983 0.167866
1.306105 0.168389
1.328097 0.169172
1.359101 0.169781
1.39014 0.167344
1.421423 0.170564
1.452557 0.15316
1.535673 0.169607
1.566873 0.171957
1.597968 0.172131
1.628961 0.172218
1.659918 0.172827
1.691959 0.171521
1.723055 0.173088
1.754315 0.129925
1.805662 0.142891
1.83672 0.149505
1.868746 0.148547
1.899989 0.148721
1.931243 0.146372
1.962477 0.144892
1.993555 0.138366
2.096992 0.171173
2.128067 0.170999
2.159129 0.164386
2.190182 0.16865
2.22132 0.17448
2.253456 0.174219
2.284457 0.111215
2.366394 0.128793
2.397564 0.144196
2.428703 0.142891
2.46077 0.143935
2.491799 0.141934
2.5228 0.14176
2.553816 0.140715
2.585013 0.140976
2.617004 0.143674
2.647985 0.186054
2.679039 0.180311
2.710039 0.180659
2.741032 0.181877
2.772956 0.182921
2.804145 0.177265
2.845324 0.184575
2.876306 0.182573
2.907377 0.179266
2.939486 0.186315
2.970444 0.187011
3.001465 0.187534
3.032396 0.185793
3.063395 0.185967
3.085157 0.182834
3.11616 0.177613
3.147197 0.18675
3.178195 0.180137
3.209179 0.184488
3.24104 0.184749
3.27202 0.185097
3.302979 0.187098
3.334022 0.182921
3.365016 0.184488
3.396973 0.184053
3.427971 0.186489
3.458973 0.184053
3.489966 0.180137
3.520994 0.184575
3.55306 0.183705
3.584029 0.187969
3.615041 0.180137
3.64606 0.182747
3.677183 0.186837
3.70922 0.192929
3.740232 0.194582
3.771235 0.195627
3.802217 0.196758
3.833245 0.196845
3.86529 0.193016
3.896326 0.189448
3.927367 0.190666
3.958409 0.195627
3.989429 0.197541
4.021468 0.197019
4.052526 0.190405
4.08371 0.198063
4.114822 0.197106
4.145982 0.19815
4.178253 0.2005
4.209457 0.203807
4.240571 0.201109
4.271708 0.204416
4.302827 0.203894
4.335066 0.199978
4.36631 0.206331
4.397569 0.205982
4.428685 0.206418
4.45989 0.205112
4.492141 0.20546
4.523172 0.205286
4.554329 0.206679
4.5855 0.207114
4.616683 0.206069
4.648964 0.207288
4.680064 0.205895
4.711159 0.204677
4.742211 0.205025
4.773292 0.205373
4.805505 0.206418
4.836551 0.207549
4.867619 0.205808
4.89871 0.205721
4.929852 0.20694
4.962015 0.206679
4.993097 0.204242
5.024054 0.20546
5.055135 0.20546
5.086215 0.206156
5.118318 0.206156
5.149469 0.203198
5.180554 0.205895
5.211697 0.205721
5.242864 0.206069
5.275128 0.204764
5.306285 0.206156
5.337406 0.20546
5.368485 0.206243
5.39961 0.205895
5.431756 0.20694
5.462884 0.205286
5.494008 0.20546
5.525085 0.205982
5.556176 0.20372
5.588373 0.202066
5.619511 0.201718
5.650682 0.206243
5.68176 0.204677
5.712921 0.206243
5.745207 0.206156
5.776377 0.204503
5.807553 0.206331
5.838714 0.205112
5.869874 0.203894
5.902056 0.202763
5.933203 0.206418
5.964394 0.206069
5.995571 0.20459
6.026787 0.205286
6.0591 0.205808
6.090265 0.203111
6.122172 0.205025
6.153423 0.195888
6.184595 0.186141
6.288249 0.190579
6.339848 0.205547
6.371059 0.203459
6.402298 0.20224
6.433471 0.19963
6.465745 0.139932
6.741046 0.156728
6.772187 0.148373
6.803383 0.159947
6.834429 0.107647
7.029464 0.100772
7.060641 0.101642
7.0917 0.104514
7.12283 0.100337
7.153967 0.105558
7.186235 0.112694
7.218402 0.118089
7.250565 0.124094
7.281676 0.128706
7.312768 0.130969
7.588091 0.185967
7.619168 0.099118
7.926018 0.080409
7.967319 0.069618
7.998424 0.078581
8.029563 0.082497
8.060739 0.086152
8.093044 0.094593
8.124261 0.100424
8.155504 0.10434
8.186699 0.180224
8.217881 0.160818
8.250232 0.152637
8.281408 0.174828
8.31255 0.175176
8.343769 0.175611
8.374987 0.173262
8.407222 0.176656
8.439464 0.177352
8.471497 0.179789
8.503633 0.184314
8.534715 0.191798
8.565847 0.188926
8.597054 0.191102
8.628163 0.194321
8.660369 0.197802
8.691591 0.200326
8.722667 0.202763
8.753758 0.205373
8.784849 0.205808
8.816951 0.208245
8.848116 0.206156
8.879341 0.209985
8.910555 0.210595
8.941711 0.211117
8.973879 0.21016
9.005063 0.212509
9.036367 0.213118
9.06754 0.211639
9.09867 0.21425
9.130947 0.215555
9.162219 0.211291
9.193373 0.214772
9.224536 0.214946
9.25575 0.214076
9.28807 0.215816
9.319252 0.21599
9.350476 0.212074
9.381615 0.214163
9.412851 0.216251
9.445163 0.213205
9.476315 0.214772
9.507509 0.181181
9.599658 0.211465
9.630864 0.216686
9.663069 0.215207
9.694352 0.213901
9.725629 0.215729
9.756887 0.215381
9.788212 0.211987
9.820531 0.165865
9.861998 0.178309
9.893265 0.181529
9.924453 0.178222
9.955702 0.177352
9.988049 0.173784
10.019325 0.176917
10.050663 0.177091
10.081937 0.177961
10.113261 0.182225
10.145662 0.216338
10.176902 0.215381
10.208225 0.214163
10.23953 0.21512
10.270828 0.209898
10.303264 0.216425
10.334573 0.216947
10.36582 0.196236
10.407301 0.204242
10.438494 0.205721
10.47072 0.151767
10.583545 0.177961
10.614689 0.201283
10.645853 0.203633
10.677046 0.209637
10.709241 0.210769
10.740321 0.211639
10.77142 0.154639
10.853376 0.145502
10.874301 0.159947
10.90653 0.163341
10.937681 0.150723
10.968707 0.138975
10.999893 0.132361
11.031079 0.14263
11.0633 0.14907
11.094456 0.153769
11.12554 0.180224
11.156607 0.202414
11.17773 0.201718
11.210001 0.203198
11.241172 0.207549
11.27233 0.215207
11.303497 0.216686
11.334688 0.218079
11.366991 0.219471
11.398185 0.220776
11.429386 0.222256
11.460591 0.221472
11.491732 0.221298
11.523926 0.221211
11.554992 0.223996
11.58613 0.220689
11.617232 0.220515
11.648586 0.225214
11.680791 0.226172
11.711886 0.227042
11.743008 0.226694
11.763956 0.226694
11.79511 0.22243
11.827277 0.22417
11.858485 0.22739
11.889629 0.224083
11.920757 0.223213
11.951924 0.226781
11.984283 0.226085
12.015456 0.226433
12.046575 0.224257
12.067488 0.224779
12.098769 0.228347
12.130996 0.225476
12.162062 0.226259
12.193199 0.22652
12.224502 0.221908
12.255643 0.227129
12.287857 0.225998
12.319057 0.221995
12.350148 0.226607
12.381281 0.22739
12.41243 0.226259
12.444681 0.224866
12.475845 0.227042
12.506963 0.22565
12.53819 0.22565
12.569243 0.227564
12.601378 0.226433
12.632444 0.223996
12.663469 0.227042
12.694586 0.22826
12.725712 0.22243
12.758075 0.227042
12.789241 0.228173
12.820361 0.227651
12.851516 0.23061
12.882791 0.230001
12.915019 0.228086
12.946151 0.230262
12.977241 0.230001
13.008338 0.233047
13.03966 0.229305
13.071864 0.233482
13.102927 0.235831
13.133983 0.235744
13.165138 0.232959
13.196263 0.201283
13.258954 0.224431
13.290055 0.230175
13.321107 0.229566
13.352174 0.23148
13.383281 0.233221
13.415515 0.232785
13.446562 0.224953
13.477754 0.229653
13.508843 0.212509
13.540024 0.226694
13.57223 0.221385
13.603257 0.227912
13.634419 0.220689
13.665413 0.219471
13.696417 0.220428
13.728511 0.220254
13.759658 0.217818
13.790721 0.232089
13.821785 0.22652
13.852957 0.225563
13.885272 0.228869
13.916312 0.230784
13.947463 0.231393
13.978496 0.225737
14.009646 0.232263
14.041801 0.221385
14.072945 0.233395
14.104145 0.238181
14.135426 0.237137
14.166567 0.235744
14.198828 0.23235
14.229952 0.23705
14.250893 0.228086
14.282036 0.237224
14.313151 0.236963
14.345459 0.23792
14.376649 0.233482
14.408002 0.18005
14.500321 0.228782
14.531498 0.236527
14.563725 0.237224
14.594897 0.233743
14.62607 0.235657
14.657219 0.242445
14.688291 0.220341
14.730625 0.186576
14.761738 0.191363
14.792859 0.19084
14.82402 0.190144
14.855097 0.192581
14.887276 0.193799
14.918589 0.188752
14.949613 0.180224
14.980603 0.183879
15.011674 0.188317
15.043873 0.207375
15.074903 0.232002
15.105961 0.233482
15.137089 0.235309
15.168187 0.235483
15.200352 0.232785
15.23148 0.224866
15.272764 0.230262
15.303864 0.212248
15.334979 0.23557
15.36729 0.24697
15.398358 0.245752
15.429416 0.244534
15.460623 0.247405
15.491787 0.248014
15.523834 0.238964
15.554823 0.23148
15.585867 0.217208
15.616919 0.222865
15.63771 0.235222
15.669909 0.231567
15.701118 0.232089
15.732115 0.230871
15.763172 0.23148
15.794278 0.23061
15.826411 0.229653
15.857541 0.229305
15.888618 0.243837
15.919747 0.248363
15.950915 0.248188
15.982995 0.250886
16.014015 0.248972
16.045097 0.252017
16.076133 0.250451
16.107151 0.248711
16.139278 0.249059
16.170255 0.252714
16.201237 0.24784
16.232217 0.25428
16.263208 0.257848
16.295272 0.254541
16.326284 0.258544
16.357281 0.258544
16.3883 0.258022
16.419307 0.258109
16.451449 0.2575
16.482535 0.253758
16.513634 0.251234
16.544745 0.25106
16.575917 0.253323
16.608104 0.255498
16.639213 0.253062
16.670252 0.255324
16.701313 0.256282
16.732425 0.255846
16.764707 0.262982
16.795869 0.261938
16.82694 0.260633
16.858039 0.261155
16.889168 0.26333
16.921389 0.261503
16.952594 0.268552
16.983677 0.268552
17.014688 0.2689
17.045677 0.267508
17.077851 0.266985
17.10895 0.266898
17.140045 0.26977
17.171098 0.266724
17.202157 0.265071
17.234315 0.261329
17.265378 0.261764
17.296388 0.263156
17.327508 0.26072
17.358555 0.258631
17.390678 0.262286
17.421813 0.259066
17.452865 0.257674
17.483899 0.265419
17.515006 0.266028
17.547185 0.262373
17.578274 0.26246
17.609314 0.259501
17.640389 0.258979
17.671434 0.265419
17.703594 0.265767
17.734643 0.262112
17.765654 0.270118
17.796702 0.269074
17.827873 0.267421
17.860082 0.267159
17.891263 0.267421
17.922389 0.26246
17.95348 0.259153
17.9846 0.259588
18.016925 0.262199
18.048069 0.261938
18.079172 0.259675
18.110293 0.263417
18.141436 0.264375
18.173882 0.261764
18.20512 0.267943
18.236333 0.264201
18.2676 0.262112
18.298796 0.270031
18.331167 0.269683
18.362349 0.267682
18.393558 0.270553
18.424696 0.269857
18.455873 0.268987
18.488148 0.267595
18.519236 0.273599
18.550423 0.272207
18.58158 0.267508
18.612745 0.272033
18.645037 0.267421
18.676256 0.270205
18.707414 0.271511
18.738558 0.272816
18.769932 0.267333
18.80218 0.268204
18.833215 0.27125
18.86423 0.268378
18.895241 0.271337
18.926451 0.272033
18.958631 0.261938
18.989699 0.265941
19.051333 0.272555
19.082503 0.266985
19.113608 0.271685
19.14584 0.270901
19.176959 0.268987
19.208133 0.270466
19.2392 0.267769
19.270262 0.219036
19.322718 0.195975
19.526699 0.240443
19.557797 0.242706
19.5888 0.258109
19.619933 0.073447
19.987648 0.115044
20.039247 0.15812
20.070572 0.140889
20.142319 0.144631
20.173666 0.105993
20.34807 0.109126
20.379213 0.120874
20.410345 0.131056
20.441471 0.132361
20.472599 0.141673
20.505197 0.148373
20.536263 0.153943
20.567315 0.15812
20.5984 0.205895
20.629682 0.21921
20.661842 0.224953
20.693792 0.225476
20.71566 0.201283
20.757002 0.225301
20.788057 0.234091
20.819289 0.238007
20.850428 0.241401
20.882607 0.252627
20.913774 0.267856
20.944776 0.264723
20.975825 0.268639
21.006948 0.257239
21.039243 0.27064
21.070466 0.272468
21.101653 0.274469
21.132858 0.273425
21.164105 0.276297
21.196402 0.276993
21.227652 0.276558
21.25887 0.275514
21.290126 0.279691
21.321308 0.278733
21.353471 0.279604
21.384555 0.280822
21.415853 0.280735
21.447209 0.280822
21.478527 0.281692
21.511042 0.282301
21.542419 0.279952
21.573746 0.283346
21.60514 0.287262
21.636539 0.284129
21.65883 0.280561
21.690193 0.28439
21.721448 0.284912
21.75275 0.284738
21.784108 0.284999
21.816544 0.282824
21.847949 0.280822
21.879344 0.283346
21.910686 0.281953
21.941841 0.279691
21.974109 0.284738
22.0052 0.285608
22.036409 0.28526
22.06767 0.28117
22.098989 0.286653
22.131461 0.283781
22.162758 0.284042
22.194106 0.28526
22.225438 0.282737
22.256762 0.286478
22.28918 0.291265
22.320536 0.288741
22.35194 0.28613
22.383319 0.290395
22.414734 0.293701
22.447109 0.287697
22.478406 0.290046
22.509635 0.29492
22.540933 0.292657
22.572239 0.288567
22.604611 0.295268
22.635909 0.293701
22.667227 0.292048
22.698545 0.294746
22.729907 0.294137
22.75211 0.290917
22.783453 0.295529
22.814722 0.297095
22.846085 0.295355
22.87744 0.294224
22.909831 0.30223
22.9412 0.302404
22.972499 0.294224
23.00381 0.296573
23.035194 0.294659
23.067683 0.295529
23.09907 0.29753
23.130437 0.283868
23.161791 0.291352
23.193078 0.278472
23.225399 0.295616
23.256795 0.293353
23.288146 0.296486
23.319504 0.298923
23.350885 0.299358
23.383331 0.29901
23.414696 0.282824
23.446019 0.291352
23.477389 0.269857
23.508671 0.27473
23.541107 0.276558
23.572437 0.278472
23.603715 0.270379
23.634932 0.270205
23.66623 0.271772
23.698586 0.278385
23.729811 0.282301
23.761067 0.301707
23.792435 0.304753
23.823823 0.303622
23.85622 0.303883
23.887636 0.295268
23.918979 0.296921
23.950304 0.301272
23.981698 0.303709
24.014169 0.305711
24.045478 0.307103
24.076795 0.308843
24.108164 0.308408
24.13956 0.308843
24.171985 0.30954
24.203388 0.311628
24.234736 0.314761
24.266078 0.3145
24.297502 0.314674
24.329976 0.315196
24.361428 0.317807
24.392687 0.312498
24.424077 0.317633
24.455438 0.318068
24.487806 0.317894
24.519213 0.31537
24.550534 0.312324
24.612433 0.314935
24.643763 0.318851
24.676191 0.312498
24.70748 0.317546
24.738821 0.32094
24.770075 0.323376
24.801358 0.236701
24.874418 0.255324
24.905673 0.258979
24.936823 0.251843
24.96803 0.251408
24.999261 0.25193
25.031641 0.246709
25.06288 0.246448
25.094088 0.251669
25.125209 0.254454
25.156461 0.316588
25.188814 0.310323
25.220107 0.317023
25.251504 0.319808
25.282847 0.322593
25.314194 0.322332
25.346507 0.322593
25.377678 0.323637
25.408977 0.321114
25.440236 0.323985
25.471481 0.322158
25.503754 0.320852
25.535068 0.32181
25.566407 0.323724
25.597838 0.324333
25.629189 0.321636
25.661624 0.323811
25.692987 0.324507
25.724238 0.320765
25.755597 0.324681
25.787009 0.324507
25.819527 0.324072
25.850919 0.323463
25.88223 0.32442
25.913565 0.32181
25.944813 0.324246
25.977169 0.323898
26.00839 0.326161
26.039561 0.323289
26.070626 0.32442
26.101872 0.32677
26.134172 0.325378
26.165356 0.327379
26.196484 0.325987
26.227681 0.326596
26.258916 0.32764
26.291322 0.328249
26.322617 0.326074
26.353944 0.327205
26.385185 0.329294
26.416396 0.329294
26.448806 0.328423
26.480102 0.328423
26.511381 0.329903
26.542606 0.332427
26.573798 0.332078
26.606007 0.327292
26.637278 0.325813
26.668437 0.331208
26.699624 0.330947
26.730812 0.32851
26.75302 0.331034
26.784274 0.329729
26.815536 0.326422
26.846745 0.322941
26.877936 0.32851
26.930671 0.327466
26.961833 0.328598
26.993065 0.329033
27.024318 0.326335
27.055639 0.329555
27.0881 0.325639
27.119318 0.325726
27.150525 0.334602
27.181707 0.298488
27.213071 0.305972
27.235205 0.302491
27.266445 0.306146
27.297598 0.299358
27.328666 0.299445
27.359901 0.301272
27.392248 0.29666
27.423376 0.292744
27.454477 0.292657
27.485607 0.325378
27.516716 0.326335
27.549003 0.324594
27.580185 0.327031
27.61143 0.333384
27.642558 0.333906
27.673775 0.333471
27.706152 0.328685
27.737303 0.336256
27.768439 0.334863
27.799568 0.333819
27.820513 0.333732
27.85274 0.335298
27.883831 0.333123
27.914852 0.333819
27.945947 0.336256
27.976976 0.333906
28.009167 0.330425
28.040339 0.335472
28.071517 0.3373
28.102707 0.336256
28.123716 0.337735
28.155969 0.336169
28.187057 0.333819
28.218147 0.337474
28.249312 0.33991
28.280498 0.33234
28.312758 0.339823
28.343981 0.33904
28.375193 0.334254
28.406451 0.338083
28.437672 0.3373
28.469999 0.345219
28.501236 0.342782
28.532363 0.344001
28.563581 0.339649
28.594732 0.346263
28.627083 0.339214
28.658236 0.342173
28.689453 0.343914
28.720604 0.345393
28.751846 0.341912
28.784175 0.341303
28.815316 0.340172
28.846492 0.340955
28.877695 0.34313
28.90904 0.350527
28.941277 0.347307
28.972453 0.349744
28.993329 0.349744
29.024431 0.3487
29.055565 0.350005
29.087756 0.348787
29.118842 0.348439
29.149932 0.350527
29.18102 0.354791
29.21216 0.352268
29.24455 0.353486
29.275808 0.355923
29.307065 0.355314
29.338282 0.350614
29.369446 0.352616
29.401795 0.352181
29.43303 0.344523
29.464262 0.346611
29.495477 0.242532
29.638539 0.29814
29.670777 0.334863
29.7019 0.34635
29.73307 0.335559
29.764289 0.29083
29.815904 0.229653
29.909172 0.216077
29.94036 0.202153
29.971537 0.170651
30.002739 0.16543
30.033962 0.133492
30.086773 0.174393
30.169114 0.173262
30.200285 0.16543
30.231427 0.147329
30.262709 0.134537
30.294814 0.117306
30.33617 0.116262
30.367488 0.135146
30.398703 0.14672
30.419732 0.18092
30.452071 0.171695
30.48332 0.176134
30.514555 0.177004
30.545812 0.170999
30.577057 0.164124
30.609372 0.163689
30.641685 0.169694
30.673913 0.169607
30.706228 0.170912
30.737485 0.17596
30.768739 0.16717
30.800023 0.171957
30.831283 0.174306
30.863567 0.175698
30.895851 0.173175
30.926939 0.179876
30.957987 0.177004
30.989114 0.180572
31.020359 0.179963
31.053848 0.171782
31.084984 0.180833
31.116132 0.184662
31.147271 0.185445
31.16822 0.178831
31.200484 0.185706
31.231615 0.185532
31.262669 0.185793
31.293774 0.186837
31.324869 0.186402
31.357133 0.177961
31.389242 0.187273
31.421254 0.185706
31.453292 0.181442
31.485472 0.183618
31.517606 0.186402
31.549737 0.184836
31.581923 0.181877
31.603766 0.191885
31.63586 0.195627
31.668078 0.182312
31.700245 0.190405
31.7322 0.186141
31.764333 0.190144
31.796464 0.19406
31.828509 0.191798
31.860664 0.189535
31.892936 0.179876
31.935287 0.185706
31.967328 0.191972
31.999449 0.189187
32.031579 0.193886
32.063737 0.195975
32.09591 0.199369
32.117925 0.195453
32.150123 0.200065
32.182257 0.196149
32.214386 0.197106
32.246531 0.205982
32.27875 0.203459
32.311026 0.206331
32.342108 0.207723
32.37319 0.208245
32.404315 0.205634
32.435486 0.207027
32.467744 0.206505
32.500054 0.207984
32.532391 0.207027
32.564763 0.208158
32.59712 0.203981
32.629544 0.199717
32.661901 0.201022
32.694216 0.208506
32.726398 0.208593
32.758613 0.209724
32.790866 0.208071
32.823117 0.20868
32.855334 0.209637
32.887718 0.207288
32.920047 0.204068
32.952305 0.210769
32.984676 0.214685
33.016899 0.213118
33.049222 0.215729
33.081552 0.216512
33.11388 0.212596
33.145061 0.210682
33.176239 0.210334
33.207382 0.207549
33.238478 0.207549
33.270703 0.210943
33.302896 0.211465
33.334064 0.210334
33.365284 0.211639
33.396327 0.210769
33.427498 0.213553
33.459689 0.215468
33.491933 0.217556
33.524116 0.213466
33.55521 0.21773
33.586271 0.215033
33.617342 0.218514
33.64838 0.21773
33.680675 0.218079
33.713033 0.215294
33.744305 0.217034
33.765274 0.217992
33.796363 0.217818
33.827544 0.215033
33.859724 0.189361
34.064936 0.217469
34.096143 0.215816
34.127269 0.217121
34.158397 0.110083
34.362633 0.097813
34.394804 0.097987
34.426041 0.096508
34.457318 0.103296
36.563128 0.228956
36.594305 0.225127
36.626497 0.224431
36.667861 0.234091
36.69892 0.230523
36.730324 0.240182
36.7615 0.236876
36.793756 0.221298
36.845237 0.236179
36.876336 0.240008
36.907545 0.198063
36.938722 0.213901
36.970914 0.217469
37.002047 0.212683
37.033066 0.209115
37.064194 0.215207
37.095543 0.217208
37.127677 0.216686
37.158795 0.22008
37.189911 0.233221
37.221028 0.238007
37.252204 0.240269
37.284375 0.240008
37.315481 0.239573
37.346548 0.24375
37.377662 0.244534
37.408889 0.241836
37.44113 0.242358
37.472226 0.2461
37.503238 0.244882
37.534379 0.244446
37.565536 0.24784
37.597883 0.248885
37.62906 0.247144
37.660255 0.248798
37.691315 0.249842
37.722419 0.239834
37.754705 0.247753
37.785883 0.248711
37.816983 0.242793
37.848054 0.245404
37.879227 0.248885
37.911387 0.247231
37.942485 0.245926
37.973599 0.249059
38.00471 0.24784
38.035804 0.247405
38.068055 0.249581
38.099159 0.247579
38.130236 0.247318
38.161403 0.250277
38.192586 0.251495
38.224872 0.247492
38.256056 0.249842
38.287237 0.252366
38.318387 0.248885
38.349524 0.251408
38.381844 0.252366
38.412933 0.25193
38.444003 0.251756
38.475107 0.252975
38.506297 0.254976
38.538527 0.249407
38.569699 0.253236
38.600886 0.252888
38.632132 0.246535
38.663383 0.245926
38.695699 0.253671
38.726966 0.250973
38.758246 0.2575
38.789615 0.258892
38.820817 0.212509
39.005817 0.239051
39.036879 0.239921
39.068047 0.244272
39.099265 0.23557
39.13048 0.129141
39.396442 0.139671
39.427436 0.139497
39.458521 0.146372
39.489612 0.153682
39.520691 0.159512
39.552798 0.16543
39.583931 0.164124
39.706654 0.168128
39.737752 0.170564
39.768908 0.169346
39.80111 0.169694
39.832186 0.171347
39.863225 0.17857
39.894358 0.185793
39.925401 0.189709
39.957524 0.215294
39.989578 0.233221
40.021658 0.236179
40.053812 0.237311
40.084971 0.236788
40.116153 0.238616
40.14726 0.239312
40.178361 0.236788
40.210565 0.240095
40.241635 0.252017
40.272796 0.255063
40.304084 0.252192
40.335191 0.246709
40.387798 0.254367
40.418908 0.255063
40.450099 0.243489
40.481293 0.256543
40.512485 0.255063
40.544737 0.258631
40.575851 0.258892
40.607034 0.259327
40.638163 0.232872
40.66927 0.247318
40.701475 0.245578
40.732586 0.247405
40.76365 0.249755
40.794751 0.246883
40.825795 0.246274
40.857967 0.246187
40.889082 0.246187
40.920178 0.254715
40.951258 0.261416
40.98234 0.245752
41.014531 0.260894
41.04566 0.266376
41.077019 0.265071
41.108134 0.268378
41.139257 0.268378
41.171492 0.263679
41.202628 0.266463
41.233755 0.267421
41.26488 0.266898
41.296069 0.269161
41.328272 0.266724
41.359481 0.266202
41.390655 0.265767
41.421767 0.264201
41.452852 0.262199
41.485013 0.272555
41.516076 0.272555
41.547142 0.27212
41.578214 0.274469
41.609308 0.267072
41.641452 0.265506
41.672619 0.268204
41.70375 0.269509
41.734922 0.255934
41.766121 0.264723
41.798426 0.268117
41.8296 0.256891
41.860686 0.269074
41.891823 0.265941
41.922948 0.265506
41.9551 0.268204
41.986224 0.272294
42.017272 0.258283
42.0483 0.269596
42.079325 0.266289
42.111518 0.255411
42.142584 0.265854
42.173653 0.266898
42.20476 0.266289
42.235941 0.261329
42.268109 0.268117
42.299164 0.264636
42.330247 0.269596
42.361413 0.273077
42.392616 0.27621
42.424861 0.280126
42.456088 0.279865
42.487367 0.284129
42.51848 0.27882
42.549764 0.281344
42.582072 0.28439
42.613263 0.273773
42.644471 0.281692
42.675662 0.285956
42.706924 0.281344
42.739232 0.285782
42.770472 0.284825
42.801706 0.287784
42.832898 0.281866
42.864175 0.28526
42.896401 0.288654
42.927584 0.289176
42.958726 0.287436
42.989902 0.288828
43.021128 0.291352
43.053441 0.284651
43.08465 0.283781
43.115833 0.290569
43.146975 0.241227
43.218838 0.284042
43.251099 0.290133
43.282219 0.294398
43.313333 0.29344
43.34444 0.281866
43.375637 0.289002
43.407914 0.293527
43.439077 0.232872
43.500715 0.231393
43.531916 0.240182
43.563063 0.224518
43.595254 0.233569
43.626442 0.22504
43.657614 0.232959
43.688815 0.229218
43.720005 0.227042
43.752195 0.188491
44.027468 0.254628
44.068725 0.131317
44.303324 0.117567
44.334459 0.105906
44.366624 0.076406
44.397689 0.089633
44.428792 0.102773
44.459867 0.111998
44.490956 0.119221
44.52307 0.125138
44.554153 0.131665
44.585108 0.234439
44.616181 0.23705
44.647152 0.2347
44.679181 0.241314
44.710156 0.249842
44.741181 0.248885
44.772186 0.26394
44.803243 0.269683
44.835325 0.27708
44.866419 0.282649
44.897497 0.287175
44.928689 0.290482
44.959846 0.293527
44.992164 0.289872
45.023416 0.296921
45.054502 0.29753
45.085657 0.305188
45.116827 0.300228
45.149048 0.293875
45.180214 0.301185
45.211487 0.302926
45.242521 0.304666
45.273571 0.302143
45.305781 0.303796
45.336918 0.301882
45.368001 0.301272
45.399089 0.297095
45.430258 0.298662
45.462381 0.30484
45.493442 0.306146
45.524507 0.305624
45.555639 0.305711
45.586697 0.299793
45.618811 0.304666
45.650089 0.306059
45.681198 0.30806
45.71241 0.307973
45.743558 0.310845
45.775681 0.310149
45.806834 0.311802
45.837946 0.312324
45.869148 0.31363
45.900277 0.313194
45.932679 0.314761
45.963922 0.312063
45.99501 0.315892
46.026163 0.311976
46.057271 0.317372
46.089432 0.317023
46.120529 0.316762
46.151611 0.317633
46.182753 0.316936
46.213755 0.317198
46.245949 0.314761
46.277056 0.315979
46.308087 0.310584
46.33915 0.306059
46.370434 0.313717
46.402464 0.315631
46.433496 0.288741
46.49514 0.312846
46.526311 0.314152
46.547175 0.316675
46.579393 0.321201
46.610517 0.310236
46.641706 0.320591
46.673043 0.324856
46.704219 0.262808
46.757033 0.276645
46.78827 0.272729
46.819488 0.269335
46.85069 0.242271
46.922652 0.269161
46.954903 0.271598
46.986092 0.275688
47.017283 0.301098
47.048451 0.316501
47.079637 0.321288
47.111937 0.246796
47.183843 0.250016
47.214879 0.248972
47.24591 0.244708
47.276909 0.243837
47.30917 0.24375
47.34022 0.246361
47.371433 0.243576
47.402474 0.250451
47.433462 0.256108
47.465425 0.304231
47.496428 0.324072
47.527562 0.326248
47.558554 0.327727
47.589628 0.330077
47.621635 0.328859
47.652645 0.316501
47.68371 0.32503
47.714692 0.334254
47.745688 0.327031
47.777544 0.335037
47.808506 0.334863
47.839457 0.328859
47.870401 0.329903
47.901383 0.32999
47.933317 0.332514
47.964346 0.329729
47.995318 0.331991
48.026296 0.332688
48.057253 0.327988
48.089138 0.327292
48.12009 0.33495
48.151123 0.330686
48.182069 0.335472
48.213073 0.338953
48.244972 0.333645
48.275981 0.335124
48.306955 0.33817
48.337978 0.337996
48.369012 0.340346
48.400952 0.345306
48.431996 0.345741
48.462974 0.342521
48.494196 0.344958
48.525164 0.346785
48.556961 0.345045
48.587935 0.346698
48.619064 0.346176
48.650112 0.344871
48.681121 0.347568
48.713254 0.345915
48.744248 0.347656
48.775409 0.319286
48.877619 0.350005
48.908766 0.354269
48.940988 0.346785
48.97229 0.351136
49.003379 0.353225
49.034419 0.355314
49.065469 0.248972
49.148478 0.261068
49.179533 0.234178
49.210587 0.24375
49.24186 0.250103
49.272985 0.236701
49.335857 0.239486
49.366938 0.258631
49.398012 0.30632
49.439261 0.33234
49.470327 0.318155
49.502424 0.316849
49.533464 0.327205
49.564558 0.321027
49.595652 0.315979
49.626949 0.324856
49.659075 0.325465
49.690147 0.317111
49.721261 0.324769
49.752356 0.344088
49.783488 0.351485
49.815782 0.346437
49.846882 0.351136
49.878008 0.356445
49.909038 0.356184
49.940095 0.35923
49.972317 0.362449
50.003335 0.364886
50.034396 0.368715
50.06547 0.369237
50.096529 0.366714
50.128653 0.364451
50.159744 0.367932
50.190927 0.361318
50.22204 0.367236
50.253134 0.375416
50.285409 0.375503
50.316485 0.3715
50.347687 0.376025
50.378814 0.37733
50.409974 0.367236
50.442256 0.374894
50.473368 0.379158
50.504497 0.256978
50.779815 0.353225
50.811041 0.071967
51.128365 0.090068
51.159621 0.112172
51.190905 0.126792
51.22213 0.14028
51.253223 0.151767
51.285472 0.163254
51.316595 0.172131
51.347792 0.181877
51.378931 0.213727
51.410112 0.303535
51.442335 0.312759
51.473508 0.32094
51.504649 0.322071
51.535788 0.323115
51.577174 0.330251
51.609395 0.340955
51.640597 0.328336
51.671769 0.32677
51.702879 0.361492
51.734052 0.362536
51.766274 0.358707
51.797388 0.352616
51.828581 0.31946
51.910583 0.335385
51.941772 0.342086
51.974036 0.33991
52.005282 0.33817
52.036404 0.337474
52.067587 0.337909
52.098755 0.340259
52.131053 0.305362
52.192798 0.324856
52.224041 0.321114
52.25521 0.320069
52.286462 0.323463
52.318829 0.321723
52.350126 0.326944
52.381292 0.321723
52.412489 0.32912
52.443715 0.359926
52.475997 0.371761
52.507216 0.371587
52.538478 0.379593
52.569665 0.376808
52.600889 0.374981
52.63332 0.378113
52.664589 0.364538
52.695896 0.37881
52.727171 0.379767
52.758347 0.377504
52.790754 0.375329
52.822092 0.380898
52.853302 0.382291
52.88458 0.380463
52.915922 0.383335
52.948208 0.382987
52.979384 0.384553
53.010512 0.387686
53.041589 0.386294
53.072735 0.384553
53.105015 0.385162
53.136171 0.3896
53.167305 0.388643
53.198452 0.388556
53.229609 0.387425
53.261887 0.378549
53.293094 0.379767
53.324307 0.382726
53.355495 0.38464
53.386625 0.388817
53.418875 0.389339
53.449922 0.389513
53.481059 0.388904
53.512178 0.388295
53.54329 0.385597
53.575437 0.37881
53.606626 0.39108
53.637818 0.389252
53.668936 0.384379
53.700107 0.385075
53.732306 0.388295
53.763419 0.396562
53.794529 0.397084
53.825616 0.392733
53.856675 0.39752
53.888756 0.33904
54.021615 0.383857
54.052646 0.381681
54.083661 0.38203
54.114675 0.391863
54.146848 0.387947
54.177858 0.391602
54.208843 0.270553
54.290778 0.283607
54.321806 0.284129
54.353951 0.241314
54.405426 0.26977
54.436464 0.251321
54.467494 0.256543
54.498505 0.270727
54.530678 0.280648
54.561784 0.349309
54.59286 0.389165
54.62394 0.385684
54.655042 0.338344
54.687178 0.353486
54.718261 0.354095
54.749426 0.353921
54.78058 0.356532
54.811749 0.354878
54.844087 0.352964
54.865028 0.356184
54.896196 0.361405
54.927382 0.367671
54.958531 0.410312
54.990621 0.4057
55.021647 0.384901
55.052681 0.40744
55.083801 0.400391
55.114897 0.411356
55.147119 0.386468
55.178218 0.391515
55.209299 0.276123
55.331891 0.328336
55.362928 0.380898
55.395066 0.370543
55.426089 0.38551
55.457049 0.401523
55.488233 0.400043
55.51925 0.291613
55.602438 0.270814
55.633509 0.257239
55.664502 0.254106
55.695636 0.244795
55.726668 0.241053
55.758851 0.23061
55.77977 0.236614
55.81083 0.249233
55.842033 0.253323
55.873138 0.341216
55.905212 0.390645
55.936237 0.377765
55.967253 0.392646
55.998328 0.395605
56.029399 0.398651
56.06145 0.398042
56.092494 0.393778
56.113297 0.402741
56.144288 0.370368
56.175286 0.404742
56.207467 0.409094
56.239274 0.411878
56.270287 0.410834
56.301371 0.4124
56.332382 0.41475
56.364536 0.400217
56.395612 0.408049
56.41649 0.406483
56.447622 0.405439
56.478724 0.400391
56.510879 0.404829
56.541941 0.380463
56.573034 0.376808
56.634644 0.385162
56.665668 0.407179
56.697821 0.376199
56.728997 0.393255
56.760029 0.387251
56.791048 0.386642
56.822098 0.393429
56.854161 0.32268
56.895421 0.337996
56.92645 0.33321
56.957443 0.343391
56.988605 0.341303
57.020788 0.334863
57.051804 0.33904
57.082809 0.339736
57.113776 0.333906
57.144776 0.339127
57.176829 0.400478
57.207804 0.397868
57.238763 0.393081
57.269728 0.394387
57.300707 0.404917
57.332688 0.401697
57.363726 0.401523
57.394671 0.407701
57.425621 0.409703
57.456592 0.40979
57.488531 0.40422
57.519592 0.410399
57.550566 0.397607
57.571403 0.387077
57.602416 0.403785
57.634338 0.406918
57.665397 0.399956
57.696404 0.404307
57.727455 0.409094
57.758456 0.407875
57.790553 0.409529
57.821573 0.416752
57.852594 0.425106
57.883625 0.422408
57.914708 0.420842
57.946769 0.415011
57.977823 0.41884
58.008828 0.421799
58.039844 0.424932
58.070883 0.426411
58.103019 0.423191
58.13428 0.424845
58.165261 0.421103
58.196255 0.429196
58.227307 0.429196
58.25943 0.430414
58.290422 0.428065
58.321469 0.431545
58.352479 0.432851
58.383577 0.434156
58.415743 0.419188
58.446817 0.431807
58.477989 0.428935
58.509153 0.430066
58.540329 0.427629
58.572838 0.43024
58.603885 0.430327
58.635092 0.432329
58.666179 0.432677
58.697161 0.434156
58.729233 0.433025
58.760434 0.434591
58.791626 0.431981
58.822914 0.437028
58.854222 0.431894
58.886572 0.427629
58.917735 0.421625
58.948941 0.323376
59.092054 0.40422
59.123312 0.418144
59.155447 0.412923
59.186713 0.426411
59.217865 0.416404
59.249061 0.281344
59.38187 0.240356
59.414097 0.248711
59.445228 0.258805
59.476323 0.234787
59.507396 0.246274
59.538511 0.258196
59.570569 0.292309
59.683123 0.408484
59.71419 0.394213
59.745379 0.386555
59.776613 0.38786
59.808883 0.396823
59.840004 0.405961
59.871165 0.269857
59.953155 0.298053
59.98428 0.286217
60.016746 0.295268
60.047899 0.301446
60.079094 0.291178
60.110282 0.27882
60.141481 0.284477
60.163483 0.296399
60.194593 0.305624
60.225795 0.422495
60.256855 0.417274
60.288299 0.4124
60.320568 0.419362
60.351917 0.4124
60.383022 0.423887
60.414301 0.42032
60.445427 0.42528
60.477618 0.427891
60.508831 0.429631
60.539897 0.418231
60.571026 0.423887
60.602105 0.432503
60.634182 0.43111
60.665245 0.432155
60.696272 0.435897
60.727401 0.438942
60.758581 0.433286
60.790867 0.434939
60.822074 0.433547
60.853187 0.43024
60.884292 0.412575
60.915501 0.434678
60.947718 0.430066
60.978813 0.428239
61.00998 0.412923
61.04114 0.439116
61.07225 0.44164
61.104437 0.443381
61.135549 0.438246
61.166652 0.412662
61.197721 0.387077
61.228755 0.397607
61.261003 0.396301
61.292254 0.394213
61.323379 0.391428
61.354734 0.393865
61.375788 0.35775
61.418314 0.389339
61.449473 0.40744
61.48073 0.434243
61.511981 0.438768
61.543181 0.442162
61.575469 0.430762
61.606668 0.444512
61.637866 0.38377
61.679212 0.394909
61.710408 0.388469
61.742701 0.38873
61.773871 0.369759
61.804991 0.366626
61.836215 0.394735
61.867541 0.398738
61.899817 0.387164
61.931121 0.390558
61.96228 0.445121
61.993393 0.433025
62.024545 0.429196
62.056866 0.426933
62.088072 0.425019
62.119164 0.429805
62.150284 0.428674
62.181409 0.427281
62.213567 0.427542
62.244638 0.421538
62.275754 0.431023
62.306778 0.434591
62.338195 0.447732
62.370345 0.440074
62.40137 0.454694
62.432429 0.459567
62.463472 0.458958
62.494618 0.446339
62.527065 0.436158
62.558219 0.452257
62.589386 0.449385
62.620579 0.450168
62.651712 0.450778
62.683856 0.441379
62.71502 0.43668
62.746152 0.445382
62.777211 0.450255
62.808262 0.463309
62.840371 0.456347
62.871556 0.461568
62.902834 0.456173
62.934018 0.448602
62.965227 0.453997
62.997528 0.453736
63.028766 0.453823
63.059917 0.461655
63.09102 0.457913
63.122527 0.463483
63.154876 0.458958
63.185973 0.466355
63.217162 0.455477
63.248371 0.412662
63.330578 0.377069
63.393288 0.446339
63.424386 0.455738
63.455816 0.4627
63.486943 0.473839
63.518094 0.345828
63.601221 0.35044
63.632309 0.365495
63.663309 0.365495
63.694386 0.343652
63.725389 0.33904
63.757478 0.33582
63.788592 0.342347
63.819718 0.354182
63.850874 0.350005
63.882196 0.457217
63.914369 0.453127
63.945392 0.467747
63.976409 0.352442
64.058376 0.456173
64.089426 0.475405
64.121707 0.478016
64.152812 0.432503
64.184 0.457391
64.215074 0.456434
64.246108 0.353312
64.329457 0.351223
64.360542 0.325987
64.391602 0.333645
64.422701 0.360709
64.453866 0.367149
64.486066 0.359317
64.517116 0.353921
64.548097 0.36184
64.579071 0.376112
64.610185 0.480626
64.642275 0.461829
64.673344 0.456434
64.704347 0.460611
64.735371 0.458087
64.766408 0.458697
64.798527 0.461655
64.829563 0.462526
64.860638 0.457217
64.891759 0.441118
64.922905 0.448254
64.9551 0.436332
64.986142 0.468095
65.017188 0.433808
65.048233 0.421886
65.07931 0.476449
65.111581 0.490808
65.142633 0.493071
65.173643 0.464875
65.204685 0.469487
65.235754 0.46122
65.267945 0.440161
65.299006 0.449211
65.330156 0.426324
65.361272 0.3943
65.392385 0.395431
65.424565 0.392559
65.455638 0.405178
65.486664 0.416491
65.517757 0.421016
65.548896 0.439465
65.581151 0.44808
65.612247 0.46035
65.643277 0.491417
65.674308 0.481671
65.705382 0.476971
65.737548 0.487153
65.768679 0.500729
65.799863 0.498031
65.830954 0.502121
65.862071 0.501686
65.894233 0.495768
65.925342 0.498814
65.956494 0.477058
65.987652 0.47819
66.018779 0.480278
66.051117 0.479147
66.08222 0.476188
66.113371 0.476449
66.144461 0.475753
66.175706 0.476014
66.207973 0.467747
66.239104 0.463309
66.270118 0.434591
66.311265 0.500468
66.342365 0.507864
66.374636 0.507168
66.405775 0.509953
66.436819 0.510997
66.467831 0.504819
66.498944 0.50099
66.531022 0.490025
66.562096 0.439552
66.593093 0.446426
66.624153 0.444947
66.65527 0.448863
66.68758 0.447384
66.718637 0.44721
66.749855 0.449385
66.780954 0.456521
66.812178 0.464614
66.844372 0.50038
66.875425 0.515697
66.906569 0.51909
66.937765 0.520483
66.968957 0.521527
67.001189 0.524225
67.032398 0.517611
67.063619 0.523964
67.09483 0.518829
67.12605 0.518742
67.158292 0.524486
67.189439 0.527706
67.220628 0.527706
67.252059 0.52962
67.283334 0.522049
67.315727 0.521875
67.347052 0.520396
67.378229 0.518133
67.409435 0.520048
67.440774 0.522049
67.47305 0.5197
67.504223 0.515435
67.535321 0.516828
67.566441 0.423365
67.617954 0.503687
67.650114 0.504384
67.681167 0.529011
67.712394 0.525008
67.743453 0.528576
67.774436 0.525269
67.806548 0.528141
67.837592 0.435461
67.889069 0.443207
67.920137 0.436332
67.951222 0.436854
67.973181 0.42937
68.004404 0.429979
68.035523 0.429631
68.066642 0.432242
68.09769 0.433199
68.129908 0.444338
68.161127 0.517524
68.192247 0.531361
68.223478 0.532318
68.254734 0.532927
68.286957 0.539628
68.318096 0.542151
68.349179 0.539019
68.380335 0.54337
68.411514 0.541716
68.443832 0.540933
68.474988 0.543109
68.506113 0.541194
68.537232 0.533014
68.568375 0.540759
68.600481 0.540498
68.631515 0.539367
68.66249 0.529794
68.693595 0.530316
68.724761 0.537191
68.757012 0.537887
68.788198 0.542587
68.819284 0.541716
68.850593 0.54102
68.881778 0.406918
68.974954 0.513086
69.006144 0.531796
69.037212 0.535451
69.068237 0.534319
69.099443 0.535799
69.131612 0.537191
69.162746 0.410399
69.2345 0.399521
69.265531 0.384118
69.296629 0.380985
69.328848 0.378201
69.359991 0.378201
69.391001 0.37733
69.422025 0.38055
69.453049 0.39517
69.485143 0.405265
69.5162 0.533101
69.547262 0.535799
69.578349 0.535973
69.609465 0.54015
69.641697 0.542587
69.672821 0.533275
69.703999 0.533101
69.735119 0.542848
69.76613 0.533449
69.798307 0.537017
69.829346 0.54598
69.860415 0.547286
69.891488 0.549374
69.922433 0.54746
69.95458 0.532666
69.985628 0.535625
70.016678 0.538583
70.047794 0.534406
70.078955 0.535973
70.111148 0.5311
70.14221 0.533449
70.163316 0.532405
70.194405 0.52962
70.225472 0.538322
70.257493 0.545632
70.288524 0.545371
70.319686 0.552681
70.350775 0.544414
70.382087 0.537278
70.414155 0.541716
70.445197 0.543979
70.476436 0.542325
70.507764 0.542674
70.538955 0.543805
70.571286 0.544066
70.602361 0.542064
70.633483 0.548504
70.664727 0.552333
70.695926 0.555727
70.728067 0.558599
70.759215 0.559991
70.790344 0.561035
70.821436 0.556771
70.852601 0.563994
73.179881 0.576612
73.21091 0.579136
73.241962 0.575742
73.272992 0.575046
73.304099 0.579397
73.336318 0.575655
73.36741 0.579919
73.388239 0.582095
73.419247 0.582269
73.45026 0.582182
73.482352 0.582704
73.513389 0.584793
73.544419 0.58018
73.575478 0.582008
73.606528 0.586794
73.638621 0.587055
73.669622 0.581921
73.700634 0.588186
73.731733 0.586707
73.762834 0.583835
73.79497 0.58662
73.8261 0.58749
73.857153 0.579658
73.888175 0.588274
73.919268 0.590971
73.951404 0.582443
73.982489 0.586098
74.013883 0.587577
74.045002 0.579223
74.076029 0.58427
74.108455 0.345654
74.312853 0.502991
74.343943 0.561906
74.375081 0.568954
74.406182 0.180224
74.621305 0.184662
74.65232 0.169955
74.683457 0.203111
74.714614 0.239225
74.745811 0.275253
74.778203 0.300141
74.809375 0.321549
74.840526 0.335298
74.871665 0.538583
74.903014 0.551898
74.935411 0.548504
74.966613 0.554683
74.99768 0.556858
75.028751 0.555988
75.060016 0.555988
75.092344 0.558077
75.12361 0.433982
75.195641 0.554944
75.22689 0.572
75.258144 0.580615
75.290366 0.598542
75.321457 0.595409
75.35264 0.605156
75.383782 0.464527
75.465911 0.444251
75.498227 0.434852
75.519211 0.442423
75.550444 0.427542
75.581685 0.428239
75.612804 0.418666
75.645059 0.426237
75.676138 0.441379
75.707165 0.453475
75.738208 0.589231
75.769326 0.586533
75.801584 0.583487
75.822488 0.592799
75.853796 0.597846
75.884907 0.592364
75.915928 0.597585
75.948234 0.602371
75.979277 0.598368
76.010334 0.595148
76.041355 0.601762
76.072363 0.604547
76.104526 0.598629
76.135599 0.603677
76.166731 0.602458
76.197954 0.597237
76.229038 0.602632
76.261211 0.605765
76.292448 0.599499
76.323464 0.604112
76.354434 0.60124
76.385413 0.614293
76.417456 0.608289
76.448397 0.605069
76.469318 0.609246
76.50035 0.601588
76.531634 0.606722
76.56397 0.610638
76.595034 0.605417
76.62617 0.612292
76.657222 0.608202
76.688444 0.608985
76.720651 0.607331
76.75178 0.616556
76.772621 0.617078
76.80372 0.612901
76.834872 0.614032
76.8671 0.618906
76.898151 0.61029
76.9293 0.617861
76.960397 0.620124
76.991536 0.627347
77.02371 0.626651
77.054833 0.626215
77.085854 0.623866
77.116962 0.61847
77.148196 0.620037
77.180431 0.626041
77.211467 0.621081
77.242445 0.615773
77.27354 0.615338
77.304651 0.619167
77.336937 0.623605
77.368159 0.628391
77.399253 0.62987
77.430304 0.630218
77.461353 0.627173
77.493425 0.628043
77.524456 0.618209
77.5558 0.621342
77.586943 0.621951
77.618002 0.620124
77.650096 0.620037
77.681249 0.608811
77.712259 0.602806
77.743249 0.611073
77.774259 0.625084
77.806308 0.629696
77.837296 0.631785
77.868351 0.634309
77.899427 0.632481
77.930466 0.629
77.962582 0.62317
77.993661 0.624997
78.024789 0.631002
78.055897 0.632742
78.086983 0.631263
78.119102 0.633786
78.150164 0.631785
78.181158 0.633873
78.212377 0.635266
78.243537 0.636658
78.275753 0.634135
78.306841 0.641009
78.337968 0.6404
78.369072 0.644403
78.40015 0.644403
78.432365 0.638921
78.463413 0.644316
78.494529 0.638225
78.525606 0.644664
78.556642 0.637964
78.588803 0.641357
78.619864 0.643098
78.650946 0.641705
78.682015 0.642837
78.713073 0.642228
78.745185 0.630306
78.776292 0.647536
78.80734 0.6518
78.838432 0.653628
78.869576 0.646405
78.9018 0.648928
78.93285 0.651365
78.963984 0.649276
78.995113 0.634309
79.026342 0.613858
79.058507 0.613423
79.089767 0.608202
79.120934 0.529707
79.162351 0.582008
79.203688 0.612553
79.23595 0.603938
79.267109 0.587316
79.298228 0.541281
79.329328 0.38612
79.452075 0.511258
79.484378 0.480104
79.515509 0.474796
79.546598 0.492461
79.577706 0.505167
79.608839 0.507516
79.641016 0.547808
79.6722 0.411356
79.723693 0.37237
79.754869 0.426324
79.775811 0.441118
79.807961 0.422843
79.839061 0.400913
79.870168 0.402045
79.901329 0.42119
79.932285 0.385597
79.964307 0.40161
79.995375 0.579919
80.026424 0.590014
80.057493 0.601936
80.088655 0.60855
80.120794 0.626825
80.151921 0.629609
80.182896 0.632133
80.213973 0.639356
80.245026 0.64684
80.277133 0.651713
80.308118 0.655629
80.339156 0.655281
80.370239 0.657283
80.401283 0.653367
80.43333 0.66407
80.464328 0.66468
80.495332 0.658588
80.526306 0.665985
80.557313 0.65998
80.58941 0.661721
80.620517 0.650495
80.651641 0.663287
80.68267 0.656499
80.7137 0.64362
80.745861 0.657544
80.776866 0.662243
80.807924 0.655716
80.838952 0.657283
80.870064 0.660067
80.902293 0.660589
80.933432 0.661025
80.964545 0.663374
80.995715 0.661286
81.026928 0.656412
81.059114 0.661547
81.090138 0.669814
81.121227 0.667638
81.152338 0.671032
81.183531 0.671467
81.215692 0.665811
81.246828 0.67051
81.277905 0.672512
81.308974 0.677646
81.340015 0.677037
81.372284 0.678255
81.403337 0.67869
81.434506 0.677907
81.465512 0.675992
81.496614 0.678342
81.528778 0.679299
81.559798 0.680779
81.590943 0.681649
81.622062 0.680083
81.65312 0.683476
81.685263 0.684434
81.716367 0.69009
81.747516 0.469661
81.849933 0.496029
81.90155 0.669988
81.933794 0.679734
81.964927 0.683389
81.99607 0.64449
87.060397 0.736299
87.091488 0.736386
87.123733 0.741086
87.154829 0.738388
87.185939 0.744827
87.217051 0.743435
87.24813 0.740737
87.280511 0.743
87.301469 0.749614
87.332584 0.722898
87.363749 0.756053
87.394878 0.72194
87.5085 0.749962
87.559983 0.75353
87.591088 0.754313
87.622178 0.681736
87.653266 0.687741
87.685471 0.689046
87.71664 0.511693
87.768161 0.50273
87.799171 0.514304
87.83027 0.495246
87.862403 0.4855
87.89345 0.51239
87.924473 0.549896
87.955635 0.555292
87.976563 0.570956
88.008725 0.590362
88.039747 0.727336
88.070816 0.748221
88.101953 0.731165
88.133089 0.745089
88.165226 0.750484
88.19628 0.749875
88.227257 0.750919
88.258203 0.755357
88.289209 0.552855
88.423021 0.675905
88.454104 0.721592
88.485175 0.718982
88.516187 0.723072
88.547289 0.724812
88.57946 0.465484
88.681702 0.464614
88.712822 0.42119
88.743952 0.400826
88.77518 0.40013
88.807318 0.398129
88.838516 0.428674
88.869827 0.456869
88.900901 0.480626
88.932116 0.503948
88.964408 0.744305
88.995587 0.759534
89.026787 0.762667
89.058127 0.76902
89.089293 0.761536
89.12148 0.768585
89.15257 0.772936
89.183694 0.770151
89.214737 0.772327
89.245843 0.77398
89.278002 0.775808
89.308989 0.77807
89.339976 0.777548
89.371126 0.779463
89.402237 0.778853
89.43437 0.778418
89.465562 0.781638
89.496852 0.773545
89.527917 0.763276
89.558952 0.763102
89.5912 0.767802
89.622258 0.763102
89.653324 0.770064
89.684464 0.76084
89.715665 0.752398
89.747868 0.741695
89.778955 0.767802
89.810048 0.776504
89.841073 0.7658
89.872127 0.768846
89.904311 0.773023
89.935339 0.765974
89.966425 0.76754
89.997405 0.762667
90.028512 0.758925
90.060645 0.748744
90.091654 0.759621
90.122694 0.76493
90.153714 0.759621
90.184831 0.760666
90.216939 0.763972
90.247971 0.756489
90.278985 0.764495
90.310095 0.733776
90.341226 0.710279
90.373475 0.720809
90.404694 0.723159
90.435758 0.727945
90.466789 0.686783
90.497916 0.690525
90.530105 0.696965
90.561134 0.706886
90.592177 0.732209
90.623227 0.748656
90.654277 0.74709
90.686532 0.753269
90.717658 0.763363
90.748828 0.78451
90.77998 0.787034
90.811051 0.78216
90.843173 0.786163
90.874272 0.785467
90.905272 0.786424
90.936313 0.789644
90.967672 0.789992
90.999835 0.791211
91.030904 0.793125
91.062053 0.794953
91.093078 0.793647
91.124199 0.757359
91.156371 0.760231
91.187557 0.692527
91.239204 0.800174
91.270336 0.794692
91.301412 0.796954
91.333689 0.794343
91.364848 0.786772
91.396098 0.759012
91.427279 0.540759
91.529624 0.54511
91.561817 0.550245
91.592995 0.549548
91.624122 0.551376
91.655238 0.560948
91.686396 0.579484
91.718728 0.605243
91.750033 0.622735
91.781249 0.733863
91.812447 0.743
91.84372 0.741173
91.875951 0.743348
91.907097 0.741869
91.938176 0.744479
91.969241 0.743087
92.00036 0.742739
92.032549 0.743696
92.063673 0.779027
92.094796 0.800696
92.115675 0.802785
92.146672 0.804177
92.178769 0.802524
92.209878 0.802611
92.241051 0.803829
92.272159 0.806179
92.30329 0.786076
92.335607 0.805221
92.366672 0.461829
92.560444 0.647449
92.591561 0.745872
92.622624 0.743261
92.654758 0.3373
92.93007 0.280474
92.961161 0.338518
92.992296 0.374981
93.023397 0.403437
93.055547 0.427891
93.086626 0.450342
93.117766 0.462961
93.148814 0.605765
93.200334 0.579658
93.232555 0.569738
93.263664 0.575655
93.294658 0.579745
93.325782 0.584619
93.356988 0.590188
93.389326 0.597933
93.420336 0.615773
93.451532 0.684695
93.482585 0.795823
93.51364 0.794866
93.545884 0.802001
93.576981 0.588012
93.66916 0.771892
93.700175 0.798346
93.731132 0.803394
93.76328 0.805221
93.794434 0.805482
93.825498 0.801131
93.856568 0.597237
93.938652 0.546938
93.970864 0.529185
94.001973 0.529011
94.033062 0.525965
94.064119 0.524747
94.095118 0.529533
94.127179 0.546416
94.148032 0.569912
94.178968 0.59071
94.209935 0.793821
94.240917 0.800174
94.27277 0.80174
94.303792 0.809921
94.334772 0.801044
94.365741 0.808267
94.396769 0.810095
94.428622 0.809311
94.459652 0.804177
94.490811 0.806788
94.52185 0.806614
94.552865 0.81314
94.584922 0.803046
94.615956 0.798346
94.646927 0.792603
94.677968 0.804177
94.709023 0.806701
94.740856 0.752311
94.771837 0.769542
94.802854 0.772675
94.833964 0.766322
94.865007 0.769368
94.896882 0.775111
94.928173 0.760492
94.959133 0.766496
94.990097 0.771718
95.021159 0.805569
95.053061 0.810182
95.084073 0.816795
95.115022 0.815403
95.146103 0.813663
95.177055 0.818275
95.208863 0.822626
95.239838 0.823148
95.270902 0.828021
95.302012 0.834635
95.33303 0.689133
95.365117 0.672425
95.396197 0.721157
95.427217 0.718199
95.468376 0.810965
95.499438 0.826455
95.531568 0.826716
95.562578 0.817317
95.593566 0.698009
95.634927 0.679734
95.66615 0.631611
95.698136 0.597846
95.729224 0.606461
95.760286 0.561645
95.791316 0.543022
95.822309 0.546329
95.854289 0.550854
95.885305 0.623692
95.916288 0.722637
95.947307 0.793908
95.978308 0.813227
96.010456 0.820972
96.041501 0.829849
96.072539 0.834896
96.10361 0.834026
96.124445 0.838725
96.156415 0.831241
96.187433 0.838377
96.218414 0.833156
96.249361 0.83594
96.280341 0.837681
96.312264 0.837942
96.343251 0.84325
96.37423 0.84238
96.405181 0.844991
96.436219 0.847862
96.468128 0.837333
96.499108 0.831763
96.530064 0.835244
96.561038 0.834287
96.592341 0.836288
96.624151 0.806788
96.6552 0.837507
96.686164 0.836811
96.717147 0.834635
96.748195 0.843685
96.780084 0.84238
96.811305 0.842728
96.842267 0.845252
96.87322 0.847514
96.90422 0.796867
96.936105 0.798782
96.967145 0.798782
96.998158 0.800957
97.02918 0.798608
97.060207 0.807832
97.092247 0.811052
97.123253 0.811052
97.154206 0.811835
97.185256 0.86283
97.216222 0.862308
97.248163 0.867094
97.279138 0.856739
97.310132 0.863614
97.341135 0.863788
97.372166 0.861525
97.404047 0.863701
97.435006 0.864049
97.466016 0.859959
97.496962 0.857435
97.52795 0.858218
97.559784 0.862308
97.59077 0.858827
97.621715 0.855172
97.652662 0.861177
97.68383 0.862743
97.7156 0.857609
97.74658 0.865006
97.777541 0.866659
97.808758 0.859698
97.839836 0.857783
97.871632 0.868574
97.902657 0.842032
97.933626 0.838725
97.964587 0.839595
97.995601 0.838638
98.027493 0.839073
98.058534 0.833765
98.089496 0.839682
98.120473 0.836985
98.151524 0.8342
98.183396 0.852475
98.214392 0.865789
98.245395 0.866311
98.276391 0.866398
98.297294 0.869531
98.32933 0.865441
98.360334 0.865528
98.39138 0.862656
98.422329 0.863178
98.453289 0.86692
98.485298 0.869705
98.516258 0.866485
98.547247 0.865876
98.578229 0.559643
98.761473 0.745437
98.793487 0.874752
98.824497 0.879974
98.855503 0.478886
99.028912 0.415446
99.059924 0.267856
99.092 0.246709
99.122979 0.283694
99.153952 0.210508
99.256183 0.33817
99.287232 0.515
99.390405 0.732731
99.421413 0.704362
99.452474 0.679647
99.483795 0.612466
99.525063 0.553812
99.557373 0.529098
99.588443 0.558773
99.619522 0.57348
99.650708 0.567127
99.681828 0.573045
99.714046 0.546067
99.745122 0.529446
99.776131 0.585576
99.807185 0.730469
99.838348 0.722376
99.870461 0.726031
99.901502 0.727075
99.932605 0.742391
99.963683 0.735081
99.994709 0.735864
100.026807 0.767627
