1.3e-05 0.041161
0.428727 0.046818
0.459819 0.050299
0.491007 0.05056
0.542453 0.05317
0.736284 0.062656
0.768369 0.067181
0.799547 0.069705
0.820467 0.081627
0.851467 0.086152
0.882588 0.093375
0.914657 0.101033
0.945675 0.106167
0.976729 0.109561
1.007701 0.151332
1.038791 0.172914
1.070897 0.178048
1.102182 0.183095
1.133229 0.191972
1.154155 0.204155
1.185273 0.210334
1.21743 0.209898
1.248646 0.213466
1.279691 0.218862
1.310798 0.219906
1.341934 0.217034
1.37413 0.217034
1.405329 0.210943
1.436429 0.257326
1.457361 0.272468
1.488564 0.304405
1.52081 0.344262
1.551942 0.37559
1.583116 0.415185
1.614188 0.43755
1.645381 0.492461
1.677592 0.550506
1.708782 0.574872
1.739982 0.610812
1.771213 0.645883
1.802393 0.676515
1.834608 0.732905
1.865887 0.774154
1.89714 0.816621
1.928307 0.878582
1.959482 0.938888
1.99172 0.997803
2.022897 1.060633
2.043784 1.150528
2.074885 1.187164
2.105976 1.219798
2.13817 1.281062
2.169285 1.404112
2.20036 1.550658
2.231448 1.663527
2.262521 1.799457
2.295058 1.924073
2.326126 2.029197
2.346997 2.186708
2.378129 2.287045
2.409219 2.417144
2.441464 2.55464
2.472541 2.715719
2.503681 2.899338
2.534791 3.080432
2.565837 3.281977
2.597968 3.56715
2.628981 3.806898
2.660192 4.160298
2.691356 4.487329
2.722498 4.754924
2.754744 4.808965
2.785813 5.338151
2.816871 5.696598
2.847953 6.006051
2.879206 6.366934
2.911377 6.906127
2.942476 7.347246
2.973559 7.623543
3.004752 8.119051
3.035902 8.784079
3.068049 9.256874
3.099193 10.038338
3.13022 10.501039
3.16131 9.097883
3.192391 9.403681
3.224549 9.715832
3.255683 9.946268
3.286757 9.901452
3.317868 10.578576
3.348919 10.556211
3.381093 10.744789
3.40202 9.660485
3.433084 10.093598
3.464319 10.270428
3.49546 10.958952
3.527647 11.592826
3.558624 8.506999
3.599891 8.66216
3.630936 8.997894
3.66212 9.272538
3.694372 9.553622
3.725511 9.845235
3.756652 9.628548
3.787625 9.272103
3.818593 9.235118
3.850718 9.085004
3.881694 9.285243
3.912652 9.207445
3.943606 9.583035
3.974595 9.76674
4.006459 10.085679
4.02734 10.500429
4.05832 10.389388
4.089492 9.86847
4.120455 8.854132
4.172772 8.954296
4.203786 9.204138
4.234804 9.503583
4.265752 9.456591
4.29671 9.418736
4.328548 9.543701
4.359539 9.697992
4.390504 9.626895
4.421445 9.512808
4.45243 8.29971
4.524964 8.676345
4.555932 9.067425
4.586889 9.305084
4.617839 8.991367
4.648842 9.107543
4.680754 8.765717
4.711789 7.721009
4.752918 7.186776
4.794069 7.267881
4.825057 6.419409
4.867201 6.384165
4.898205 6.344569
4.929231 6.141632
4.960201 6.08559
4.99125 5.876474
5.023119 5.728535
5.054178 6.084632
5.085196 6.368066
5.116235 6.588929
5.14729 6.857134
5.179367 7.204703
5.21046 4.308149
5.241472 4.257502
5.272424 4.24323
5.394832 4.765628
5.426668 5.83244
5.457817 6.069751
5.488853 6.053478
5.519914 4.952901
5.551016 4.613164
5.583096 3.007246
6.102081 2.949463
6.133066 2.726684
6.164096 2.513217
6.205301 2.7306
6.237317 3.219233
6.268311 3.283108
6.309447 3.263441
6.340432 3.227587
6.371444 3.067291
6.403353 3.310607
6.43432 2.727903
6.475427 2.656109
6.506379 2.540107
6.537359 2.405048
6.56919 2.346569
6.600193 2.250322
6.63117 2.259285
6.66214 1.919113
6.703367 1.824693
6.735302 1.859937
6.766338 2.66281
6.797344 2.742522
6.828329 2.797869
6.859363 2.871751
6.891224 2.945721
6.922249 2.995237
6.953238 2.984185
6.984199 3.016122
7.015359 3.118722
7.047166 2.85104
7.078197 2.995063
7.109232 3.050844
7.130051 3.041272
7.161014 3.046406
7.19288 3.048321
7.223903 3.112891
7.254889 3.173111
7.285957 3.17607
7.316959 3.295378
7.348922 3.175635
7.379964 2.905168
7.411035 3.138824
7.442186 3.175809
7.473181 3.181117
7.50513 3.190081
7.536136 3.18921
7.567201 3.148658
7.598257 3.325314
7.629323 3.380138
7.66164 3.017601
7.692722 2.969913
7.723804 2.961298
7.754883 2.936409
7.785922 2.959731
7.818046 2.969565
7.849135 2.970174
7.880209 2.961646
7.911266 3.00594
7.942359 3.295378
7.974486 3.331754
8.00559 3.321746
8.036797 3.290766
8.06784 3.184076
8.098876 3.04571
8.130915 3.209139
8.161895 3.249256
8.192839 3.285284
8.22379 3.31696
8.25489 3.324531
8.286916 3.343676
8.317922 3.342109
8.348955 3.295639
8.37995 2.998718
8.411034 2.965823
8.443229 2.928925
8.474324 2.224128
8.576611 2.337431
8.607777 2.801698
8.638859 3.277277
8.671057 3.246906
8.70207 3.203917
8.733129 3.292332
8.764154 2.473448
8.856369 2.399044
8.88845 2.097336
8.919497 2.098815
8.950515 2.230741
8.981566 2.237703
9.01262 2.18636
9.044706 2.273122
9.075735 2.340477
9.106789 2.941718
9.137804 3.287807
9.168885 3.311913
9.201045 3.232026
9.232116 3.225586
9.263292 3.24534
9.29443 3.229502
9.325548 3.247429
9.357666 3.2275
9.388736 2.997847
9.419824 2.999501
9.451016 3.110977
9.482215 3.13691
9.514549 3.129339
9.545784 3.133777
9.576943 3.124552
9.608253 3.14422
9.63945 3.263876
9.671704 3.320267
9.702786 3.23307
9.733878 3.24447
9.765032 3.255783
9.79619 3.262484
9.828508 3.260656
9.859648 3.253085
9.890795 3.200436
9.921895 3.219668
9.953133 3.386143
9.985464 3.326445
10.016652 3.320093
10.047794 3.3301
10.078828 3.326706
10.109882 3.322181
10.131904 3.337584
10.162903 3.33419
10.19393 3.320528
10.224871 3.311651
10.255846 3.384141
10.28777 3.383358
10.318781 2.751051
10.380411 3.142566
10.411452 3.369086
10.442398 3.367781
10.474385 3.389363
10.505412 3.334016
10.536342 2.942849
10.567278 2.970348
10.598515 2.974003
10.630338 2.581182
10.671592 2.355706
10.702597 2.322463
10.733617 2.311499
10.764618 2.360318
10.79645 2.476842
10.82741 2.503819
10.858378 2.532275
10.889623 2.561689
10.920642 2.896379
10.942441 3.15327
10.973417 3.092093
11.004384 3.121159
11.035409 3.134386
11.066402 3.045188
11.098275 3.043621
11.129268 3.052411
11.160231 3.097401
11.19122 3.206963
11.222227 3.198174
11.254041 3.31696
11.284981 3.353161
11.315928 3.275102
11.346898 3.228893
11.377848 3.238726
11.409615 3.263441
11.44056 3.246123
11.471524 3.251954
11.502503 3.248821
11.533471 3.213838
11.56533 3.221757
11.596322 3.277451
11.627301 3.381792
11.658294 3.332798
11.689289 3.312696
11.721056 3.327925
11.752079 3.328534
11.783051 3.344546
11.814078 3.300077
11.845075 3.267705
11.877064 3.263789
11.908025 3.303993
11.939012 3.357599
11.969979 3.350028
12.000994 3.362125
12.032855 3.351943
12.06385 3.364213
12.0949 3.432439
12.125881 3.429741
12.156883 3.409726
12.188902 3.41399
12.219923 3.412859
12.250909 3.377963
12.282078 3.381444
12.313267 3.374917
12.345046 3.377006
12.375981 3.367607
12.406892 3.390668
12.437915 3.383358
12.468907 3.324792
12.500796 3.385099
12.531781 3.402329
12.562809 3.383706
12.593758 3.405114
12.624747 3.407202
12.656584 3.264137
12.687571 2.522268
12.759166 2.971827
12.790144 3.340021
12.821122 3.362386
12.853029 3.344372
12.88418 3.347592
12.915184 3.367607
12.946169 3.381792
12.977165 2.675515
13.02967 2.46405
13.060708 2.348309
13.091723 2.324726
13.122647 2.319853
13.153667 2.329947
13.185752 2.330296
13.216718 2.438291
13.247682 2.477451
13.278632 3.046841
13.309605 3.418864
13.341736 3.448364
13.372724 3.382401
13.403684 3.37074
13.434706 3.368129
13.465775 3.348462
13.497876 3.3643
13.52892 2.423062
13.611039 2.727903
13.642215 3.198087
13.673386 3.344981
13.705652 3.325053
13.736828 3.337932
13.768079 3.387883
13.799229 2.509388
13.881338 2.3819
13.913631 2.301752
13.944757 2.01536
13.975906 1.75786
14.007012 1.898924
14.038217 2.081497
14.070479 2.180616
14.101619 2.246493
14.13267 2.658981
14.163838 3.348201
14.194987 3.373003
14.227181 2.870272
14.258236 2.601023
14.29959 2.642359
14.330861 2.211248
14.362078 2.421321
14.394529 2.456043
14.425709 2.370587
14.456956 2.406005
14.488194 2.571958
14.51948 3.02204
14.551819 3.089134
14.583157 3.036398
14.614368 2.807964
14.645631 2.780725
14.676898 2.776113
14.709219 2.773241
14.740509 2.766106
14.771839 2.781074
14.803193 2.726597
14.834597 2.80544
14.867063 2.809791
14.898495 3.172937
14.929803 3.381618
14.961111 3.449409
14.992425 3.397282
15.024747 3.368564
15.05604 3.296422
15.087391 3.262658
15.118713 3.19565
15.150132 3.037182
15.182527 2.886458
15.213762 2.934147
15.244912 2.890374
15.276072 2.98314
15.307353 3.008899
15.339724 3.052237
15.371124 3.090265
15.402397 3.267966
15.433812 3.258394
15.465123 2.756533
15.497574 2.566649
15.53916 2.624258
15.570429 2.875493
15.601684 2.917351
15.632995 2.793518
15.665453 2.728773
15.696726 2.47397
15.73824 2.542457
15.769604 2.774112
15.800968 2.672556
15.833345 2.582139
15.864598 2.539324
15.895938 2.535408
15.927315 2.53828
15.958709 2.53332
15.991352 2.512608
16.022745 2.425673
16.054057 2.689003
16.085492 2.979573
16.116831 3.025172
16.149378 3.064681
16.180717 3.118548
16.212034 3.177984
16.243383 3.226978
16.274807 3.284326
16.307322 3.373525
16.338634 3.436268
16.369949 3.425042
16.401289 3.064072
16.442805 3.133777
16.475449 1.939998
16.680358 2.027456
16.711698 1.989427
16.743023 2.243012
16.774308 2.669075
16.806778 2.542283
16.838048 1.877342
17.001832 1.604961
17.033202 1.28054
17.064587 1.289068
17.097067 1.197433
17.128496 1.236593
17.159841 1.328576
17.19123 1.400718
17.222598 1.530034
17.25504 2.060786
17.286405 2.418972
17.317759 2.036507
17.369561 2.148766
17.400939 2.282955
17.433432 2.85017
17.464785 3.110803
17.496172 3.22663
17.527545 3.355163
17.558897 3.391886
17.591267 2.712674
17.632816 2.728164
17.664124 2.67769
17.695518 2.523312
17.726863 2.443947
17.759252 2.440205
17.79052 2.424715
17.821871 2.449343
17.853239 2.523486
17.884601 2.843295
17.917044 3.245166
17.948309 3.402068
17.979554 3.464376
18.010877 3.461853
18.042211 3.500839
18.0746 3.458633
18.105928 3.412859
18.137312 3.323138
18.168635 3.373351
18.200012 3.301035
18.232429 3.254303
18.263669 3.27136
18.29494 3.271186
18.32625 3.270664
18.357499 3.344807
18.389852 3.23803
18.421062 3.002111
18.45225 3.106017
18.483599 3.323051
18.514918 3.238726
18.547416 3.140304
18.578761 3.228023
18.610067 3.015861
18.641372 2.910825
18.672636 2.819103
18.704993 3.057893
18.736268 2.072012
18.899964 2.022844
18.931197 2.030763
18.962475 2.077668
18.994773 1.973676
19.015832 2.185229
19.047115 2.220299
19.07842 2.138584
19.109563 2.288177
19.141908 2.200806
19.193599 2.174525
19.224951 2.140412
19.256269 2.079496
19.287597 1.901969
19.320051 1.869423
19.351344 1.893789
19.382681 1.675014
19.41399 1.709649
19.445283 1.73767
19.477651 2.398521
19.509057 2.386251
19.540377 2.270424
19.592083 2.429589
19.623396 2.543066
19.655771 2.623997
19.686947 2.971915
19.718209 3.097836
19.749433 3.134038
19.780636 3.051366
19.812985 3.11994
19.844288 2.816753
19.875514 2.849299
19.906827 2.841641
19.938117 2.863919
19.970525 2.646014
20.001841 2.720506
20.033116 2.686219
20.064408 2.444208
20.0957 2.818232
20.128053 2.990363
20.159246 3.355163
20.190507 3.387535
20.221768 3.40903
20.253017 3.333146
20.285327 3.230546
20.316546 3.188514
20.347697 2.779246
20.378897 2.749745
20.410053 2.7306
20.442179 2.645144
20.473151 2.473274
20.504179 2.341609
20.53518 2.402089
20.566151 2.582226
20.598449 2.345089
20.660187 1.883695
20.772795 1.792408
20.814139 1.893528
20.845316 2.026586
20.877765 1.968542
20.908974 1.91363
20.940224 1.812075
20.981753 1.909888
21.023316 1.880127
21.055744 1.866551
21.086889 1.906669
21.118 2.028849
21.149153 1.905363
21.180301 1.822257
21.212459 1.842011
21.243595 1.799457
21.274646 1.784663
21.305707 1.638638
21.336763 1.529251
21.368995 1.624715
21.400107 1.999174
21.431439 2.067661
21.46264 2.050865
21.493964 2.079322
21.526319 2.06096
21.557538 2.194627
21.588754 2.368499
21.619909 2.517656
21.65109 2.701883
21.683357 2.8788
21.71456 3.017863
21.745834 3.207833
21.777084 3.332363
21.808341 3.458981
21.840829 3.532254
21.872066 3.529731
21.903307 3.524683
21.934568 3.508845
21.965782 3.533647
21.998028 3.548876
22.019137 3.524335
22.050319 3.536257
22.081516 3.526163
22.112644 3.539216
22.144919 3.562364
22.176105 3.538781
22.207278 3.517634
22.238456 3.536431
22.2696 3.475689
22.301854 3.38214
22.333031 3.344372
22.364197 3.400502
22.395338 3.378746
22.426495 3.35612
22.458781 3.432526
22.490008 3.423911
22.521154 3.442099
22.552294 3.535909
22.583548 3.577158
22.615818 3.515285
22.64706 3.510411
22.678334 3.490135
22.709508 3.456196
22.740852 3.445405
22.773367 3.456544
22.804457 3.442534
22.835615 3.447668
22.866744 3.465682
22.897831 3.507105
22.919847 3.468205
22.950933 3.53356
22.981906 3.537476
23.012957 3.498837
23.044075 3.506757
23.076208 3.525205
23.107289 3.433831
23.138491 3.433048
23.169621 3.437138
23.200697 3.421039
23.232894 3.388144
23.26394 3.444796
23.294996 3.425564
23.326095 2.996542
23.377648 3.349593
23.409878 3.465334
23.440945 3.273274
23.472005 3.481868
23.503178 3.505451
23.534225 3.477343
23.56637 3.500143
23.597442 3.525118
23.628471 3.062679
23.659484 2.977919
23.69061 2.189145
23.783987 2.604678
23.815104 3.00333
23.846255 2.900121
23.877357 3.000458
23.908602 3.379355
23.940861 3.409204
23.971913 2.602764
24.043617 2.556468
24.074605 2.237094
24.105758 2.254325
24.137963 2.276777
24.169079 2.234396
24.200322 2.249974
24.231381 2.306625
24.262526 2.402873
24.294735 2.853302
24.325691 3.465595
24.35662 3.427044
24.387643 3.430176
24.418736 3.038139
24.450855 3.000458
24.481751 2.764974
24.512852 2.594758
24.554125 2.772371
24.585225 2.685958
24.617372 3.049974
24.648472 3.354989
24.679819 3.303297
24.711144 2.988014
24.742293 2.773503
24.794923 2.606854
24.82602 2.442729
24.857278 2.483369
24.888366 2.328468
24.919667 2.185664
24.952014 2.178528
24.98312 2.475363
25.014122 2.633918
25.045399 2.74757
25.066415 3.147439
25.098489 3.35847
25.129642 3.372654
25.160736 3.446189
25.191844 3.491179
25.222995 3.427131
25.255265 3.340543
25.286351 3.294508
25.31746 3.31548
25.348552 3.330013
25.37963 3.319571
25.411877 3.343502
25.443124 3.353945
25.474239 3.368216
25.505313 3.426173
25.536502 3.574547
25.568936 3.517112
25.600041 3.502231
25.631285 3.563843
25.66257 3.512152
25.693717 3.478735
25.726024 3.524683
25.757242 3.452454
25.78855 3.350725
25.819785 3.282934
25.85108 3.09218
25.883436 3.133603
25.914647 3.074079
25.94596 3.197565
25.977101 3.132472
26.008391 2.907083
26.040742 2.979573
26.072038 3.262484
26.103284 2.825629
26.144708 2.72651
26.175903 2.9244
26.208226 2.809878
26.239476 2.873057
26.270667 2.567346
26.301907 2.720854
26.333132 2.871751
26.365367 2.85191
26.396542 2.890374
26.427621 2.863658
26.448623 2.858176
26.47969 2.881237
26.51183 2.858959
26.542867 2.842512
26.573866 2.795084
26.604929 2.716503
26.636047 2.71015
26.668248 2.741217
26.699381 2.802655
26.730458 3.076255
26.761493 3.130644
26.792522 3.208529
26.824557 3.353335
26.855526 3.416079
26.886488 3.427653
26.91746 3.428088
26.948567 3.577245
26.980765 3.571153
27.011771 3.479866
27.042834 3.505973
27.073908 3.532689
27.104895 3.494921
27.137038 3.490309
27.16815 3.544437
27.199229 3.36517
27.230319 3.286415
27.261408 3.436616
27.293542 3.452976
27.324559 3.342109
27.35555 3.376657
27.386569 3.388754
27.417613 3.372306
27.449622 2.163473
27.602609 1.945046
27.664188 2.176178
27.695329 2.205679
27.777159 2.720071
27.809258 2.280693
27.881016 2.356141
27.91212 2.010313
27.943218 1.826347
27.974356 1.84027
28.006497 1.879343
28.037583 1.504797
28.068717 1.176722
28.099856 1.275579
28.130957 1.42639
28.152992 2.06331
28.184182 2.372241
28.215318 2.57892
28.246278 2.713892
28.277525 2.855478
28.309773 2.989232
28.340799 3.108801
28.37186 3.25996
28.402896 3.347331
28.433973 3.472644
28.466223 3.591604
28.497261 3.606746
28.528342 3.525292
28.559473 3.458198
28.590523 3.523987
28.622696 3.517634
28.653816 3.473166
28.684963 3.118809
28.726309 3.045101
28.757371 3.148745
28.789591 1.814512
29.024294 2.007615
29.055343 2.225781
29.086389 2.532188
29.117583 2.688394
29.149658 1.728533
29.323071 1.16741
29.354135 1.026346
29.385211 0.814533
29.416347 0.936974
29.448652 1.057935
29.479798 1.124508
29.510896 1.255129
29.542023 1.342413
29.57312 1.402111
29.605251 2.582052
29.626189 2.706669
29.65732 2.789167
29.688345 2.94137
29.719392 3.041533
29.751522 3.143175
29.782549 3.286763
29.813611 3.382662
29.844684 3.463332
29.875884 3.499882
29.908137 3.539651
29.939305 3.530253
29.970488 3.542349
30.001866 3.539912
30.033081 3.525989
30.065413 3.509802
30.096508 3.489178
30.127595 3.486132
30.158688 3.579769
30.189708 3.579072
30.221849 3.572981
30.242727 3.585164
30.273738 3.549659
30.30477 3.512848
30.33592 3.573851
30.36823 3.569065
30.399369 3.483521
30.430533 3.465247
30.461433 3.460373
30.492501 3.464812
30.524521 3.448625
30.555551 3.465247
30.586464 3.3234
30.617399 3.341065
30.648544 3.418254
30.680699 3.472557
30.711702 3.496836
30.742742 3.428088
30.773755 3.450018
30.804825 3.424607
30.836933 3.484044
30.868013 3.44236
30.899084 3.305647
30.919913 3.249517
30.95108 3.425651
30.983244 3.240902
31.014292 3.361777
31.045387 3.310259
31.076417 3.29503
31.107548 3.165279
31.139911 3.207398
31.171074 3.255522
31.202095 3.28041
31.223001 3.21932
31.254003 3.233244
31.286102 3.308171
31.317066 3.284239
31.348134 3.308606
31.379253 3.108975
31.410348 3.196607
31.442592 3.163974
31.473646 3.240293
31.504669 3.267618
31.535734 3.275885
31.566805 3.294943
31.599045 2.947461
31.63018 3.251519
31.661272 3.558622
31.692338 3.572111
31.723671 3.617885
31.755888 3.367259
31.787063 3.655478
31.818035 3.626935
31.849172 3.613446
31.870072 3.204526
31.902225 3.172676
31.933245 3.101491
31.964282 3.086349
31.9953 3.135778
32.02629 3.175287
32.058521 3.092876
32.08953 3.104015
32.120615 3.081737
32.151607 3.267792
32.182633 3.634245
32.214695 3.649735
32.245681 3.618668
32.276682 3.612489
32.307732 3.60135
32.338718 3.591604
32.37082 3.63059
32.401895 3.578724
32.432971 3.397021
32.464137 3.392409
32.495266 3.416079
32.52734 3.281803
32.558362 2.647668
32.640374 2.888634
32.671409 2.61164
32.733212 2.854347
32.765307 3.387796
32.796405 3.405462
32.827489 3.401633
32.858597 2.747396
32.920339 2.613903
32.952597 2.601981
32.983682 2.660286
33.014685 2.434375
33.045776 2.242054
33.076933 2.381465
33.109179 2.438204
33.140301 2.543588
33.171486 3.00507
33.202625 3.3187
33.233769 3.395367
33.265925 3.446885
33.297064 3.553575
33.328196 3.600219
33.359318 3.625543
33.390511 3.621453
33.422843 3.630416
33.453924 3.66714
33.485046 3.665573
33.51614 3.640859
33.547356 3.606833
33.579602 3.582901
33.610819 3.623454
33.641994 3.579856
33.673184 3.523465
33.704394 3.563321
33.736757 3.568717
33.767985 3.54026
33.799202 2.340738
33.922028 2.604591
33.953329 3.106365
33.985616 3.444883
34.01687 3.479692
34.048128 3.542349
34.07941 2.482237
34.182173 2.347439
34.214399 2.053302
34.245519 1.859763
34.276707 1.878734
34.307887 1.726619
34.339152 1.86394
34.37141 2.009181
34.402812 2.198717
34.43407 2.795345
34.465237 3.468815
36.549432 3.043447
36.581558 3.000893
36.612585 3.027696
36.643857 3.350812
36.675096 3.492137
36.706246 3.503537
36.738536 3.490309
36.769594 3.441838
36.800605 3.55401
36.831715 3.469859
36.862787 3.231068
36.895022 2.663419
36.956634 2.320549
37.028392 2.432634
37.059404 2.502775
37.090528 2.593801
37.1228 3.024215
37.153943 3.365432
37.184942 2.767933
37.215982 2.776287
37.24712 2.277734
37.370806 2.102644
37.401798 1.691461
37.432902 1.629849
37.464018 1.759774
37.495144 2.305755
37.527292 2.396868
37.558357 2.496857
37.589482 2.589014
37.620644 2.974699
37.651811 3.118461
37.684097 3.110542
37.715174 3.308606
37.746246 3.364735
37.77738 3.419125
37.808492 3.406158
37.840628 3.488221
37.871663 3.481781
37.902677 3.70482
37.933702 3.667575
37.96484 3.466552
37.99712 3.395019
38.028287 3.395977
38.059452 3.41486
38.090622 3.196781
38.121838 3.251432
38.15405 2.106125
38.307511 2.146242
38.338662 2.483021
38.369745 2.910563
38.400857 2.565518
38.47383 2.94076
38.504948 2.362233
38.576671 2.211335
38.607826 1.963756
38.638877 1.670402
38.671056 1.731057
38.70218 1.811379
38.733235 1.587991
38.764326 1.495225
38.795445 1.624367
38.827698 2.120484
38.858828 2.757664
38.889821 2.866356
38.920816 2.96269
38.941631 3.094094
38.973785 3.234984
39.004817 3.327751
39.035872 3.236377
39.066869 3.497619
39.097985 3.649822
39.130131 3.736845
39.161196 3.751639
39.192291 3.751465
39.223326 3.67384
39.254384 3.629894
39.28654 3.685849
39.30752 3.397543
39.338614 3.379355
39.369708 3.370392
39.400867 3.346896
39.432981 3.350986
39.46421 3.382314
39.495326 3.436616
39.526418 3.410857
39.557579 3.436442
39.589846 3.475341
39.61078 3.741544
39.641786 3.76182
39.672875 3.705517
39.704002 3.636682
39.736148 3.65017
39.767283 3.64434
39.798328 3.573764
39.829408 3.544437
39.860388 3.56541
39.892585 3.57359
39.923527 3.549833
39.954562 3.64843
39.985611 3.691854
40.016648 3.548527
40.048742 3.614926
40.079779 3.795846
40.111019 3.713784
40.142282 3.755207
40.173488 3.763561
40.205819 3.777049
40.237057 3.769913
40.268268 3.735975
40.299481 3.506147
40.330747 3.308606
40.363099 3.342632
40.39432 3.374917
40.42553 3.345764
40.456745 3.113936
40.48802 3.042055
40.520473 2.812402
40.551672 2.408007
40.593102 2.314631
40.624397 1.397063
40.879973 1.417862
40.912425 1.38253
40.943739 1.418123
40.985211 1.473991
41.016495 1.462939
41.047745 1.441532
41.080241 1.397672
41.111513 1.437964
41.142837 1.413946
41.184394 1.547526
41.215694 1.308822
41.248071 1.300903
41.27936 1.222931
41.310606 1.174024
41.341912 1.100403
41.373208 1.013815
41.395399 0.913652
41.426683 0.801392
41.468247 1.34424
41.499625 1.535516
41.530918 1.678147
41.56338 1.877255
41.594648 2.032243
41.625913 2.274775
41.657152 2.362668
41.688432 2.509301
41.720882 2.73704
41.752154 2.966606
41.783498 3.034223
41.814782 3.042664
41.846053 3.043186
41.878375 3.081911
41.909635 3.121246
41.94092 3.020821
41.972162 2.981574
42.003474 2.997064
42.03589 3.029872
42.06728 2.987056
42.098591 3.027174
42.129977 3.009421
42.161309 2.854695
42.193701 2.859829
42.225021 2.942588
42.256304 3.006724
42.287641 2.972263
42.318936 3.029611
42.351434 3.027609
42.382719 2.233961
42.46512 2.293659
42.49629 2.522964
42.527585 2.851562
42.560016 2.938759
42.591444 2.896118
42.622734 2.946504
42.653991 2.941282
42.685372 2.390515
42.728358 2.330121
42.759701 2.260155
42.791054 2.252149
42.822403 2.072447
42.853703 2.090026
42.886197 2.09342
42.91743 2.108736
42.948861 2.229784
42.980234 2.273035
43.011633 2.454042
43.054382 2.693616
43.085791 2.935713
43.11714 3.069641
43.148457 3.128556
43.179819 3.050322
43.212299 3.06442
43.243797 3.074775
43.275172 2.505298
43.327077 2.534886
43.358555 2.545938
43.391181 2.51722
43.422588 2.295399
43.4539 2.49355
43.48525 2.510955
43.516579 2.50495
43.549114 2.546634
43.580487 2.683956
43.611922 3.029785
43.643222 2.897771
43.674588 2.946939
43.70699 2.905081
43.73832 2.836855
43.759414 2.838944
43.790715 2.832504
43.822007 2.840684
43.85446 2.868357
43.88579 2.894029
43.917125 3.010466
43.948485 3.101491
43.979885 3.146656
44.012515 3.098881
44.043875 3.119157
44.075233 3.112021
44.106671 3.047711
44.13803 2.974612
44.170492 2.947113
44.201849 2.973133
44.233198 2.957904
44.264571 3.109411
44.285709 3.137954
44.318179 3.126902
44.349534 3.039444
44.380907 2.231525
44.483935 2.480758
44.515272 2.878104
44.547907 2.975395
44.579299 3.03518
44.610674 3.024128
44.64202 2.967563
44.673449 2.244317
44.757062 2.109084
44.788455 2.002742
44.819808 1.890656
44.85119 1.735408
44.882594 1.797542
44.904966 1.872382
44.936245 1.943914
44.967615 2.102818
44.999007 2.291135
45.03035 3.05389
45.062835 3.12081
45.094228 3.156925
45.125473 2.940325
45.156829 2.915524
45.188168 2.90978
45.220791 2.873144
45.252199 2.721898
45.283608 2.90395
45.315052 2.919179
45.346382 2.866878
45.378844 2.98053
45.399936 3.200001
45.431308 3.22167
45.462627 3.210096
45.493976 2.936757
45.526436 2.970609
45.55785 2.907344
45.589176 2.901426
45.620494 2.933799
45.65185 2.893768
45.684292 2.857915
45.715552 2.874884
45.74683 2.796477
45.778243 2.917525
45.809618 3.141783
45.842068 3.132994
45.873381 3.141435
45.90483 3.159188
45.936181 3.111151
45.967498 3.046754
46.000025 3.039705
46.031576 2.891592
46.062918 2.870968
46.094253 2.80718
46.125669 2.845818
46.158152 2.598326
46.199733 2.669075
46.231102 2.884718
46.262423 2.928838
46.293793 2.806136
46.326268 2.828501
46.357623 2.939803
46.388927 2.96269
46.42026 3.035267
46.451634 2.821452
46.484138 2.802742
46.515625 2.743393
46.546993 2.729991
46.578346 2.734864
46.609741 2.660286
46.642265 2.817188
46.673593 2.826848
46.704905 2.817188
46.736207 3.008986
46.767582 3.053194
46.799988 3.059285
46.831391 3.141087
46.862708 3.06294
46.894034 2.909084
46.925351 3.042664
46.957808 3.105059
46.989146 2.970174
47.020453 2.97818
47.051722 2.996194
47.083033 2.972524
47.115516 2.760884
47.146825 2.940325
47.178145 2.91126
47.209459 2.882803
47.240834 2.806223
47.273387 2.945024
47.304708 2.927011
47.336092 1.916067
47.479917 1.954966
47.511284 1.908844
47.543682 2.120223
47.574982 2.466138
47.606255 2.646884
47.637608 2.068705
47.750698 2.031633
47.783152 1.879256
47.814427 1.651605
47.845691 1.504014
47.876991 1.466246
47.908312 1.243729
48.012358 1.357729
48.043755 1.47608
48.075103 1.672403
48.106465 1.669532
48.13784 1.610008
48.170217 1.72627
48.201677 1.846884
48.232964 1.919026
48.264212 2.328642
48.295499 2.812576
48.327932 2.811009
48.359325 2.816579
48.390711 2.783249
48.422078 2.795258
48.453402 2.804048
48.485943 2.80135
48.517307 2.77707
48.548643 2.834767
48.580002 2.739477
48.611448 2.725901
48.644088 2.271033
48.716285 2.499903
48.747901 2.756011
48.779295 2.785338
48.810627 2.782118
48.832889 2.797695
48.864249 2.801611
48.895608 2.824498
48.926927 2.251279
48.97874 2.206723
49.011251 2.080192
49.042531 2.032852
49.073858 2.055391
49.105256 2.074623
49.136571 2.125879
49.169103 2.180355
49.200436 2.231351
49.231747 2.294181
49.263075 2.823889
49.294403 2.860264
49.326884 2.831895
49.358243 2.834157
49.379398 2.854782
49.410769 2.853128
49.442109 2.816318
49.47452 2.811183
49.50582 2.74026
49.537157 2.763669
49.568421 2.710846
49.599752 2.85104
49.632362 2.690396
49.663643 2.699098
49.694871 2.7078
49.726081 1.706603
49.87986 1.398717
50.004194 1.559535
50.03553 1.869423
50.066854 2.202981
50.098125 1.873078
50.160043 1.400631
50.335476 0.765974
50.366842 0.644751
50.39821 0.731078
50.429492 1.147395
50.460753 1.287502
50.493216 1.39541
50.524514 1.446405
50.555815 1.465289
50.587075 1.533602
50.618492 2.075145
50.65096 2.147635
50.68234 2.161297
50.713623 2.248842
50.7449 2.215164
50.776226 2.514697
50.808686 2.599544
50.840036 2.626869
50.871419 2.664811
50.902695 2.656631
50.934074 2.662984
50.966595 2.676037
50.997846 2.514697
51.029102 2.525575
51.060302 2.530274
51.091603 2.469358
51.124118 2.415665
51.155425 2.230654
51.186697 2.455956
51.217959 2.711455
51.249252 2.806484
51.281711 2.606071
51.313038 2.580312
51.344415 2.622083
51.375668 2.613381
51.407053 2.62452
51.429327 2.388166
51.460605 2.382074
51.491835 2.309497
51.52316 2.333167
51.554411 2.540194
51.586829 2.607985
51.618115 2.615556
51.649462 2.642011
51.680822 2.653585
51.712154 2.852519
51.744565 2.935887
51.775864 2.790211
51.807073 2.764713
51.838354 2.782031
51.869634 2.786817
51.90199 2.775852
51.933234 2.757316
51.964408 2.764452
51.995643 2.767411
52.026902 2.800393
52.05927 2.925618
52.090528 2.854695
52.12171 2.847733
52.152966 2.858437
52.184269 2.861483
52.216762 2.870359
52.24808 2.852084
52.279361 2.865312
52.310679 2.839292
52.342029 2.925618
52.374504 2.928838
52.405821 2.897162
52.437155 2.887241
52.468435 2.921963
52.499785 2.913435
52.532239 2.909954
52.563509 2.919179
52.594771 2.815274
52.626031 2.084021
52.718568 2.196803
52.750949 2.621387
52.782251 2.837116
52.813536 2.81362
52.844773 2.119004
52.937321 2.180703
52.969763 2.233874
53.00104 1.999609
53.032254 1.768041
53.063591 1.754118
53.094956 1.821473
53.127437 1.888742
53.158693 1.943305
53.189973 2.032243
53.221291 2.048516
53.252572 2.616339
53.285014 2.75897
53.31639 2.802829
53.34764 2.813968
53.378998 2.833809
53.410301 2.812924
53.442756 2.761319
53.473997 2.768194
53.505298 2.788906
53.536541 2.843904
53.567713 2.858263
53.600031 2.838073
53.631324 2.843904
53.662603 2.835724
53.693883 2.917264
53.725234 2.856609
53.757645 2.878017
53.788993 2.890374
53.820285 2.88202
53.851679 2.898902
53.883097 2.903863
53.915642 2.873492
53.947026 2.791516
53.97834 2.81771
54.009678 2.872273
54.041041 2.875145
54.073408 2.870881
54.104707 2.87706
54.136022 2.865312
54.167363 2.879322
54.198648 2.963299
54.231019 2.975134
54.262314 2.978789
54.283396 2.971044
54.314745 2.952857
54.346097 2.91065
54.378485 2.814664
54.409801 2.893855
54.441184 2.921789
54.472507 2.800915
54.503812 2.920136
54.536286 2.929447
54.567624 2.947113
54.59895 2.987492
54.630205 2.940586
54.661514 2.715458
54.693999 2.689526
54.725306 2.685174
54.756702 2.683608
54.7881 2.685087
54.819495 2.667596
54.852045 2.656109
54.883323 2.666987
54.914599 2.852519
54.945892 2.897423
54.977173 2.886545
55.009629 2.901339
55.040942 2.928229
55.072238 2.954162
55.103524 2.957469
55.134817 2.948505
55.167319 2.940238
55.19865 2.932406
55.229952 3.001067
55.261261 2.697184
55.292636 2.562646
55.325125 2.556468
55.356401 2.55203
55.387586 2.469184
55.418789 2.574394
55.45004 2.658284
55.482413 2.551856
55.513774 2.565518
55.545011 2.726684
55.576352 2.730078
55.607688 2.70049
55.640156 2.746003
55.671491 2.712326
55.70277 2.609465
55.73407 2.57657
55.765391 2.613816
55.797819 2.520875
55.829013 2.56282
55.860261 2.735822
55.891549 2.736431
55.922798 2.760101
55.955205 2.720071
55.986398 2.671338
56.017583 2.649408
56.048791 2.66864
56.080096 2.687437
56.112533 2.662636
56.143858 2.642098
56.175114 2.669162
56.206388 2.581269
56.237638 2.670642
56.269894 2.815709
56.301172 2.919962
56.332464 2.952334
56.363654 2.949898
56.394912 2.976527
56.427239 2.84956
56.458482 2.833983
56.489756 2.834941
56.520991 2.814403
56.55224 2.770109
56.584655 2.323943
56.68735 2.85017
56.718569 2.921528
56.74981 2.958339
56.781091 3.003678
56.813457 2.982096
56.844699 2.854695
56.875941 2.143371
56.94802 1.782139
56.979324 1.775177
57.011761 1.811901
57.043069 1.769869
57.074369 1.798064
57.105663 1.929991
57.136936 2.053476
57.169395 2.147113
57.200659 2.474492
57.231923 2.790037
57.26323 2.742174
57.294516 2.761842
57.326989 2.742
57.358294 2.733559
57.389573 2.734864
57.42087 2.734864
57.452165 2.730252
57.484582 2.796651
57.515718 2.953031
57.546939 1.969673
57.680288 2.127358
57.71156 2.670642
57.743996 2.971044
57.77528 2.965997
57.806638 2.982444
57.827811 2.001872
57.951099 1.915719
57.983611 1.555967
58.014954 1.351115
58.046283 1.277581
58.077548 1.374089
58.108808 1.518721
58.141247 1.6456
58.172567 1.77248
58.20391 2.433853
58.235297 2.845906
58.266648 2.943893
58.299315 2.963212
58.330742 2.222561
58.433526 2.441946
58.464829 2.756098
58.496133 2.937105
58.528584 2.945895
58.559946 2.945199
58.59128 2.956511
58.622607 2.233004
58.705029 2.180529
58.737456 2.059307
58.768836 1.89962
58.800065 1.905624
58.831383 1.915893
58.862594 1.941217
58.894883 2.044165
58.926186 2.134233
58.957489 2.430459
58.988731 2.998108
59.020026 3.043534
59.052412 2.925618
59.083713 2.920397
59.115026 2.895334
59.146301 2.830154
59.177564 2.784729
59.209916 2.80309
59.241164 2.846776
59.272353 2.893159
59.303576 2.972263
59.334807 3.064768
59.367164 3.042316
59.398522 3.025346
59.429871 2.955815
59.461256 2.870272
59.492576 2.854434
59.525116 2.834941
59.556386 2.827805
59.587679 2.768803
59.618952 2.828414
59.650285 2.828327
59.682699 2.868793
59.713983 2.969217
59.745213 3.022214
59.776497 2.994976
59.807725 2.999936
59.840175 3.024563
59.871458 2.905342
59.902719 2.889243
59.933922 2.882803
59.965143 2.891854
59.997449 2.877843
60.028594 2.935626
60.059782 2.956424
60.091006 2.942414
60.122242 2.975308
60.154538 3.036834
60.185778 2.989319
60.217067 2.993757
60.248302 2.992713
60.279672 3.000632
60.312097 2.995411
60.34338 3.0042
60.374656 3.013337
60.405971 2.784293
60.437269 2.912304
60.469804 2.844078
60.50113 2.820843
60.532436 2.646971
60.563813 2.753661
60.59516 2.741391
60.627514 1.815295
60.791406 1.38662
60.965296 1.473904
60.996576 1.547613
61.027884 1.522202
61.060374 1.546481
61.091694 1.454324
61.123024 1.344153
61.184973 1.595736
61.216366 1.844969
61.248893 1.282976
61.2802 1.190819
61.311466 1.110584
61.342668 1.043142
61.373935 1.076993
61.406298 1.036354
61.437621 1.066812
61.468962 1.014337
61.500277 1.10954
61.531622 1.501578
61.564017 1.401675
61.635986 1.733319
61.667241 1.856544
61.698296 1.919374
61.729489 2.061395
61.761821 2.308714
61.793061 2.397129
61.82432 2.534973
61.855569 2.597281
61.886789 2.417405
61.919151 2.523921
61.950325 2.596672
61.981543 2.646449
62.012726 2.7011
62.043956 2.725553
62.076305 2.744089
62.107654 2.738432
62.13894 2.651758
62.170286 2.793518
62.201646 2.893768
62.233988 2.942849
62.265294 3.016383
62.286324 3.100186
62.317556 3.109585
62.348814 3.10123
62.381305 3.089743
62.412704 2.986273
62.444014 2.888373
62.475378 2.871838
62.50671 2.855391
62.539154 2.824933
62.570427 2.708497
62.601662 2.802916
62.632941 2.799348
62.664273 2.859481
62.696799 2.973742
62.728099 3.056066
62.759437 3.083043
62.790776 3.093572
62.822038 3.075994
62.854444 2.866704
62.885838 2.863919
62.917107 2.855652
62.948305 2.856348
62.979568 2.845906
63.011932 2.83407
63.043304 2.852171
63.074688 2.868967
63.105968 2.941282
63.13719 3.048669
63.169559 3.054325
63.200852 3.034223
63.232215 3.036659
63.26356 3.034223
63.294819 3.027261
63.327239 3.038313
63.358598 3.026565
63.389926 3.057632
63.421247 3.083043
63.452636 3.079562
63.485113 3.118113
63.516419 3.077821
63.547682 3.076342
63.57903 2.293746
63.661367 2.582836
63.693769 3.079388
63.725062 3.101317
63.756349 3.093572
63.787637 3.055108
63.818868 3.030916
63.851364 2.254934
63.933546 2.211771
63.954584 1.958012
63.985827 1.90545
64.017065 1.907626
64.049455 1.947134
64.080727 2.011705
64.11204 2.081758
64.143322 2.16852
64.174552 2.334908
64.206782 3.083826
64.237999 3.123508
64.269236 3.111412
64.300498 3.116546
64.331786 3.115589
64.364184 3.099055
64.395475 3.087655
64.426763 3.082259
64.458015 3.09044
64.489323 3.058502
64.521818 3.056153
64.553093 2.659068
64.594544 2.863484
64.625863 2.785599
64.657186 2.845731
64.689555 2.963734
64.720721 3.052672
64.751916 3.079475
64.783176 3.063724
64.814453 2.944154
64.846844 2.61982
64.878093 2.599196
64.909391 2.584924
64.940718 2.571001
64.972 2.516089
65.004439 2.50643
65.035798 2.521659
65.067239 2.527663
65.098518 2.569173
65.129951 2.97644
65.162395 2.897771
65.193656 2.914131
65.224979 2.944415
65.256246 3.090265
65.287571 3.061287
65.320126 3.061113
65.351471 3.063898
65.38275 3.071382
65.414033 3.080693
65.445337 2.97235
65.477677 2.954945
65.508975 2.881237
65.540235 2.886023
65.571502 2.897858
65.602739 2.881846
65.635144 2.891941
65.66646 2.77359
65.6979 2.850605
65.729231 2.76715
65.760545 2.724857
65.792964 2.492245
65.824334 2.583358
65.855664 2.445253
65.886912 2.315067
65.918274 2.334734
65.950713 2.3705
65.981991 2.512869
66.013243 2.719374
66.044535 2.740608
66.075877 2.359709
66.10817 2.310541
66.139535 2.316285
66.160592 2.306364
66.192078 2.248929
66.223472 2.190798
66.255906 2.115349
66.287211 2.059046
66.318528 2.137714
66.349904 2.494333
66.381264 2.53097
66.413698 2.591712
66.445038 2.761232
66.476309 2.831112
66.507616 2.868705
66.538949 2.973916
66.571461 3.051192
66.602799 3.077212
66.634118 3.071033
66.66547 3.067291
66.696807 3.063549
66.729329 3.001154
66.76068 3.03344
66.791995 3.041359
66.823431 3.050844
66.854893 3.041968
66.887434 3.079388
66.918735 3.130557
66.949965 3.136562
66.981261 3.143959
67.012537 3.054934
67.044853 3.038052
67.076142 3.043795
67.107459 3.055282
67.138688 3.061722
67.16996 3.060765
67.202325 3.050583
67.233532 3.052237
67.264769 3.13865
67.296 3.174068
67.327297 3.138476
67.359744 3.075907
67.391225 3.094617
67.422616 3.120288
67.453949 3.118809
67.485193 3.096096
67.517554 3.092702
67.548831 3.104015
67.580122 3.106626
67.611428 3.173546
67.642727 3.010205
67.675146 2.973046
67.706459 2.979747
67.737748 2.990102
67.768998 2.998282
67.800242 2.974786
67.832635 3.014643
67.863915 2.966258
67.895208 2.936409
67.926419 3.092615
67.957726 2.994018
67.990112 2.989841
68.021391 2.989841
68.052713 2.91944
68.083965 2.820495
68.115263 2.806049
68.147732 2.841467
68.179105 2.741826
68.210365 2.696574
68.241671 2.83642
68.27294 2.90482
68.30535 2.980008
68.336753 3.140826
68.36812 3.137345
68.399465 3.128294
68.430804 3.09305
68.463331 3.071469
68.494663 2.090374
68.617918 2.149288
68.64925 2.565605
68.680545 2.92266
68.713049 2.818667
68.744379 3.008812
68.775687 2.087328
68.888677 2.012227
68.919974 1.59417
68.952452 1.343544
68.983694 0.983096
69.014954 0.876841
69.046223 0.744392
69.077586 0.860307
69.150859 0.898249
69.182186 0.915305
69.21352 0.980746
69.244788 1.115545
69.27611 1.361384
69.308614 1.528294
69.339999 1.663179
69.371315 1.760383
69.402636 2.298445
69.433987 2.800654
69.466544 2.78847
69.497889 2.748179
69.529185 2.74026
69.560562 2.744263
69.581687 2.708061
69.614165 2.691092
69.645477 2.735387
69.676778 2.745568
69.708048 2.708758
69.739344 2.743741
69.771789 2.799
69.80306 2.753574
69.834421 2.72886
69.865794 2.777419
69.897111 2.641315
69.929477 2.639052
69.96074 2.646101
69.99202 2.643404
70.023371 2.574394
70.054728 2.591451
70.087201 2.620081
70.118493 2.607463
70.149823 2.633048
70.181124 2.738867
70.212398 2.736605
70.244718 2.738693
70.276003 2.784467
70.307368 2.802481
70.338645 2.809443
70.369945 2.819451
70.402358 2.797869
70.433703 2.785164
70.464956 2.790559
70.496295 2.788819
70.527647 2.722333
70.560167 2.77707
70.591542 2.794997
70.622851 2.784641
70.654188 2.709367
72.843459 2.153291
72.875897 2.142761
72.907316 1.940956
72.938606 1.942957
72.96994 1.937301
73.001249 1.931122
73.033702 1.984467
73.065006 2.092897
73.096338 2.559949
73.127605 2.816231
73.158891 2.84051
73.191294 2.849996
73.222634 2.8446
73.253985 2.859046
73.285357 2.747396
73.316806 2.755489
73.349328 2.755228
73.380635 2.756011
73.411906 2.758187
73.443239 2.768368
73.474566 2.776635
73.507009 2.7695
73.538341 2.816666
73.56963 2.120919
73.672454 2.44064
73.703714 2.777419
73.736227 2.769761
73.767549 2.782901
73.798773 2.771936
73.830096 2.806136
73.861471 2.141804
73.934607 1.988557
73.965963 1.85576
73.997293 1.858371
74.028489 1.816948
74.059807 1.827217
74.092326 1.837399
74.123705 1.835484
74.155127 1.960449
74.176317 1.992908
74.207742 2.622083
74.240255 2.838857
74.271599 2.872012
74.302915 2.786121
74.334189 2.785164
74.36548 2.79578
74.397942 2.761493
74.429342 2.761145
74.460733 2.752356
74.492096 2.741826
74.523578 2.730948
74.556006 2.761493
74.587485 2.829197
74.61885 2.814664
74.650165 2.711716
74.681499 2.845209
74.713995 2.841119
74.74532 2.678996
74.786913 2.872447
74.808021 2.727032
74.839394 2.702144
74.871948 2.715719
74.903291 2.714762
74.934577 2.684043
74.965935 2.683956
74.997326 2.696574
75.02981 2.570043
75.061258 2.507735
75.092592 2.667335
75.123883 2.656457
75.155174 2.654194
75.187719 2.672208
75.219051 2.691701
75.250323 2.68326
75.28162 2.700664
75.312917 2.851127
75.33511 2.753226
75.366367 2.623214
75.39775 2.596585
75.429093 2.822409
75.460373 2.692571
75.492768 2.766019
75.524064 2.772197
75.555371 2.604852
75.586662 2.662374
75.617971 2.742348
75.650376 2.564996
75.681695 2.502775
75.712964 2.425585
75.744232 2.442381
75.775523 2.375808
75.807943 2.431242
75.839245 2.473622
75.870509 2.421669
75.901778 2.523138
75.933046 2.633744
75.965364 2.729208
75.996667 2.730513
76.027916 2.74609
76.059264 2.762364
76.090541 2.782727
76.122869 2.806397
76.154119 2.833983
76.185362 2.844339
76.216627 2.867052
76.247885 2.848603
76.28028 2.823628
76.311584 2.866965
76.342868 2.840684
76.37413 2.820234
76.405489 2.832765
76.437878 2.82998
76.469116 2.77942
76.50034 2.848516
76.531643 2.868531
76.562906 2.805875
76.595297 2.78908
76.626634 2.835637
76.657931 2.826673
76.689254 2.833548
76.720506 2.085936
76.814208 2.650626
76.845541 2.883064
76.876852 2.878104
76.908212 2.876886
76.929314 2.88698
76.961794 2.009878
77.084962 1.86629
77.11628 1.6342
77.147526 1.633069
77.17877 1.592603
77.211206 1.602872
77.242586 1.726009
77.273832 1.882737
77.305222 1.984119
77.336717 2.551769
77.36927 2.845557
77.400664 2.8104
77.431986 2.815883
77.463245 2.794997
77.494626 2.73939
77.527198 2.715458
77.558447 2.71833
77.589737 2.689874
77.620994 2.720854
77.65235 2.842599
77.684712 2.849647
77.715986 2.859394
77.747274 2.90717
77.778459 2.865051
77.809761 2.870359
77.84217 2.876189
77.873423 2.86096
77.904764 2.823019
77.936031 2.825455
77.967329 2.835028
77.999802 2.802655
78.031073 2.846428
78.062365 2.901078
78.093646 2.900991
78.124916 2.884021
78.157232 2.945373
78.188515 2.897336
78.219778 2.866617
78.251078 2.871142
78.282397 2.855739
78.31484 2.845122
78.346159 2.845122
78.377478 2.849212
78.408776 2.842251
78.440081 2.85426
78.472456 2.925444
78.503758 1.920331
78.62681 2.072534
78.658097 2.608942
78.689363 2.917786
78.721737 2.874971
78.753072 2.861047
78.784352 1.971849
78.887163 1.841837
78.918464 1.728098
78.950839 1.291766
78.982198 1.28959
79.013487 1.351985
79.044825 1.470423
79.076225 1.613924
79.10881 1.736278
79.140163 2.468749
79.171355 2.820756
79.202596 2.894725
79.233878 2.917177
79.266321 2.92353
79.297583 2.918308
79.328817 2.919527
79.360095 2.922834
79.391371 2.944154
79.423752 2.9472
79.455024 2.942327
79.48624 2.961646
79.517477 2.892463
79.548823 2.886893
79.581264 2.875667
79.612547 2.889243
79.643836 2.879061
79.675102 2.878974
79.706371 2.903341
79.738846 2.888112
79.770168 2.902992
79.801481 2.969217
79.832814 2.956337
79.864134 2.950594
79.89669 2.952769
79.927969 2.904472
79.959292 2.902209
79.990504 2.912217
80.021765 2.90804
80.054238 2.90569
80.085566 2.919527
80.116944 2.925705
80.14833 2.869315
80.179636 2.829023
80.212029 2.819451
80.243339 2.837551
80.274565 2.877321
80.305726 2.886632
80.337044 2.890548
80.369474 2.847211
80.400769 2.908649
80.432037 2.901339
80.463256 2.417144
80.514903 2.345525
80.547298 2.364844
80.578533 2.235354
80.609743 2.003351
80.66137 2.218036
80.692684 2.680388
80.725036 2.810226
80.756257 2.238661
80.807934 2.234919
80.839201 2.241619
80.870512 2.221343
80.913045 2.094551
80.944318 1.757773
80.975515 1.537866
81.006713 1.219972
81.037959 1.35625
81.070296 1.620538
81.101631 2.096465
81.132876 2.280693
81.164088 2.272599
81.195382 2.442381
81.227794 2.7078
81.259056 2.690135
81.290265 2.626434
81.321453 2.625477
81.352708 2.609987
81.385092 2.608942
81.416331 2.558295
81.447587 2.554727
81.478792 2.607376
81.510003 2.585794
81.542339 2.700926
81.573569 2.655761
81.604839 2.588231
81.636003 2.588666
81.667277 2.60668
81.699731 2.641837
81.730947 2.657762
81.762182 2.659851
81.793431 2.717982
81.82464 2.711281
81.856969 2.882368
81.888133 2.815186
81.919335 2.715893
81.950569 2.845731
81.981751 2.853912
82.014079 2.856261
82.045328 2.863223
82.076619 2.835985
82.107805 1.794931
82.271491 1.344066
82.446737 1.827826
82.477952 1.870554
82.570338 1.236332
82.713754 0.296399
82.745041 0.247492
82.777537 0.452605
82.808833 0.554857
82.840136 0.941673
82.871504 1.033482
82.902763 1.118677
82.93526 1.212401
82.966634 1.507843
82.997929 2.121006
83.029204 2.18401
83.060567 2.291309
83.093061 2.393735
83.124331 2.488677
83.15561 2.571175
83.186897 2.602155
83.218257 2.625216
83.250568 2.780551
83.281787 2.931014
83.313 2.968347
83.344196 2.974699
83.375494 2.977049
83.407849 2.975308
83.439133 2.984881
83.470449 2.907953
83.491581 2.861831
83.522869 2.841989
83.55531 2.717112
83.586504 2.836942
83.617765 2.826064
83.648939 2.828153
83.680251 2.843208
83.712602 2.23457
83.794714 2.708235
83.825989 2.773154
83.857276 2.73617
83.888575 2.747222
83.92108 2.745307
83.95229 2.747135
83.983571 2.769412
84.014865 2.320201
84.056301 2.200719
84.088665 2.128229
84.119849 2.354575
84.151054 2.315502
84.182242 2.313152
84.213476 2.337692
84.245735 2.334473
84.277009 2.415926
84.308299 2.764104
84.33958 2.951464
84.370851 2.976614
84.403176 2.971915
84.43438 2.9016
84.465539 2.872796
84.496728 2.871577
84.527859 2.826935
84.549974 2.831199
84.581208 2.86653
84.612416 2.906821
84.643612 2.909867
84.674813 2.896031
84.707185 2.941631
84.738414 2.983489
84.769685 2.981487
84.800952 2.784467
84.832275 2.786121
84.864682 2.766976
84.895846 2.767672
84.927038 2.772023
84.95829 2.779681
84.989474 2.771762
85.021809 2.823367
85.053087 2.91796
85.084328 3.035876
85.115621 3.017514
85.146849 3.009943
85.179209 3.004026
85.210342 3.009595
85.241409 3.006985
85.272584 2.774895
85.303745 2.755402
85.336076 2.763321
85.36725 2.762016
85.388228 2.705973
85.419392 2.800132
85.450496 2.807006
85.48271 2.741304
85.513765 2.737388
85.54484 3.000893
85.575995 2.740434
85.607112 2.606071
85.639289 2.471185
85.670426 2.668466
85.691409 2.785164
85.722549 2.492419
85.753582 2.723116
85.785799 2.682825
85.816964 2.694312
85.848119 2.75749
85.879297 2.618254
85.910449 2.358317
85.942664 2.251801
85.973778 2.241271
86.004891 2.238225
86.036044 2.230741
86.067234 2.239792
86.099395 2.176613
86.130472 2.315067
86.161576 2.477451
86.192713 2.568912
86.223927 2.62626
86.256139 2.696139
86.287254 2.900556
86.318306 2.189406
86.410488 1.923899
86.482415 2.209856
86.51464 2.707017
86.545785 2.676037
86.576968 2.679518
86.608218 2.140412
86.669942 2.119352
86.702197 1.844012
86.74358 1.773611
86.774805 1.502622
86.805997 1.291331
86.837253 1.32614
86.869642 1.4565
86.900959 1.609747
86.932114 2.138497
86.963385 2.382422
86.994619 2.714849
87.026907 2.908562
87.058176 3.010553
87.089406 3.024389
87.120635 2.906038
87.151845 2.900643
87.184223 2.906473
87.205393 2.90482
87.236687 2.862353
87.268028 2.887938
87.299345 2.895247
87.331764 2.88202
87.362916 2.945547
87.394101 3.012641
87.425287 2.946765
87.456524 2.94485
87.488839 2.974264
87.52009 2.991321
87.551236 2.983314
87.58242 2.995063
87.613588 2.986969
87.64571 2.995933
87.676898 2.987753
87.707972 2.994018
87.739042 3.007333
87.770115 3.004809
87.802325 3.009769
87.833511 3.006289
87.864673 3.009508
87.895789 3.018124
87.927 3.045971
87.959244 3.084609
87.990441 3.087916
88.02161 3.030481
88.052825 3.029524
88.084044 3.041446
88.11635 3.010292
88.147617 2.980008
88.178777 2.978876
88.209952 2.984707
88.241196 2.984533
88.273501 2.999762
88.304675 3.041968
88.335765 3.009073
88.366986 3.01325
88.398212 3.075994
88.430475 3.077038
88.46172 3.078691
88.492944 3.08722
88.524198 3.074166
88.555464 3.069902
88.587687 3.078169
88.618768 3.090788
88.650022 3.088351
88.68126 1.628283
88.90561 1.894485
88.937925 2.405483
88.969122 2.700664
89.000267 1.639596
89.174024 1.526205
89.205221 1.118155
89.237392 0.598803
89.26859 0.582878
89.309841 0.894681
89.341056 1.018079
89.372286 1.116589
89.404632 1.198912
89.435838 2.22552
89.467062 2.398347
89.498268 2.492332
89.529574 2.566301
89.561907 2.585533
89.593148 2.707104
89.624387 2.790646
89.655608 2.86975
89.686842 2.93667
89.719131 3.015513
89.750344 3.031525
89.781571 3.046754
89.812781 3.046406
89.843984 3.083478
89.876253 3.047537
89.907469 3.038313
89.93863 3.059285
89.969826 3.061113
90.000991 3.046232
90.0334 2.459611
90.084998 2.486763
90.116206 2.746874
90.147383 3.062157
90.178544 2.962516
90.210738 2.965649
90.241794 2.927011
90.272908 2.952769
90.303988 2.96095
90.335214 2.517743
90.367414 2.400088
90.398484 2.26938
90.429533 2.246493
90.460657 2.29392
90.491771 2.294877
90.524021 2.303493
90.55513 2.122659
90.586258 2.315502
90.617382 2.126053
90.6587 2.858959
90.690921 2.940238
90.722056 2.840945
90.75314 2.799
90.784249 2.966171
90.815456 3.031786
90.847774 2.83407
90.878864 2.846167
90.910087 2.589188
90.9413 2.624607
90.972533 2.665072
91.004797 2.670729
91.036039 2.64906
91.067253 2.566562
91.098486 2.565344
91.129741 2.655674
91.162066 2.756011
91.193279 2.595454
91.224315 2.616862
91.255433 2.870272
91.286535 2.951986
91.318696 2.92205
91.349836 2.913783
91.381154 2.92997
91.412318 2.909693
91.443498 2.805179
91.475743 2.686915
91.506857 2.659503
91.537964 2.450822
91.569169 2.46344
91.600259 2.422801
91.63251 2.357621
91.663548 2.465616
91.694668 2.649147
91.725746 2.629045
91.756849 2.677342
91.789142 2.8902
91.82023 3.027
91.851382 2.965736
91.882545 2.820408
91.91359 2.67508
91.945751 2.553857
91.97678 2.537584
92.007887 2.541239
92.039061 2.547156
92.070181 2.543762
92.102401 2.433679
92.133541 2.550724
92.164653 2.559078
92.19584 2.867226
92.227048 2.957382
92.259324 2.838857
92.290669 2.919614
92.321679 2.923617
92.352693 2.758796
92.383763 2.718156
92.415798 2.655065
92.446787 2.649321
92.477749 2.580486
92.508799 2.628175
92.539786 2.508518
92.571805 2.580486
92.602773 1.96976
92.674397 2.271033
92.705387 2.876189
92.736373 3.019603
92.768416 2.826064
92.799465 2.986447
92.830453 2.658807
92.871896 2.606071
92.903006 2.410705
92.945236 2.298097
92.976228 2.099337
93.007221 2.090374
93.038186 2.177048
93.059069 2.186447
93.091111 2.178789
93.122018 2.324639
93.153094 2.333167
93.184152 2.51635
93.215195 2.927881
93.247336 2.970609
93.278423 2.999327
93.309466 2.98871
93.340506 2.99924
93.371625 3.014556
93.393544 3.021692
93.424555 3.042751
93.455567 2.98871
93.486534 3.021605
93.51755 3.047363
93.549507 3.058328
93.58047 3.058502
93.611431 3.068858
93.642389 3.073122
93.673333 3.067814
93.70555 3.104102
93.73662 3.123856
93.767689 2.315502
93.870015 2.624346
93.901202 3.065029
93.933459 3.121681
93.964671 3.099229
93.995823 3.092006
94.027081 3.07112
94.058238 2.300273
94.13121 2.213424
94.16222 2.058523
94.19319 1.877951
94.224169 1.920157
94.255368 1.922246
94.287684 1.887176
94.318838 1.427869
94.390674 1.548048
94.421667 1.743849
94.452698 2.700229
94.48479 2.993322
94.515887 2.995411
94.546921 3.007768
94.577929 2.362668
94.649713 2.207419
94.681808 2.205505
94.712859 1.980638
94.743913 1.914675
94.774988 1.931383
94.806051 1.920418
94.83801 1.985076
94.869073 2.099424
94.900173 2.290091
94.931275 2.976788
94.962352 3.067117
94.994542 3.112108
95.025624 3.147875
95.056679 3.166149
95.087697 3.130557
95.118737 3.111499
95.150794 3.116285
95.181819 3.079736
95.212836 3.003591
95.243875 2.998195
95.274887 3.107931
95.306989 3.153879
95.338007 3.178071
95.369002 3.18103
95.400035 3.13778
95.431073 3.145525
95.463229 3.114719
95.494258 3.049104
95.525474 2.977745
95.556407 2.962516
95.587432 2.95625
95.619289 2.960689
95.650228 2.998195
95.681214 2.995498
95.71221 3.009595
95.743261 3.063027
95.775132 3.15501
95.806202 3.137519
95.837247 3.165801
95.868264 2.994627
95.899293 3.091658
95.931183 2.969391
95.962245 3.051453
95.993239 3.156838
96.024203 3.174852
96.055266 3.185294
96.08707 3.151007
96.118094 2.921354
96.149085 2.907344
96.180053 2.894899
96.211041 2.857915
96.242885 2.751834
96.273896 2.707278
96.305055 2.712761
96.336109 2.617993
96.367151 2.686654
96.399136 2.90891
96.430101 2.929186
96.461079 2.765583
96.49204 2.908127
96.523044 3.065203
96.554912 2.856174
96.585992 2.9814
96.617168 2.980617
96.648162 2.892028
96.679248 2.729643
96.711323 2.838683
96.74227 2.863571
96.773245 2.749049
96.804307 2.800306
96.835369 2.765496
96.867394 2.695791
96.898409 2.760623
96.929565 2.734429
96.960595 2.691614
96.991632 2.669336
97.023759 2.723639
97.05489 2.807964
97.085947 2.836768
97.116973 2.868183
97.147955 2.899425
97.180026 2.933712
97.211091 3.067204
97.242058 3.106539
97.273075 3.17781
97.304196 3.206093
97.336326 3.153444
97.367407 3.131688
97.398423 3.141783
97.429491 3.130818
97.460575 3.115502
97.49274 3.137606
97.523917 3.072513
97.554957 2.992974
97.586042 2.985838
97.617336 3.080171
97.649421 3.081215
97.680503 3.074949
97.711664 3.083391
97.74283 3.077299
97.773987 3.065899
97.806128 3.197739
97.837241 3.227152
97.868319 3.212184
97.899453 3.213403
97.930588 3.221496
97.962693 3.201568
97.993654 3.193823
98.024703 3.211488
98.05574 2.874014
98.086945 2.525923
98.129621 2.328294
98.171025 2.326902
98.202233 2.562037
98.233504 3.044927
98.264675 3.116633
98.296852 3.12551
98.327926 2.882542
98.359179 2.583184
98.390192 0.0
98.441895 2.25389
98.473939 2.130317
98.504925 1.788231
98.535905 1.75464
98.567071 1.774916
98.598099 2.012749
98.630089 2.193931
98.661118 2.514088
98.692056 2.764713
98.723029 3.037791
98.754028 1.997869
98.877647 2.207158
98.908707 2.778985
98.939736 3.197652
98.970831 3.165279
99.001957 3.157273
99.034162 2.135452
99.146721 2.024933
99.177856 1.718438
99.208912 1.473382
99.240077 1.374524
99.272404 1.45006
99.303827 1.652562
99.33493 1.802067
99.365978 1.923203
99.397077 2.709106
99.429252 3.090788
99.460296 3.17607
99.49138 3.144307
99.522423 3.110803
99.553409 3.107235
99.585459 3.106974
99.616453 3.109236
99.64748 3.115589
99.678394 3.116894
99.70944 3.121333
99.741509 3.126293
99.772503 3.228632
99.80355 3.22985
99.834528 3.220365
99.865545 3.23803
99.897627 3.211836
99.928887 3.213142
99.959907 3.23307
99.990944 3.234201
100.022038 3.215143
