1.3e-05 325.174
0.428727 326.629
0.459819 326.929
0.491007 330.273
0.542453 327.859
0.736284 323.703
0.768369 321.983
0.799547 319.979
0.820467 320.12
0.851467 320.901
0.882588 315.98
0.914657 313.752
0.945675 311.34
0.976729 309.904
1.007701 305.477
1.038791 302.072
1.070897 301.274
1.102182 300.048
1.133229 297.348
1.154155 293.158
1.185273 286.7
1.21743 285.129
1.248646 279.649
1.279691 279.134
1.310798 277.462
1.341934 274.402
1.37413 273.35
1.405329 273.826
1.436429 278.274
1.457361 278.557
1.488564 279.442
1.52081 279.533
1.551942 277.558
1.583116 276.65
1.614188 277.187
1.645381 278.198
1.677592 276.283
1.708782 275.587
1.739982 274.74
1.771213 273.481
1.802393 274.02
1.834608 272.983
1.865887 272.222
1.89714 272.589
1.928307 272.968
1.959482 271.845
1.99172 271.618
2.022897 271.82
2.043784 272.746
2.074885 277.461
2.105976 281.876
2.13817 285.221
2.169285 280.302
2.20036 273.606
2.231448 271.551
2.262521 269.649
2.295058 268.887
2.326126 269.714
2.346997 269.897
2.378129 268.849
2.409219 269.15
2.441464 269.84
2.472541 269.743
2.503681 268.403
2.534791 268.891
2.565837 271.471
2.597968 269.683
2.628981 269.084
2.660192 270.681
2.691356 268.892
2.722498 269.888
2.754744 276.857
2.785813 276.698
2.816871 274.705
2.847953 276.691
2.879206 275.275
2.911377 272.443
2.942476 274.161
2.973559 277.098
3.004752 279.379
3.035902 280.161
3.068049 280.817
3.099193 276.007
3.13022 276.218
3.16131 274.394
3.192391 275.894
3.224549 282.766
3.255683 289.477
3.286757 305.519
3.317868 311.36
3.348919 320.791
3.381093 330.019
3.40202 286.931
3.433084 287.408
3.464319 299.256
3.49546 310.615
3.527647 320.429
3.558624 311.639
3.599891 295.031
3.630936 300.926
3.66212 311.349
3.694372 336.937
3.725511 343.963
3.756652 351.814
3.787625 380.768
3.818593 402.404
3.850718 371.831
3.881694 313.704
3.912652 304.706
3.943606 312.004
3.974595 323.333
4.006459 336.805
4.02734 346.844
4.05832 355.339
4.089492 371.229
4.120455 358.384
4.172772 324.963
4.203786 303.202
4.234804 305.487
4.265752 318.523
4.29671 330.776
4.328548 351.301
4.359539 366.148
4.390504 375.626
4.421445 394.615
4.45243 380.879
4.524964 310.956
4.555932 303.108
4.586889 307.547
4.617839 337.236
4.648842 349.715
4.680754 366.126
4.711789 374.731
4.752918 407.893
4.794069 416.692
4.825057 446.366
4.867201 505.369
4.898205 521.056
4.929231 581.633
4.960201 548.344
4.99125 489.097
5.023119 475.128
5.054178 479.602
5.085196 493.259
5.116235 505.31
5.14729 526.556
5.179367 528.434
5.21046 469.076
5.241472 424.395
5.272424 413.109
5.394832 420.019
5.426668 439.455
5.457817 448.862
5.488853 459.124
5.519914 413.274
5.551016 418.219
5.583096 399.942
6.102081 360.664
6.133066 348.613
6.164096 349.569
6.205301 343.676
6.237317 334.296
6.268311 335.13
6.309447 337.365
6.340432 338.666
6.371444 350.587
6.403353 343.676
6.43432 326.122
6.475427 304.06
6.506379 292.746
6.537359 282.931
6.56919 274.311
6.600193 271.827
6.63117 282.296
6.66214 286.977
6.703367 274.553
6.735302 272.683
6.766338 274.35
6.797344 270.767
6.828329 270.692
6.859363 269.676
6.891224 270.936
6.922249 269.056
6.953238 269.483
6.984199 271.699
7.015359 270.143
7.047166 270.734
7.078197 269.526
7.109232 267.984
7.130051 268.656
7.161014 268.557
7.19288 268.678
7.223903 269.728
7.254889 269.415
7.285957 269.782
7.316959 269.108
7.348922 268.236
7.379964 272.858
7.411035 272.925
7.442186 269.774
7.473181 268.387
7.50513 268.429
7.536136 268.536
7.567201 271.153
7.598257 269.329
7.629323 268.769
7.66164 269.639
7.692722 269.378
7.723804 269.952
7.754883 271.581
7.785922 269.365
7.818046 269.081
7.849135 268.778
7.880209 270.716
7.911266 268.361
7.942359 271.751
7.974486 272.488
8.00559 270.784
8.036797 270.762
8.06784 274.621
8.098876 283.98
8.130915 275.344
8.161895 272.542
8.192839 269.176
8.22379 269.139
8.25489 269.773
8.286916 269.647
8.317922 268.692
8.348955 268.025
8.37995 271.301
8.411034 269.947
8.443229 271.614
8.474324 292.99
8.576611 313.514
8.607777 286.955
8.638859 273.403
8.671057 273.385
8.70207 276.43
8.733129 273.574
8.764154 273.525
8.856369 271.229
8.88845 272.539
8.919497 270.98
8.950515 270.246
8.981566 272.103
9.01262 270.553
9.044706 272.337
9.075735 273.688
9.106789 275.487
9.137804 269.048
9.168885 268.84
9.201045 270.84
9.232116 270.569
9.263292 269.066
9.29443 269.877
9.325548 269.62
9.357666 268.967
9.388736 269.336
9.419824 269.846
9.451016 268.361
9.482215 269.743
9.514549 269.414
9.545784 270.63
9.576943 269.833
9.608253 268.764
9.63945 269.293
9.671704 268.702
9.702786 270.111
9.733878 269.436
9.765032 267.933
9.79619 267.728
9.828508 268.125
9.859648 267.942
9.890795 273.034
9.921895 270.188
9.953133 268.483
9.985464 268.991
10.016652 268.999
10.047794 268.16
10.078828 268.421
10.109882 269.67
10.131904 268.608
10.162903 267.771
10.19393 268.151
10.224871 269.402
10.255846 268.3
10.28777 268.634
10.318781 285.811
10.380411 289.709
10.411452 271.72
10.442398 271.401
10.474385 269.713
10.505412 269.917
10.536342 278.833
10.567278 293.102
10.598515 296.225
10.630338 294.836
10.671592 287.31
10.702597 284.481
10.733617 283.282
10.764618 281.001
10.79645 279.434
10.82741 284.74
10.858378 275.63
10.889623 268.51
10.920642 268.405
10.942441 269.551
10.973417 268.691
11.004384 269.407
11.035409 270.759
11.066402 274.513
11.098275 274.888
11.129268 273.362
11.160231 269.27
11.19122 268.102
11.222227 273.284
11.254041 269.968
11.284981 271.211
11.315928 268.947
11.346898 269.718
11.377848 270.175
11.409615 268.78
11.44056 269.615
11.471524 269.02
11.502503 268.231
11.533471 272.219
11.56533 270.576
11.596322 271.014
11.627301 270.225
11.658294 268.766
11.689289 270.304
11.721056 269.005
11.752079 269.261
11.783051 268.387
11.814078 267.831
11.845075 268.697
11.877064 269.163
11.908025 267.975
11.939012 268.678
11.969979 270.104
12.000994 268.259
12.032855 270.367
12.06385 270.367
12.0949 269.231
12.125881 269.59
12.156883 270.467
12.188902 268.933
12.219923 268.907
12.250909 268.318
12.282078 268.317
12.313267 269.747
12.345046 269.551
12.375981 270.859
12.406892 269.041
12.437915 269.238
12.468907 272.481
12.500796 269.039
12.531781 268.277
12.562809 269.276
12.593758 268.341
12.624747 268.644
12.656584 272.083
12.687571 282.103
12.759166 297.902
12.790144 279.097
12.821122 271.451
12.853029 269.792
12.88418 270.695
12.915184 269.383
12.946169 269.327
12.977165 269.021
13.02967 269.117
13.060708 269.354
13.091723 269.586
13.122647 270.031
13.153667 272.052
13.185752 270.371
13.216718 271.568
13.247682 273.638
13.278632 270.755
13.309605 269.831
13.341736 268.603
13.372724 269.803
13.403684 268.427
13.434706 269.47
13.465775 269.593
13.497876 269.078
13.52892 304.36
13.611039 321.746
13.642215 296.923
13.673386 276.639
13.705652 276.119
13.736828 272.46
13.768079 270.443
13.799229 269.812
13.881338 269.556
13.913631 269.265
13.944757 276.736
13.975906 293.782
14.007012 306.354
14.038217 282.464
14.070479 275.522
14.101619 279.334
14.13267 281.031
14.163838 270.441
14.194987 270.13
14.227181 269.278
14.258236 271.254
14.29959 278.075
14.330861 290.663
14.362078 272.778
14.394529 269.396
14.425709 268.055
14.456956 268.335
14.488194 269.028
14.51948 269.358
14.551819 269.077
14.583157 268.364
14.614368 269.459
14.645631 269.385
14.676898 270.544
14.709219 272.09
14.740509 274.083
14.771839 275.105
14.803193 277.559
14.834597 278.337
14.867063 287.331
14.898495 288.338
14.929803 285.71
14.961111 274.994
14.992425 269.361
15.024747 271.912
15.05604 271.792
15.087391 268.794
15.118713 268.448
15.150132 267.872
15.182527 275.482
15.213762 274.255
15.244912 272.92
15.276072 272.013
15.307353 271.623
15.339724 271.499
15.371124 271.182
15.402397 269.653
15.433812 272.568
15.465123 279.642
15.497574 299.225
15.53916 319.426
15.570429 309.879
15.601684 306.868
15.632995 310.435
15.665453 314.133
15.696726 320.203
15.73824 326.246
15.769604 322.244
15.800968 297.234
15.833345 273.563
15.864598 271.036
15.895938 268.529
15.927315 271.878
15.958709 268.802
15.991352 268.011
16.022745 268.882
16.054057 268.594
16.085492 267.968
16.116831 268.773
16.149378 268.961
16.180717 268.637
16.212034 268.623
16.243383 269.408
16.274807 269.773
16.307322 268.956
16.338634 270.424
16.369949 272.441
16.401289 277.785
16.442805 292.459
16.475449 337.652
16.680358 379.143
16.711698 433.511
16.743023 419.281
16.774308 392.307
16.806778 378.684
16.838048 358.37
17.001832 295.15
17.033202 276.992
17.064587 275.304
17.097067 279.369
17.128496 282.184
17.159841 278.067
17.19123 273.645
17.222598 277.751
17.25504 272.649
17.286405 272.881
17.317759 289.415
17.369561 314.131
17.400939 321.239
17.433432 300.649
17.464785 274.034
17.496172 269.27
17.527545 268.913
17.558897 268.539
17.591267 268.146
17.632816 268.339
17.664124 268.651
17.695518 269.237
17.726863 268.267
17.759252 268.916
17.79052 270.981
17.821871 270.184
17.853239 272.885
17.884601 275.029
17.917044 277.69
17.948309 272.401
17.979554 272.668
18.010877 274.365
18.042211 272.138
18.0746 270.161
18.105928 270.789
18.137312 274.8
18.168635 271.303
18.200012 273.54
18.232429 270.896
18.263669 268.764
18.29494 269.389
18.32625 269.326
18.357499 269.626
18.389852 275.614
18.421062 281.974
18.45225 284.568
18.483599 276.708
18.514918 277.685
18.547416 284.143
18.578761 285.671
18.610067 291.46
18.641372 294.306
18.672636 310.608
18.704993 301.669
18.736268 331.423
18.899964 354.066
18.931197 372.048
18.962475 397.277
18.994773 406.289
19.015832 411.121
19.047115 417.046
19.07842 409.705
19.109563 391.016
19.141908 378.736
19.193599 348.736
19.224951 334.622
19.256269 320.466
19.287597 301.271
19.320051 295.703
19.351344 277.433
19.382681 270.623
19.41399 271.983
19.445283 271.821
19.477651 279.593
19.509057 281.748
19.540377 295.091
19.592083 297.189
19.623396 298.286
19.655771 297.65
19.686947 274.722
19.718209 271.979
19.749433 271.578
19.780636 279.489
19.812985 289.755
19.844288 287.618
19.875514 280.039
19.906827 276.471
19.938117 276.453
19.970525 279.678
20.001841 279.795
20.033116 279.982
20.064408 291.296
20.0957 282.896
20.128053 274.557
20.159246 270.209
20.190507 268.777
20.221768 269.017
20.253017 269.795
20.285327 271.881
20.316546 282.302
20.347697 281.95
20.378897 283.146
20.410053 283.949
20.442179 284.827
20.473151 294.64
20.504179 298.163
20.53518 310.547
20.566151 313.637
20.598449 320.367
20.660187 339.1
20.772795 375.068
20.814139 401.06
20.845316 431.366
20.877765 444.228
20.908974 455.652
20.940224 478.248
20.981753 483.664
21.023316 481.832
21.055744 479.635
21.086889 478.012
21.118 477.568
21.149153 455.913
21.180301 430.198
21.212459 400.616
21.243595 361.862
21.274646 324.956
21.305707 276.153
21.336763 271.495
21.368995 270.714
21.400107 269.634
21.431439 269.023
21.46264 268.677
21.493964 270.569
21.526319 269.23
21.557538 267.901
21.588754 269.157
21.619909 269.537
21.65109 268.391
21.683357 270.499
21.71456 269.821
21.745834 269.883
21.777084 270.006
21.808341 268.92
21.840829 268.642
21.872066 268.46
21.903307 269.202
21.934568 271.047
21.965782 269.692
21.998028 269.439
22.019137 268.745
22.050319 268.273
22.081516 269.243
22.112644 268.566
22.144919 267.896
22.176105 269.775
22.207278 271.468
22.238456 269.066
22.2696 268.124
22.301854 270.01
22.333031 273.245
22.364197 270.518
22.395338 271.684
22.426495 273.047
22.458781 269.556
22.490008 268.683
22.521154 268.471
22.552294 268.208
22.583548 268.785
22.615818 268.27
22.64706 268.882
22.678334 269.263
22.709508 269.933
22.740852 269.237
22.773367 268.037
22.804457 269.092
22.835615 269.27
22.866744 272.307
22.897831 272.155
22.919847 273.56
22.950933 268.897
22.981906 269.004
23.012957 271.407
23.044075 270.35
23.076208 270.687
23.107289 275.898
23.138491 270.883
23.169621 269.834
23.200697 269.174
23.232894 268.988
23.26394 269.87
23.294996 269.818
23.326095 279.901
23.377648 275.754
23.409878 273.931
23.440945 280.238
23.472005 272.538
23.503178 271.515
23.534225 272.803
23.56637 271.202
23.597442 271.541
23.628471 271.06
23.659484 270.339
23.69061 282.995
23.783987 304.713
23.815104 276.145
23.846255 276.656
23.877357 275.414
23.908602 279.289
23.940861 281.054
23.971913 279.236
24.043617 277.33
24.074605 273.8
24.105758 269.265
24.137963 269.496
24.169079 270.263
24.200322 268.84
24.231381 270.712
24.262526 270.806
24.294735 271.243
24.325691 270.482
24.35662 272.537
24.387643 274.601
24.418736 282.487
24.450855 291.816
24.481751 305.803
24.512852 321.721
24.554125 334.214
24.585225 341.493
24.617372 307.999
24.648472 286.099
24.679819 283.438
24.711144 270.866
24.742293 273.959
24.794923 272.665
24.82602 271.573
24.857278 272.908
24.888366 276.365
24.919667 276.167
24.952014 277.856
24.98312 278.903
25.014122 276.504
25.045399 272.445
25.066415 272.862
25.098489 269.422
25.129642 270.202
25.160736 270.097
25.191844 268.179
25.222995 268.397
25.255265 268.732
25.286351 268.545
25.31746 268.67
25.348552 269.809
25.37963 270.303
25.411877 269.916
25.443124 271.568
25.474239 272.11
25.505313 273.975
25.536502 270.169
25.568936 271.193
25.600041 272.599
25.631285 269.48
25.66257 270.754
25.693717 272.134
25.726024 269.221
25.757242 269.697
25.78855 269.384
25.819785 272.289
25.85108 288.445
25.883436 288.717
25.914647 294.527
25.94596 294.816
25.977101 297.242
26.008391 300.794
26.040742 307.908
26.072038 307.454
26.103284 316.709
26.144708 327.31
26.175903 317.314
26.208226 317.91
26.239476 320.219
26.270667 328.639
26.301907 329.392
26.333132 329.113
26.365367 295.807
26.396542 287.707
26.427621 289.01
26.448623 272.796
26.47969 270.927
26.51183 270.277
26.542867 270.761
26.573866 272.72
26.604929 272.691
26.636047 269.273
26.668248 268.401
26.699381 269.631
26.730458 269.186
26.761493 269.188
26.792522 269.426
26.824557 269.245
26.855526 268.681
26.886488 271.985
26.91746 277.89
26.948567 269.513
26.980765 268.672
27.011771 271.499
27.042834 270.621
27.073908 268.982
27.104895 271.54
27.137038 271.131
27.16815 270.628
27.199229 269.37
27.230319 272.241
27.261408 268.842
27.293542 268.367
27.324559 272.712
27.35555 270.672
27.386569 268.81
27.417613 271.548
27.449622 307.739
27.602609 362.801
27.664188 405.61
27.695329 413.791
27.777159 386.554
27.809258 373.862
27.881016 362.729
27.91212 306.923
27.943218 284.667
27.974356 272.62
28.006497 269.572
28.037583 269.522
28.068717 270.283
28.099856 268.523
28.130957 269.127
28.152992 270.424
28.184182 268.393
28.215318 271.075
28.246278 271.626
28.277525 269.917
28.309773 270.004
28.340799 268.719
28.37186 268.154
28.402896 270.694
28.433973 268.894
28.466223 269.221
28.497261 269.01
28.528342 268.998
28.559473 273.082
28.590523 269.634
28.622696 270.089
28.653816 272.123
28.684963 278.864
28.726309 298.127
28.757371 298.93
28.789591 412.226
29.024294 457.002
29.055343 434.3
29.086389 398.371
29.117583 379.685
29.149658 370.497
29.323071 292.029
29.354135 273.372
29.385211 271.476
29.416347 271.145
29.448652 271.657
29.479798 271.032
29.510896 271.14
29.542023 270.345
29.57312 272.464
29.605251 270.043
29.626189 268.992
29.65732 272.103
29.688345 269.405
29.719392 271.491
29.751522 269.643
29.782549 268.717
29.813611 271.416
29.844684 269.818
29.875884 271.518
29.908137 271.855
29.939305 270.559
29.970488 271.611
30.001866 270.812
30.033081 270.715
30.065413 272.591
30.096508 274.467
30.127595 276.157
30.158688 272.745
30.189708 269.34
30.221849 270.265
30.242727 269.264
30.273738 269.762
30.30477 272.949
30.33592 269.353
30.36823 270.748
30.399369 270.338
30.430533 270.488
30.461433 270.006
30.492501 271.011
30.524521 272.561
30.555551 275.514
30.586464 279.894
30.617399 279.443
30.648544 275.363
30.680699 278.801
30.711702 281.006
30.742742 284.208
30.773755 283.645
30.804825 284.73
30.836933 285.216
30.868013 277.366
30.899084 279.52
30.919913 287.803
30.95108 278.734
30.983244 284.224
31.014292 287.377
31.045387 286.6
31.076417 286.698
31.107548 292.618
31.139911 295.617
31.171074 293.633
31.202095 288.199
31.223001 273.468
31.254003 270.706
31.286102 269.538
31.317066 268.797
31.348134 268.674
31.379253 268.926
31.410348 272.526
31.442592 269.467
31.473646 269.027
31.504669 269.407
31.535734 270.678
31.566805 269.262
31.599045 282.409
31.63018 284.35
31.661272 272.981
31.692338 269.41
31.723671 270.063
31.755888 278.686
31.787063 271.505
31.818035 272.612
31.849172 273.93
31.870072 269.771
31.902225 269.965
31.933245 269.826
31.964282 271.984
31.9953 270.276
32.02629 271.737
32.058521 269.186
32.08953 271.244
32.120615 276.624
32.151607 279.434
32.182633 270.937
32.214695 271.456
32.245681 269.236
32.276682 268.994
32.307732 270.969
32.338718 273.238
32.37082 272.47
32.401895 273.94
32.432971 270.391
32.464137 270.519
32.495266 269.307
32.52734 277.218
32.558362 303.168
32.640374 319.697
32.671409 326.998
32.733212 336.066
32.765307 303.325
32.796405 289.406
32.827489 279.273
32.858597 278.745
32.920339 272.292
32.952597 274.147
32.983682 274.078
33.014685 271.627
33.045776 270.616
33.076933 269.582
33.109179 269.712
33.140301 270.116
33.171486 269.511
33.202625 269.88
33.233769 269.329
33.265925 271.499
33.297064 269.641
33.328196 270.766
33.359318 270.155
33.390511 268.617
33.422843 270.274
33.453924 271.426
33.485046 269.738
33.51614 272.355
33.547356 272.675
33.579602 272.234
33.610819 271.651
33.641994 270.517
33.673184 272.149
33.704394 270.619
33.736757 270.277
33.767985 270.479
33.799202 287.685
33.922028 355.777
33.953329 331.707
33.985616 305.435
34.01687 282.66
34.048128 275.325
34.07941 273.316
34.182173 274.207
34.214399 269.415
34.245519 269.361
34.276707 269.536
34.307887 269.705
34.339152 268.532
34.37141 271.147
34.402812 269.437
34.43407 269.887
34.465237 269.897
36.549432 272.746
36.581558 269.565
36.612585 272.839
36.643857 272.009
36.675096 269.825
36.706246 270.638
36.738536 273.281
36.769594 278.073
36.800605 272.562
36.831715 275.974
36.862787 279.06
36.895022 299.326
36.956634 329.608
37.028392 368.313
37.059404 371.17
37.090528 371.564
37.1228 329.245
37.153943 317.12
37.184942 310.811
37.215982 290.916
37.24712 300.42
37.370806 287.55
37.401798 270.206
37.432902 270.212
37.464018 271.827
37.495144 272.764
37.527292 275.101
37.558357 273.802
37.589482 274.237
37.620644 271.257
37.651811 271.145
37.684097 278.097
37.715174 272.967
37.746246 272.48
37.77738 270.975
37.808492 269.173
37.840628 270.449
37.871663 271.339
37.902677 270.411
37.933702 273.958
37.96484 275.503
37.99712 272.528
38.028287 274.094
38.059452 270.264
38.090622 280.062
38.121838 284.865
38.15405 303.84
38.307511 379.212
38.338662 383.809
38.369745 375.853
38.400857 384.562
38.47383 356.278
38.504948 335.354
38.576671 312.817
38.607826 276.009
38.638877 271.551
38.671056 270.173
38.70218 270.471
38.733235 270.574
38.764326 273.859
38.795445 272.25
38.827698 270.436
38.858828 269.964
38.889821 270.265
38.920816 271.523
38.941631 270.62
38.973785 268.725
39.004817 270.704
39.035872 281.33
39.066869 277.344
39.097985 272.62
39.130131 270.44
39.161196 270.593
39.192291 269.648
39.223326 270.372
39.254384 273.308
39.28654 272.421
39.30752 271.778
39.338614 272.985
39.369708 271.364
39.400867 272.117
39.432981 271.095
39.46421 268.87
39.495326 270.894
39.526418 272.003
39.557579 269.169
39.589846 271.831
39.61078 271.479
39.641786 269.308
39.672875 268.774
39.704002 268.791
39.736148 269.436
39.767283 271.1
39.798328 269.408
39.829408 269.214
39.860388 268.483
39.892585 268.451
39.923527 271.102
39.954562 269.743
39.985611 269.582
40.016648 272.616
40.048742 276.898
40.079779 269.709
40.111019 273.645
40.142282 271.609
40.173488 271.163
40.205819 271.072
40.237057 270.033
40.268268 269.276
40.299481 270.12
40.330747 273.223
40.363099 275.654
40.39432 275.96
40.42553 276.437
40.456745 279.778
40.48802 286.185
40.520473 297.151
40.551672 316.866
40.593102 327.346
40.624397 402.331
40.879973 640.361
40.912425 637.609
40.943739 668.177
40.985211 667.784
41.016495 668.711
41.047745 667.658
41.080241 671.996
41.111513 668.232
41.142837 694.968
41.184394 363.023
41.215694 318.136
41.248071 303.177
41.27936 290.495
41.310606 281.448
41.341912 281.217
41.373208 282.516
41.395399 275.724
41.426683 276.169
41.468247 272.422
41.499625 269.916
41.530918 269.579
41.56338 268.614
41.594648 269.684
41.625913 270.969
41.657152 271.103
41.688432 269.951
41.720882 268.793
41.752154 270.316
41.783498 270.419
41.814782 275.871
41.846053 276.353
41.878375 274.097
41.909635 272.406
41.94092 273.731
41.972162 271.499
42.003474 272.225
42.03589 270.069
42.06728 273.304
42.098591 269.098
42.129977 268.817
42.161309 272.012
42.193701 272.292
42.225021 271.095
42.256304 272.062
42.287641 275.617
42.318936 271.198
42.351434 270.83
42.382719 282.557
42.46512 320.95
42.49629 332.537
42.527585 289.122
42.560016 272.331
42.591444 275.345
42.622734 269.597
42.653991 270.136
42.685372 269.626
42.728358 270.633
42.759701 270.9
42.791054 272.06
42.822403 270.044
42.853703 270.093
42.886197 270.952
42.91743 271.94
42.948861 269.339
42.980234 270.976
43.011633 284.856
43.054382 299.519
43.085791 298.805
43.11714 279.36
43.148457 271.909
43.179819 273.952
43.212299 272.392
43.243797 274.195
43.275172 273.737
43.327077 274.886
43.358555 280.751
43.391181 278.862
43.422588 285.428
43.4539 274.876
43.48525 271.738
43.516579 270.629
43.549114 270.788
43.580487 271.009
43.611922 274.984
43.643222 270.417
43.674588 270.765
43.70699 269.82
43.73832 268.059
43.759414 269.382
43.790715 268.467
43.822007 269.381
43.85446 268.196
43.88579 268.763
43.917125 272.682
43.948485 270.893
43.979885 269.465
44.012515 269.748
44.043875 268.936
44.075233 270.754
44.106671 274.792
44.13803 281.219
44.170492 285.617
44.201849 284.508
44.233198 279.848
44.264571 270.601
44.285709 270.006
44.318179 270.458
44.349534 274.375
44.380907 289.199
44.483935 335.566
44.515272 327.427
44.547907 292.548
44.579299 275.052
44.610674 271.625
44.64202 273.335
44.673449 274.193
44.757062 271.978
44.788455 270.821
44.819808 273.623
44.85119 279.616
44.882594 273.305
44.904966 272.057
44.936245 272.342
44.967615 271.063
44.999007 271.764
45.03035 270.925
45.062835 269.578
45.094228 269.955
45.125473 268.188
45.156829 270.49
45.188168 270.211
45.220791 275.57
45.252199 279.939
45.283608 274.768
45.315052 271.984
45.346382 272.834
45.378844 271.092
45.399936 270.236
45.431308 270.032
45.462627 270.811
45.493976 272.558
45.526436 273.225
45.55785 273.171
45.589176 274.262
45.620494 272.777
45.65185 271.772
45.684292 273.278
45.715552 273.034
45.74683 273.731
45.778243 283.894
45.809618 276.642
45.842068 278.506
45.873381 272.98
45.90483 270.773
45.936181 271.957
45.967498 271.649
46.000025 271.409
46.031576 271.89
46.062918 272.749
46.094253 272.939
46.125669 273.277
46.158152 282.994
46.199733 290.297
46.231102 289.638
46.262423 288.14
46.293793 290.717
46.326268 291.589
46.357623 293.094
46.388927 286.516
46.42026 274.519
46.451634 270.716
46.484138 271.382
46.515625 270.818
46.546993 268.982
46.578346 272.028
46.609741 269.477
46.642265 269.831
46.673593 272.89
46.704905 272.382
46.736207 272.602
46.767582 274.357
46.799988 274.953
46.831391 271.301
46.862708 272.917
46.894034 277.622
46.925351 275.136
46.957808 271.338
46.989146 273.413
47.020453 269.257
47.051722 270.153
47.083033 271.829
47.115516 283.649
47.146825 282.071
47.178145 285.976
47.209459 287.284
47.240834 287.095
47.273387 281.987
47.304708 280.005
47.336092 405.579
47.479917 405.082
47.511284 426.878
47.543682 357.441
47.574982 312.453
47.606255 283.312
47.637608 276.34
47.750698 271.716
47.783152 269.7
47.814427 271.478
47.845691 269.256
47.876991 269.492
47.908312 269.172
48.012358 269.132
48.043755 269.213
48.075103 270.481
48.106465 273.07
48.13784 270.839
48.170217 269.14
48.201677 270.014
48.232964 271.733
48.264212 269.655
48.295499 269.38
48.327932 269.664
48.359325 268.725
48.390711 271.446
48.422078 271.943
48.453402 268.807
48.485943 270.87
48.517307 273.215
48.548643 269.638
48.580002 275.22
48.611448 276.995
48.644088 292.075
48.716285 300.023
48.747901 275.96
48.779295 268.638
48.810627 269.789
48.832889 270.904
48.864249 268.605
48.895608 268.897
48.926927 268.405
48.97874 272.681
49.011251 270.428
49.042531 270.344
49.073858 268.876
49.105256 268.939
49.136571 271.42
49.169103 268.81
49.200436 272.414
49.231747 272.629
49.263075 271.085
49.294403 268.471
49.326884 270.713
49.358243 270.647
49.379398 269.208
49.410769 270.027
49.442109 271.894
49.47452 273.419
49.50582 277.367
49.537157 277.481
49.568421 282.083
49.599752 274.069
49.632362 274.421
49.663643 274.161
49.694871 270.896
49.726081 290.328
49.87986 349.746
50.004194 442.768
50.03553 394.481
50.066854 376.087
50.098125 364.683
50.160043 365.161
50.335476 327.791
50.366842 320.017
50.39821 283.45
50.429492 270.458
50.460753 271.501
50.493216 275.193
50.524514 272.218
50.555815 275.191
50.587075 280.736
50.618492 286.32
50.65096 286.096
50.68234 287.1
50.713623 286.962
50.7449 292.515
50.776226 280.885
50.808686 274.28
50.840036 272.971
50.871419 274.221
50.902695 275.342
50.934074 272.142
50.966595 273.929
50.997846 280.25
51.029102 285.089
51.060302 277.874
51.091603 278.213
51.124118 280.33
51.155425 289.977
51.186697 296.844
51.217959 274.32
51.249252 272.624
51.281711 271.893
51.313038 268.961
51.344415 268.641
51.375668 268.633
51.407053 268.809
51.429327 268.255
51.460605 270.291
51.491835 273.126
51.52316 272.007
51.554411 272.082
51.586829 271.394
51.618115 271.114
51.649462 268.351
51.680822 268.882
51.712154 268.789
51.744565 267.954
51.775864 268.618
51.807073 269.807
51.838354 269.107
51.869634 269.358
51.90199 268.577
51.933234 269.919
51.964408 270.127
51.995643 269.355
52.026902 268.92
52.05927 269.061
52.090528 268.906
52.12171 269.647
52.152966 269.536
52.184269 269.733
52.216762 270.03
52.24808 270.552
52.279361 269.883
52.310679 272.325
52.342029 269.514
52.374504 269.189
52.405821 270.83
52.437155 272.316
52.468435 268.713
52.499785 268.402
52.532239 269.287
52.563509 268.438
52.594771 269.353
52.626031 281.094
52.718568 322.009
52.750949 300.419
52.782251 273.325
52.813536 273.218
52.844773 295.905
52.937321 326.34
52.969763 312.356
53.00104 276.583
53.032254 271.626
53.063591 268.994
53.094956 269.74
53.127437 273.938
53.158693 280.578
53.189973 279.244
53.221291 277.698
53.252572 270.388
53.285014 271.201
53.31639 270.365
53.34764 270.262
53.378998 269.233
53.410301 269.01
53.442756 270.308
53.473997 268.831
53.505298 269.695
53.536541 269.581
53.567713 268.244
53.600031 270.73
53.631324 271.267
53.662603 271.626
53.693883 269.112
53.725234 270.044
53.757645 269.224
53.788993 268.31
53.820285 269.221
53.851679 268.445
53.883097 268.229
53.915642 269.015
53.947026 269.377
53.97834 269.19
54.009678 269.78
54.041041 269.759
54.073408 268.853
54.104707 268.524
54.136022 269.894
54.167363 268.047
54.198648 268.098
54.231019 268.492
54.262314 269.341
54.283396 268.916
54.314745 269.128
54.346097 270.806
54.378485 277.055
54.409801 276.182
54.441184 273.056
54.472507 277.147
54.503812 275.732
54.536286 271.867
54.567624 271.109
54.59895 269.077
54.630205 268.293
54.661514 270.426
54.693999 268.52
54.725306 268.306
54.756702 269.06
54.7881 269.338
54.819495 268.628
54.852045 268.726
54.883323 268.65
54.914599 268.176
54.945892 268.051
54.977173 268.527
55.009629 270.223
55.040942 270.068
55.072238 269.199
55.103524 268.675
55.134817 269.383
55.167319 269.688
55.19865 270.768
55.229952 269.151
55.261261 268.723
55.292636 275.894
55.325125 278.718
55.356401 284.346
55.387586 288.407
55.418789 284.298
55.45004 282.144
55.482413 285.535
55.513774 287.382
55.545011 288.104
55.576352 279.27
55.607688 281.591
55.640156 280.956
55.671491 281.823
55.70277 289.358
55.73407 275.775
55.765391 273.752
55.797819 280.39
55.829013 280.755
55.860261 277.053
55.891549 280.268
55.922798 273.085
55.955205 271.068
55.986398 271.36
56.017583 267.99
56.048791 268.37
56.080096 270.977
56.112533 272.494
56.143858 277.904
56.175114 285.502
56.206388 285.614
56.237638 280.875
56.269894 278.78
56.301172 269.879
56.332464 268.045
56.363654 270.454
56.394912 269.261
56.427239 268.686
56.458482 268.096
56.489756 268.276
56.520991 268.35
56.55224 273.48
56.584655 310.379
56.68735 275.14
56.718569 273.72
56.74981 270.221
56.781091 268.68
56.813457 268.807
56.844699 268.499
56.875941 268.421
56.94802 270.952
56.979324 274.614
57.011761 273.021
57.043069 270.769
57.074369 268.751
57.105663 268.57
57.136936 269.785
57.169395 270.1
57.200659 270.707
57.231923 270.113
57.26323 269.094
57.294516 269.064
57.326989 269.146
57.358294 268.296
57.389573 268.778
57.42087 269.422
57.452165 268.611
57.484582 269.011
57.515718 269.302
57.546939 287.527
57.680288 355.166
57.71156 317.293
57.743996 306.241
57.77528 276.312
57.806638 273.457
57.827811 272.648
57.951099 275.946
57.983611 271.547
58.014954 270.868
58.046283 273.033
58.077548 269.148
58.108808 271.323
58.141247 271.459
58.172567 269.259
58.20391 268.022
58.235297 268.803
58.266648 268.164
58.299315 268.643
58.330742 291.042
58.433526 311.632
58.464829 292.319
58.496133 271.43
58.528584 268.858
58.559946 269.144
58.59128 269.108
58.622607 268.711
58.705029 268.846
58.737456 270.543
58.768836 269.969
58.800065 267.962
58.831383 269.175
58.862594 268.701
58.894883 269.106
58.926186 269.311
58.957489 268.357
58.988731 268.612
59.020026 268.169
59.052412 268.937
59.083713 269.456
59.115026 272.221
59.146301 277.615
59.177564 282.32
59.209916 281.685
59.241164 276.177
59.272353 274.551
59.303576 270.455
59.334807 268.297
59.367164 269.253
59.398522 267.854
59.429871 267.391
59.461256 267.855
59.492576 268.915
59.525116 268.249
59.556386 269.36
59.587679 272.437
59.618952 268.792
59.650285 271.173
59.682699 271.238
59.713983 271.159
59.745213 268.905
59.776497 268.999
59.807725 268.739
59.840175 267.892
59.871458 267.984
59.902719 268.295
59.933922 270.015
59.965143 269.992
59.997449 270.764
60.028594 269.37
60.059782 268.496
60.091006 269.25
60.122242 268.027
60.154538 270.194
60.185778 271.194
60.217067 268.421
60.248302 268.054
60.279672 268.488
60.312097 268.155
60.34338 267.505
60.374656 267.473
60.405971 282.743
60.437269 283.456
60.469804 286.019
60.50113 287.663
60.532436 289.93
60.563813 293.151
60.59516 295.51
60.627514 357.751
60.791406 413.478
60.965296 489.554
60.996576 496.857
61.027884 502.907
61.060374 506.555
61.091694 517.203
61.123024 526.574
61.184973 497.43
61.216366 486.06
61.248893 440.805
61.2802 395.784
61.311466 384.868
61.342668 357.605
61.373935 335.542
61.406298 316.638
61.437621 314.009
61.468962 304.039
61.500277 276.631
61.531622 274.786
61.564017 290.895
61.635986 285.675
61.667241 272.404
61.698296 269.572
61.729489 269.304
61.761821 268.464
61.793061 269.119
61.82432 271.877
61.855569 269.185
61.886789 268.115
61.919151 267.904
61.950325 267.496
61.981543 267.46
62.012726 267.582
62.043956 268.277
62.076305 267.555
62.107654 270.372
62.13894 276.255
62.170286 283.477
62.201646 285.561
62.233988 282.045
62.265294 275.262
62.286324 268.346
62.317556 267.93
62.348814 268.75
62.381305 267.238
62.412704 266.501
62.444014 268.393
62.475378 267.706
62.50671 268.061
62.539154 271.069
62.570427 277.243
62.601662 270.489
62.632941 270.115
62.664273 271.381
62.696799 269.739
62.728099 269.844
62.759437 269.322
62.790776 267.654
62.822038 268.424
62.854444 268.608
62.885838 269.095
62.917107 269.874
62.948305 269.659
62.979568 269.237
63.011932 271.209
63.043304 268.268
63.074688 269.482
63.105968 269.083
63.13719 267.886
63.169559 269.726
63.200852 269.058
63.232215 268.961
63.26356 268.97
63.294819 268.526
63.327239 268.11
63.358598 268.687
63.389926 267.624
63.421247 267.691
63.452636 268.179
63.485113 267.808
63.516419 272.303
63.547682 269.937
63.57903 282.608
63.661367 313.27
63.693769 276.97
63.725062 268.81
63.756349 268.039
63.787637 271.081
63.818868 268.638
63.851364 268.311
63.933546 267.885
63.954584 268.351
63.985827 268.392
64.017065 268.241
64.049455 269.443
64.080727 270.029
64.11204 269.423
64.143322 271.021
64.174552 269.291
64.206782 268.445
64.237999 267.758
64.269236 268.588
64.300498 267.566
64.331786 267.743
64.364184 268.104
64.395475 270.129
64.426763 268.277
64.458015 267.825
64.489323 270.223
64.521818 271.082
64.553093 282.161
64.594544 289.355
64.625863 294.185
64.657186 295.669
64.689555 276.511
64.720721 271.028
64.751916 268.765
64.783176 269.022
64.814453 270.581
64.846844 268.76
64.878093 270.004
64.909391 269.673
64.940718 270.589
64.972 269.769
65.004439 269.115
65.035798 268.382
65.067239 268.002
65.098518 268.34
65.129951 273.52
65.162395 281.229
65.193656 283.82
65.224979 285.906
65.256246 274.622
65.287571 271.984
65.320126 271.063
65.351471 270.889
65.38275 270.792
65.414033 272.078
65.445337 268.567
65.477677 268.423
65.508975 269.396
65.540235 268.819
65.571502 271.424
65.602739 273.7
65.635144 275.193
65.66646 279.935
65.6979 280.741
65.729231 281.667
65.760545 285.766
65.792964 307.332
65.824334 316.743
65.855664 323.377
65.886912 330.056
65.918274 345.21
65.950713 352.376
65.981991 340.887
66.013243 337.044
66.044535 323.397
66.075877 278.024
66.10817 269.984
66.139535 268.422
66.160592 268.939
66.192078 269.341
66.223472 272.224
66.255906 271.956
66.287211 268.98
66.318528 271.336
66.349904 271.884
66.381264 271.137
66.413698 272.046
66.445038 270.677
66.476309 268.783
66.507616 269.699
66.538949 270.758
66.571461 270.216
66.602799 269.846
66.634118 269.815
66.66547 269.088
66.696807 268.284
66.729329 271.608
66.76068 269.965
66.791995 267.957
66.823431 268.712
66.854893 269.518
66.887434 267.929
66.918735 269.155
66.949965 268.819
66.981261 268.719
67.012537 268.02
67.044853 269.242
67.076142 268.276
67.107459 269.199
67.138688 267.819
67.16996 268.151
67.202325 269.231
67.233532 268.692
67.264769 268.892
67.296 268.701
67.327297 269.301
67.359744 271.256
67.391225 269.863
67.422616 268.505
67.453949 268.39
67.485193 270.296
67.517554 271.423
67.548831 271.366
67.580122 270.571
67.611428 268.421
67.642727 269.763
67.675146 273.048
67.706459 272.561
67.737748 270.61
67.768998 271.29
67.800242 271.187
67.832635 269.66
67.863915 271.413
67.895208 274.955
67.926419 270.869
67.957726 269.87
67.990112 270.338
68.021391 269.745
68.052713 268.453
68.083965 268.807
68.115263 271.808
68.147732 275.101
68.179105 280.421
68.210365 284.32
68.241671 280.963
68.27294 278.01
68.30535 271.703
68.336753 268.885
68.36812 269.326
68.399465 269.195
68.430804 267.497
68.463331 268.573
68.494663 286.759
68.617918 360.488
68.64925 268.364
68.680545 268.382
68.713049 272.885
68.744379 269.669
68.775687 268.532
68.888677 269.131
68.919974 268.011
68.952452 267.524
68.983694 268.521
69.014954 268.9
69.046223 273.776
69.077586 272.81
69.150859 269.494
69.182186 268.84
69.21352 268.496
69.244788 269.006
69.27611 269.112
69.308614 269.509
69.339999 269.78
69.371315 268.706
69.402636 269.562
69.433987 268.489
69.466544 268.393
69.497889 268.77
69.529185 269.996
69.560562 269.321
69.581687 271.524
69.614165 274.968
69.645477 271.346
69.676778 270.639
69.708048 272.916
69.739344 271.999
69.771789 269.323
69.80306 270.56
69.834421 272.632
69.865794 271.667
69.897111 268.806
69.929477 268.633
69.96074 268.141
69.99202 268.662
70.023371 268.305
70.054728 267.809
70.087201 268.479
70.118493 269.306
70.149823 267.957
70.181124 268.285
70.212398 268.302
70.244718 268.656
70.276003 268.571
70.307368 270.461
70.338645 270.078
70.369945 268.114
70.402358 268.093
70.433703 268.52
70.464956 268.892
70.496295 268.741
70.527647 273.878
70.560167 271.521
70.591542 268.964
70.622851 269.254
70.654188 275.372
72.843459 268.284
72.875897 268.362
72.907316 268.448
72.938606 267.903
72.96994 268.881
73.001249 269.963
73.033702 270.458
73.065006 268.8
73.096338 268.377
73.127605 268.006
73.158891 268.14
73.191294 269.226
73.222634 269.295
73.253985 268.28
73.285357 269.296
73.316806 268.696
73.349328 268.116
73.380635 267.834
73.411906 268.031
73.443239 268.374
73.474566 268.095
73.507009 268.46
73.538341 268.892
73.56963 280.951
73.672454 299.226
73.703714 278.384
73.736227 271.084
73.767549 268.721
73.798773 269.042
73.830096 269.331
73.861471 269.329
73.934607 268.288
73.965963 268.03
73.997293 268.961
74.028489 269.382
74.059807 268.186
74.092326 269.245
74.123705 273.773
74.155127 274.087
74.176317 278.281
74.207742 278.754
74.240255 270.729
74.271599 268.789
74.302915 268.213
74.334189 268.631
74.36548 269.077
74.397942 269.139
74.429342 270.415
74.460733 268.23
74.492096 269.554
74.523578 268.619
74.556006 269.469
74.587485 268.2
74.61885 269.372
74.650165 275.18
74.681499 271.004
74.713995 272.441
74.74532 279.603
74.786913 270.563
74.808021 269.557
74.839394 269.819
74.871948 268.76
74.903291 267.978
74.934577 269.675
74.965935 268.017
74.997326 268.817
75.02981 269.848
75.061258 267.777
75.092592 268.682
75.123883 268.027
75.155174 268.126
75.187719 267.957
75.219051 268.727
75.250323 271.218
75.28162 270.094
75.312917 268.068
75.33511 271.652
75.366367 281.519
75.39775 289.996
75.429093 283.115
75.460373 286.963
75.492768 286.418
75.524064 284.642
75.555371 285.393
75.586662 286.134
75.617971 284.874
75.650376 282.862
75.681695 282.12
75.712964 277.663
75.744232 273.782
75.775523 271.699
75.807943 268.891
75.839245 270.592
75.870509 271.237
75.901778 268.666
75.933046 270.052
75.965364 269.405
75.996667 268.709
76.027916 268.029
76.059264 269.024
76.090541 268.965
76.122869 268.232
76.154119 268.665
76.185362 268.444
76.216627 267.732
76.247885 268.337
76.28028 271.084
76.311584 269.447
76.342868 268.931
76.37413 269.663
76.405489 268.202
76.437878 269.444
76.469116 274.08
76.50034 269.208
76.531643 268.092
76.562906 268.17
76.595297 269.669
76.626634 271.093
76.657931 271.279
76.689254 271.704
76.720506 306.209
76.814208 286.031
76.845541 270.659
76.876852 269.365
76.908212 268.305
76.929314 267.881
76.961794 267.886
77.084962 269.111
77.11628 269.241
77.147526 272.421
77.17877 276.987
77.211206 277.249
77.242586 272.103
77.273832 269.371
77.305222 269.577
77.336717 268.772
77.36927 268.522
77.400664 268.974
77.431986 268.149
77.463245 269.35
77.494626 269.352
77.527198 267.991
77.558447 268.01
77.589737 271.293
77.620994 268.925
77.65235 268.472
77.684712 268.279
77.715986 268.433
77.747274 267.86
77.778459 268.624
77.809761 268.764
77.84217 268.641
77.873423 268.742
77.904764 269.355
77.936031 269.191
77.967329 268.344
77.999802 270.921
78.031073 270.351
78.062365 268.724
78.093646 268.769
78.124916 269.835
78.157232 268.406
78.188515 268.913
78.219778 270.038
78.251078 268.462
78.282397 268.544
78.31484 268.258
78.346159 267.849
78.377478 267.814
78.408776 269.297
78.440081 268.035
78.472456 267.969
78.503758 285.374
78.62681 342.893
78.658097 295.305
78.689363 271.237
78.721737 273.042
78.753072 273.843
78.784352 273.011
78.887163 269.432
78.918464 269.25
78.950839 268.594
78.982198 267.675
79.013487 268.711
79.044825 268.143
79.076225 267.705
79.10881 268.42
79.140163 268.027
79.171355 268.109
79.202596 268.558
79.233878 270.162
79.266321 269.19
79.297583 267.898
79.328817 269.787
79.360095 269.167
79.391371 267.83
79.423752 269.542
79.455024 268.829
79.48624 267.84
79.517477 268.694
79.548823 268.558
79.581264 268.675
79.612547 269.895
79.643836 271.441
79.675102 271.293
79.706371 268.779
79.738846 269.147
79.770168 268.309
79.801481 268.755
79.832814 269.03
79.864134 270.078
79.89669 268.928
79.927969 271.132
79.959292 270.639
79.990504 269.932
80.021765 270.299
80.054238 270.828
80.085566 269.3
80.116944 269.72
80.14833 272.465
80.179636 275.424
80.212029 277.686
80.243339 274.977
80.274565 272.268
80.305726 269.916
80.337044 269.365
80.369474 272.272
80.400769 269.462
80.432037 272.627
80.463256 279.028
80.514903 295.932
80.547298 312.665
80.578533 318.703
80.609743 347.546
80.66137 350.345
80.692684 310.257
80.725036 287.331
80.756257 288.88
80.807934 279.483
80.839201 282.811
80.870512 297.61
80.913045 300.841
80.944318 291.808
80.975515 289.475
81.006713 293.334
81.037959 294.429
81.070296 292.046
81.101631 289.204
81.132876 288.361
81.164088 287.021
81.195382 291.532
81.227794 288.282
81.259056 289.001
81.290265 290.338
81.321453 292.217
81.352708 277.781
81.385092 271.138
81.416331 270.371
81.447587 274.913
81.478792 270.665
81.510003 272.988
81.542339 274.911
81.573569 270.867
81.604839 272.281
81.636003 269.289
81.667277 269.403
81.699731 271.183
81.730947 269.629
81.762182 270.655
81.793431 270.99
81.82464 269.91
81.856969 269.409
81.888133 270.193
81.919335 274.571
81.950569 270.671
81.981751 270.459
82.014079 269.856
82.045328 269.031
82.076619 271.284
82.107805 310.198
82.271491 460.415
82.446737 395.417
82.477952 383.851
82.570338 357.039
82.713754 316.579
82.745041 299.997
82.777537 272.675
82.808833 269.631
82.840136 269.52
82.871504 268.894
82.902763 270.337
82.93526 270.78
82.966634 269.685
82.997929 271.385
83.029204 270.241
83.060567 269.21
83.093061 268.435
83.124331 268.557
83.15561 271.579
83.186897 277.92
83.218257 284.61
83.250568 282.264
83.281787 270.658
83.313 268.097
83.344196 267.855
83.375494 268.187
83.407849 268.91
83.439133 268.26
83.470449 270.631
83.491581 269.488
83.522869 270.666
83.55531 277.013
83.586504 269.227
83.617765 270.745
83.648939 271.27
83.680251 270.029
83.712602 288.395
83.794714 293.395
83.825989 284.877
83.857276 275.677
83.888575 268.982
83.92108 268.67
83.95229 268.588
83.983571 268.175
84.014865 267.95
84.056301 268.994
84.088665 267.939
84.119849 268.959
84.151054 270.018
84.182242 270.619
84.213476 269.08
84.245735 269.983
84.277009 268.06
84.308299 267.845
84.33958 267.83
84.370851 269.09
84.403176 271.601
84.43438 273.711
84.465539 270.015
84.496728 268.931
84.527859 271.919
84.549974 272.23
84.581208 269.131
84.612416 267.917
84.643612 267.711
84.674813 269.507
84.707185 270.064
84.738414 270.436
84.769685 269.997
84.800952 268.366
84.832275 268.102
84.864682 269.497
84.895846 267.708
84.927038 268.145
84.95829 267.724
84.989474 271.172
85.021809 268.05
85.053087 267.773
85.084328 267.823
85.115621 270.01
85.146849 268.485
85.179209 268.573
85.210342 267.988
85.241409 268.248
85.272584 268.405
85.303745 270.148
85.336076 269.168
85.36725 270.872
85.388228 274.438
85.419392 271.947
85.450496 270.894
85.48271 272.984
85.513765 276.814
85.54484 276.397
85.575995 277.603
85.607112 280.625
85.639289 298.263
85.670426 297.152
85.691409 288.914
85.722549 293.833
85.753582 288.354
85.785799 274.229
85.816964 269.106
85.848119 268.379
85.879297 268.16
85.910449 269.062
85.942664 268.554
85.973778 272.183
86.004891 279.275
86.036044 274.958
86.067234 274.98
86.099395 278.051
86.130472 275.66
86.161576 276.614
86.192713 280.614
86.223927 290.881
86.256139 294.793
86.287254 293.514
86.318306 313.027
86.410488 346.109
86.482415 353.164
86.51464 304.748
86.545785 272.813
86.576968 271.471
86.608218 270.689
86.669942 271.12
86.702197 270.426
86.74358 269.143
86.774805 269.139
86.805997 268.901
86.837253 270.145
86.869642 269.917
86.900959 271.369
86.932114 271.847
86.963385 269.203
86.994619 268.302
87.026907 271.989
87.058176 269.123
87.089406 268.344
87.120635 268.616
87.151845 268.96
87.184223 268.347
87.205393 268.067
87.236687 270.0
87.268028 267.98
87.299345 268.239
87.331764 268.923
87.362916 267.969
87.394101 267.537
87.425287 268.816
87.456524 267.997
87.488839 268.776
87.52009 268.852
87.551236 268.948
87.58242 267.948
87.613588 268.576
87.64571 267.984
87.676898 267.63
87.707972 269.802
87.739042 269.285
87.770115 269.061
87.802325 268.544
87.833511 270.365
87.864673 268.532
87.895789 267.767
87.927 267.908
87.959244 268.678
87.990441 268.508
88.02161 269.477
88.052825 269.654
88.084044 267.573
88.11635 267.912
88.147617 267.822
88.178777 267.628
88.209952 267.862
88.241196 268.904
88.273501 268.361
88.304675 267.95
88.335765 269.062
88.366986 269.24
88.398212 268.467
88.430475 269.64
88.46172 269.22
88.492944 268.035
88.524198 268.259
88.555464 268.215
88.587687 268.088
88.618768 267.719
88.650022 268.13
88.68126 298.647
88.90561 407.38
88.937925 355.919
88.969122 349.658
89.000267 343.345
89.174024 295.867
89.205221 284.014
89.237392 279.067
89.26859 284.166
89.309841 273.41
89.341056 271.304
89.372286 273.361
89.404632 269.011
89.435838 271.333
89.467062 270.279
89.498268 268.954
89.529574 267.896
89.561907 268.201
89.593148 269.384
89.624387 268.436
89.655608 268.154
89.686842 269.711
89.719131 269.487
89.750344 269.63
89.781571 270.221
89.812781 269.814
89.843984 268.735
89.876253 268.608
89.907469 269.648
89.93863 268.359
89.969826 268.356
90.000991 269.32
90.0334 285.253
90.084998 298.924
90.116206 296.949
90.147383 272.665
90.178544 270.0
90.210738 269.389
90.241794 272.75
90.272908 273.031
90.303988 272.615
90.335214 271.228
90.367414 273.859
90.398484 271.606
90.429533 269.135
90.460657 268.172
90.491771 268.759
90.524021 270.379
90.55513 279.621
90.586258 278.914
90.617382 283.998
90.6587 287.334
90.690921 284.212
90.722056 286.482
90.75314 291.478
90.784249 281.383
90.815456 276.578
90.847774 275.384
90.878864 275.983
90.910087 275.971
90.9413 276.413
90.972533 274.605
91.004797 276.115
91.036039 276.983
91.067253 274.819
91.098486 275.506
91.129741 278.35
91.162066 276.083
91.193279 285.527
91.224315 286.627
91.255433 281.978
91.286535 273.157
91.318696 271.168
91.349836 269.791
91.381154 268.487
91.412318 272.081
91.443498 277.287
91.475743 285.532
91.506857 284.602
91.537964 273.306
91.569169 274.478
91.600259 279.698
91.63251 287.732
91.663548 288.974
91.694668 275.887
91.725746 275.15
91.756849 280.178
91.789142 282.146
91.82023 272.205
91.851382 274.415
91.882545 276.421
91.91359 276.981
91.945751 278.837
91.97678 269.498
92.007887 269.248
92.039061 270.22
92.070181 277.577
92.102401 287.925
92.133541 288.657
92.164653 293.212
92.19584 284.507
92.227048 274.349
92.259324 277.703
92.290669 278.09
92.321679 275.149
92.352693 273.918
92.383763 275.207
92.415798 270.554
92.446787 270.299
92.477749 273.3
92.508799 274.094
92.539786 277.73
92.571805 277.402
92.602773 287.128
92.674397 317.728
92.705387 286.408
92.736373 275.163
92.768416 277.105
92.799465 279.464
92.830453 293.689
92.871896 294.587
92.903006 291.014
92.945236 283.636
92.976228 277.279
93.007221 272.775
93.038186 270.558
93.059069 271.798
93.091111 273.148
93.122018 272.798
93.153094 271.361
93.184152 270.004
93.215195 267.931
93.247336 267.577
93.278423 269.429
93.309466 268.599
93.340506 268.298
93.371625 269.751
93.393544 267.729
93.424555 267.52
93.455567 268.213
93.486534 268.556
93.51755 267.827
93.549507 268.185
93.58047 269.007
93.611431 267.8
93.642389 267.704
93.673333 269.27
93.70555 269.498
93.73662 271.534
93.767689 283.803
93.870015 311.555
93.901202 277.697
93.933459 268.914
93.964671 268.74
93.995823 268.287
94.027081 268.196
94.058238 267.835
94.13121 268.34
94.16222 269.384
94.19319 274.315
94.224169 269.289
94.255368 270.596
94.287684 274.235
94.318838 285.83
94.390674 322.469
94.421667 338.458
94.452698 301.863
94.48479 277.349
94.515887 268.876
94.546921 267.72
94.577929 267.644
94.649713 268.09
94.681808 272.07
94.712859 271.839
94.743913 270.295
94.774988 269.36
94.806051 268.924
94.83801 267.878
94.869073 268.144
94.900173 269.052
94.931275 268.564
94.962352 267.785
94.994542 269.614
95.025624 269.35
95.056679 268.214
95.087697 267.957
95.118737 270.533
95.150794 269.931
95.181819 272.77
95.212836 278.289
95.243875 279.519
95.274887 272.695
95.306989 269.123
95.338007 268.144
95.369002 268.034
95.400035 269.813
95.431073 270.562
95.463229 267.456
95.494258 268.575
95.525474 268.301
95.556407 268.202
95.587432 268.777
95.619289 267.874
95.650228 267.674
95.681214 270.124
95.71221 268.899
95.743261 267.654
95.775132 267.698
95.806202 271.7
95.837247 272.578
95.868264 281.573
95.899293 281.362
95.931183 282.267
95.962245 282.873
95.993239 272.735
96.024203 270.474
96.055266 268.014
96.08707 268.956
96.118094 268.383
96.149085 267.941
96.180053 268.4
96.211041 268.683
96.242885 273.381
96.273896 274.824
96.305055 272.438
96.336109 275.972
96.367151 280.311
96.399136 279.822
96.430101 281.208
96.461079 283.093
96.49204 288.857
96.523044 287.766
96.554912 293.983
96.585992 290.793
96.617168 290.592
96.648162 291.482
96.679248 298.079
96.711323 291.474
96.74227 280.257
96.773245 272.604
96.804307 269.163
96.835369 267.948
96.867394 268.122
96.898409 267.812
96.929565 268.145
96.960595 268.599
96.991632 269.316
97.023759 269.225
97.05489 269.27
97.085947 268.524
97.116973 269.165
97.147955 268.81
97.180026 267.769
97.211091 267.825
97.242058 271.622
97.273075 269.881
97.304196 267.937
97.336326 268.723
97.367407 269.145
97.398423 268.09
97.429491 269.316
97.460575 270.584
97.49274 268.579
97.523917 268.185
97.554957 268.404
97.586042 269.015
97.617336 268.005
97.649421 267.85
97.680503 268.796
97.711664 268.387
97.74283 269.245
97.773987 271.065
97.806128 268.823
97.837241 268.088
97.868319 270.193
97.899453 268.597
97.930588 267.752
97.962693 269.351
97.993654 269.446
98.024703 268.427
98.05574 280.376
98.086945 287.858
98.129621 300.414
98.171025 324.849
98.202233 333.783
98.233504 289.211
98.264675 275.285
98.296852 275.351
98.327926 271.57
98.359179 270.929
98.390192 270.362
98.441895 269.714
98.473939 269.943
98.504925 268.904
98.535905 267.7
98.567071 268.165
98.598099 268.679
98.630089 269.365
98.661118 269.021
98.692056 270.534
98.723029 269.973
98.754028 287.529
98.877647 362.424
98.908707 323.841
98.939736 275.65
98.970831 270.771
99.001957 271.16
99.034162 270.944
99.146721 270.551
99.177856 269.964
99.208912 269.303
99.240077 269.871
99.272404 273.271
99.303827 272.17
99.33493 269.953
99.365978 269.429
99.397077 269.926
99.429252 270.151
99.460296 269.142
99.49138 269.232
99.522423 269.97
99.553409 268.288
99.585459 269.95
99.616453 268.355
99.64748 268.028
99.678394 268.432
99.70944 268.463
99.741509 268.158
99.772503 268.075
99.80355 269.29
99.834528 270.381
99.865545 269.983
99.897627 270.548
99.928887 271.236
99.959907 268.863
99.990944 268.389
100.022038 270.59
