1.7e-05 0.026367
0.296968 0.042467
0.328052 0.05787
0.3593 0.064048
0.390402 0.060393
0.451956 0.087631
0.606272 0.082758
0.627177 0.080496
0.658203 0.088763
0.689275 0.096073
0.72034 0.104862
0.752169 0.11252
0.783235 0.117567
0.814491 0.123224
0.845602 0.170738
0.876675 0.185706
0.908639 0.196236
0.939743 0.202676
0.970998 0.212422
1.002212 0.223561
1.033323 0.235744
1.065135 0.251147
1.096212 0.268639
1.127398 0.303274
1.158764 0.33408
1.189871 0.366365
1.221735 0.399782
1.252973 0.43581
1.284036 0.462961
1.315081 0.475579
1.346092 0.47671
1.377984 0.482628
1.409003 0.487414
1.43997 0.493854
1.471017 0.494028
1.502166 0.495159
1.534245 0.53519
1.565256 0.636484
1.596341 0.746307
1.627405 0.865441
1.658578 0.979354
1.690403 1.038964
1.721438 1.121462
1.752691 1.210747
1.783792 1.306734
1.815078 1.349375
1.846978 1.402807
1.878245 1.502883
1.909289 1.642554
1.940275 1.852889
1.971276 2.053824
2.003125 2.310976
2.034173 2.567955
2.065213 2.854521
2.096079 3.101404
2.127327 3.235681
2.158965 3.56219
2.18996 3.79924
2.220953 4.099121
2.252008 4.441816
2.283025 4.82141
2.314878 5.143568
2.345963 5.346157
2.376964 6.13293
2.408008 6.641839
2.439056 7.256829
2.470898 8.245408
2.50194 8.413014
2.533169 9.657353
2.564169 10.264163
2.595198 9.098057
2.627085 8.659636
2.658263 7.827612
2.689267 7.084872
2.720344 6.573961
2.75132 6.249976
2.783169 5.794063
2.81423 5.303603
2.845221 5.661092
2.876284 7.141524
2.907375 8.195805
2.93935 9.1199
2.970421 9.579554
3.00144 9.690769
3.032452 10.046083
3.063746 10.191586
3.09558 10.21952
3.126623 10.212732
3.157662 10.218302
3.188875 9.893097
3.219957 9.705041
3.251915 10.027635
3.283882 10.39783
3.315743 10.713374
3.347728 11.033705
3.379535 11.359866
3.411361 11.609622
3.443177 9.805378
3.495494 9.748988
3.527479 9.840013
3.559343 9.687463
3.591107 9.868122
3.623101 9.954448
3.654832 10.080544
3.686681 10.378772
3.718513 10.774638
3.750508 9.572941
3.833186 9.731844
3.864262 9.687463
3.8953 9.861073
3.926347 9.94679
3.957347 9.916419
3.989111 9.949314
4.02013 10.361106
4.051124 10.724078
4.082118 12.387866
4.113134 9.666142
4.185925 9.608359
4.216951 9.325535
4.247961 8.975877
4.279076 8.640056
4.310327 8.309283
4.332163 8.047083
4.363926 8.365325
4.395611 8.966218
4.427543 10.249282
4.459418 12.848913
4.491298 12.951861
4.523173 9.803986
4.565099 9.870907
4.596906 10.182535
4.628816 10.351446
4.660739 10.130931
4.692537 10.337784
4.724387 10.341178
4.756279 10.591977
4.788087 11.071299
4.819089 13.271061
4.85011 9.746986
4.92211 9.841319
4.953179 9.77144
4.984996 9.701734
5.016012 9.734542
5.047034 9.701821
5.078056 9.76178
5.109077 10.215952
5.141115 10.609991
5.172411 12.949424
5.203399 9.708696
5.275164 9.834705
5.306282 9.885787
5.338181 9.840275
5.369199 9.814081
5.400225 9.822609
5.431322 10.229789
5.462397 10.57553
5.494328 10.889334
5.525343 9.732366
5.607202 9.683459
5.638317 9.797111
5.669585 9.758125
5.701458 9.715571
5.732468 9.784928
5.763477 9.853154
5.794435 10.250848
5.825442 10.652458
5.857433 13.468689
5.888523 9.735673
5.960386 9.944963
5.99145 10.387213
6.022575 10.752708
6.054414 11.170853
6.085459 11.68568
6.116466 11.981731
6.147503 12.507088
6.178545 8.478542
6.342998 8.549553
6.374966 8.27282
6.40629 8.137065
6.437331 8.030636
6.468326 7.966413
6.499331 8.005399
6.531131 8.651891
6.563009 9.195001
6.59485 8.223826
6.687767 8.48707
6.718909 8.596458
6.749976 8.678956
6.780956 8.858309
6.81203 8.991889
6.843908 9.089616
6.874947 9.330147
6.905932 9.891444
6.936962 9.234161
7.049446 9.267839
7.081412 9.165674
7.11324 9.440057
7.145145 9.487832
7.176971 9.582252
7.208809 9.602006
7.23058 9.884134
7.262403 10.242668
7.294263 10.605292
7.326117 8.952468
7.408076 9.119378
7.439154 9.253828
7.47027 9.341895
7.501379 9.379228
7.533276 9.500973
7.565038 9.624023
7.597106 9.885091
7.629032 10.620347
7.660867 9.091095
7.753702 9.43118
7.78474 9.708522
7.815794 9.949662
7.846833 10.085679
7.877854 10.155993
7.909832 10.233705
7.941732 10.805096
7.973565 11.084265
8.015805 9.731409
8.098581 9.663096
8.130405 9.865946
8.161421 9.68755
8.192422 9.88396
8.223425 10.100647
8.25447 10.733911
8.28629 11.434706
8.317307 7.865728
8.490808 7.837184
8.521868 7.544701
8.552971 7.517898
8.584845 7.44271
8.616774 7.488397
8.648587 7.798111
8.680444 8.372461
8.712238 8.877716
8.744008 7.816473
8.897533 8.005573
8.928617 7.968066
8.959699 7.882175
8.990742 7.96415
9.022618 8.019236
9.053834 8.266729
9.084902 8.322945
9.115922 8.933584
9.136762 9.264706
9.168568 7.340545
9.260621 7.45002
9.291624 7.644255
9.322641 7.759647
9.35369 7.844755
9.385541 7.901842
9.416565 8.376899
9.447553 9.086918
9.478833 9.182991
9.621787 8.139936
9.653724 6.978095
9.684736 5.542742
9.715724 4.549028
9.746756 4.701753
9.777777 5.11868
9.80963 5.555447
9.840655 5.853239
9.871652 8.193281
9.902795 9.054807
9.933883 9.154361
9.965772 9.245561
9.996829 9.257744
10.027887 9.239208
10.058834 9.236249
10.089868 9.200744
10.12188 9.213711
10.152865 9.236859
10.183887 9.219106
10.214905 9.23477
10.24614 9.226764
10.27797 9.236946
10.308989 9.249129
10.340029 9.274452
10.371115 9.263488
10.402233 9.253915
10.434034 9.26897
10.465047 9.260529
10.496309 9.259049
10.527338 9.268622
10.558556 9.249042
10.590409 9.268796
10.621358 9.268187
10.652353 9.270362
10.683355 9.258788
10.714422 9.245909
10.73614 9.257831
10.767158 9.276541
10.798231 9.273582
10.829223 9.27715
10.860205 9.274452
10.892117 9.251478
10.923121 9.270623
10.953987 9.288463
10.984955 9.279587
11.015849 9.266968
11.047739 9.186211
11.078949 9.200657
11.109985 9.263488
11.141199 9.232333
11.172196 9.337892
11.203999 9.599918
11.234957 9.840449
11.266004 10.099167
11.297138 10.419585
11.328462 10.613298
11.360412 9.686505
11.391431 9.932606
11.412412 10.204291
11.443417 10.285309
11.474385 10.328124
11.506315 10.381556
11.537392 10.449782
11.5684 10.57727
11.599466 9.555884
11.640706 9.723925
11.662508 9.838012
11.693482 9.984732
11.724569 10.205161
11.755526 0.018448
12.071366 0.180659
12.378034 0.901207
12.409281 1.995519
12.440308 3.128556
12.471325 3.949877
12.502452 4.400393
12.534283 4.876408
12.565287 5.184643
12.596282 5.528383
12.627302 7.505192
12.658323 10.852437
12.690136 11.122381
12.721232 9.767959
12.752419 9.968198
12.783411 10.278695
12.814392 10.646367
12.846223 10.958517
12.877412 11.277282
12.908407 11.421653
12.939474 11.411384
12.970535 9.659702
13.022749 9.808859
13.053739 9.835314
13.084738 9.826873
13.115881 9.927123
13.146914 10.049042
13.178812 10.105085
13.209796 10.401136
13.240819 10.737131
13.27181 12.694796
13.302755 9.446148
13.385439 9.520466
13.416648 9.53848
13.447731 9.63786
13.47871 9.653611
13.50975 9.624458
13.541567 9.882394
13.572589 10.515484
13.603552 10.988801
13.634548 11.36735
13.665802 9.777531
13.738385 9.834096
13.769424 10.104737
13.800472 10.393565
13.831449 10.176531
13.862498 10.489029
13.8943 10.523664
13.925304 10.711112
13.956297 11.234989
13.987313 9.714788
14.089558 10.169395
14.121398 9.989345
14.152428 9.778053
14.183426 9.846279
14.214479 9.665968
14.245485 9.679892
14.277293 9.887441
14.309046 10.393478
14.340831 10.679348
14.372778 9.050717
14.445361 9.196393
14.476446 9.460594
14.507508 9.550315
14.528409 9.655438
14.55942 9.672234
14.59134 9.792586
14.623266 10.320205
14.655094 10.835032
14.686879 8.100515
14.840995 8.358712
14.872014 8.186058
14.903044 8.157602
14.934041 8.238881
14.965115 8.094249
14.996995 8.121662
15.028091 8.616821
15.059124 9.134868
15.090074 8.08546
15.192389 8.278912
15.224213 8.35819
15.255254 8.448171
15.286263 8.536412
15.317252 8.736478
15.3485 8.987277
15.38026 9.544397
15.411255 8.768154
15.55414 8.89599
15.585171 8.826807
15.616197 8.499166
15.648154 7.924903
15.67915 8.013492
15.710203 8.780511
15.741201 9.524817
15.772219 9.801375
15.804204 9.126775
15.896167 9.256961
15.927183 9.230158
15.958205 9.195523
15.989241 9.053153
16.021232 8.94307
16.052178 9.170286
16.083156 9.631159
16.114146 10.01989
16.145172 12.464447
16.177104 9.679456
16.248881 9.721488
16.280009 9.775965
16.311323 9.765696
16.342568 9.754209
16.37453 9.764826
16.405555 9.73167
16.436568 9.925992
16.457419 10.378859
16.488446 11.725536
16.520492 13.949316
16.551551 9.578423
16.613119 9.680588
16.644235 9.651609
16.675339 9.702343
16.707197 9.668753
16.73824 9.646736
16.76923 9.653698
16.800279 9.842102
16.821099 10.275998
16.852967 12.107044
16.883974 13.754559
16.914967 9.793804
16.976516 9.809904
17.007575 9.823827
17.029238 9.847584
17.061104 9.818345
17.092956 9.827308
17.124757 9.83836
17.1567 9.939829
17.188611 10.37503
17.220423 12.48394
17.252225 9.787974
17.335205 10.091161
17.367023 10.141199
17.398869 10.714854
17.429924 10.965131
17.460987 11.097145
17.49198 11.045801
17.523035 11.299386
17.554925 11.757125
17.585938 9.735238
17.677897 9.654133
17.708925 9.533867
17.740022 9.15732
17.771825 8.85361
17.802917 8.585058
17.833894 8.511524
17.864914 9.014602
17.895957 9.37157
17.927813 12.136197
17.958816 9.663183
18.030515 9.070732
18.06154 9.186908
18.092498 9.211535
18.124362 9.264793
18.155344 9.723229
18.186347 9.825307
18.217352 10.049129
18.248321 10.501474
18.280128 12.366285
18.311241 8.879456
18.403227 8.957167
18.434291 8.757711
18.465502 8.809403
18.497471 8.742569
18.528482 8.622391
18.559468 8.899471
18.590443 9.386451
18.621517 9.706346
18.65357 12.451567
18.684602 9.540655
18.766481 9.591999
18.797474 9.568067
18.82849 9.447454
18.860558 9.434748
18.891588 9.357037
18.922588 9.433617
18.95361 9.754383
18.984702 10.117964
19.01664 11.249696
19.047692 13.608883
19.078753 9.62324
19.130396 9.69251
19.161563 9.785276
19.193451 9.760562
19.224482 9.595566
19.255462 9.741591
19.286482 9.897187
19.317513 10.312634
19.349422 10.849826
19.380408 9.590954
19.482721 10.012058
19.513748 10.522881
19.54478 10.868014
19.576689 11.021435
19.607709 11.052415
19.638691 11.06338
19.669769 11.591521
19.741389 11.29399
19.773236 10.851131
19.804224 9.786233
19.835286 9.492706
19.866488 9.138349
19.887372 8.898514
19.919261 9.14357
19.95052 9.648215
19.981571 11.505891
20.012564 13.244084
20.04354 11.492837
20.075454 9.730104
20.106642 9.781186
20.137836 9.731322
20.168833 9.73898
20.199822 9.68024
20.221506 9.785885
20.252525 9.77144
20.283513 9.992564
20.314697 10.35484
20.345789 11.773573
20.377604 13.818608
20.40877 9.581904
20.470416 9.655525
20.501392 9.740024
20.532415 9.648476
20.564205 9.594609
20.595215 9.703475
20.626234 9.733846
20.657248 10.009621
20.688304 10.410448
20.720088 13.159846
20.751063 9.68198
20.822727 9.815212
20.853722 9.773876
20.88482 9.799983
20.916757 9.848629
20.94778 9.761084
20.968584 9.750119
20.999574 9.882829
21.030591 10.319248
21.06244 11.839623
21.093473 13.845672
21.124565 9.685026
21.186118 9.757603
21.206972 9.822696
21.238849 9.966806
21.269889 10.067404
21.300881 10.234401
21.33188 11.074084
21.362888 11.462553
21.394746 12.0899
21.425926 7.901668
21.599278 7.970416
21.630345 7.894445
21.661446 7.396501
21.693262 6.972526
21.724129 7.066336
21.755117 7.787407
21.786106 8.342177
21.817094 8.912264
21.848939 8.068404
21.952217 8.151597
21.984046 8.106172
22.015073 8.008706
22.046254 8.025414
22.077221 7.902016
22.108236 7.981642
22.14006 8.573223
22.17107 9.036967
22.202094 12.937589
22.233047 13.827745
22.264119 9.640731
22.306143 9.751163
22.337177 9.809468
22.368302 9.846366
22.399298 9.754035
22.430344 9.626286
22.462092 9.822348
22.493103 10.021021
22.524124 10.411753
22.555097 12.097036
22.58609 13.826266
22.61788 9.571113
22.669352 9.61767
22.70034 9.630463
22.731342 9.597916
22.762584 9.620368
22.79437 9.646562
22.825609 9.602093
22.856605 9.769177
22.887538 10.270515
22.918544 11.945617
22.950395 13.830356
22.9816 9.720705
23.03318 9.795632
23.064254 9.822435
23.095308 9.805117
23.127208 9.92312
23.158371 9.768481
23.189277 9.863597
23.210172 9.977684
23.241202 10.409578
23.273059 12.159432
23.303951 13.995351
23.334982 9.52795
23.396556 9.802942
23.427595 10.159126
23.459444 10.634967
23.490534 11.020913
23.521519 11.410688
23.552547 11.535913
23.583569 12.418324
23.615378 9.390541
23.748193 9.543266
23.779293 9.47269
23.810312 9.46538
23.841316 9.485135
23.873052 8.97083
23.904819 8.964216
23.936638 9.610447
23.968412 10.247802
24.000255 9.16785
24.103444 9.443364
24.134535 9.572418
24.165582 9.635162
24.196574 9.67963
24.227601 9.819389
24.25944 10.029375
24.290461 10.723382
24.321524 9.741765
24.444043 9.614189
24.475088 9.394544
24.507371 8.83638
24.538447 8.528754
24.569489 8.134454
24.600567 8.664858
24.631656 9.143048
24.663803 9.578249
24.694885 11.762173
24.725921 9.629853
24.787449 9.548574
24.818545 9.526557
24.85064 9.630724
24.881789 9.722446
24.912912 9.775094
24.944032 9.761171
24.97506 10.099515
25.007042 10.531322
25.037973 13.201704
25.068917 9.779968
25.150409 9.868644
25.181377 9.872908
25.213311 9.866033
25.244312 9.866468
25.275289 9.762215
25.3063 9.875693
25.337285 10.08359
25.369275 10.39313
25.400264 12.966481
25.431381 9.725492
25.503093 9.706608
25.534118 9.883786
25.566216 9.833139
25.597218 9.876302
25.62826 9.955406
25.659292 9.909023
25.690349 10.013537
25.722281 10.495817
25.753284 13.044453
25.784475 9.617931
25.866336 9.678151
25.89736 9.672147
25.92936 9.750206
25.961354 9.731583
25.993119 9.75212
26.024877 9.941743
26.056669 10.637142
26.088382 10.916833
26.120252 11.321837
26.151927 9.770917
26.224551 10.085157
26.256351 10.443516
26.287493 10.696753
26.318513 10.648716
26.349526 10.774464
26.380562 11.045279
26.412339 11.688812
26.443364 10.859137
26.494992 9.558321
26.577148 9.672582
26.608189 9.347116
26.640158 8.948552
26.671172 8.619606
26.702175 8.252805
26.723005 8.774245
26.754008 9.275062
26.785812 9.72349
26.816811 10.348662
26.847842 9.682676
26.919556 9.797372
26.95057 9.865076
26.982455 9.846105
27.013669 9.746377
27.044642 9.760214
27.075646 9.797459
27.106643 10.096209
27.128484 10.554558
27.159487 12.416497
27.190507 9.635684
27.282671 9.664663
27.313915 9.707565
27.346001 9.773093
27.376936 9.790672
27.4079 9.612971
27.438937 9.49375
27.469957 10.190715
27.501784 10.607293
27.532785 12.292751
27.564079 9.738719
27.635782 9.749684
27.666936 9.866555
27.699043 10.049477
27.730065 9.781708
27.761059 9.772397
27.792068 9.661095
27.823103 10.058615
27.855077 10.699102
27.886079 12.698538
27.917054 9.703823
27.988678 9.642559
28.019706 9.817997
28.051589 9.937914
28.083459 9.939045
28.11528 9.788931
28.147062 9.810774
28.178877 10.474148
28.210719 11.323056
28.242532 9.604269
28.355913 9.720966
28.386885 10.199853
28.41793 10.79474
28.448893 10.838339
28.479933 10.823545
28.511716 11.196089
28.542768 11.816127
28.573739 7.417212
28.767714 7.432354
28.798951 7.355948
28.830764 7.310348
28.862662 7.089484
28.894463 7.068512
28.92628 7.450281
28.958044 7.956318
28.98988 8.441905
29.021613 7.518768
29.113732 7.745984
29.144742 7.949618
29.175767 8.07406
29.206816 8.149509
29.238708 8.312503
29.269771 8.594456
29.300787 9.227982
29.331809 9.483481
29.373052 9.710872
29.456039 9.856635
29.487056 9.899537
29.518102 9.52969
29.549159 9.011034
29.580167 8.693314
29.612009 9.28037
29.643837 9.832181
29.674707 10.215169
29.705861 9.72671
29.787744 9.717311
29.819022 9.759691
29.850944 9.892662
29.882031 9.764565
29.913031 9.781621
29.944044 9.845409
29.975117 10.116224
30.007005 10.495382
30.038042 11.753557
30.068991 9.586516
30.160838 9.606705
30.192066 9.592086
30.224205 9.59957
30.255309 9.597568
30.286338 9.556058
30.317329 9.759517
30.348349 10.239013
30.380143 10.60738
30.411157 11.423045
30.442317 9.750467
30.503848 9.788322
30.534844 9.942091
30.566682 9.84071
30.597686 9.821913
30.628695 9.837403
30.659703 9.857331
30.690701 10.058702
30.722757 10.466403
30.753784 11.980687
30.784786 9.72758
30.86674 9.83018
30.898035 9.746986
30.929954 9.872908
30.961764 9.936435
30.992734 9.846279
31.023756 9.908849
31.054767 10.330648
31.085808 10.723991
31.117592 13.118771
31.148595 9.706869
31.220505 9.869862
31.251559 10.198982
31.28263 10.779163
31.314465 11.149619
31.34545 11.527994
31.376439 12.046824
31.407425 12.590194
31.43861 7.673581
31.633483 7.606226
31.664518 7.743374
31.695594 7.610751
31.726681 7.491617
31.747522 7.361518
31.779324 7.417299
31.810315 7.909674
31.841302 8.440165
31.872327 8.79896
31.903549 7.090268
31.9863 7.16502
32.017496 6.958167
32.0486 6.760973
32.079608 6.546462
32.110712 6.35858
32.142753 6.41062
32.173762 6.999938
32.204754 7.492313
32.235904 9.990389
32.266959 9.420477
32.349727 9.467556
32.380713 9.634988
32.411965 9.560409
32.443058 8.925143
32.474084 9.392542
32.505907 9.569982
32.53688 10.019541
32.567914 10.482677
32.598858 12.855005
32.629959 8.179967
32.753365 8.017843
32.784538 7.743548
32.815562 7.893575
32.846606 8.004268
32.877758 8.187277
32.909648 8.773462
32.940513 9.165239
32.971478 9.714266
33.002472 10.200288
33.033453 7.909065
33.167083 7.716571
33.198321 7.595957
33.2295 7.413731
33.260419 7.246125
33.291424 7.156492
33.323357 7.724316
33.354434 8.409794
33.385375 10.290095
33.426754 10.129364
33.457775 10.045822
33.489797 7.885569
33.521125 8.13019
33.55225 8.14072
33.583258 8.087984
33.614307 7.984775
33.646224 8.316332
33.677205 9.485309
33.70822 12.04752
33.739087 12.358801
33.770232 9.628461
33.832705 9.947661
33.863746 10.1821
33.89476 10.524883
33.925749 10.822588
33.956825 11.344985
33.988636 11.271277
34.019598 12.056571
34.050561 9.252349
34.193161 8.8349
34.224185 7.811338
34.256099 7.568893
34.28796 7.296425
34.319007 6.94668
34.349883 6.793868
34.380901 7.558885
34.411876 8.336956
34.443678 8.980751
34.474655 8.150118
34.597073 8.167088
34.628142 8.065706
34.659147 7.881218
34.691082 7.810555
34.722137 7.787929
34.753151 8.291182
34.784132 8.855177
34.815144 9.274452
34.846956 9.546573
34.878 9.506107
34.949684 9.34146
34.980762 8.859702
35.011991 8.331735
35.043812 7.79872
35.074878 7.246474
35.105927 6.957993
35.137168 7.244298
35.168269 7.464727
35.200041 9.300385
35.231088 10.233095
35.262081 10.238143
35.293074 10.208642
35.324099 9.686592
35.355885 9.473561
35.376724 9.437794
35.407709 9.477825
35.438745 9.505846
35.469762 9.470776
35.501593 9.432834
35.532762 9.429875
35.563862 9.450935
35.594907 9.464684
35.625973 9.465467
35.657892 9.494794
35.688956 9.47826
35.720001 9.493054
35.750957 9.625763
35.782025 0.013923
36.139626 0.09468
36.548266 0.379158
36.58013 1.137213
36.611261 2.015795
36.642282 2.854608
36.67329 3.734843
36.704339 4.169522
36.736146 4.589929
36.7674 4.96404
36.798442 5.257655
36.829398 6.674821
36.962016 6.633311
36.993895 6.326208
37.024906 6.102994
37.055927 5.821301
37.086917 6.019191
37.117968 6.385035
37.149852 6.687787
37.180844 6.958776
37.211848 8.86179
37.242852 10.195153
37.273875 10.181317
37.305643 9.477912
37.336663 9.488528
37.367704 9.503844
37.398717 9.511851
37.42974 9.217191
37.461751 9.476432
37.49353 9.519422
37.524428 9.513417
37.555515 9.503757
37.576391 9.430136
39.707695 9.644734
39.759887 9.726275
39.791854 9.695904
39.823859 9.608707
39.855836 9.763172
39.887668 9.76587
39.919473 9.708957
39.941132 9.880305
39.972883 10.28705
40.00489 11.638426
40.036733 13.637166
40.068758 9.732975
40.120886 9.72758
40.152771 9.786581
40.184666 9.825046
40.216398 9.772919
40.248227 9.801114
40.280017 9.822609
40.311882 10.041471
40.343816 10.472321
40.375678 12.75928
40.407451 9.740982
40.479207 9.858984
40.510444 9.853937
40.541514 9.903801
40.572573 9.866729
40.604438 9.826003
40.636274 9.923642
40.668077 10.497384
40.699897 11.195393
40.731707 11.36065
40.763457 9.789105
40.835962 9.986995
40.867777 10.448477
40.898783 10.817105
40.929794 10.832247
40.960819 10.79213
40.991845 11.070777
41.023758 11.623632
41.054774 11.907675
41.085769 7.439142
41.25913 7.390757
41.290143 7.424
41.322041 7.350292
41.35386 7.250128
41.385637 7.136129
41.416638 7.25944
41.44763 7.714482
41.478629 8.182665
41.509723 8.384993
41.541634 7.450803
41.603269 7.514852
41.63427 7.574898
41.665273 7.381707
41.696313 7.245342
41.728168 7.107933
41.760033 7.050759
41.791834 7.263008
41.823718 7.769654
41.855499 9.724447
41.927107 9.808598
41.958335 9.732975
41.989334 9.731844
42.020272 9.859158
42.052155 9.873343
42.083208 9.79102
42.114173 9.986473
42.145189 10.353796
42.176265 11.810644
42.208137 13.631509
42.239178 9.684765
42.300721 9.771004
42.331797 9.660573
42.363001 9.750728
42.394982 9.799722
42.426006 9.443364
42.457117 9.607228
42.488097 10.024415
42.519218 10.444735
42.551103 12.96535
42.582269 9.630898
42.65398 9.715136
42.68487 9.817388
42.715907 9.865511
42.748289 9.768133
42.779299 9.730104
42.810316 9.657005
42.841337 9.911024
42.872348 10.274779
42.904671 12.358888
42.935661 13.612625
42.966703 9.733585
43.018145 9.802246
43.049208 9.837316
43.08157 9.865337
43.112596 9.861073
43.143595 9.846366
43.174601 9.79363
43.205621 10.06488
43.237894 10.805009
43.270106 9.771527
43.363287 9.922163
43.394285 10.285135
43.425312 10.611557
43.456279 10.947639
43.487327 11.206793
43.519699 11.102888
43.550648 11.797069
43.581628 12.101213
43.612645 10.815452
43.643712 9.739937
43.696347 9.830615
43.727398 9.429788
43.758448 9.043755
43.789465 8.649977
43.820478 8.184318
43.852732 8.251152
43.883727 8.827416
43.914752 9.200918
43.945741 11.230202
43.976734 13.530998
44.008673 9.638904
44.070237 9.705215
44.101199 9.546573
44.132214 9.657527
44.163276 9.768481
44.195171 9.748727
44.226134 9.728885
44.257097 10.030506
44.28812 10.364413
44.319231 12.457833
44.351119 9.631768
44.422748 9.591041
44.453794 9.674409
44.484826 9.72584
44.515873 9.712699
44.548069 9.733585
44.579099 9.746116
44.610099 9.895708
44.641072 10.289921
44.672101 12.288138
44.703933 9.583383
44.765468 9.717572
44.796483 9.675192
44.82752 9.677281
44.85856 9.718965
44.890378 9.770221
44.921391 9.725927
44.95237 9.889442
44.983375 10.248324
45.01439 12.181274
45.046355 9.640731
45.128176 9.612884
45.159344 9.704693
45.190348 9.68433
45.221337 9.64691
45.253288 9.687376
45.285225 9.830876
45.316126 10.391477
45.347107 11.010992
45.378074 11.464903
45.409063 9.587299
45.481635 10.007184
45.512613 10.397568
45.543797 10.657767
45.574948 10.780121
45.605923 10.732867
45.637768 10.945116
45.668791 11.618933
45.699776 11.850936
45.730802 9.650913
45.823018 9.511415
45.855022 9.25261
45.886059 8.775551
45.906882 8.445212
45.937901 8.036292
45.969141 8.167958
46.001226 8.64084
46.032301 9.198569
46.063373 11.704477
46.094351 13.565372
46.125435 9.813385
46.177678 9.882133
46.20872 9.901539
46.239759 9.856287
46.270818 9.829484
46.301787 9.852458
46.333593 9.836533
46.364625 9.979076
46.395646 10.424023
46.426699 11.955711
46.457753 9.416126
46.530343 9.474605
46.561439 9.52238
46.592427 9.569112
46.623454 9.574246
46.654611 9.562585
46.686417 9.585646
46.717404 9.88074
46.748387 10.228396
46.779421 12.600985
46.810694 13.600703
46.842507 9.570417
46.893907 9.650652
46.925143 9.628113
46.956138 9.668666
46.98717 9.609055
47.018955 9.665272
47.039806 9.653611
47.070759 9.786059
47.10177 10.185233
47.132754 11.916029
47.16466 13.464077
47.195895 9.774485
47.257391 9.845757
47.28835 9.755949
47.319321 9.823566
47.351216 9.822609
47.382334 9.821478
47.413335 9.935216
47.444341 9.914505
47.475363 10.404095
47.507222 10.503475
47.539153 9.495577
47.610839 9.785015
47.641919 9.835488
47.672887 10.520097
47.703998 11.184167
47.735766 11.276934
47.766977 11.271451
47.797902 11.14814
47.828907 12.688269
47.870062 12.528843
47.901822 9.177857
47.932849 8.765978
47.963895 8.502125
47.994945 7.96241
48.026015 7.719442
48.057837 7.877215
48.088911 8.349313
48.119942 9.87665
48.150924 11.014995
48.181904 12.889118
48.213664 11.689335
48.254851 9.736979
48.28587 9.733324
48.316887 9.640209
48.348077 9.781012
48.380018 9.842624
48.411004 9.761171
48.442009 9.766914
48.473011 10.078978
48.504024 10.473452
48.535693 12.419195
48.566709 11.793153
48.607876 9.609577
48.63896 9.706521
48.669975 9.705128
48.70191 9.704606
48.732933 9.568589
48.763882 9.675018
48.794875 9.643168
48.825894 9.795023
48.857769 10.364239
48.888761 12.790434
48.919815 13.517335
48.951058 9.693641
49.002574 9.742809
49.034643 9.774833
49.065841 9.84741
49.097206 9.903279
49.128221 9.747682
49.149067 9.82609
49.180821 9.978206
49.212765 10.25781
49.244859 11.720402
49.27662 9.701125
49.349303 9.895186
49.381113 10.231529
49.412177 10.604596
49.4432 11.206532
49.474259 11.542353
49.505259 11.947096
49.537143 12.361238
49.56844 12.754842
49.599428 7.880086
49.752384 7.608749
49.7835 7.612926
49.815397 7.607531
49.847289 7.558015
49.879014 7.471079
49.910884 7.561583
49.942838 8.298318
49.974638 8.854829
50.006457 7.766348
50.099304 7.910718
50.130391 8.049259
50.161398 8.092074
50.192427 8.092335
50.223429 8.201636
50.255248 8.281958
50.286245 8.860833
50.317232 9.428918
50.348202 8.976312
50.470749 9.025567
50.502581 8.943505
50.534449 9.140176
50.566238 8.902169
50.597996 8.82907
50.62975 9.062813
50.661531 9.631159
50.693569 10.158691
50.725409 7.875213
50.879273 8.058396
50.91037 8.184579
50.941386 8.28979
50.972368 8.308413
51.003354 8.453567
51.035159 8.506389
51.066346 8.75745
51.097302 9.245822
51.128313 7.877824
51.230652 7.951445
51.262524 7.980859
51.293514 7.9779
51.324506 8.103039
51.355752 8.248019
51.386755 8.434944
51.418561 9.088485
51.449569 9.552316
51.480607 6.487635
51.705246 6.527839
51.736432 6.459352
51.768397 6.537934
51.800354 6.411751
51.832156 6.186275
51.863914 6.621215
51.895652 7.240643
51.92746 7.762867
51.958541 6.506867
52.111941 6.698926
52.142989 6.852869
52.173996 6.813796
52.205804 6.848866
52.237658 6.921966
52.269388 7.003767
52.301169 7.623282
52.332909 8.111393
52.364751 7.692291
52.467822 7.788451
52.498927 7.869905
52.529983 7.900276
52.561011 7.991302
52.591956 8.107912
52.623821 8.273864
52.654944 8.913308
52.68599 9.425698
52.716955 9.787452
52.798827 9.708696
52.830689 9.866642
52.861968 10.024241
52.892953 10.015712
52.923998 9.994131
52.955024 9.992303
52.986857 10.786995
53.017822 11.164413
53.048892 7.164672
53.242749 7.217408
53.273841 7.372047
53.305722 7.200961
53.336757 6.818147
53.367749 6.657329
53.398741 0.016534
53.643595 0.099118
53.960546 1.15923
53.99159 2.652541
54.022641 3.580639
54.053653 4.455044
54.084696 5.077605
54.116568 5.459896
54.147536 5.823129
54.178442 6.164954
54.209369 10.155993
54.240365 11.325405
54.272294 11.095578
54.303285 9.073691
54.334379 8.709588
54.365345 8.461312
54.39643 8.165434
54.428329 7.943091
54.459479 7.707607
54.49055 8.152381
54.521595 8.639012
54.552602 9.125034
54.584418 10.657593
54.616287 10.858528
54.637178 9.48557
54.668359 9.670928
54.699327 9.990476
54.730423 10.151294
54.762266 10.145463
54.793527 10.180708
54.824634 10.091596
54.855672 10.136674
54.886703 10.188888
54.918495 9.486179
54.95971 9.529342
54.990907 9.553273
55.022182 9.566936
55.053213 9.57355
55.084918 9.585733
55.116009 9.557538
55.14713 9.605226
55.178312 9.800244
55.209371 10.599548
55.241169 9.592608
55.27219 9.674844
55.303211 9.677803
55.334258 9.69834
55.36531 9.692075
55.39716 9.686853
55.428232 9.724534
55.459208 9.686418
55.490272 9.831224
55.521334 10.101691
55.553129 9.495403
55.584147 9.579119
55.615287 9.552751
55.646329 9.562672
55.677342 9.55075
55.709143 9.570417
55.740128 9.606096
55.771197 9.554666
55.802484 9.691988
55.833558 10.605031
55.855403 9.52882
55.906871 9.703127
55.937866 10.146421
55.968851 10.533933
55.999861 10.892206
56.031652 11.255091
56.06266 11.543136
56.093708 11.726493
56.124693 9.683459
56.196512 9.740808
56.228447 9.763782
56.259454 9.771527
56.290567 9.738806
56.321668 9.778314
56.352716 9.8629
56.384583 10.291836
56.415623 10.811536
56.446679 11.917247
56.477935 9.647519
56.559982 9.482437
56.591825 9.081175
56.623844 8.751881
56.655963 8.410403
56.687802 8.040643
56.719612 7.961192
56.75134 8.633878
56.783163 9.336326
56.814971 12.973704
56.846825 9.684156
56.929448 9.885091
56.960393 10.309414
56.991541 10.367285
57.022631 10.387126
57.053722 10.206466
57.085552 10.37764
57.116565 10.69449
57.147541 11.08383
57.178587 11.675411
57.209618 9.712003
57.282186 9.780142
57.313211 9.852197
57.344188 9.716006
57.375184 9.746029
57.406221 9.834879
57.437998 9.441275
57.469142 10.243799
57.500135 10.752534
57.531138 12.326428
57.562173 9.604965
57.634698 9.681458
57.665753 9.677368
57.696782 9.912242
57.727821 9.809381
57.758827 9.658049
57.790775 9.661617
57.821829 9.983601
57.852863 10.15286
57.883986 11.574639
57.91493 9.774572
57.987459 9.847671
58.018642 9.824001
58.04962 9.86612
58.080608 9.933737
58.111638 10.047824
58.143471 9.816778
58.174481 10.344659
58.205522 11.126123
58.236553 11.5588
58.267858 9.812514
58.340397 10.018323
58.37133 10.44195
58.40231 10.853568
58.433457 11.146486
58.464786 11.098363
58.496628 11.064337
58.528078 11.492489
58.559067 12.041342
58.590017 8.431811
58.712726 8.429374
58.744557 8.537021
58.775773 8.526231
58.806731 8.518921
58.837783 8.73552
58.868819 8.427808
58.900589 8.87058
58.93157 9.440405
58.962588 8.21086
59.064838 8.176834
59.095864 7.929167
59.127641 7.723619
59.158625 7.439055
59.189626 7.23838
59.220627 7.324533
59.251646 7.968415
59.283446 8.479151
59.314428 10.104476
59.345439 9.741852
59.417162 9.834357
59.448225 9.794239
59.480176 9.777183
59.511227 9.837838
59.542232 9.916681
59.563107 9.916419
59.5941 10.269297
59.625933 10.72782
59.656911 11.448107
59.68785 9.460768
59.769744 9.503235
59.800807 9.472603
59.832678 9.511938
59.86458 9.491226
59.895576 9.414037
59.926643 9.562498
59.957696 10.007358
59.988775 10.483199
60.020561 11.312091
60.051598 9.683895
60.123398 9.837838
60.154489 9.934955
60.18557 9.76909
60.217442 9.764739
60.248425 9.793456
60.279492 9.768307
60.310756 10.260072
60.341801 10.664554
60.373712 11.819869
60.405474 9.601745
60.478067 9.592434
60.509999 9.57207
60.540987 9.699211
60.571966 9.912939
60.603005 10.205857
60.634044 10.64976
60.665853 11.354297
60.697193 12.048565
60.718031 7.458287
60.922104 7.454284
60.953155 7.482914
60.985012 7.417125
61.016814 7.256481
61.048569 7.115243
61.080468 7.263791
61.11145 7.770003
61.142471 8.077628
61.173456 8.24184
61.204535 7.188429
61.266954 7.457852
61.29795 7.62363
61.328999 7.777661
61.360009 7.840056
61.391021 7.806552
61.422871 7.846496
61.453874 8.227133
61.484898 8.568698
61.516189 8.64084
61.54727 9.494359
61.599474 9.471472
61.631354 9.213275
61.662352 9.152359
61.693318 9.154883
61.724343 9.110763
61.755376 9.299341
61.787355 9.96872
61.818232 10.475628
61.849179 11.037795
61.880154 9.76352
61.951863 9.877607
61.983853 9.815821
62.014889 9.85385
62.045874 9.805291
62.076876 9.912155
62.107911 9.927471
62.129554 10.270863
62.160542 10.723121
62.191524 11.951099
62.222714 9.662748
62.304464 9.858984
62.336285 9.821913
62.367393 9.811905
62.398413 9.834444
62.429391 9.613754
62.4604 9.791281
62.492193 10.315158
62.523199 10.844169
62.554234 12.646498
62.585231 9.654046
62.667313 9.688594
62.699134 9.791629
62.730146 9.663096
62.761188 9.648824
62.792119 9.694947
62.823158 9.916158
62.854933 10.369634
62.885928 10.734608
62.916932 12.570005
62.947938 9.526383
63.029918 9.637686
63.061737 9.797633
63.092774 10.097688
63.113561 10.339437
63.144543 10.483982
63.175549 10.666556
63.207354 10.906391
63.23835 11.484396
63.26934 9.147312
63.371532 9.177161
63.402723 8.957951
63.434926 8.686875
63.46597 8.494206
63.496942 8.099906
63.527886 8.169176
63.559018 8.841775
63.590847 9.424828
63.622693 11.599701
63.653926 9.700255
63.725615 9.759778
63.756836 9.69338
63.78787 9.81147
63.81973 9.808598
63.840554 9.753513
63.87157 9.77405
63.902583 10.126405
63.933636 10.617823
63.965469 11.344898
63.996574 9.746638
64.078549 9.901887
64.109563 9.963151
64.130427 9.878739
64.162339 9.796589
64.193375 9.852284
64.224393 9.939916
64.255389 10.259724
64.286444 10.645061
64.318295 11.870516
64.349367 9.454938
64.441222 9.460159
64.472265 9.426307
64.503301 9.408903
64.535109 9.457026
64.566124 9.442667
64.597197 9.63638
64.628198 10.138589
64.659222 10.58371
64.691042 11.383537
64.722141 9.628026
64.79404 9.725492
64.825257 9.62324
64.856368 9.659789
64.878101 9.657527
64.909904 9.608272
64.941745 9.648389
64.973482 10.122402
65.005288 10.692924
65.037132 11.2899
65.068954 9.913983
65.1415 10.065315
65.172628 10.500864
65.203886 10.670994
65.234867 10.757756
65.265855 11.134825
65.29767 11.040145
65.328695 11.039535
65.359727 11.529648
65.390688 9.043581
65.503069 8.70541
65.534899 8.28979
65.565905 8.093031
65.596892 7.880173
65.627889 7.752163
65.658936 8.325208
65.690724 8.877542
65.721821 9.288376
65.752806 9.548661
65.783802 9.698253
65.845343 9.798417
65.877135 9.908761
65.908083 9.696426
65.939081 9.795458
65.970121 9.886919
66.001144 10.032421
66.033014 10.288442
66.064036 10.654547
66.095275 9.685374
66.177189 9.836794
66.208242 9.777096
66.24036 9.666055
66.271385 9.722011
66.302474 9.731844
66.33356 9.67145
66.35442 10.161737
66.38628 10.59746
66.417297 11.222022
66.448286 9.738545
66.530146 9.797372
66.561188 9.834531
66.593022 9.842798
66.623941 9.705824
66.644757 9.563368
66.67595 9.853763
66.707005 10.223523
66.738915 10.68048
66.769945 11.918988
66.800892 9.772484
66.882615 9.901539
66.913843 10.098123
66.945862 9.891966
66.976866 9.855678
67.007857 9.847497
67.038983 9.882394
67.069992 10.361106
67.101778 10.77664
67.132768 12.54181
67.163756 9.645779
67.235503 9.734194
67.266518 9.966893
67.298343 10.273039
67.330104 10.461269
67.361883 10.581709
67.393657 10.695012
67.425496 10.950511
67.4573 11.061813
67.489111 11.275541
67.520118 9.55162
67.581757 9.788496
67.613025 10.005879
67.644253 10.151207
67.676096 10.266251
67.70712 10.409926
67.73814 10.504345
67.769242 10.629745
67.800339 10.704498
67.832286 13.555538
67.863165 13.2366
67.894139 9.309087
67.925265 9.280196
67.956344 8.885461
67.988245 8.428852
68.019289 8.239578
68.050579 8.566435
68.081557 9.606705
68.112612 11.618237
68.144386 11.799592
68.175537 9.712873
68.257319 9.871777
68.288468 9.917377
68.31972 9.882829
68.351576 9.849499
68.382681 9.623414
68.41356 9.706695
68.444551 10.057135
68.475924 10.66847
68.507808 11.738938
68.538867 9.62176
68.610677 9.647606
68.641702 9.778923
68.67285 9.844278
68.704695 9.849847
68.735709 9.823914
68.756674 9.698079
68.787668 10.023719
68.818697 10.558996
68.850535 11.910459
68.881527 9.415951
68.963519 9.442232
68.994624 9.42857
69.025685 9.481567
69.057441 9.480522
69.088465 9.415516
69.119448 9.462857
69.150453 9.934346
69.18146 10.354057
69.213256 11.436446
69.24432 9.684678
69.316202 9.7764
69.347239 10.204726
69.37828 10.620956
69.410119 11.047281
69.441093 11.48692
69.472114 12.14429
69.503109 12.286137
69.534104 12.768939
69.565965 7.967892
69.719424 8.063704
69.750516 7.976334
69.781549 7.798111
69.812583 7.661485
69.844361 7.592911
69.876176 7.700384
69.90717 8.281261
69.938128 8.747617
69.96915 9.064031
70.000215 7.468382
70.07288 7.684285
70.10387 7.941263
70.134842 8.045604
70.165764 8.021585
70.196817 8.113917
70.22869 8.209033
70.260467 8.361061
70.281294 9.043581
70.312292 9.410643
70.34328 9.401941
70.425292 9.546225
70.457123 9.749945
70.488313 9.811557
70.519319 10.003094
70.550396 9.769612
70.581416 9.509588
70.613177 9.75447
70.644192 10.241972
70.675223 9.120335
70.777446 9.211883
70.808463 9.111198
70.840311 9.063248
70.871326 8.99276
70.902343 8.924708
70.933342 9.090051
70.964343 9.604182
70.996189 10.020586
71.027174 12.826635
71.058205 9.468687
71.140061 9.447193
71.171113 9.534476
71.203194 9.562324
71.234252 9.609229
71.265242 9.468165
71.296364 9.560757
71.327707 10.051131
71.359512 10.427069
71.39055 11.607359
71.421607 9.634379
71.493422 9.66649
71.524441 9.7536
71.556239 9.761606
71.588027 9.756559
71.619036 9.772832
71.650048 9.726971
71.681051 10.184102
71.712078 10.574834
71.743962 12.662336
71.774846 9.656047
71.846623 9.708783
71.877787 9.76265
71.90878 9.702517
71.940665 9.764304
71.971638 9.726623
72.002646 9.744811
72.033661 10.071581
72.064753 10.510872
72.096583 12.025939
72.127592 9.789888
72.209553 9.955319
72.240598 10.303845
72.261462 10.264337
72.293338 10.846693
72.324361 11.132389
72.355364 11.704303
72.386605 12.410928
72.41767 12.903738
72.449518 8.413188
72.592553 8.575398
72.623562 8.643015
72.654604 8.572701
72.685642 8.05213
72.717463 7.8525
72.749293 8.104692
72.781293 8.67269
72.813076 9.20962
72.844877 8.012013
72.957207 8.230179
72.988146 8.313895
73.019172 8.401701
73.040018 8.454785
73.072008 8.588626
73.103019 8.688354
73.134252 9.18917
73.16521 9.769699
73.196207 9.403681
73.289147 9.567806
73.320162 9.854981
73.351165 9.989954
73.382175 10.086462
73.413173 10.198199
73.445234 10.400266
73.476181 11.105064
73.50723 11.452459
73.538252 10.951381
73.569254 9.785276
73.631668 9.868296
73.662673 10.145463
73.693665 9.868122
73.724636 9.774137
73.75577 9.947226
73.787672 10.658724
73.819588 11.459159
73.850601 8.063356
74.023744 8.14655
74.054959 8.142982
74.085937 8.056656
74.117911 7.972244
74.148969 7.918202
74.180011 7.966848
74.211064 8.511872
74.242135 8.929233
74.274524 9.242689
74.296176 7.788451
74.379301 7.992433
74.410349 8.213558
74.44135 8.293445
74.462231 8.41867
74.49327 8.519704
74.525357 8.651891
74.556405 9.073865
74.587399 9.626982
74.61842 8.740394
74.741039 8.659288
74.772892 8.570786
74.804653 8.685047
74.835785 8.496295
74.866768 8.543287
74.897975 8.461486
74.929049 8.504475
74.960806 8.980925
74.991818 9.451979
75.022788 8.060485
75.114914 8.350967
75.145932 8.657548
75.177703 8.866751
75.209434 8.953425
75.241227 9.074996
75.272969 9.345463
75.304751 9.935303
75.336531 9.14444
75.46014 9.331017
75.491089 9.300037
75.522035 9.107456
75.553156 8.924882
75.584238 8.805052
75.616181 8.982056
75.647196 9.621847
75.668073 10.057483
75.699266 9.198569
75.801493 9.400461
75.83351 9.220324
75.864513 9.008685
75.895528 8.707586
75.926545 8.482893
75.95756 8.452957
75.989562 8.947421
76.020522 9.457374
76.051498 9.78136
76.082543 9.558408
76.154235 9.679805
76.186097 9.535869
76.21709 9.580338
76.248071 9.581382
76.279088 9.632377
76.299918 9.598438
76.331874 9.921902
76.362919 10.28879
76.393893 11.588214
76.424871 9.641602
76.506734 9.466599
76.538806 8.942461
76.570692 8.360452
78.904064 14.378513
78.93594 9.64691
78.997512 9.683547
79.028511 9.664227
79.059506 9.663531
79.090557 9.758821
79.122973 9.687376
79.15397 9.622718
79.184955 10.005357
79.216083 10.394262
79.247073 12.200855
79.279274 9.714092
79.361027 9.809294
79.392018 9.88309
79.412883 9.89945
79.443875 10.089247
79.476088 10.571005
79.507072 10.879675
79.538302 11.198265
79.569349 11.902105
79.600345 0.022016
79.856545 0.204155
80.153397 1.013119
80.185258 2.389123
80.21705 3.63468
80.248047 4.471143
80.279018 5.320485
80.310028 6.084197
80.341039 6.801439
80.373305 7.340371
80.404297 7.56663
80.587856 7.619279
80.618846 7.437576
80.649847 7.119072
80.682091 6.98732
80.713133 7.229504
80.744123 7.941699
80.775117 8.589409
80.806115 8.997285
80.838176 7.510936
80.99123 7.616146
81.022251 7.592737
81.05325 7.484742
81.084262 7.448889
81.116593 7.453327
81.147597 7.97964
81.178611 8.592455
81.209606 9.023392
81.230505 8.210512
81.343885 8.274126
81.374854 8.209294
81.405796 8.116527
81.436818 8.026633
81.467889 7.992433
81.500271 8.372461
81.531307 8.985537
81.562286 9.462596
81.593319 10.232834
81.624318 9.724534
81.687132 9.846714
81.718168 9.857853
81.749161 9.77144
81.780139 9.862726
81.81116 9.836881
81.843037 9.842015
81.874033 10.258941
81.905021 10.881589
81.936017 11.335152
81.967047 9.592608
82.039909 9.710698
82.070904 10.10378
82.101899 10.404182
82.132875 10.887768
82.163881 10.914745
82.196011 11.004204
82.22701 11.166328
82.257988 11.630768
82.288987 10.684831
82.320012 9.646736
82.382686 9.867774
82.414454 9.683198
82.445457 9.558321
82.476436 9.521597
82.507433 9.517681
82.538465 9.652392
82.570605 9.857331
82.601533 11.385451
82.632527 7.347246
82.836686 7.357079
82.867722 7.49414
82.900051 7.563759
82.931872 7.649824
82.963713 7.581076
82.995471 7.661311
83.027304 8.002789
83.059219 8.51544
83.090249 7.05981
83.182203 7.212709
83.213193 7.355774
83.244229 7.473081
83.276401 7.571939
83.308311 7.721705
83.340108 7.905671
83.371925 8.415277
83.403711 8.83812
83.43544 9.435358
83.518089 9.461638
83.54911 9.735499
83.580121 9.871168
83.611148 9.969155
83.642142 10.081067
83.674253 10.357712
83.70608 11.026134
83.737917 4.473319
84.166461 4.579921
84.187317 4.603331
84.218334 4.567912
84.249323 4.672166
84.280524 4.531624
84.312529 4.467314
84.34343 4.867271
84.374454 5.182293
84.405482 3.403025
84.568767 3.518418
84.60122 3.664877
84.632237 3.719092
84.663266 3.799849
84.694293 3.913675
84.725314 4.23183
84.757258 6.925359
84.920537 6.712067
84.951547 6.536368
84.982591 3.537302
85.207154 3.354032
85.239485 3.179029
85.270503 3.951704
85.301547 4.862136
85.332545 5.77135
85.363544 6.401395
85.395905 6.866097
85.426907 7.434443
85.457894 7.714656
85.488926 8.944201
85.560683 9.112851
85.592996 9.04245
85.623992 9.02635
85.654997 9.020868
85.685978 9.002332
85.706851 8.976138
85.739145 9.466251
85.770192 9.863249
85.80118 11.685419
85.832179 9.649434
85.914163 9.718704
85.946575 9.80651
85.977629 9.740198
86.008652 9.672408
86.039694 9.780751
86.070706 9.794239
86.102796 10.077934
86.13379 10.553252
86.164779 12.671474
86.195762 9.443712
86.277712 9.535173
86.309928 9.506629
86.340959 9.502191
86.361766 9.492444
86.39278 9.439361
86.423788 9.521075
86.455749 9.923903
86.486752 10.299755
86.517739 12.415627
86.548729 14.197505
86.579747 9.758386
86.632099 10.016583
86.663911 10.400266
86.694935 10.57727
86.725928 10.725905
86.756908 11.336109
86.787904 11.865469
86.819974 12.347227
86.850983 8.479238
87.034732 8.304845
87.065719 8.00392
87.096739 7.716571
87.129026 7.747986
87.160811 7.59178
87.192582 7.890442
87.224385 8.530147
87.256195 9.038969
87.288003 8.055611
87.38097 8.228003
87.411976 8.416495
87.442994 8.549814
87.473992 8.671646
87.505007 8.744223
87.537019 8.805835
87.568888 9.109283
87.600692 9.755601
87.632532 9.241906
87.725627 9.380446
87.75663 9.497927
87.78763 9.717833
87.818619 9.736021
87.849647 9.830702
87.881863 10.017279
87.913656 10.655678
87.945502 11.06251
87.9765 7.236118
88.16024 7.330189
88.19122 7.497882
88.212024 7.326099
88.244376 7.289028
88.276225 7.280064
88.308047 7.485264
88.339839 8.150466
88.371694 8.656504
88.403636 7.385884
88.568115 7.485786
88.599103 7.601526
88.630115 7.682806
88.661166 7.790192
88.692147 7.868773
88.714005 7.950923
88.745117 8.20033
88.776205 8.845691
88.807213 9.175769
88.838252 7.531647
88.91146 7.351249
88.94244 6.616603
88.973463 6.053565
89.004407 5.52203
89.035572 4.906518
89.067594 4.397174
89.098669 4.670947
89.129653 4.985796
89.160656 7.328449
89.191664 9.155492
89.223631 9.176987
89.254631 9.189605
89.285699 9.210404
89.316698 9.218323
89.347704 9.202485
89.379984 9.198743
89.410944 9.227112
89.441822 9.221369
89.47277 9.188561
89.503783 9.196654
89.536134 9.218062
89.567121 9.206923
89.598046 9.217888
89.629002 9.227025
89.659928 9.21432
89.691989 9.223457
89.722908 9.231289
89.753921 9.219454
89.78489 9.213188
89.815928 9.201962
89.848077 9.199091
89.879042 9.213362
89.91005 9.189257
89.941052 9.210143
89.972069 9.206401
90.004246 9.213014
90.035298 9.226764
90.066306 9.215712
90.097254 9.21284
90.12825 9.222935
90.160268 9.186559
90.191263 9.177944
90.222266 9.154448
90.253262 9.19413
90.284281 9.190649
90.316298 9.227721
90.347317 9.242776
90.378385 9.193086
90.409393 9.379663
90.440412 9.657788
90.472408 9.841667
90.503406 10.176879
90.534412 10.422457
90.565397 10.651849
90.596421 10.62609
90.618464 9.764565
90.649476 9.936087
90.680453 9.966632
90.711473 10.051131
90.742517 10.115702
90.77463 10.215517
90.805627 10.356059
90.836471 10.554558
90.867452 9.597046
90.908635 9.709131
90.940857 10.008229
90.971818 10.202376
91.002712 10.319509
91.033657 10.395219
91.064659 10.542461
91.096937 10.562564
91.127901 10.772027
91.15883 9.631855
91.220288 9.692249
91.251163 9.695034
91.283539 9.785363
91.314527 9.711742
91.345482 9.735673
91.376467 9.732975
91.407465 9.938697
91.439841 10.332736
91.470748 12.205728
91.501627 12.872148
91.532569 9.553447
91.573683 9.55893
91.605908 9.253654
91.636989 8.919835
91.668048 8.628047
91.698992 8.214428
91.729985 8.196066
91.761984 8.860833
91.793024 9.282633
91.824056 11.516246
91.855065 12.036556
91.886034 9.711916
91.938304 9.924861
91.969336 10.164695
92.000322 10.338567
92.031306 10.391651
92.062325 10.271646
92.094525 10.379555
92.12552 10.425242
92.156442 10.731301
92.187339 9.639861
92.248687 9.67467
92.28093 9.670406
92.311886 9.708435
92.342858 9.551272
92.37386 9.655525
92.404871 9.70069
92.437005 9.23068
92.468168 9.876302
92.489028 10.558822
92.519988 9.698427
92.581501 9.771178
92.613737 9.762824
92.644666 9.698427
92.675631 9.808598
92.706623 9.998395
92.737642 9.758734
92.769833 9.830528
92.800812 10.086462
92.831826 9.472777
92.883142 9.534738
92.91422 9.551707
92.946514 9.508196
92.978367 9.538218
93.010198 9.574681
93.042009 9.550141
93.073819 9.795719
93.105626 10.169917
93.137448 12.712026
93.169244 9.74133
93.241757 10.0339
93.273544 10.314375
93.304532 10.821282
93.335489 11.237425
93.366482 11.567851
93.397485 11.895927
93.429466 11.970157
93.460456 9.875693
93.562743 10.014929
93.593734 9.836881
93.624776 9.821217
93.657126 10.111786
93.688081 10.29288
93.719088 10.586669
93.750082 11.178076
93.781117 11.534434
93.813374 9.766566
93.905435 9.87169
93.936425 9.79598
93.967429 9.820607
93.998498 9.726275
94.030724 9.85472
94.061746 10.161737
94.092738 10.580664
94.123744 11.226373
94.154765 9.938436
94.237869 10.210818
94.269745 10.121271
94.300767 10.112395
94.331801 10.21543
94.362824 10.307152
94.393855 10.100386
94.42585 10.794044
94.456876 11.395894
94.487867 11.197569
94.518862 9.894838
94.580422 10.006575
94.612635 9.985167
94.64365 10.285396
94.674659 10.200462
94.705672 9.864119
94.736689 10.326123
94.768724 11.031442
94.799906 11.58482
94.830865 10.770374
94.861847 9.86934
94.923282 9.941569
94.955534 10.242755
94.987385 9.958103
95.018419 10.090726
95.049304 9.675453
95.080402 9.714875
95.111478 10.037642
95.143514 10.343701
95.174529 13.606359
95.205539 13.251568
95.236542 9.515244
95.267564 9.14592
95.299552 8.662421
95.331386 8.34618
95.363187 7.96737
95.394999 7.58856
95.426852 7.787146
95.458705 8.761714
95.490494 9.264706
95.522313 11.172767
95.554121 12.000789
95.585934 9.686418
95.638094 9.85385
95.669855 10.326123
95.701664 10.600157
95.733445 10.552295
95.76526 10.643843
95.797064 10.664554
95.82888 10.758539
95.860652 10.975835
95.892448 9.717833
95.944748 9.794065
95.975818 9.849412
96.006767 9.821739
96.037785 9.784928
96.068831 9.831224
96.100862 9.809033
96.131831 10.07367
96.162805 10.481632
96.193801 12.727603
96.224821 9.689812
96.307727 9.723838
96.338736 9.601397
96.36972 9.603312
96.400697 9.673713
96.431715 9.625937
96.463855 9.768916
96.494851 10.005966
96.525829 10.231268
96.556805 12.027418
96.587811 9.572592
96.670967 9.932954
96.70197 10.18297
96.732948 10.196111
96.763933 10.871495
96.794949 11.520162
96.82695 11.600745
96.857958 11.718574
96.888922 11.947183
96.919924 8.057961
97.06277 7.903409
97.095 7.505279
97.12599 7.338979
97.156987 7.287548
97.187987 7.383273
97.219011 7.537739
97.38379 5.003722
97.414842 4.468097
97.445835 4.28065
97.476818 4.447125
97.507829 5.393149
97.540098 6.058613
97.571112 6.690746
97.602089 7.175985
97.633112 10.083503
97.664114 12.431813
97.696426 9.616974
97.747736 9.748553
97.778698 9.669971
97.809707 9.632638
97.840724 9.700603
97.87296 9.652566
97.903966 9.650304
97.93493 9.975508
97.965912 10.27739
97.996988 11.76548
98.029213 14.089075
98.060213 9.77814
98.111514 9.861682
98.14252 9.891531
98.173526 9.773963
98.205589 9.897623
98.236609 9.921815
98.267592 9.82113
98.298595 10.318117
98.329525 10.579098
98.36155 13.06795
98.392594 9.583557
98.464296 9.635945
98.495282 9.601049
98.526315 9.745246
98.558451 9.634901
98.589434 9.723142
98.620415 9.673887
98.651376 9.840101
98.682444 10.196807
98.714466 11.977119
98.745433 14.286442
98.776379 9.698427
98.827699 9.968198
98.858732 10.377379
98.890867 10.543767
98.921752 11.099842
98.952735 11.522947
98.983715 11.83884
99.004596 12.265164
99.036756 12.749098
99.067784 8.118355
99.220876 8.333301
99.251877 8.118181
99.282891 8.221129
99.315214 8.117485
99.34716 7.997828
99.379107 8.232877
99.410989 8.867012
99.442821 9.444147
99.474571 8.014363
99.567579 8.247932
99.58839 8.309805
99.619382 8.356101
99.650405 8.423718
99.681432 8.578531
99.713716 8.698101
99.744733 9.318834
99.775715 9.880218
99.80669 9.042189
99.929355 9.052544
99.961635 8.879195
99.993449 8.775638
100.025249 8.836554
