7e-06 271.025
0.23584 272.54
0.266905 280.158
0.297866 283.02
0.328944 292.938
0.360028 294.873
0.391952 296.031
0.422955 291.9
0.494773 290.654
0.525816 290.372
0.557032 292.205
0.588958 294.065
0.619999 296.692
0.651088 299.423
0.682093 298.826
0.713165 314.737
0.795899 307.651
0.826909 308.801
0.857899 365.889
1.062104 329.532
1.093227 321.615
1.125358 314.709
1.329612 296.334
1.360608 283.895
1.391981 280.375
1.423026 276.664
1.455358 274.946
1.486642 274.136
1.517666 274.305
1.548652 272.998
1.600209 272.926
1.632183 274.446
1.664088 275.524
1.695099 274.095
1.726043 274.934
1.75705 273.966
1.788033 272.098
1.819841 272.29
1.851044 272.473
1.882045 269.51
1.913076 268.488
1.944251 269.349
1.976196 270.703
2.007248 268.565
2.038287 268.104
2.069295 267.854
2.100386 267.671
2.132359 267.374
2.163327 266.313
2.194433 266.769
2.225469 268.771
2.256497 268.374
2.288314 267.003
2.319596 265.377
2.3506 267.029
2.381656 266.239
2.412667 267.559
2.444566 267.736
2.475569 267.003
2.506542 267.904
2.537553 268.419
2.568524 267.197
2.600641 264.331
2.63168 266.768
2.662656 265.869
2.683464 268.802
2.714432 266.737
2.746471 276.062
2.777489 267.299
2.808459 272.193
2.839682 272.707
2.870679 270.014
2.902681 280.663
2.933702 301.48
2.964741 316.213
2.995777 289.125
3.02676 286.16
3.058809 284.558
3.089816 294.204
3.120946 304.582
3.151899 311.015
3.183018 340.92
3.215057 333.632
3.246045 456.732
3.480782 466.717
3.511869 444.996
3.542865 447.421
3.574945 380.003
3.606981 374.616
3.63887 383.972
3.670935 382.392
3.70286 299.83
3.806286 298.661
3.83811 367.821
3.911137 371.733
3.943967 312.551
3.97596 288.967
4.210276 278.249
4.241421 336.835
4.313208 332.691
4.344264 358.479
4.3967 435.84
4.489728 483.557
4.521823 477.822
4.553631 457.667
4.584612 372.7
4.778327 289.729
4.809417 300.377
4.840782 328.594
4.87287 341.993
4.90382 365.186
4.934796 371.979
4.965839 398.031
4.996858 399.221
5.028956 448.752
5.060072 510.94
5.121667 531.796
5.152889 543.326
5.183877 562.804
5.266717 631.768
5.298022 680.848
5.329109 457.858
5.360089 472.62
5.391324 421.911
5.423368 359.029
5.607275 295.657
5.63823 323.146
5.669246 304.576
5.700379 380.449
5.773076 394.617
5.804123 412.7
5.835104 375.418
5.866082 275.934
5.897138 270.765
5.929214 268.878
6.041566 276.768
6.072663 291.451
6.103686 307.187
6.134671 320.798
6.166673 381.733
6.258679 374.964
6.289664 372.614
6.320613 389.514
6.351561 393.078
6.383442 275.124
6.414711 289.285
6.445742 296.668
6.476926 321.045
6.508019 271.645
6.539872 271.881
6.570876 283.037
6.601942 301.192
6.632935 298.212
6.664026 305.076
6.685864 299.934
6.778036 282.513
6.809235 316.532
6.850582 328.763
6.88157 466.761
6.995202 472.296
7.026291 488.757
7.128656 623.33
7.159704 652.44
7.190788 659.958
7.222886 697.494
7.274244 729.524
7.305206 751.987
7.336399 771.444
7.367431 790.724
7.399494 1062.613
7.726002 1137.524
7.757076 1102.172
7.788168 1095.429
7.819191 1089.04
7.851355 987.401
8.106304 278.115
8.137401 290.546
8.16845 313.696
8.199521 345.37
8.231742 338.615
8.262697 360.803
8.293691 359.752
8.324622 361.697
8.355639 285.717
8.387555 301.312
8.418531 300.654
8.541013 307.104
8.572316 315.67
8.603373 312.657
8.635419 317.56
8.666401 323.991
8.697417 352.623
8.72842 327.577
8.759416 309.85
8.883007 289.814
8.913974 293.978
8.944934 312.494
8.975972 320.238
9.007025 403.927
9.090239 370.299
9.121212 371.586
9.152244 409.281
9.183327 426.631
9.214389 430.964
9.246515 275.572
9.277573 280.912
9.308819 282.187
9.340017 310.458
9.37115 369.726
9.433823 361.892
9.464845 375.869
9.495987 395.543
9.526984 413.089
9.557935 431.28
9.589795 432.514
9.62079 510.58
9.662135 495.34
9.693122 335.716
9.724134 347.709
9.756048 337.273
9.817587 331.652
9.848641 336.703
9.889964 297.595
9.920976 292.917
9.99356 292.957
10.02462 290.519
10.055638 323.825
10.086651 296.897
10.117705 281.938
10.1801 275.453
10.211075 291.05
10.24203 314.575
10.273285 309.301
10.304233 304.555
10.366775 336.624
10.448968 353.343
10.479947 352.621
10.510872 311.596
10.541836 284.975
10.573687 275.902
10.605474 282.214
10.637263 305.235
10.820919 305.208
10.852039 314.864
10.883134 358.887
10.914295 338.794
10.946202 332.848
10.977181 399.207
11.048849 394.349
11.079823 369.235
11.212834 278.929
11.244896 275.82
11.27668 336.553
11.308424 323.752
11.340202 311.406
11.371953 294.909
11.514902 293.133
11.546047 327.298
11.577097 345.465
11.618464 365.303
11.650674 394.857
11.681645 405.976
11.712603 423.252
11.743632 402.636
11.774649 415.51
11.806775 341.793
11.959899 280.074
11.990911 284.272
12.011757 305.951
12.042784 319.151
12.074874 370.712
12.126143 371.755
12.157053 365.123
12.188225 374.468
12.219283 388.029
12.251266 398.912
12.282291 283.369
12.35399 292.589
12.384995 319.508
12.416031 308.002
12.447904 311.295
12.478878 317.414
12.509872 348.165
12.540878 328.551
12.806071 306.015
13.082291 300.684
13.113219 326.045
13.144185 325.398
13.17516 364.583
13.206109 375.935
13.23826 390.811
13.269355 433.071
13.300338 428.249
13.331413 531.845
13.626854 565.403
13.689397 595.134
13.710237 878.985
13.781795 580.599
13.812735 493.543
13.843751 386.35
14.08906 287.272
14.120046 324.094
14.150992 318.744
14.181985 384.129
14.253586 328.831
14.285448 310.448
14.316409 281.784
14.520101 283.154
14.551133 306.955
14.582126 316.57
14.614359 328.4
14.645447 342.003
14.676476 344.651
14.707409 406.164
14.748581 360.824
14.780436 357.103
14.811487 289.001
14.934053 279.611
14.965052 289.617
14.985835 285.211
15.017962 281.481
15.048961 305.434
15.080057 285.681
15.111117 285.37
15.142162 275.238
15.286219 284.384
15.317215 351.62
15.388903 329.853
15.419885 348.825
15.450911 357.693
15.482918 379.285
15.503705 377.632
15.534674 366.743
15.565678 277.827
15.708759 288.818
15.740907 312.865
15.772371 322.822
15.803335 340.027
15.834359 358.845
15.865426 370.915
15.89761 318.203
15.928582 277.143
16.132707 281.182
16.163809 306.185
16.195014 321.263
16.22716 344.123
16.258196 348.037
16.289137 361.317
16.320176 386.526
16.351305 373.903
16.383532 383.356
16.414531 397.792
16.445674 381.102
16.517568 288.099
16.54871 291.17
16.580712 330.011
16.611714 325.423
16.642696 324.549
16.673625 329.321
16.69462 407.403
16.777664 364.773
16.809492 312.45
16.921915 293.247
16.952972 292.436
16.983997 327.88
17.01498 376.199
17.057276 374.628
17.088427 406.859
17.119403 420.173
17.150393 342.025
17.181378 328.328
17.213341 282.545
17.387039 273.937
17.418057 280.975
17.449031 311.49
17.490313 352.157
17.5224 399.509
17.573834 352.706
17.604785 332.755
17.635756 324.289
17.839894 284.127
17.872099 276.691
17.903076 282.899
17.934043 285.603
17.964982 290.715
17.995938 322.334
18.027872 297.54
18.058901 279.738
18.201889 288.685
18.232917 320.983
18.26401 312.686
18.296144 337.364
18.357722 316.581
18.388705 302.73
18.419681 270.873
18.470985 271.078
18.502905 271.4
18.635604 271.841
18.666577 320.256
18.697467 284.975
18.728378 306.701
18.76035 326.029
18.791316 321.928
18.822271 329.432
18.853226 325.81
18.884227 300.994
18.977156 272.179
19.008241 280.14
19.039219 281.928
19.070174 297.148
19.101139 290.104
19.133174 285.731
19.164147 292.288
19.195119 298.124
19.226221 284.405
19.318303 276.475
19.350425 278.576
19.381515 324.058
19.412536 332.901
19.443593 377.752
19.474665 354.926
19.506734 298.644
19.537713 288.175
19.772274 282.157
19.80337 310.578
19.834481 331.286
19.866743 300.235
19.897804 304.192
19.928833 307.517
19.959866 318.598
19.990953 311.871
20.134965 270.099
20.166141 282.1
20.197412 290.282
20.228583 311.564
20.259653 354.932
20.302142 355.495
20.333332 302.493
20.36447 297.746
20.487102 277.803
20.51811 301.127
20.550543 331.216
20.581696 299.134
20.612683 275.459
20.643738 305.6
20.705336 303.678
20.737322 305.931
20.768312 300.977
20.850195 285.063
20.881226 289.122
20.912238 315.463
20.954603 295.084
20.985555 279.35
21.016622 297.669
21.04761 287.622
21.07861 311.067
21.110643 275.577
21.141668 265.875
21.172748 265.953
21.224147 281.259
21.255125 276.981
21.287231 282.972
21.318344 322.356
21.349399 285.966
21.380605 288.553
21.411859 271.305
21.515362 278.001
21.546591 323.394
21.598152 297.62
21.629395 280.277
21.660585 288.692
21.692831 284.434
21.723975 281.974
21.877371 277.87
21.908564 278.881
21.939747 296.484
21.972067 284.178
22.003286 279.071
22.034552 289.559
22.065821 279.268
22.097106 283.983
22.129441 281.583
22.231962 278.647
22.263162 276.282
22.294298 279.92
22.3255 279.806
22.357725 319.075
22.388925 330.488
22.420076 291.688
22.451183 283.755
22.584221 277.053
22.616448 278.339
22.647634 280.191
22.678797 267.978
22.709953 288.597
22.741182 282.743
22.773396 287.874
22.804617 282.919
22.917259 277.763
22.948446 297.163
22.979689 309.746
23.022262 355.579
23.053385 310.396
23.084716 302.88
23.115919 325.159
23.299731 286.282
23.331999 282.421
23.363146 304.079
23.394264 315.637
23.425407 337.534
23.456681 310.948
23.489009 306.968
23.52023 267.736
23.581971 284.524
23.613148 277.29
23.64434 284.249
23.676657 282.687
23.738511 279.107
23.769751 296.177
23.800999 295.356
23.832218 286.58
23.864545 285.271
23.936576 283.41
23.967801 290.947
23.999082 281.888
24.030319 280.533
24.083001 276.374
24.114216 279.068
24.145442 313.077
24.217569 310.389
24.248872 304.968
24.281198 277.914
24.313655 299.844
24.346045 310.307
24.378343 279.002
24.492179 290.865
24.524429 320.156
24.555611 319.899
24.58683 412.352
24.658805 427.764
24.690005 408.746
24.722438 371.258
24.753708 335.854
24.988665 277.926
25.01985 331.674
25.061211 318.444
25.093503 307.042
25.124705 387.629
25.196598 389.608
25.227682 378.079
25.258873 360.522
25.291145 282.185
25.39462 291.12
25.426885 351.709
25.47959 316.421
25.511834 296.652
25.542963 319.104
25.574134 318.441
25.605288 326.272
25.63654 364.298
25.689256 304.871
25.720482 285.125
25.761918 272.577
25.79318 281.628
25.824415 287.905
25.856596 291.429
25.928436 313.088
25.959537 334.187
25.990646 329.545
26.021832 330.342
26.054126 319.081
26.085305 287.654
26.12683 288.683
26.15803 315.872
26.189277 325.838
26.221589 312.827
26.252665 306.624
26.314496 296.872
26.34571 297.254
26.376864 319.074
26.398934 395.059
26.48102 295.493
26.512243 352.282
26.584175 311.38
26.615299 305.519
26.749514 282.949
26.781754 298.039
26.814025 313.319
26.846338 316.228
26.878623 334.821
26.909762 340.992
26.940956 346.945
26.972156 350.456
27.003388 269.434
27.035762 271.407
27.067955 274.542
27.140859 290.316
27.17329 287.058
27.205629 303.002
27.237813 272.878
27.269038 305.302
27.300204 330.045
27.331373 313.976
27.362586 307.863
27.496528 275.235
27.51753 301.108
27.548611 313.585
27.579752 309.132
27.610911 311.47
27.643069 312.738
27.674285 313.586
27.705378 317.361
27.736531 311.221
27.879786 270.62
27.912162 279.808
27.943281 335.477
28.005216 361.726
28.03635 332.742
28.067523 336.84
28.099846 339.233
28.131059 292.286
28.477711 276.695
28.498709 273.284
28.529954 274.607
28.562424 352.24
28.64485 294.869
28.676209 290.76
28.921699 325.985
28.983608 341.257
29.016129 433.33
29.098589 340.382
29.129836 320.821
29.161164 298.382
29.38631 276.776
29.418766 289.481
29.450165 337.121
29.563156 411.314
29.594492 430.639
29.625802 405.09
29.658134 382.824
29.690656 368.063
29.8442 299.984
29.885783 295.19
29.917075 278.119
29.948322 348.894
30.021735 289.376
30.052986 280.508
30.196612 281.244
30.227968 303.998
30.259381 333.696
30.291795 332.781
30.323136 347.593
30.354355 339.205
30.385512 305.103
30.416788 298.402
30.449103 274.425
30.613116 335.777
30.685248 316.843
30.716568 337.736
30.747871 340.065
30.780318 376.793
30.811665 335.845
30.842995 328.997
30.864074 321.443
31.007546 286.164
31.039909 295.049
31.071154 287.445
31.102445 292.866
31.133635 298.078
31.164923 307.272
31.197581 303.982
31.228894 578.129
31.678685 588.821
31.730384 625.781
31.761736 579.363
31.794183 543.429
31.825516 509.883
32.060923 286.406
32.092192 305.492
32.123655 308.261
32.156016 340.09
32.187357 349.662
32.218709 362.023
32.250014 409.243
32.291558 406.684
32.323966 404.857
32.355232 398.777
32.386481 275.142
32.448318 285.016
32.479586 304.892
32.51192 309.593
32.543213 312.482
32.574579 319.886
32.605902 276.509
32.627042 290.329
32.659388 298.055
32.690691 312.365
32.721939 310.711
32.753179 298.586
32.825229 295.598
32.857666 315.148
32.889109 313.666
32.920469 336.65
32.951868 346.755
32.983375 347.328
33.015815 337.428
33.271452 331.095
33.302791 303.144
33.548239 281.047
33.579586 489.159
33.765121 481.541
33.796481 454.578
33.827779 285.607
33.859081 287.91
33.890366 338.669
33.922844 319.515
33.955238 312.585
34.059192 282.214
34.091975 298.075
34.124545 319.258
34.15704 333.294
34.189512 348.451
34.220753 365.425
34.251976 388.713
34.283158 399.86
34.31441 402.518
34.346766 386.6
34.379265 280.375
34.410596 289.651
34.472504 311.817
34.503779 322.691
34.535025 336.342
34.567422 290.359
34.670147 289.729
34.701476 296.769
34.73282 314.968
34.764164 312.09
34.796624 312.881
34.827986 327.38
34.859298 369.46
34.890596 429.388
34.952546 428.988
34.985005 453.518
35.016324 437.458
35.047678 318.583
35.079104 306.302
35.110513 368.779
35.163463 342.783
35.194857 358.634
35.226176 395.146
35.257495 316.398
35.288763 284.969
35.321278 298.572
35.352564 308.262
35.383893 364.201
35.435689 348.675
35.467073 339.136
35.530185 291.302
35.562721 311.763
35.595204 331.424
35.62762 368.002
35.6702 361.966
35.701466 370.401
35.732767 357.922
35.764122 320.035
35.795538 360.927
35.838228 380.744
35.869521 354.014
35.90079 358.477
35.932027 395.852
35.963286 299.916
35.995659 294.179
36.026898 314.88
36.058155 324.563
36.089358 268.541
36.161576 272.978
36.194088 296.639
36.225464 311.127
36.256809 319.442
36.318781 382.01
36.350156 307.152
36.382535 303.617
36.4138 324.651
36.445055 335.186
36.476407 338.103
36.507762 283.892
36.632273 291.484
36.663622 302.534
36.695019 321.203
36.72637 324.849
36.757731 344.081
36.790172 367.8
36.821488 374.158
36.85274 401.734
36.884024 420.16
36.915352 438.073
36.947739 451.177
36.979115 377.084
37.030866 281.379
37.062128 291.197
37.09347 341.38
37.125857 338.1
37.157161 358.816
37.18853 371.491
37.219782 393.02
37.251138 421.144
37.28356 271.61
37.314876 285.091
37.346238 289.312
37.377497 290.708
37.408765 310.152
37.441276 275.853
37.482887 278.611
37.504007 291.401
37.535347 311.207
37.566681 327.885
37.599129 345.321
37.630426 275.918
37.661714 285.752
37.693006 316.042
37.72433 321.233
37.756743 331.043
37.788243 342.18
37.819546 348.075
37.850857 400.352
37.902633 422.633
37.935011 502.336
38.047926 477.886
38.079236 506.199
38.110617 506.611
38.141917 520.855
38.235739 627.116
38.268118 649.996
38.300535 668.16
38.332809 768.207
38.436719 777.555
38.469339 692.428
38.501817 702.244
38.534227 714.066
38.566702 320.541
38.599225 320.5
38.630578 377.865
38.682288 396.228
38.713611 412.705
38.744893 373.886
38.777318 338.881
38.808549 276.162
38.839846 293.94
38.871103 310.362
38.902419 348.018
38.934838 358.848
38.966113 363.824
38.997432 378.353
39.0287 270.49
39.060075 277.797
39.09264 299.746
39.113766 303.967
39.145066 330.255
39.176335 323.356
39.207639 294.432
39.250255 272.548
39.281559 278.606
39.312771 293.415
39.344043 308.618
39.375305 317.49
39.40773 328.752
39.438998 308.776
39.531645 278.782
39.563017 286.874
39.59439 303.342
39.626843 314.739
39.65822 339.882
39.689514 347.619
39.720826 355.227
39.752169 364.465
39.784489 409.714
39.825998 424.369
39.85729 420.915
39.888534 505.812
40.154879 515.296
40.187257 527.386
40.218629 523.757
40.249934 582.905
40.281243 492.712
40.31259 506.721
40.416517 584.492
40.447919 552.89
40.540533 294.783
40.571839 298.716
40.603232 346.964
40.635679 364.886
40.666958 383.211
40.698257 401.943
40.729622 411.543
40.760988 307.028
40.834244 339.967
40.906378 323.073
40.937653 360.417
40.968962 348.899
41.000245 366.046
41.032764 410.195
41.065189 409.539
41.097609 340.581
41.169742 307.326
41.211249 308.556
41.242515 389.623
41.304383 388.918
41.336817 427.646
41.368151 451.613
41.399483 488.954
41.430824 421.508
41.462108 401.504
41.494712 401.011
41.526096 384.091
41.700281 280.324
41.731612 318.93
41.763295 318.432
41.795688 334.084
41.826997 332.361
41.858297 340.482
41.899741 386.485
41.93102 381.716
41.963384 383.359
41.994637 358.09
42.107567 288.465
42.138827 332.372
42.180387 413.774
42.274005 421.331
42.305257 429.443
42.346761 514.818
42.37802 516.27
42.409323 375.825
42.441644 272.808
42.687081 270.946
42.718345 292.621
42.749604 292.978
42.780929 305.513
42.813286 346.756
42.84459 316.223
42.865672 348.908
42.896937 341.775
42.92815 292.245
43.032207 274.652
43.064693 286.284
43.085809 290.817
43.117116 268.126
43.14834 302.15
43.189898 288.573
43.222334 304.246
43.253629 325.085
43.284921 279.445
43.316307 280.653
43.34761 273.999
43.390275 292.615
43.421607 290.121
43.452857 309.284
43.48426 323.231
43.535938 333.784
43.578649 371.298
43.609951 362.325
43.641141 285.414
43.713318 284.113
43.744641 333.494
43.787214 329.073
43.818552 311.669
43.849813 271.935
43.881119 278.76
43.912463 286.254
43.94487 288.528
43.976142 297.426
44.007436 276.581
44.089859 279.139
44.121176 292.016
44.153586 296.509
44.18485 302.708
44.216154 311.303
44.247417 306.758
44.278706 315.753
44.311165 323.01
44.342417 304.454
44.455455 283.686
44.486784 292.959
44.518125 301.173
44.550486 323.15
44.581838 322.516
44.613144 321.293
44.644397 376.3
44.685959 345.456
44.718355 299.723
44.861827 300.739
44.893135 308.986
44.92444 301.254
44.955755 316.733
44.977921 334.547
45.009223 341.445
45.040535 316.2
45.133019 282.744
45.164264 301.581
45.196685 322.267
45.228075 327.242
48.228942 334.986
48.260358 339.505
48.291738 341.187
48.324247 378.099
48.356725 378.743
48.389239 391.539
48.421652 404.278
48.453995 386.892
48.495631 283.289
48.526989 304.189
48.55829 296.882
48.589584 370.419
48.642531 305.697
48.673804 273.971
48.705063 306.761
48.736429 313.384
48.767786 300.645
48.800231 347.035
49.005086 342.903
49.036444 435.209
49.10879 325.267
49.140282 322.817
49.172715 315.972
49.387822 294.262
49.419146 314.432
49.450474 326.797
49.471599 343.626
49.504026 346.514
49.535325 331.134
49.566628 348.834
49.59795 352.864
49.62931 371.528
49.661807 391.547
49.693114 303.627
49.795868 284.012
49.827095 296.397
49.858331 289.91
49.890707 323.551
49.921979 321.523
49.953252 329.304
49.984598 349.309
50.005707 356.693
50.038102 367.672
50.069331 371.608
50.100622 358.399
50.172732 278.032
50.204007 281.256
50.23631 289.92
50.267611 329.093
50.309099 326.933
50.340359 328.37
50.371648 331.129
50.393811 291.0
50.527101 298.586
50.558524 312.824
50.589893 323.017
50.621191 341.266
50.653635 359.178
50.684802 362.604
50.716059 372.528
50.747364 381.465
50.778671 376.782
50.811101 342.4
50.883316 289.009
50.914651 311.543
50.945965 333.794
50.977293 329.746
51.009849 332.0
51.041165 371.468
51.072426 352.251
51.103673 341.569
51.165546 276.575
51.197918 298.944
51.229182 294.565
51.260457 309.82
51.291784 322.649
51.32313 336.003
51.355589 283.291
51.386866 293.169
51.41814 299.261
51.44941 285.422
51.521555 289.941
51.553986 296.141
51.585284 298.509
51.616579 314.587
51.647908 324.893
51.669065 335.284
51.701519 342.557
51.732861 354.128
51.764156 335.771
51.856688 282.545
51.887986 292.195
51.920407 298.753
51.961773 353.113
51.99311 319.759
52.024403 317.448
52.055722 307.957
52.159682 278.927
52.19111 283.787
52.22239 296.868
52.243517 314.849
52.274871 307.195
52.307319 310.915
52.338607 299.47
52.369935 303.233
52.401307 330.812
52.432661 326.613
52.465184 304.544
52.54766 284.976
52.57904 296.722
52.610421 294.031
52.641844 332.468
52.674367 272.394
52.705772 269.866
52.73735 296.653
52.768707 308.727
52.800089 325.653
52.83269 273.546
52.904989 284.057
52.936284 295.474
52.96759 298.131
52.99899 354.192
53.031539 341.738
53.062937 331.009
53.094266 329.438
53.125606 306.078
53.228378 277.294
53.261029 289.455
53.292487 291.724
53.323757 277.736
53.355018 298.246
53.386363 299.532
53.418844 303.609
53.450198 312.837
53.481537 313.014
53.512861 298.142
53.595319 280.468
53.627884 295.353
53.659179 296.513
53.69049 333.876
53.721797 320.297
53.753114 325.481
53.785593 345.947
53.816957 361.144
53.848288 353.506
53.87954 345.647
54.0537 318.495
54.086156 353.159
54.117522 358.18
54.148759 385.898
54.180084 360.109
54.211492 390.103
54.243921 402.059
54.275365 413.224
54.30674 412.384
54.338045 393.904
54.563428 380.252
54.851308 323.394
54.892919 344.456
54.924255 352.717
54.955599 381.848
54.986937 411.507
55.019441 425.203
55.051962 458.898
55.083294 479.267
55.114644 496.27
55.145967 524.635
55.177276 545.014
55.209672 543.085
55.24105 408.306
55.272319 281.003
55.303599 273.672
55.334898 269.02
55.367314 269.812
55.398697 266.561
55.429991 280.082
55.461322 271.422
55.482384 271.309
55.514803 267.54
55.547148 269.62
55.578497 272.954
55.609767 267.44
55.641174 268.699
55.672457 272.69
55.704813 267.817
55.736072 271.979
55.767312 266.265
55.798656 270.937
55.830012 270.04
55.862544 271.11
55.893891 277.924
55.925209 267.906
55.956547 269.845
55.987878 270.205
56.02041 276.925
56.051725 273.061
56.083026 269.144
56.11437 267.254
56.145739 267.67
56.178225 267.953
56.209562 270.666
56.240896 266.997
56.272185 267.153
56.303642 265.862
56.336153 266.295
56.367495 273.023
56.398884 268.564
56.430183 266.844
56.461524 267.201
56.493948 268.36
56.525239 266.389
56.556643 270.091
56.588031 268.265
56.619441 266.374
56.651971 268.508
56.683318 268.095
56.714797 267.262
56.746112 267.155
56.777454 265.729
56.809907 298.629
56.851513 278.292
56.882804 268.388
56.914082 268.633
56.945423 275.035
56.97786 269.56
57.009183 269.573
57.040538 268.86
57.071867 272.133
57.103169 269.903
57.135559 268.183
57.16684 267.037
57.198119 266.529
57.229384 268.271
57.26071 267.075
57.293123 272.425
57.32442 268.551
57.355662 273.711
57.386949 269.258
57.418288 267.637
57.450685 266.815
57.482007 272.227
57.513331 271.677
57.544662 268.899
57.576053 267.034
57.608595 265.593
57.639865 266.011
57.671159 271.471
57.70242 268.25
57.733716 267.005
57.766142 269.004
57.79745 270.049
57.828666 270.915
57.859953 271.719
57.891247 267.775
57.923685 266.868
57.955075 270.599
57.986397 269.091
58.017771 267.463
58.049164 267.784
58.081511 267.051
58.112799 268.13
58.144095 267.505
58.175386 269.544
58.206796 274.579
58.239276 268.404
58.270608 268.159
58.301917 270.284
58.333257 270.588
58.364545 269.599
58.396996 270.655
58.428328 270.276
58.459675 267.97
58.490978 269.463
58.522225 270.277
58.554515 266.386
58.585686 269.493
58.616825 266.034
58.647998 267.025
58.679292 269.089
58.711706 270.574
58.742998 272.09
58.774315 289.44
58.805616 276.573
58.836908 271.271
58.869163 274.065
58.900426 273.929
58.9317 272.94
58.96299 273.492
58.994254 274.235
59.026641 271.346
59.057911 267.022
59.089177 268.837
59.120534 273.664
59.151825 288.39
59.184169 269.729
59.215443 266.711
59.236567 266.916
59.267872 311.544
59.299225 311.123
59.331522 272.645
59.36284 276.423
59.394113 269.902
59.425431 269.789
59.45687 283.787
59.489284 335.143
59.530777 296.123
59.562091 281.62
59.613854 276.446
59.645185 275.711
59.677608 299.741
59.708903 295.889
59.740135 321.828
59.771496 316.938
59.802924 343.029
59.835315 360.91
59.866706 328.635
59.898114 326.433
59.929428 280.377
59.960789 276.46
59.993256 266.823
60.024598 268.181
60.055908 268.837
60.08722 273.421
60.108383 269.018
60.161192 274.907
60.192606 275.911
60.223987 270.821
60.25554 274.762
60.286877 267.804
60.31924 269.863
60.350546 275.302
60.38175 273.614
60.413074 281.385
60.444432 272.619
60.476901 319.189
60.52858 270.704
60.559826 265.948
60.591175 306.985
60.642975 267.214
60.675391 267.306
60.706716 267.606
60.737983 268.733
60.769298 267.729
60.800603 279.801
60.83299 342.683
60.905194 280.227
60.936485 265.75
60.967746 266.152
60.99907 269.113
61.031463 267.033
61.06287 269.715
61.094208 266.904
61.125525 268.102
61.156833 271.29
61.189257 267.374
61.220712 266.351
61.252037 267.391
61.283387 275.406
61.314707 266.848
61.34716 269.926
61.378437 267.709
61.409752 268.972
61.440997 274.295
61.472308 271.45
61.504803 285.71
61.587131 335.822
61.618525 428.505
61.670391 316.743
61.701718 297.877
61.734056 393.095
61.826409 385.764
61.857697 275.555
61.888959 271.037
61.920257 272.88
61.952748 369.027
62.045278 340.137
62.076596 336.572
62.107938 317.074
62.139333 398.94
62.243295 426.736
62.274701 436.016
62.295738 385.661
62.327062 380.411
62.358371 510.51
62.493085 473.55
62.524566 395.858
62.810864 336.202
62.842075 308.826
62.863205 292.858
62.895556 407.055
62.998291 403.347
63.02967 282.44
63.060975 297.174
63.092331 274.067
63.124941 273.614
63.156257 273.729
63.187474 274.924
63.218778 280.878
63.331706 265.884
63.353851 266.998
63.385073 268.295
63.416363 266.334
63.447667 266.95
63.478987 268.001
63.511497 272.619
63.542839 266.658
63.574151 266.097
63.605481 270.186
63.636777 266.447
63.669245 268.688
63.700638 269.592
63.732005 269.724
63.763361 269.677
63.794677 268.65
63.827159 282.124
63.858509 270.497
63.889777 273.045
63.921052 268.659
63.952359 270.285
63.984752 268.58
64.016058 268.823
64.04735 275.629
64.078637 267.488
64.109957 281.233
64.142439 269.789
64.173781 272.987
64.205099 279.191
64.236371 268.669
64.267683 271.285
64.300118 268.127
64.331363 267.89
64.362658 276.599
64.393946 273.711
64.455928 270.835
64.488346 271.278
64.519651 268.799
64.550986 268.842
64.582278 269.192
64.613586 280.751
64.645996 298.605
64.677307 275.405
64.708567 275.925
64.780636 288.554
64.811951 285.929
64.844386 272.384
64.875798 268.89
64.907062 287.71
64.938367 299.163
64.959548 285.613
64.992112 283.118
65.094993 275.657
65.126397 307.567
65.157776 286.435
65.189173 284.441
65.221819 273.046
65.253311 268.047
65.28463 268.219
65.305787 272.262
65.337252 277.109
65.369771 269.857
65.401018 283.319
65.53431 280.512
65.565573 268.321
65.596905 272.095
65.629294 271.144
65.660651 268.303
65.691957 268.516
65.723284 273.006
65.754659 282.713
65.807725 289.105
65.840217 278.54
65.881725 285.145
65.913017 276.811
65.944302 272.378
65.975639 276.102
66.008061 272.528
66.039361 271.713
66.070664 278.97
66.101913 276.597
66.194213 279.011
66.226396 276.658
66.25763 316.284
66.299082 278.56
66.330326 276.811
66.361616 296.2
66.393854 296.784
66.42575 277.06
66.457857 289.053
66.488841 286.376
66.519931 279.301
66.571407 272.75
66.60248 274.231
66.634857 273.245
66.665942 280.206
66.69701 318.691
66.748507 277.266
66.779707 309.615
67.03573 435.535
67.11899 563.353
67.149992 329.138
67.181114 312.17
67.212183 306.419
67.415962 281.272
67.448263 421.931
67.58121 306.633
67.612426 300.605
67.643494 336.564
67.674731 304.816
67.706861 281.405
67.890296 295.847
67.921407 338.442
67.972802 341.987
68.003797 417.201
68.046061 426.56
68.078012 369.308
68.109935 330.29
68.130746 324.687
68.161745 329.28
68.192818 314.801
68.366498 281.124
68.398754 301.826
68.429844 290.577
68.460866 304.37
68.491895 291.548
68.523073 294.203
68.555185 298.85
68.586072 286.941
68.61707 279.904
68.739737 285.945
68.770774 290.705
68.802885 288.498
68.834779 290.281
68.867058 287.74
68.899273 330.032
68.931309 309.959
68.962327 281.841
68.993503 281.058
69.136493 294.47
69.167574 299.352
69.199891 328.923
69.231016 329.574
69.262243 369.508
69.293402 392.167
69.324569 361.004
69.35679 302.027
69.387928 327.343
69.408903 312.459
69.602692 287.332
69.633827 304.884
69.666042 314.276
69.697897 294.073
69.729763 291.674
69.761754 310.686
69.79374 330.613
69.825668 337.883
69.857871 302.752
69.889636 288.739
69.993055 298.825
70.024079 321.35
70.055065 325.847
70.086218 349.964
70.117269 365.809
70.159476 398.783
70.19059 461.099
70.323527 555.627
70.354846 489.433
70.38597 459.969
70.418105 438.485
70.703295 334.451
70.754687 295.895
70.775624 303.533
70.827072 327.265
70.859306 347.345
70.890306 350.437
70.921274 357.28
70.952287 298.723
70.983357 301.142
71.015453 288.617
71.128174 280.467
71.159158 332.853
71.19016 319.39
71.221146 295.8
71.25332 302.955
71.28439 319.577
71.31542 304.588
71.346672 294.916
71.377787 291.849
71.409708 278.891
71.440721 277.241
71.512474 269.664
71.543609 273.449
71.574846 284.422
71.606775 270.726
71.637731 268.072
71.668872 275.064
71.699876 283.422
71.731157 282.871
71.763178 291.338
71.79427 289.472
71.825376 287.827
71.896988 286.409
71.927972 285.845
71.960106 338.279
72.012388 279.983
72.04353 277.302
72.074532 282.466
72.105556 309.195
72.136575 313.123
72.168613 291.434
72.281219 282.995
72.312238 304.065
72.343178 292.271
72.374157 282.437
72.406235 290.684
72.437242 290.81
72.468352 314.261
72.499401 297.669
72.530533 329.117
72.562515 327.316
72.594405 319.851
72.666943 347.315
72.748784 312.356
72.780147 291.923
72.811251 309.945
72.842297 315.053
72.87422 303.802
72.905428 281.282
73.048637 315.43
73.100025 298.99
73.131156 298.489
73.163428 286.432
73.195376 307.0
73.226417 315.95
73.257416 355.637
73.298629 323.049
73.329641 304.356
73.412647 291.893
73.443833 294.003
73.474849 275.773
73.505782 316.234
73.54694 292.477
73.578977 276.468
73.609975 270.221
73.742613 281.412
73.77363 271.886
73.804641 296.099
73.836676 271.47
73.867682 269.443
73.89868 272.31
73.929665 285.028
73.960679 271.14
73.992907 275.969
74.023932 276.159
74.288783 275.034
74.553518 284.955
74.58452 305.228
74.616619 323.493
74.647645 276.426
74.678679 290.904
74.709638 268.717
74.740653 267.397
74.772989 270.998
74.80405 270.51
74.834969 270.34
74.866004 268.18
74.97837 270.36
75.010536 271.08
75.041527 281.625
75.072582 291.999
75.103695 310.578
75.134744 303.693
75.166772 290.769
75.197796 297.201
75.228858 287.955
75.259865 290.055
75.290874 273.959
75.384016 277.449
75.415225 280.588
75.446233 290.09
75.477248 297.518
75.518739 339.814
75.550786 322.201
75.58182 280.734
75.612894 280.867
75.643874 280.218
75.827808 281.48
75.859994 332.766
75.891065 287.792
75.92206 286.314
75.953019 287.962
75.984077 316.109
76.015902 335.216
76.046897 285.866
76.077899 279.366
76.180222 272.475
76.211246 273.021
76.243237 272.448
76.274271 268.588
76.305308 268.153
76.336451 270.124
76.367585 277.587
76.399776 269.123
76.431764 268.614
76.53497 275.45
76.566032 269.767
76.597073 267.284
76.62803 282.094
76.659075 319.726
76.731762 324.833
76.763564 285.189
76.794648 275.135
76.876492 271.492
76.907575 273.233
76.938618 275.311
76.970821 279.518
77.002047 278.298
77.033279 282.983
77.064634 287.096
77.095802 314.604
77.158492 297.942
77.189458 275.754
77.25111 270.514
77.28213 276.402
77.313171 274.115
77.335016 306.589
77.366044 285.421
77.397019 273.825
77.438407 281.944
77.469446 283.561
77.501405 305.947
77.553586 295.631
77.585431 291.894
77.636776 274.196
77.667957 291.404
77.698954 281.157
77.729957 285.561
77.761814 277.488
77.792915 275.062
77.84417 287.654
77.875221 294.59
77.906419 281.534
77.938517 344.218
77.98992 305.945
78.020895 298.985
78.051874 284.324
78.082926 285.848
78.114956 296.499
78.145933 293.464
78.278834 290.125
78.309824 285.808
78.340873 341.446
78.39326 342.886
78.425092 311.066
78.456857 312.077
78.488038 315.286
78.51902 291.777
78.550234 268.836
78.693386 271.453
78.725457 283.039
78.75651 298.622
78.787433 313.636
78.818606 309.661
78.849594 322.41
78.881585 313.706
78.912611 333.993
78.943635 316.733
78.974681 289.55
79.087296 274.289
79.119438 279.061
79.150676 293.551
79.192002 269.454
79.223073 269.75
79.254091 271.183
79.286043 270.416
79.31708 269.128
79.348053 266.802
79.379162 267.558
79.410086 266.708
79.441998 274.083
79.473041 267.328
79.503998 266.339
79.534997 266.731
79.56599 268.865
79.597992 267.55
79.629051 266.943
79.660019 270.601
79.691041 272.271
79.722061 268.912
79.754178 271.772
79.785208 272.703
79.816249 276.786
79.847226 273.513
79.878327 272.145
79.910269 270.595
79.941253 267.427
79.972144 266.449
80.003166 268.968
80.034192 281.661
80.066043 273.351
80.097097 266.845
80.128209 266.921
80.159388 268.244
80.190419 266.57
80.222408 268.502
80.253393 266.973
80.284493 275.156
80.315517 266.236
80.346527 265.975
80.378398 269.627
80.40939 266.411
80.440377 274.209
80.471378 269.625
80.502415 271.851
80.534303 269.377
80.565347 269.427
80.596317 269.887
80.62733 270.004
80.658362 273.933
80.690313 276.055
80.721283 268.854
80.752339 268.413
80.783293 266.613
80.814248 268.061
80.846184 266.758
80.877262 268.634
81.010097 269.129
81.041054 265.856
81.072157 267.578
81.104487 272.19
81.135624 267.363
81.166684 273.847
81.197908 269.212
81.229163 265.679
81.261474 266.362
81.292423 267.293
81.323381 267.728
81.35441 266.815
81.385425 268.105
81.417287 265.699
81.448307 267.703
81.479316 268.977
81.510312 269.734
81.541423 268.763
81.573393 267.1
81.604411 269.137
81.635426 269.793
81.66636 270.554
81.697378 269.143
81.729484 269.127
81.760458 273.346
81.791452 267.076
81.812282 274.056
81.843306 270.489
81.875468 274.97
81.906489 276.008
81.937515 267.611
81.968472 288.924
81.999487 270.247
82.031515 266.922
82.062577 269.243
82.093492 267.661
82.124403 268.465
82.155499 268.623
82.187586 271.221
82.218647 267.949
82.249573 266.952
82.280612 266.042
82.311572 268.793
82.343699 267.047
82.374688 267.519
82.405672 265.966
82.436628 269.194
82.46761 268.284
82.499686 266.964
82.530654 268.842
82.561621 266.444
82.592665 265.824
82.623646 267.095
82.655879 267.446
82.686875 266.937
82.717864 268.72
82.748887 268.013
82.779911 266.476
82.81202 278.826
82.873543 272.181
82.904489 272.804
82.935483 272.921
82.966511 267.766
82.998542 271.968
83.029633 274.735
83.060614 285.984
83.09179 277.543
83.122841 275.181
83.1549 268.517
83.185902 269.616
83.216924 267.331
83.247938 271.276
83.278949 269.856
83.310893 267.905
83.342159 269.253
83.373149 268.805
83.444826 267.474
83.475987 268.611
83.508128 266.74
83.539194 273.849
83.570236 270.76
83.601261 273.433
83.63239 268.735
83.664833 278.656
83.695805 268.612
83.726917 267.019
83.798769 270.996
83.829802 273.834
83.861829 269.044
83.892777 266.888
83.923732 267.141
83.95472 267.175
83.985694 268.756
84.01784 270.679
84.049007 269.057
84.080232 268.32
84.111341 266.768
84.152701 267.356
84.184889 272.228
84.215893 271.537
84.246909 274.962
84.277937 275.184
84.30896 268.095
84.341024 270.352
84.37201 288.37
84.403107 290.02
84.434097 286.044
84.475225 270.508
84.507322 267.095
84.538309 270.182
84.56927 266.407
84.590089 266.914
84.62113 269.717
84.653193 265.975
84.684402 269.417
84.715466 267.112
84.746323 267.191
84.787567 266.344
84.819768 269.427
84.850746 272.212
84.881702 272.694
84.91266 267.506
84.943653 270.839
84.975588 269.122
85.006793 274.034
85.037781 273.558
85.078947 285.061
85.140623 277.736
85.172727 270.657
85.203745 300.338
85.234726 271.886
85.265664 276.493
85.296727 269.984
85.32893 282.35
85.441358 286.64
85.472474 281.175
85.503511 273.34
85.534558 267.553
85.566536 281.409
85.597551 284.987
85.628645 285.508
85.659737 280.014
85.690808 274.524
85.783945 280.119
85.814997 291.872
85.845981 333.152
85.877048 334.706
85.908115 333.412
85.940028 337.252
85.971005 348.981
86.002044 376.112
86.033142 364.985
86.064354 294.901
86.096351 293.766
86.127388 279.459
86.209294 276.101
86.240268 267.664
86.271298 269.901
86.303494 273.903
86.3345 276.893
86.365514 271.034
86.39651 268.654
86.427471 275.725
86.459365 278.933
86.490371 269.06
86.521335 270.675
86.552267 287.441
86.583439 291.9
86.666367 268.254
86.688097 267.504
86.719076 276.111
86.75006 270.576
86.781028 266.645
86.812022 268.563
86.844074 287.408
89.310734 287.877
89.341802 282.502
89.444144 280.593
89.475264 282.247
89.50749 278.744
89.539473 285.722
89.571646 284.276
89.603681 297.099
89.634741 294.636
89.665821 293.389
89.696993 296.038
89.728042 285.39
89.811002 286.431
89.84196 283.513
89.872963 288.199
89.893842 281.979
90.12853 285.171
90.211704 270.055
90.395299 270.96
90.42625 270.265
90.457211 270.269
90.488276 272.927
90.520325 267.666
90.551377 268.558
90.582353 272.233
90.613362 269.511
90.6445 267.521
90.676672 266.274
90.738166 278.408
90.769112 268.304
90.800151 281.021
90.831134 285.279
90.853016 306.207
90.884826 279.093
90.915838 271.934
90.94684 272.133
90.977824 269.315
91.008822 266.752
91.040853 280.293
91.153312 268.898
91.184312 281.246
91.215271 272.112
91.246255 269.692
91.268064 267.027
91.299052 269.401
91.330002 272.524
91.360978 267.536
91.391939 273.081
91.423941 272.4
91.454951 272.361
91.526768 280.361
91.557734 279.635
91.589145 275.769
91.621215 267.556
91.652283 270.648
91.683266 267.973
91.714246 267.634
91.745245 272.622
91.858819 294.409
91.88997 307.663
91.920947 277.64
91.951967 341.257
92.013776 341.741
92.045724 333.524
92.076839 328.192
92.107841 291.707
92.138839 282.672
92.302125 298.85
92.334259 320.797
92.365363 304.933
92.39654 305.531
92.427513 273.841
92.458474 275.46
92.49056 273.7
92.521586 284.141
92.552543 290.624
92.583532 284.44
92.685723 271.119
92.717616 273.862
92.74853 269.937
92.779426 272.348
92.810398 280.982
92.841464 283.694
92.873546 272.638
92.904811 268.502
92.925704 272.814
92.956749 270.722
93.058914 302.784
93.141878 338.417
93.172849 334.198
93.203819 352.491
93.234764 342.497
93.265828 330.706
93.297998 356.798
93.329775 324.757
93.36152 317.157
93.515621 273.643
93.546695 267.529
93.577705 269.942
93.608676 271.123
93.639823 270.465
93.671885 269.788
93.704118 273.637
93.735095 267.953
93.766222 266.879
93.868465 280.471
93.899437 280.477
93.93145 340.1
93.963292 291.403
93.995344 269.855
94.0264 276.617
94.05748 268.602
94.088612 270.994
94.119956 271.62
94.152 269.715
94.25407 272.046
94.285056 311.148
94.326198 297.575
94.357252 288.392
94.389395 318.843
94.421346 281.886
94.453223 286.144
94.484244 280.925
94.51524 281.136
94.637769 277.3
94.668826 272.896
94.700961 271.094
94.73208 272.182
94.763125 331.583
94.824767 282.673
94.855974 277.026
94.94922 278.43
94.980302 292.435
95.011457 288.201
95.042588 274.628
95.073747 305.766
95.105861 293.953
95.137052 341.236
95.178404 329.192
95.209511 307.997
95.261048 287.368
95.293056 299.545
95.324053 290.692
95.355187 315.73
95.386315 313.325
95.417415 287.765
95.449522 296.231
95.500861 312.105
95.531836 292.137
95.623942 266.716
95.654994 266.469
95.687132 269.603
95.718163 266.125
95.749217 267.707
95.780267 269.494
95.811298 266.629
95.84341 268.159
95.874429 267.266
95.905635 270.756
95.936618 274.939
95.967578 269.333
95.999596 266.497
96.030579 266.019
96.061569 269.37
96.092679 266.332
96.123985 267.133
96.15591 266.452
96.186872 266.822
96.21783 265.813
96.24886 265.87
96.27979 266.807
96.311593 267.676
96.342803 267.177
96.373817 267.254
96.404981 265.685
96.436104 266.185
96.46811 266.274
96.499076 266.329
96.530291 266.7
96.561429 267.681
96.592386 267.518
96.624553 268.453
96.655633 268.148
96.686635 268.516
96.717703 265.684
96.748716 266.727
96.78078 266.785
96.811775 270.428
96.842786 268.455
96.873811 268.203
96.904833 268.923
96.936892 266.617
96.967943 265.929
96.998929 265.274
97.030143 267.998
97.061399 266.17
97.09338 267.483
97.124533 267.624
97.155532 266.939
97.186635 267.807
97.217666 266.004
97.249584 266.99
97.280479 269.933
97.311466 269.578
97.342489 266.223
97.373487 267.699
97.405481 267.555
97.436511 266.778
97.467529 268.954
97.498573 270.051
97.539844 290.512
97.572021 288.014
97.603988 330.192
97.635026 366.839
97.665928 281.227
97.69691 267.877
97.727945 270.254
97.759942 273.658
97.790972 272.412
97.933838 270.131
97.96477 270.337
97.995995 270.575
98.028175 276.755
98.05921 281.96
98.090246 280.048
98.121242 286.532
98.152226 281.5
98.184152 271.429
98.215148 275.451
98.246133 274.202
98.317827 271.298
98.34897 268.028
98.381007 267.48
98.412062 267.263
98.443109 271.076
98.474109 271.468
98.505111 269.271
98.537237 267.366
98.568212 267.853
98.599384 268.603
98.630357 269.764
98.661368 270.088
98.713945 267.892
98.744942 271.229
98.775902 270.407
98.806873 288.139
98.837833 282.162
98.869863 271.849
98.900851 271.483
98.931876 274.181
98.962884 273.459
98.993868 288.137
99.025918 280.076
99.056954 282.357
99.087976 317.095
99.119124 279.306
99.150115 270.548
99.182107 275.437
99.213394 269.348
99.244485 269.626
99.275499 305.125
99.306516 272.807
99.338476 271.722
99.39995 271.435
99.430987 272.257
99.461951 269.523
99.492994 267.706
99.525135 269.067
99.556287 266.339
99.587321 274.131
99.618357 275.777
99.639219 271.008
99.722063 275.232
99.753092 278.346
99.78411 271.619
99.815156 279.678
99.84616 279.862
99.878072 393.741
100.001519 298.996
