1.4e-05 268.783
0.236697 272.286
0.268045 284.032
0.299425 289.21
0.330742 292.951
0.362126 296.212
0.384305 302.18
0.415623 306.332
0.446939 308.611
0.478239 303.319
0.509513 301.008
0.541996 300.128
0.573295 303.682
0.604652 303.584
0.636007 304.945
0.667423 304.791
0.699896 304.277
0.731221 305.832
0.762452 310.197
0.793822 307.566
0.82519 317.183
0.928964 315.695
0.96027 312.648
0.99162 309.111
1.023 305.064
1.054344 297.178
1.086776 297.8
1.118169 298.342
1.149523 300.494
1.180835 293.86
1.21215 290.398
1.244544 290.649
1.275883 295.646
1.307252 297.867
1.338604 299.495
1.369949 302.221
1.40232 302.754
1.433726 299.67
1.475285 296.253
1.506613 297.609
1.558465 290.115
1.590812 285.178
1.622025 292.021
1.714489 298.485
1.745726 316.738
1.797514 314.077
1.829915 311.366
1.861288 301.272
1.892565 306.387
1.964704 301.106
1.996009 303.189
2.038508 294.332
2.069829 290.855
2.121412 289.964
2.152767 292.654
2.194343 295.042
2.277836 297.879
2.349939 293.86
2.391413 291.781
2.42265 289.577
2.47437 286.497
2.537441 287.831
2.568798 285.21
2.620575 284.76
2.672381 287.433
2.77524 282.572
2.807877 280.225
2.839246 280.646
2.901057 282.834
2.973264 283.808
3.0656 281.513
3.097809 290.441
3.190326 288.481
3.252241 290.769
3.405902 284.723
3.457494 290.41
3.561177 292.609
3.71479 294.372
3.756141 290.701
3.818123 293.37
3.869938 290.541
4.095868 288.606
4.12694 289.785
4.168202 291.404
4.393282 293.102
4.475539 294.727
4.783519 302.322
4.825082 323.735
4.948325 322.02
5.091709 321.19
5.143284 314.174
5.216334 314.165
5.410163 317.582
5.492228 316.63
5.52333 315.589
5.8298 322.742
5.903121 341.16
5.995713 337.034
6.139249 332.855
6.201144 321.232
6.273207 324.393
6.489207 330.237
6.57145 327.367
6.796367 324.524
6.878425 322.772
7.103523 327.431
7.156444 334.97
7.259258 331.405
7.464016 328.753
7.576384 328.545
7.790702 332.68
7.935346 324.592
8.058231 311.627
8.201336 307.897
8.334151 311.636
8.538044 318.537
8.570108 322.937
8.692801 322.017
8.856231 320.274
8.887378 317.78
8.989833 333.378
9.134125 333.205
9.185579 331.739
9.216858 329.177
9.441215 326.008
9.492562 326.053
9.524776 324.224
9.759382 319.196
9.79045 326.75
9.903026 326.734
10.086853 326.945
10.119003 324.772
10.211027 341.413
10.364199 340.799
10.415913 340.042
10.447016 338.83
10.550434 331.073
10.642619 336.643
10.785881 337.258
10.888208 333.291
11.082303 325.118
11.155113 336.525
11.308275 333.054
11.400514 325.59
11.43151 318.233
11.574701 321.91
11.74934 324.499
11.780359 323.067
12.055463 325.095
12.107027 339.744
12.209207 330.326
12.322525 335.844
12.485881 337.848
12.567775 331.969
12.609216 330.948
12.934991 335.37
12.977202 352.941
13.089537 346.978
13.242774 346.184
13.324735 344.885
13.427241 340.087
13.632434 336.385
13.734724 332.902
13.928694 338.362
14.00047 344.408
14.123418 340.279
14.318439 336.31
14.431039 333.138
14.624908 339.357
14.696836 345.025
14.819469 341.106
15.014322 337.486
15.126845 333.386
15.320904 338.188
15.382374 342.797
15.505198 338.635
15.690118 334.551
15.812776 331.409
15.996733 336.876
16.068747 342.28
16.19167 337.777
16.376696 334.165
16.499635 330.76
16.683251 336.606
16.754896 340.673
16.867285 336.774
17.062332 333.323
17.174864 329.903
17.368993 334.613
17.430638 340.078
17.553382 336.087
17.73845 332.439
17.860984 331.88
18.06507 337.081
18.106337 340.429
18.218944 337.926
18.434325 335.277
18.547039 332.558
18.740917 337.311
18.802639 340.616
18.904998 338.77
19.069541 332.775
19.100615 341.441
19.304827 339.1
19.397121 339.282
19.428196 361.385
19.602988 362.463
19.674761 361.862
19.746417 356.583
19.777436 343.318
19.910229 350.303
20.074662 354.657
20.136446 363.276
20.198167 370.964
20.24966 375.525
20.311302 361.695
20.3435 356.021
20.456085 361.994
20.599641 365.913
20.641148 368.5
20.703117 368.133
20.735547 366.953
20.807702 359.413
20.900195 363.906
21.033558 366.142
21.085288 368.943
21.199503 367.118
21.261363 360.557
21.353709 358.424
21.425831 346.303
21.508286 343.393
21.58161 350.377
21.653646 353.599
21.725677 356.713
21.80815 358.024
21.95159 342.68
21.983971 339.968
22.045913 340.957
22.158922 341.743
22.302228 342.134
22.394865 342.461
22.498846 328.493
22.581302 333.984
22.673851 339.027
22.766478 339.216
22.838652 335.0
22.973052 326.131
23.034981 319.231
23.137778 321.506
23.311423 318.826
23.342798 317.529
23.44675 316.273
23.621011 317.96
23.662553 311.61
23.714377 310.96
23.929601 311.84
23.982439 310.771
24.013758 331.036
24.188072 330.414
24.249884 329.921
24.342056 327.724
24.497002 325.623
24.558999 337.687
24.76394 330.495
24.795253 335.367
24.928641 331.735
25.083342 328.637
25.237063 325.899
25.390675 332.93
25.462534 333.056
25.575087 330.135
25.770431 327.911
25.88308 325.603
26.087692 331.247
26.149683 335.203
26.252487 331.512
26.448033 328.101
26.550689 325.549
26.755456 330.434
26.817326 336.494
26.930185 332.561
27.064292 327.21
27.105718 334.871
27.320663 331.691
27.413158 328.667
27.627792 327.618
27.731831 340.303
27.844815 339.222
27.957736 338.747
28.070663 333.682
28.14291 340.498
28.348778 336.479
28.451532 332.563
28.656173 331.684
28.779303 345.253
28.892309 345.652
29.006358 341.102
29.200546 337.434
29.313464 334.024
29.508253 339.368
29.580425 344.349
29.69454 339.976
29.889187 335.608
30.002011 331.936
30.196625 338.337
30.268871 343.523
30.382904 338.739
30.495817 333.031
30.557704 341.934
30.782634 344.433
30.854765 344.317
30.907698 334.642
31.051352 338.183
31.225594 344.003
31.287608 349.047
31.431337 341.908
31.514876 343.444
31.648409 337.288
31.730694 329.02
31.915254 327.084
32.038535 324.595
32.224107 320.474
32.337068 340.142
32.521425 338.647
32.664934 338.762
32.859422 338.419
32.993825 346.764
33.066 338.042
33.138216 330.433
33.169616 332.043
33.343804 336.259
33.437513 344.271
33.540089 359.887
33.601923 359.061
33.88812 366.089
34.021764 358.88
34.197341 359.884
34.259361 359.621
34.382597 353.182
34.505743 349.881
34.577974 359.809
34.80425 365.309
34.907043 362.015
34.938387 349.944
35.071864 348.985
35.24603 351.563
35.278497 351.984
35.432449 372.609
35.586349 375.126
35.648273 381.622
35.710281 370.718
35.742718 357.447
35.855759 350.804
35.948394 355.396
36.092047 364.017
36.123424 364.701
36.227324 363.934
36.309805 378.713
36.433058 379.51
36.48477 381.931
36.526323 372.699
36.558764 365.52
36.6207 354.91
36.713275 350.73
36.805762 356.517
36.928985 360.135
37.012456 361.573
37.084433 362.077
37.166718 362.735
37.197988 355.518
37.229303 358.268
37.302518 359.129
37.374754 359.589
37.44702 362.664
37.549717 362.023
37.591238 361.739
37.61342 360.639
37.654892 358.587
37.71701 356.784
37.789217 349.309
37.851225 346.751
37.914192 341.887
37.976149 346.496
38.099368 336.176
38.130715 324.469
38.203034 328.691
38.337665 321.099
38.369006 322.289
38.441324 329.803
38.584988 322.03
38.616321 321.924
38.689689 322.188
38.772101 315.19
38.854492 316.062
38.926723 317.789
39.009206 317.499
39.08242 316.444
39.164827 314.607
39.236967 311.479
39.298907 309.267
39.381265 314.633
39.434002 317.078
39.495872 318.971
39.598551 306.365
39.701354 301.221
39.76335 297.425
39.867118 293.663
39.97005 301.904
40.062688 303.079
40.09396 300.697
40.155885 297.325
40.239212 293.51
40.331883 296.412
40.383678 300.207
40.466135 301.179
40.548588 300.362
40.621942 298.373
40.673797 295.545
40.745988 305.248
40.838604 303.087
40.910747 303.128
40.973827 301.076
41.025564 296.74
41.107904 298.238
41.149413 299.085
41.211364 299.696
41.284696 300.133
41.336488 297.292
41.378031 295.856
41.439995 305.259
41.5225 304.123
41.575434 302.961
41.627134 301.662
41.678903 301.803
41.740861 297.213
41.782349 299.314
41.835115 299.934
41.876589 300.707
41.928273 300.741
41.979958 299.404
42.031668 298.478
42.074323 296.822
42.12609 294.996
42.167666 293.821
42.219476 292.715
42.261024 297.55
42.303538 299.114
42.344975 300.857
42.386394 297.935
42.427883 294.816
42.489881 300.129
42.552937 301.89
42.6558 297.584
42.697345 293.578
42.759361 286.859
42.82124 290.821
42.874137 294.326
42.976696 293.864
43.048784 296.558
43.131104 299.827
43.193072 297.286
43.256123 293.181
43.307838 289.741
43.400304 291.424
43.441839 293.764
43.564977 287.174
43.597545 284.319
43.669773 282.669
43.711364 283.086
43.855056 291.544
43.947776 293.863
44.164072 294.898
44.246488 310.344
44.359583 309.862
44.46234 304.17
44.514055 304.496
44.811846 311.5
44.873834 330.388
44.976644 327.403
45.120197 324.874
45.182179 318.457
45.245304 321.518
45.470605 326.162
45.532575 323.648
45.76803 323.075
45.86053 321.152
46.076412 327.513
46.148413 339.276
46.28162 335.187
46.455858 331.816
46.589304 329.141
46.764579 335.287
46.82648 336.743
46.929225 332.865
47.133969 329.619
47.236737 327.16
47.442771 332.92
47.50471 338.232
47.61776 334.283
47.812221 330.683
47.925161 327.756
48.120813 332.717
48.18273 338.36
48.295698 334.395
48.490383 330.891
48.603404 329.207
48.809212 334.303
48.860937 337.775
48.963717 333.558
49.158128 329.804
49.271194 326.804
49.466923 333.32
49.539275 339.491
49.652263 335.157
49.846709 331.579
49.959637 328.764
50.155194 334.007
50.21712 338.625
50.330144 334.645
50.524735 330.985
50.637592 328.23
50.833228 333.373
50.895169 338.456
51.008003 334.278
51.141304 324.255
51.182825 332.287
51.398716 333.901
51.481074 341.852
51.583779 332.332
51.666108 323.813
51.748362 325.253
51.923522 314.599
51.954706 316.543
52.07762 305.246
52.190392 316.362
52.333834 310.792
52.366194 306.052
52.45869 318.145
52.541113 320.524
52.674218 321.251
52.705516 317.995
52.768476 322.294
52.891337 315.203
52.942994 313.914
52.984422 327.878
53.097119 333.906
53.139638 325.197
53.170831 320.323
53.222562 320.599
53.304581 316.142
53.386693 319.577
53.490365 320.859
53.552052 321.291
53.62398 321.708
53.655202 314.565
53.747628 308.174
53.820765 311.129
53.95399 320.29
54.015675 314.843
54.046847 314.424
54.129012 309.872
54.243144 315.284
54.366157 318.993
54.397495 320.062
54.459389 319.32
54.551876 312.449
54.635307 315.667
54.707468 317.78
54.789812 317.801
54.872059 322.425
54.985033 325.286
55.058144 327.195
55.130178 329.052
55.202249 324.121
55.274314 320.229
55.305547 313.415
55.399064 312.664
55.511782 311.702
55.583785 310.642
55.615081 307.2
55.677008 310.336
55.841783 315.219
55.933932 319.474
55.965089 323.964
56.036931 318.149
56.118986 317.957
56.252796 314.63
56.324722 311.338
56.406797 306.756
56.519395 309.301
56.571036 311.304
56.735841 305.638
56.787492 298.279
56.849104 300.898
57.053193 297.181
57.084622 293.567
57.137441 309.385
57.270483 307.587
57.352556 307.329
57.577347 301.892
57.608639 297.363
57.640934 314.178
57.784229 302.757
57.845967 310.228
57.978841 323.872
58.030649 322.774
58.093489 322.393
58.165379 315.454
58.23722 309.496
58.268387 309.874
58.350428 309.404
58.54536 315.845
58.607175 321.845
58.709527 320.601
58.862711 314.512
58.893836 322.909
59.088851 320.905
59.18103 319.394
59.405504 317.662
59.487602 329.524
59.590062 326.973
59.714106 324.304
59.897825 322.062
60.020309 320.218
60.213978 325.926
60.265328 352.081
60.55158 346.666
60.582639 342.201
60.867805 345.597
60.949824 363.306
61.062324 357.402
61.176207 351.47
61.370286 346.687
61.493017 342.019
61.686735 349.785
61.778822 357.209
61.902472 351.144
62.086105 346.461
62.218893 342.51
62.402493 349.642
62.484462 354.699
62.608179 348.709
62.791973 343.545
62.914569 339.011
63.098217 346.93
63.190438 353.629
63.31435 347.858
63.498423 342.843
63.621266 338.26
63.805195 345.748
63.897479 352.079
64.02133 346.668
64.205039 341.919
64.327956 337.627
64.52202 344.791
64.604029 351.524
64.727751 349.613
64.850461 343.469
64.901993 350.057
65.116644 354.514
65.239515 354.55
65.271682 344.429
65.394546 343.573
65.578627 343.772
65.609731 345.241
65.752866 366.49
65.907435 369.213
65.970439 369.944
66.001731 366.97
66.094048 357.465
66.196314 360.677
66.349646 365.461
66.381996 366.167
66.464074 366.473
66.566606 361.774
66.679323 363.983
66.751369 366.431
66.844567 363.957
66.926615 360.475
67.00868 358.25
67.0909 371.672
67.213773 376.624
67.256481 371.3
67.349046 365.026
67.410786 369.727
67.493013 371.437
67.595489 368.902
67.627869 363.847
67.679594 357.516
67.751516 353.94
67.823598 359.32
67.895558 359.226
67.958317 369.549
68.070804 372.787
68.152901 367.578
68.224693 363.052
68.286334 368.113
68.349008 364.18
68.400438 353.075
68.492547 343.427
68.523696 327.476
68.564952 330.78
68.699021 326.939
68.73018 322.707
68.791808 321.997
68.884184 314.691
68.955912 318.151
69.049374 320.301
69.121274 319.931
69.20337 318.763
69.275304 315.829
69.347285 312.224
69.420321 317.092
69.481942 320.178
69.543821 326.238
69.636201 317.421
69.697997 313.633
69.770866 321.217
69.822404 324.721
69.894395 321.723
69.935734 319.442
70.007706 316.802
70.060485 311.574
70.122246 308.651
70.173852 312.867
70.235611 316.698
70.28739 318.857
70.340099 320.938
70.401816 325.96
70.483921 321.751
70.525349 318.249
70.556597 314.649
70.588874 318.289
70.630221 320.165
70.671685 320.488
70.723135 317.46
70.774717 314.862
70.806971 321.492
70.848399 324.109
70.899965 322.9
70.941357 321.966
70.993004 320.982
71.035443 319.279
71.087043 316.526
71.138549 311.114
71.169732 312.483
71.221278 316.209
71.273995 316.933
71.305215 316.927
71.356729 316.494
71.398179 314.182
71.439598 313.398
71.482108 311.838
71.523521 309.909
71.564999 308.567
71.606348 307.554
71.637565 306.305
71.669862 310.314
71.700984 313.296
71.732224 315.69
71.773605 317.911
71.814986 317.252
71.877839 319.658
71.949877 307.072
71.981129 303.314
72.012327 298.892
72.043528 297.371
72.106348 295.388
72.157999 295.854
72.250141 289.202
72.281298 289.8
72.332886 290.07
72.395859 295.572
72.437215 299.147
72.488751 298.414
72.540374 302.775
72.61228 296.99
72.675116 293.641
72.706326 297.332
72.757912 299.15
72.799374 299.839
72.8406 296.36
72.892967 292.738
72.934217 297.563
73.006146 296.867
73.04747 298.015
73.099347 299.154
73.131521 299.179
73.162789 298.184
73.194037 297.299
73.225192 293.127
73.266505 294.674
73.308883 296.782
73.360303 298.432
73.411674 299.405
73.452932 298.957
73.48399 299.306
73.536564 298.29
73.567566 297.117
73.598545 300.445
73.680521 302.147
73.721781 303.585
73.754058 307.379
73.815538 313.21
73.846889 314.174
73.877898 316.586
73.929334 305.056
73.961494 301.803
74.002781 297.871
74.033745 290.458
74.074978 287.412
74.10617 288.219
74.138432 289.172
74.179626 291.976
74.261533 288.576
74.292793 289.427
74.374647 288.109
74.417257 290.204
74.468785 287.858
74.53028 288.379
74.581546 282.828
74.643063 282.068
74.695504 280.21
74.73686 284.426
74.788155 287.41
74.839561 289.066
74.880702 292.766
74.963879 289.309
75.005051 286.608
75.056404 281.883
75.107857 285.134
75.149509 287.429
75.191964 286.276
75.233076 285.345
75.264057 284.543
75.295161 283.409
75.336405 286.684
75.460058 284.462
75.491001 287.895
75.552643 285.046
75.5939 282.637
75.716594 283.981
75.748703 282.572
75.820333 281.404
75.851416 281.505
75.882405 288.956
75.9338 287.394
75.996596 286.746
76.027682 289.848
76.058684 293.492
76.140544 298.061
76.212387 294.679
76.265064 296.355
76.306423 297.114
76.368146 294.55
76.41964 291.01
76.471063 293.276
76.625606 289.917
76.656707 286.911
76.687723 287.591
76.769758 290.803
76.800907 288.063
76.904047 290.852
76.996153 291.321
77.057843 302.755
77.170331 302.988
77.30313 298.188
77.335188 294.565
77.437658 293.07
77.601051 307.262
77.734266 306.602
77.765319 301.631
77.868703 312.047
77.981104 301.184
78.012048 311.074
78.124245 324.376
78.16546 321.318
78.197464 320.139
78.299779 323.376
78.351302 316.264
78.392678 310.519
78.433923 315.199
78.516968 318.063
78.639572 314.14
78.680804 318.037
78.762664 317.083
78.824232 311.917
78.917411 309.233
78.968939 304.9
79.040728 301.177
79.071805 299.272
79.113115 305.684
79.175868 308.096
79.237689 311.156
79.299353 314.096
79.330595 319.502
79.392433 312.871
79.506079 310.74
79.598116 308.594
79.690045 304.029
79.772177 299.853
79.8643 295.313
79.957631 305.91
80.029319 310.73
80.101018 319.897
80.213442 318.237
80.264853 314.856
80.327468 311.847
80.399518 301.586
80.481481 297.628
80.532776 293.72
80.65539 295.892
80.799484 307.518
80.92224 303.273
80.953386 299.363
81.065876 301.086
81.107113 303.107
81.240979 303.426
81.261857 298.786
81.333676 299.357
81.415698 314.055
81.528203 316.308
81.570495 318.851
81.601563 317.784
81.642731 316.955
81.724678 310.992
81.79658 305.898
81.828639 303.373
81.859656 313.832
81.961971 313.661
82.105008 307.667
82.13619 299.735
82.239605 296.085
82.382664 298.569
82.43425 298.226
82.536633 311.903
82.638834 301.957
82.803516 297.512
82.905794 298.629
83.109834 295.415
83.181636 297.682
83.498289 305.104
83.540695 325.158
83.653419 322.934
83.806895 322.661
83.858458 315.704
83.920075 315.608
84.125255 318.41
84.197115 319.205
84.23837 318.312
84.554646 323.742
84.605998 341.733
84.709458 352.618
84.964485 347.075
85.280714 353.63
85.362858 353.598
85.628566 357.16
85.660745 372.096
85.844607 366.248
85.957047 360.103
85.988153 367.548
86.263711 360.888
86.295983 356.028
86.581449 374.408
86.795535 390.812
86.826545 382.042
86.908623 373.483
87.103769 367.016
87.22649 359.924
87.420493 370.44
87.553484 379.585
87.66599 378.509
87.789606 372.131
87.881786 383.849
88.136659 386.311
88.188125 381.088
88.229455 367.239
88.414262 365.564
88.577487 359.481
88.720515 367.005
88.822795 362.371
88.904695 368.29
89.140345 373.06
89.232475 364.678
89.436377 364.169
89.589819 361.077
89.783705 373.988
89.907525 381.608
90.030075 372.28
90.213621 363.864
90.336343 358.652
90.530232 369.012
90.653802 377.989
90.776304 368.936
90.959818 361.913
91.082307 356.416
91.276207 368.336
91.410309 377.072
91.522771 368.859
91.716794 361.518
98.640868 338.917
98.804444 332.69
98.836627 327.563
98.877968 330.591
98.990884 322.909
99.072952 325.489
99.155026 327.313
99.21776 332.183
99.360829 334.06
99.422463 334.967
99.494317 335.941
99.566205 323.73
99.639107 319.891
99.710941 322.536
99.833724 324.746
99.905674 325.2
99.967552 325.325
100.040839 342.723
