1.2e-05 0.008354
0.225487 0.017752
0.256836 0.027847
0.288047 0.034112
0.319216 0.039334
0.350265 0.044294
0.382131 0.046383
0.413114 0.050125
0.444126 0.056477
0.475056 0.114086
0.506019 0.106689
0.537782 0.105819
0.568864 0.109474
0.599909 0.11078
0.630908 0.113129
0.661906 0.117219
0.693732 0.120787
0.724862 0.125486
0.755853 0.129054
0.786994 0.142021
0.818001 0.124181
0.860227 0.12479
0.891291 0.123311
0.922474 0.126792
0.953519 0.12714
0.984674 0.124877
1.016589 0.126008
1.047616 0.122702
1.07862 0.120613
1.109797 0.13767
1.14101 0.138975
1.172996 0.133579
1.204246 0.128967
1.235331 0.127227
1.266392 0.130099
1.297561 0.131056
1.329416 0.129402
1.36048 0.120004
1.401836 0.106863
1.443088 0.089894
1.514937 0.081975
1.55697 0.07658
1.598188 0.071793
1.62916 0.078407
1.660184 0.079712
1.691174 0.078581
1.723069 0.080844
1.754138 0.088415
1.785163 0.0865
1.816294 0.089807
1.847362 0.092679
1.879215 0.088676
1.910461 0.088241
1.941545 0.081105
1.972581 0.083193
2.003734 0.08563
2.035722 0.095725
2.06675 0.098335
2.097898 0.092331
2.12902 0.095202
2.160045 0.091634
2.222545 0.086239
2.263769 0.082845
2.325403 0.062395
2.386959 0.067529
2.418094 0.057957
2.460191 0.050212
2.491256 0.06196
2.522276 0.054737
2.553409 0.058914
2.594807 0.059001
2.637136 0.060132
2.719105 0.072228
2.75016 0.066485
2.78134 0.073099
2.822584 0.058914
2.864654 0.06605
2.905884 0.059784
2.977717 0.072751
3.009082 0.067442
3.040213 0.051865
3.133327 0.045512
3.16459 0.041596
3.266848 0.038551
3.328472 0.04003
3.400371 0.040117
3.493391 0.039073
3.524458 0.044903
3.555494 0.045164
3.617065 0.03359
3.780467 0.029935
3.83275 0.028543
3.924879 0.02863
4.068093 0.03098
4.119521 0.028195
4.232214 0.016273
4.477818 0.018796
4.5089 0.016273
4.784232 0.01958
4.815291 0.015838
4.958453 0.009572
5.102649 0.012183
5.154096 0.011051
5.22606 0.01723
5.440449 0.016273
5.491866 0.016534
5.574759 0.013488
5.656668 0.008267
5.901493 0.0067
5.952916 0.013401
6.218193 0.008615
6.463887 0.013749
6.494969 0.016534
6.831274 0.011225
7.086399 0.017665
7.158172 0.014271
7.342888 0.026019
7.373899 0.01897
7.547648 0.017143
7.599181 0.022974
7.752598 0.022712
7.825293 0.024192
7.96854 0.027325
7.999625 0.02689
8.071603 0.027325
8.173997 0.025845
8.256897 0.031241
8.349192 0.032372
8.43112 0.038028
8.564127 0.027586
8.646284 0.034809
8.7291 0.035418
8.800976 0.037419
8.872669 0.038115
8.954486 0.028978
9.036582 0.038725
9.099344 0.037419
9.171105 0.029239
9.30415 0.032111
9.345398 0.023235
9.376515 0.025671
9.520489 0.029413
9.694171 0.028717
9.725186 0.029587
9.807387 0.030806
9.899459 0.031502
9.982335 0.032894
10.064255 0.033851
10.156352 0.028891
10.238292 0.020624
10.371389 0.021146
10.413383 0.021233
10.566624 0.023757
10.638377 0.023496
10.730365 0.022364
10.924189 0.02628
10.966803 0.021755
11.130115 0.024453
11.23247 0.019667
11.263594 0.014532
11.477992 0.019319
11.530405 0.017143
11.571617 0.013836
11.653577 0.016621
11.786607 0.019319
11.82784 0.021494
11.859796 0.024018
12.053527 0.021755
12.166141 0.022886
12.197205 0.021581
12.360745 0.026106
12.43349 0.016708
12.688416 0.011835
12.912912 0.016708
12.954215 0.02132
13.026103 0.022016
13.282332 0.019145
13.364429 0.017665
13.527653 0.022016
13.558945 0.017491
13.68153 0.01636
13.896918 0.013662
14.111051 0.01227
14.16254 0.008267
14.508802 0.009137
14.631392 0.008267
14.805684 0.012183
14.867339 0.008093
15.163016 0.008702
15.366902 0.009485
15.469085 0.010877
15.562076 0.010094
15.633983 0.014097
15.879054 0.014532
15.96107 0.014184
16.043144 0.011748
16.125955 0.007048
16.401347 0.006091
16.442657 0.011748
16.769126 0.009833
16.881502 0.007832
17.117073 0.006526
17.199113 0.011835
17.484656 0.00818
17.729819 0.007919
17.781224 0.009398
18.098289 0.007745
18.343321 0.009398
18.394716 0.010268
18.517519 0.010355
18.609708 0.012879
18.855538 0.013662
18.937602 0.015838
18.979072 0.016099
19.224188 0.017317
19.326676 0.01897
19.358536 0.019754
19.532043 0.021494
19.736329 0.021059
19.777605 0.021233
19.94126 0.021494
20.024138 0.021059
20.136653 0.021233
20.239047 0.021407
20.452944 0.02776
20.535108 0.028021
20.628118 0.023757
20.760932 0.030544
20.842846 0.033677
20.975584 0.027238
21.108435 0.021842
21.14078 0.020711
21.273563 0.020189
21.42645 0.022451
21.518429 0.019841
21.67154 0.025062
21.774967 0.014445
22.02979 0.012531
22.060806 0.012705
22.23427 0.016447
22.336545 0.015403
22.368887 0.015838
22.501531 0.020189
22.725733 0.015228
22.838078 0.012096
23.04201 0.009746
23.257887 0.013662
23.309353 0.01401
23.553968 0.004786
23.859532 0.007919
23.921325 0.008876
24.045336 0.013923
24.168111 0.011835
24.290985 0.011835
24.362754 0.015838
24.648661 0.013401
24.741731 0.007658
25.098722 0.006961
25.160289 0.011922
25.466545 0.009746
25.609635 0.007919
25.814934 0.010877
25.866513 0.007222
26.182371 0.007745
26.42698 0.009137
26.478648 0.010268
26.61247 0.010355
26.694335 0.008615
27.030483 0.004525
27.346694 0.007832
27.398156 0.008615
27.531887 0.013575
27.66504 0.01079
27.808166 0.008615
27.931028 0.007135
28.115022 0.007396
28.269114 0.008267
28.463088 0.008963
28.595984 0.009485
28.728868 0.006004
28.994423 0.006265
29.046728 0.007396
29.322239 0.011138
29.384047 0.009485
29.506767 0.007483
29.711032 0.006265
29.834603 0.01079
30.109644 0.00905
30.313654 0.007135
30.415906 0.006004
30.629942 0.006961
30.834759 0.008528
30.92687 0.010181
31.059844 0.005656
31.243713 0.006787
31.376627 0.008615
31.581811 0.009311
31.714587 0.009485
31.837361 0.011312
31.970224 0.012444
32.052265 0.015054
32.348981 0.015577
32.430965 0.013488
32.634886 0.009659
32.879423 0.014532
32.93085 0.010529
33.054455 0.009659
33.187095 0.017839
33.258641 0.015664
33.553819 0.016273
33.615483 0.015664
33.871366 0.016273
33.912577 0.023496
34.167515 0.015838
34.381825 0.019232
34.433235 0.023931
34.506395 0.01897
34.679829 0.029761
34.731237 0.024627
34.884343 0.026367
34.945964 0.032111
35.049765 0.02863
35.13172 0.03037
35.274795 0.035505
35.306065 0.024105
35.408367 0.017926
35.460963 0.02219
35.563137 0.021146
35.807821 0.017317
35.859375 0.017926
36.012519 0.025323
36.095628 0.021494
36.259077 0.01958
36.290176 0.021668
36.423074 0.016534
36.627203 0.017317
36.689785 0.016621
37.035969 0.014967
37.168816 0.012444
37.342238 0.012009
37.434325 0.01636
37.649686 0.008441
37.996468 0.007832
38.373932 0.004699
38.669713 0.008093
38.731355 0.009137
38.844911 0.014271
38.977851 0.012096
39.069972 0.01227
39.141837 0.016969
39.407202 0.01723
39.479797 0.013923
39.663806 0.021407
39.694929 0.020711
39.838016 0.013314
40.022094 0.008267
40.135507 0.010268
40.25825 0.017752
40.340299 0.013836
40.554615 0.013662
40.6468 0.016099
40.698992 0.004786
41.004858 0.007919
41.066449 0.008963
41.189469 0.014097
41.312093 0.011922
41.435799 0.009398
41.619592 0.007919
41.732177 0.009485
41.926098 0.010268
42.038625 0.010094
42.16225 0.006787
42.407354 0.0067
42.468867 0.011922
42.774844 0.010181
42.897576 0.007919
43.123074 0.006787
43.205847 0.008354
43.430283 0.011312
43.502082 0.010355
43.624764 0.007483
43.839176 0.006874
43.932372 0.008789
44.146971 0.011051
44.229049 0.010355
44.351788 0.013401
44.474455 0.012879
44.54729 0.016621
44.822834 0.014619
44.945771 0.011922
45.02797 0.016621
45.079435 0.018274
45.233687 0.020624
45.437959 0.016969
45.601327 0.022712
45.632626 0.0
45.745591 0.017926
45.858951 0.020102
46.052956 0.020363
46.114535 0.026628
46.145675 0.025671
46.25821 0.023409
46.330949 0.023322
46.42306 0.029587
46.525461 0.029326
46.617601 0.03185
46.699649 0.032459
46.782499 0.02776
46.864531 0.028195
46.946564 0.032198
46.977803 0.03185
47.029285 0.03037
47.122406 0.034286
47.18403 0.037332
47.296433 0.028456
47.38871 0.030457
47.440262 0.021668
47.492612 0.021668
47.554343 0.024888
47.585489 0.028456
47.677496 0.027847
47.891299 0.027064
47.923249 0.030719
48.015463 0.023757
48.158426 0.032459
48.199682 0.030719
48.322723 0.03359
48.405686 0.036984
48.518558 0.032633
48.590358 0.036114
48.672267 0.024627
48.855967 0.025497
48.938889 0.032285
49.12266 0.028543
49.204855 0.028108
49.297076 0.028978
49.399459 0.024453
49.492349 0.031241
49.584708 0.031763
49.666761 0.029413
49.79977 0.032198
49.830858 0.019841
49.974756 0.018883
50.056698 0.021407
50.169409 0.0181
50.241173 0.021842
50.302951 0.026715
50.335037 0.022712
50.549096 0.021668
50.620987 0.023583
50.672429 0.0181
50.733987 0.019319
50.786389 0.020798
50.817466 0.026977
50.899659 0.027586
51.032454 0.025323
51.083896 0.024714
51.136294 0.02776
51.187793 0.029587
51.219018 0.028804
51.270568 0.033242
51.403599 0.03272
51.486436 0.033068
51.527706 0.030719
51.650651 0.032459
51.681834 0.038899
51.733246 0.03829
51.856961 0.036201
51.888058 0.035766
52.000474 0.036723
52.072311 0.040552
52.14415 0.036201
52.216765 0.037941
52.278457 0.042119
52.350167 0.040117
52.452538 0.043076
52.514162 0.042119
52.57681 0.045599
52.638377 0.046122
52.699955 0.051952
52.751364 0.03916
52.823136 0.046992
52.875431 0.045599
52.957413 0.046122
53.019196 0.050038
53.080857 0.050647
53.132419 0.044381
53.194867 0.051865
53.236063 0.052126
53.297703 0.052648
53.349143 0.053693
53.400538 0.054998
53.452968 0.05552
53.504716 0.047862
53.556099 0.053344
53.607426 0.057609
53.64862 0.046122
53.751982 0.039334
53.783105 0.041944
53.814153 0.030806
53.926705 0.037767
54.008661 0.03681
54.111748 0.042554
54.193729 0.039943
54.255292 0.043337
54.317028 0.044207
54.378564 0.042467
54.441466 0.044816
54.503122 0.044381
54.564718 0.04499
54.62639 0.047862
54.677883 0.049254
54.730205 0.051865
54.791793 0.045077
54.843215 0.052126
54.90484 0.047862
54.956328 0.046905
55.019036 0.052474
55.070425 0.053344
55.12189 0.055259
55.193709 0.051865
55.275655 0.034983
55.368592 0.033329
55.399625 0.035157
55.461501 0.038464
55.543546 0.036114
55.635848 0.035157
55.718594 0.039247
55.749824 0.041509
55.780862 0.044294
55.842424 0.041683
55.944758 0.039508
55.97683 0.045251
56.007901 0.03916
56.079706 0.044294
56.131098 0.046296
56.202944 0.053519
56.244958 0.048645
56.30659 0.039682
56.388482 0.044642
56.41953 0.050647
56.450688 0.051517
56.533647 0.048645
56.574938 0.055955
56.656829 0.054563
56.687809 0.050647
56.739195 0.051517
56.791383 0.056999
56.832695 0.054389
56.884157 0.036897
57.108235 0.037941
57.13947 0.034548
57.222304 0.025236
57.416433 0.025149
57.488277 0.030283
57.560152 0.034548
57.591269 0.029674
57.663965 0.042728
57.694995 0.041944
57.725947 0.039508
57.838421 0.029674
57.93064 0.043076
57.98292 0.02132
58.176797 0.025062
58.207886 0.023235
58.300041 0.02454
58.33132 0.024801
58.546659 0.027934
58.577726 0.024801
58.659795 0.021581
58.711242 0.024801
58.803518 0.029935
58.845724 0.028891
58.937767 0.025236
59.080914 0.027586
59.122408 0.021233
59.194072 0.018361
59.388811 0.021929
59.460517 0.025671
59.664597 0.009485
59.970673 0.016969
60.012022 0.016534
60.278162 0.008528
60.624429 0.004525
60.940175 0.00757
61.001912 0.00757
61.307528 0.00992
61.441275 0.013662
61.62544 0.00992
61.788766 0.013314
61.870714 0.018187
61.911909 0.015403
62.168154 0.017143
62.199182 0.015751
62.33213 0.018187
62.536193 0.021059
62.628302 0.020189
62.843534 0.024279
62.874543 0.023931
62.936305 0.025149
63.038611 0.033155
63.151116 0.023061
63.284927 0.028369
63.315923 0.024105
63.458935 0.030109
63.489971 0.026367
63.581978 0.030806
63.675033 0.027586
63.756847 0.032372
63.848851 0.03359
63.930834 0.030806
64.002632 0.033503
64.085437 0.036375
64.208355 0.038028
64.31061 0.036897
64.382449 0.032894
64.484633 0.041074
64.557407 0.034199
64.629332 0.041335
64.700971 0.042119
64.803092 0.042206
64.864714 0.02628
64.967954 0.028021
65.060101 0.022974
65.203013 0.022799
65.315459 0.02863
65.346496 0.023844
65.450155 0.028021
65.481199 0.018361
65.614244 0.018709
65.757441 0.01723
65.8699 0.021146
65.952827 0.017578
66.024637 0.023844
66.055659 0.020624
66.219253 0.021668
66.352302 0.021146
66.414889 0.023061
66.446098 0.019493
66.629858 0.025236
66.660951 0.025149
66.834508 0.024888
66.957942 0.028282
66.98897 0.029065
67.050569 0.025149
67.142892 0.033677
67.235012 0.031415
67.338093 0.029065
67.409686 0.033677
67.491884 0.037071
67.574015 0.031415
67.656234 0.032459
67.728876 0.033677
67.800747 0.036114
67.872546 0.035766
67.974946 0.035592
68.016261 0.038638
68.04808 0.037332
68.109778 0.041944
68.140823 0.038115
68.222939 0.040291
68.254003 0.045251
68.316415 0.040117
68.40861 0.048993
68.439835 0.042554
68.501587 0.045861
68.573279 0.047427
68.625612 0.041074
68.687368 0.044555
68.75945 0.047166
68.810853 0.044033
68.872476 0.048036
68.904422 0.04908
68.935497 0.037245
69.017618 0.031415
69.079331 0.02863
69.202042 0.037854
69.285055 0.034548
69.367046 0.032111
69.45925 0.036027
69.521001 0.035679
69.592769 0.03916
69.665539 0.041944
69.737438 0.036027
69.80919 0.042293
69.870803 0.044033
69.963064 0.046122
70.025561 0.046296
70.08714 0.038028
70.148799 0.037593
70.220537 0.047862
70.26181 0.048906
70.324279 0.04969
70.375921 0.050299
70.437719 0.059262
70.489074 0.047862
70.540539 0.053257
70.593453 0.052039
70.644894 0.055433
70.696298 0.054563
70.737463 0.058566
70.788805 0.05378
70.841048 0.058653
70.87225 0.053257
70.903305 0.058827
70.954988 0.055433
70.985994 0.061786
71.028339 0.058566
71.079811 0.062221
71.14147 0.056477
71.172497 0.055607
71.213767 0.060828
71.266028 0.043424
71.37852 0.043076
71.409677 0.044468
71.481446 0.040813
71.553238 0.040987
71.646338 0.047427
71.687553 0.043598
71.749113 0.038203
71.810679 0.044816
71.872234 0.047427
71.965258 0.048384
72.016599 0.055172
72.078147 0.035853
72.180413 0.034286
72.22164 0.028282
72.324782 0.033416
72.355873 0.033677
72.468354 0.033851
72.51985 0.030632
72.591601 0.034635
72.633615 0.035331
72.725732 0.016621
72.980816 0.022277
73.011836 0.016621
73.28725 0.018883
73.31936 0.015664
73.452251 0.02367
73.554637 0.023583
73.606012 0.009398
73.902054 0.01079
74.015533 0.01401
74.219503 0.009224
74.535365 0.007919
74.760036 0.009224
74.83182 0.011922
74.894564 0.008441
75.180065 0.007919
75.221349 0.009833
75.344135 0.012705
75.47708 0.012444
75.570537 0.01314
75.642281 0.014184
75.887079 0.015316
75.958859 0.011574
76.020674 0.018013
76.053015 0.019145
76.257057 0.019319
76.369707 0.018013
76.400772 0.025236
76.574479 0.023322
76.769791 0.022103
76.973869 0.024801
77.00498 0.021407
77.178566 0.022103
77.240356 0.029413
77.303279 0.026541
77.405781 0.028543
77.497945 0.032894
77.590089 0.031502
77.671997 0.030196
77.755367 0.033851
77.837254 0.032894
77.919134 0.0295
78.00094 0.03681
78.082948 0.033851
78.165989 0.036897
78.278553 0.04003
78.350528 0.039595
78.422342 0.039943
78.48386 0.032807
78.55674 0.040987
78.628347 0.044294
78.689834 0.043424
78.751305 0.043946
78.822937 0.044642
78.885706 0.04177
78.947139 0.047253
79.008621 0.044642
79.059989 0.047514
79.121652 0.048558
79.184141 0.049951
79.235565 0.05056
79.286923 0.04908
79.348572 0.043598
79.430424 0.051517
79.483202 0.052648
79.534589 0.038377
79.637191 0.037593
79.698792 0.036114
79.801023 0.036549
79.873961 0.041857
79.956164 0.036636
80.027943 0.032546
80.10989 0.037245
80.140918 0.038899
80.173417 0.039769
80.245108 0.036897
80.306563 0.040987
80.337614 0.04734
80.409296 0.034983
80.482287 0.035766
80.543809 0.043772
80.605602 0.043424
80.707921 0.040291
80.810269 0.045773
80.842548 0.045338
80.893982 0.033851
81.016773 0.025584
81.068415 0.026977
81.119912 0.033851
81.27396 0.033242
81.376119 0.026019
81.508935 0.02776
81.54025 0.028978
81.602014 0.028369
81.735864 0.027847
81.766909 0.036375
81.859113 0.035244
81.971289 0.036462
82.043122 0.036375
82.14649 0.02541
82.238594 0.033242
82.290026 0.040813
82.372157 0.037071
82.433723 0.041857
82.506537 0.031763
82.608863 0.031676
82.639955 0.025062
82.762615 0.032981
82.915639 0.03185
82.947751 0.034722
83.050061 0.03681
83.223896 0.024801
83.31608 0.029761
83.347093 0.037071
83.368759 0.021059
83.562526 0.024192
83.613878 0.018535
83.644939 0.018187
83.76755 0.021059
83.870847 0.028978
83.901903 0.02628
83.96351 0.021842
84.106532 0.027499
84.16812 0.024105
84.25117 0.034983
84.445134 0.034896
84.516849 0.018883
84.761654 0.021581
84.792737 0.016447
85.068981 0.01897
85.1001 0.013923
85.314531 0.014184
85.355878 0.00905
85.682252 0.010268
85.785475 0.013575
85.999701 0.009137
86.315755 0.008006
86.540564 0.009137
86.612398 0.011487
86.695468 0.008702
86.950605 0.007658
87.012163 0.010094
87.124603 0.013053
87.257393 0.012183
87.371034 0.013488
87.442831 0.016099
87.72842 0.016273
87.810298 0.008789
88.136632 0.00757
88.382936 0.008789
88.434504 0.010877
88.536855 0.010094
88.751173 0.014097
88.853449 0.014271
88.946912 0.015838
89.018628 0.015838
89.263266 0.017839
89.355281 0.019667
89.386307 0.021146
89.601721 0.021494
89.795469 0.019057
89.979035 0.023409
90.030353 0.021494
90.18342 0.022886
90.245913 0.020102
90.388775 0.026803
90.450299 0.029587
90.552484 0.027325
90.644588 0.032807
90.748098 0.027586
90.829919 0.031589
90.911861 0.03098
91.004129 0.032894
91.086109 0.031067
91.168988 0.030544
91.250993 0.025671
91.343124 0.025323
91.51688 0.023583
91.619274 0.020189
91.692021 0.024279
91.723065 0.025323
91.815247 0.025323
92.02974 0.023583
92.071006 0.020102
92.133516 0.014445
92.337543 0.014967
92.41955 0.013401
92.511712 0.016447
92.603835 0.021146
92.747517 0.020537
92.951664 0.017839
93.013122 0.010964
93.277886 0.008789
93.501831 0.013662
93.534244 0.017317
93.870515 0.013053
93.983177 0.012966
94.176876 0.021668
94.207918 0.01636
94.423267 0.023757
94.454285 0.022103
94.525973 0.024801
94.791173 0.02454
94.88327 0.020711
95.017577 0.018535
95.04862 0.026803
95.130503 0.022451
95.304163 0.02367
95.335254 0.029587
95.449306 0.025323
95.531178 0.027586
95.562173 0.032981
95.623735 0.026106
95.705661 0.023583
95.921224 0.024279
96.00315 0.016534
96.227543 0.026019
96.258562 0.017143
96.432216 0.020537
96.464608 0.015141
96.516004 0.022364
96.7709 0.012357
96.985156 0.016708
97.0367 0.020885
97.130176 0.023148
97.354506 0.016708
97.558898 0.017578
97.620405 0.023148
97.651443 0.011748
97.887321 0.015751
97.958986 0.020189
98.173062 0.017491
98.377202 0.014271
98.469201 0.022364
98.50161 0.017491
98.685183 0.01958
98.767017 0.020363
98.889764 0.021407
99.093861 0.024888
99.126348 0.014271
99.401673 0.016534
99.442848 0.016534
99.708026 0.017752
99.769621 0.008876
100.036204 0.011748
