1.3e-05 279.814
0.267478 283.73
0.298807 295.977
0.340337 314.023
0.443 308.094
0.535543 308.814
0.588453 311.129
0.670781 318.36
0.712311 320.32
0.743658 322.196
0.774986 323.743
0.807201 330.251
0.879365 331.298
0.910625 330.855
0.94194 329.451
0.973219 326.425
1.005522 324.909
1.036744 323.351
1.067976 319.784
1.099229 316.586
1.130458 315.694
1.162785 312.835
1.194015 309.543
1.225312 307.043
1.256536 304.786
1.287801 302.646
1.320299 300.49
1.351611 298.509
1.372688 296.083
1.403943 294.555
1.435242 292.935
1.467667 288.983
1.499026 282.251
1.530436 276.854
1.561761 274.366
1.593129 272.366
1.625604 268.782
1.656932 268.187
1.688203 268.485
1.719513 268.434
1.75088 268.407
1.78323 268.655
1.814543 267.915
1.845913 273.894
1.877296 277.561
1.908722 278.405
1.941083 279.252
1.972397 279.376
2.003642 279.46
2.034986 279.433
2.066287 279.545
2.098676 276.548
2.129921 277.826
2.161178 276.926
2.182211 277.741
2.213466 277.936
2.245754 279.064
2.277011 279.464
2.308314 281.293
2.339665 280.165
2.370943 279.405
2.403331 277.442
2.434633 278.347
2.465814 278.323
2.497112 277.601
2.528341 276.603
2.560664 277.17
2.591929 276.963
2.623252 277.265
2.654746 279.494
2.686105 279.083
2.718603 277.032
2.749863 278.03
2.781184 279.428
2.812484 280.586
2.843842 281.566
2.876173 279.766
2.907498 277.964
2.938817 276.098
2.970169 277.618
3.001425 277.714
3.03397 276.961
3.065234 278.347
3.096503 276.706
3.127848 275.874
3.159086 277.237
3.191418 278.605
3.222569 279.215
3.253636 278.645
3.284744 278.662
3.315921 277.688
3.348177 276.292
3.37938 277.304
3.410494 276.972
3.441574 276.515
3.472713 276.657
3.505046 278.275
3.536281 278.444
3.56755 277.748
3.598792 278.065
3.630053 278.321
3.662459 278.547
3.693651 279.004
3.724905 278.723
3.756088 279.847
3.787436 278.237
3.81973 280.534
3.851066 279.291
3.882333 282.767
3.913598 278.645
3.944886 280.063
3.977328 279.463
4.008711 279.579
4.03999 278.847
4.071293 277.566
4.102571 276.273
4.135136 274.999
4.166409 276.419
4.19771 277.344
4.229003 276.1
4.260242 278.21
4.292678 276.988
4.323912 280.62
4.355211 279.728
4.386521 279.898
4.417752 279.906
4.450121 278.984
4.481491 278.901
4.512789 277.712
4.54401 278.842
4.575315 280.035
4.607642 279.347
4.638849 282.016
4.670073 281.065
4.701366 279.583
4.732656 280.265
4.764994 281.117
4.79634 278.723
4.827689 280.281
4.859034 279.279
4.890371 277.767
4.922827 276.305
4.954159 278.253
4.985447 279.603
5.016752 280.146
5.048047 279.963
5.080517 280.507
5.111844 280.595
5.143188 282.036
5.174426 282.076
5.205645 281.959
5.237977 280.383
5.269153 276.559
5.300379 275.82
5.331619 277.321
5.362785 276.173
5.39501 275.917
5.426228 276.418
5.457344 276.426
5.488608 278.911
5.519883 280.472
5.552259 280.601
5.583498 280.659
5.614776 280.791
5.646 283.005
5.677252 280.762
5.709608 281.598
5.740947 279.2
5.772296 277.72
5.793387 274.922
5.824629 275.565
5.856982 276.115
5.888258 277.492
5.919529 276.542
5.950711 276.033
5.981873 274.995
6.014141 278.701
6.04533 278.579
6.076493 281.666
6.107807 282.763
6.138991 280.652
6.171266 277.676
6.202352 277.341
6.233516 278.071
6.264665 277.996
6.29591 276.977
6.328352 276.752
6.359692 274.483
6.390951 273.96
6.422234 278.437
6.453501 279.691
6.485832 281.222
6.516991 281.605
6.548131 279.429
6.579245 279.528
6.610331 278.177
6.642491 279.737
6.673536 278.89
6.70469 276.281
6.73591 277.056
6.767189 275.636
6.799486 276.846
6.830712 277.23
6.861834 278.699
6.893052 280.622
6.924201 279.46
6.95644 277.842
6.987507 278.7
7.018584 279.98
7.049701 279.224
7.080809 278.764
7.11303 279.529
7.144072 276.588
7.175094 276.481
7.206161 276.487
7.237256 276.353
7.269366 277.083
7.30045 278.697
7.331481 278.503
7.362567 276.244
7.393701 277.734
7.425963 278.133
7.457095 278.934
7.488226 279.557
7.519406 279.929
7.55063 277.701
7.58296 276.999
7.614084 278.361
7.645151 277.385
7.676448 277.168
7.707603 277.339
7.739856 277.992
7.770988 279.042
7.802158 278.04
7.833372 279.548
7.864519 279.379
7.896759 277.41
7.927937 278.887
7.959058 278.686
7.990169 277.462
8.021309 276.606
8.053476 275.465
8.084547 277.487
8.115663 278.291
8.146821 279.702
8.177992 279.388
8.210149 276.703
8.241258 278.067
8.27235 278.668
8.303474 279.278
8.334534 280.34
8.366592 279.375
8.397835 277.582
8.428898 277.689
8.459953 278.421
8.491061 279.565
8.523219 277.955
8.554182 278.082
8.585145 278.281
8.616324 284.276
8.647609 281.701
8.679939 280.586
8.712147 283.745
8.74445 285.06
8.776602 283.5
8.808491 281.437
8.840535 280.287
8.872417 280.863
8.904449 278.777
8.936478 278.341
8.968562 279.428
9.000689 282.092
9.032927 281.038
9.064899 278.963
9.096832 277.654
9.128832 281.319
9.160994 280.013
9.193181 279.54
9.224281 278.784
9.255364 279.425
9.286448 278.885
9.317519 279.734
9.349866 277.685
9.381815 278.205
9.413717 276.795
9.445626 276.642
9.477843 277.295
9.509902 277.421
9.541888 277.413
9.574161 277.471
9.606004 277.795
9.637868 278.813
9.669641 279.512
9.701438 282.257
9.733332 279.877
9.765196 281.208
9.79706 283.148
9.828886 281.994
9.860641 279.751
9.892587 281.895
9.924477 289.319
9.975899 283.072
9.996747 279.173
10.02771 277.763
10.058771 277.349
10.090838 277.985
10.122687 277.478
10.154618 276.572
10.1866 276.657
10.218422 274.684
10.250469 276.453
10.282361 275.822
10.314452 280.896
10.34633 277.817
10.378238 280.774
10.409996 278.737
10.441803 274.254
10.472848 273.378
10.503925 273.9
10.535064 275.007
10.566161 272.523
10.598186 272.609
10.62939 272.74
10.660533 273.89
10.691502 273.132
10.722757 275.233
10.754889 274.304
10.775788 274.408
10.806829 274.631
10.837879 274.473
10.868877 273.579
10.900806 274.349
10.931806 273.617
10.963013 277.357
10.994047 274.078
11.025051 273.669
11.057089 273.971
11.088213 278.615
11.11934 275.479
11.15035 278.484
11.181428 273.302
11.213495 274.092
11.245318 273.109
11.277291 272.911
11.309117 273.013
11.340969 272.694
11.373026 272.135
11.404814 273.83
11.436963 276.198
11.468781 274.149
11.500802 273.503
11.532616 272.254
11.564364 272.126
11.596088 270.71
11.627887 271.178
11.659612 271.646
11.691513 272.316
11.723307 271.126
11.755115 270.611
11.786935 272.518
11.818753 271.904
11.850791 275.214
11.88284 273.4
11.914545 272.256
11.946399 273.927
11.978175 271.325
12.009981 270.508
12.042014 271.6
12.074053 277.286
12.105902 272.211
12.137659 270.697
12.169459 276.316
12.200517 273.395
12.231664 270.883
12.262629 271.426
12.293669 269.85
12.325639 273.677
12.356637 271.474
12.387694 270.082
12.418724 270.756
12.449784 269.808
12.481668 268.932
12.512843 269.66
12.543886 270.623
12.575039 270.855
12.595834 273.373
12.62767 270.786
12.658687 272.481
12.689628 269.663
12.720748 272.369
12.751901 269.779
12.783802 270.375
12.815902 270.635
12.847829 269.069
12.879873 273.229
12.911723 271.761
12.943434 269.379
12.975259 268.597
13.007377 269.647
13.039348 272.242
13.07122 271.385
13.103008 273.103
13.134985 272.832
13.16674 271.84
13.198486 270.244
13.230272 268.685
13.262037 268.651
13.293743 268.167
13.32474 268.888
13.355778 268.051
13.386802 270.149
13.417892 270.821
13.449905 270.643
13.480937 268.071
13.512048 269.804
13.543058 270.187
13.574043 271.439
13.606198 269.408
13.637186 270.769
13.668135 268.843
13.699111 269.984
13.730172 269.071
13.762323 268.708
13.793309 270.331
13.824283 270.308
13.855301 272.776
13.886311 275.088
13.918479 273.235
13.949701 273.49
13.980705 274.419
14.011727 272.581
14.042815 271.317
14.07494 272.714
14.105959 272.304
14.136943 273.365
14.168044 273.791
14.199293 272.911
14.231394 273.17
14.262447 274.499
14.293456 274.255
14.324555 273.992
14.355656 274.044
14.387966 274.986
14.419058 272.614
14.450287 274.443
14.481338 273.879
14.512313 274.621
14.544246 273.634
14.575397 274.485
14.60649 273.678
14.637498 274.485
14.668723 273.24
14.700637 271.931
14.731702 276.175
14.762733 274.284
14.793749 271.429
14.824864 271.612
14.856729 272.601
14.887748 272.598
14.918872 272.011
14.950008 272.927
14.981 272.098
15.013099 273.223
15.044146 272.923
15.075208 271.873
15.106204 273.074
15.1375 273.401
15.169431 273.175
15.200423 272.384
15.231617 272.31
15.262774 271.299
15.293711 270.837
15.325577 273.278
15.356731 272.23
15.387684 270.973
15.418744 271.499
15.44994 271.354
15.481868 273.064
15.512861 273.507
15.543842 271.826
15.57482 271.016
15.60601 270.993
15.637838 272.345
15.6689 271.787
15.699981 271.445
15.730982 274.117
15.762009 271.997
15.794164 271.622
15.82519 271.012
15.856341 271.261
15.887348 276.977
15.918651 274.484
15.950925 272.285
15.981893 271.325
16.012904 270.624
16.044025 274.019
16.064928 270.967
16.096765 273.109
16.12782 272.312
16.158841 272.531
16.189904 273.97
16.220899 275.453
16.252765 271.963
16.283761 274.317
16.314835 272.302
16.34584 271.256
16.377086 271.649
16.40906 270.654
16.440271 273.067
16.471512 273.282
16.502518 274.382
16.533543 273.851
16.565414 271.731
16.596519 272.083
16.627507 276.759
16.658484 276.274
16.689452 272.102
16.721243 274.829
16.752265 276.266
16.783283 275.138
16.81427 273.554
16.845235 273.702
16.877333 275.298
16.908367 274.459
16.939435 274.89
16.97043 275.846
17.001476 274.401
17.033605 274.03
17.064747 276.851
17.095743 274.2
17.126999 275.921
17.158085 271.89
17.190019 272.703
17.221046 274.433
17.252265 272.891
17.283205 274.418
17.314435 273.006
17.346525 278.473
17.377549 273.23
17.408505 273.383
17.439477 274.782
17.47046 273.295
17.502396 273.069
17.533634 272.682
17.564566 277.684
17.595564 275.976
17.626587 274.694
17.658438 274.867
17.689419 279.084
17.720385 275.716
17.751418 274.237
17.782412 273.767
17.814465 273.011
17.845509 275.775
17.876717 274.279
17.907921 272.934
17.939064 272.412
17.971111 271.562
18.002431 275.266
18.033585 271.593
18.064669 270.775
18.095742 271.83
18.127757 273.882
18.158808 271.797
18.189752 271.513
18.220741 271.992
18.251765 273.003
18.283813 274.14
18.314848 271.417
18.345908 271.565
18.376911 270.066
18.407948 270.667
18.440031 274.825
18.470998 274.109
18.501966 273.096
18.532972 272.651
18.564029 271.671
18.596007 273.216
18.627049 272.351
18.658105 277.504
18.68913 272.312
18.720147 271.972
18.752297 273.421
18.783337 275.406
18.814406 272.234
18.845552 273.733
18.876463 276.948
18.908539 273.767
18.939599 277.033
18.97063 276.154
19.001587 272.126
19.032837 273.389
19.064734 272.581
19.095791 274.954
19.1268 276.194
19.157815 273.228
19.189094 277.497
19.221402 273.938
19.252395 272.525
19.283349 272.306
19.314331 271.815
19.345375 272.258
19.377392 271.49
19.408416 274.386
19.439475 278.197
19.470493 398.203
19.654213 279.019
19.686293 277.017
19.71738 277.458
19.748629 291.894
19.850998 288.621
19.92279 281.305
19.954957 338.662
20.057278 291.756
20.088333 279.101
20.119397 277.896
20.150423 300.768
20.325183 380.331
20.356426 331.753
20.38747 277.358
20.418426 272.526
20.449635 272.624
20.481645 274.786
20.512798 275.0
20.543978 312.451
20.676875 285.107
20.707877 275.589
20.739871 272.263
20.770933 281.264
20.842712 284.95
20.873807 275.824
20.904842 272.52
20.94738 273.773
20.978402 278.774
21.009422 271.322
21.040341 271.324
21.071347 272.972
21.103343 271.807
21.134644 271.705
21.165654 271.105
21.196724 270.441
21.227693 270.124
21.259741 271.172
21.291001 270.668
21.321996 271.762
21.353077 271.138
21.384224 270.79
21.41624 270.724
21.447254 270.921
21.478315 271.169
21.509356 270.861
21.54034 271.968
21.572291 272.429
21.603343 272.173
21.634511 272.612
21.665499 271.22
21.696561 272.276
21.728482 273.788
21.759511 270.568
21.790481 272.45
21.821621 273.574
21.852658 271.028
21.884884 272.834
21.915904 271.293
21.947102 270.757
21.978163 270.673
22.009293 273.287
22.041235 272.199
22.062113 272.137
22.093149 271.283
22.124148 271.89
22.155154 269.916
22.187277 270.241
22.218508 270.164
22.249709 271.87
22.280708 270.991
22.31179 270.682
22.344082 278.519
22.375126 272.618
22.406178 270.997
22.437241 273.762
22.468326 272.131
22.500334 272.095
22.531376 270.577
22.562432 269.916
22.593596 271.046
22.62473 271.96
22.656735 271.713
22.687735 271.01
22.718791 271.084
22.74984 271.677
22.780929 274.791
22.813185 272.412
22.844315 273.789
22.875318 272.48
22.906376 270.509
22.937411 271.273
22.969278 272.753
23.000419 272.136
23.031674 272.937
23.062941 273.487
23.093981 272.583
23.125926 272.078
23.156945 276.808
23.187948 272.442
23.218975 270.66
23.249991 270.935
23.282056 272.302
23.313248 271.855
23.344207 271.102
23.375209 271.507
23.406263 271.949
23.43838 270.684
23.469434 270.566
23.500553 270.156
23.531524 271.417
23.562568 270.91
23.594627 269.9
23.625742 270.114
23.656887 270.474
23.688101 271.85
23.719228 271.475
23.751592 270.25
23.782603 269.928
23.813563 271.095
23.844649 272.619
23.87579 272.617
23.907921 270.01
23.938987 271.112
23.970043 270.018
24.001256 269.43
24.03232 269.212
24.064623 269.747
24.095641 269.81
24.126594 271.131
24.157571 271.924
24.188626 272.226
24.220587 269.956
24.251532 269.625
24.28258 269.415
24.313592 269.403
24.344713 269.906
24.376874 269.574
24.407997 269.854
24.439009 269.071
24.469976 271.676
24.501022 269.17
24.533084 269.684
24.564167 270.532
24.595366 270.392
24.62644 269.305
24.657461 269.778
24.689351 272.351
24.7204 269.911
24.751417 270.523
24.772218 269.333
24.803229 269.2
24.835083 269.665
24.866147 270.151
24.897336 273.859
24.928379 275.077
24.95971 269.579
24.991813 270.351
25.022764 270.274
25.053767 270.9
25.084804 269.368
25.115846 278.928
25.147935 272.602
25.179085 271.235
25.210298 271.854
25.241232 270.966
25.272371 270.328
25.30458 269.601
25.335499 269.699
25.366491 270.176
25.397543 270.154
25.428747 270.946
25.450645 270.228
25.481706 269.853
25.512738 270.683
25.543813 270.278
25.574987 270.027
25.607164 272.547
25.638279 270.581
25.669383 269.791
25.700395 271.5
25.731446 270.262
25.76376 269.971
25.794778 270.202
25.825859 269.352
25.856903 270.14
25.888106 269.95
25.920224 269.533
25.951215 271.58
25.982174 269.121
26.013141 271.334
26.044162 269.122
26.076389 269.497
26.107346 268.805
26.138297 268.087
26.169218 268.366
26.200144 268.749
26.232307 271.917
26.263368 268.44
26.294441 268.785
26.325459 269.859
26.356478 270.233
26.388791 269.571
26.409623 268.298
26.440779 272.025
26.471928 269.469
26.503159 268.665
26.535429 272.04
26.566491 269.305
26.59752 270.593
26.628611 270.586
26.659634 268.978
26.691772 269.01
26.722782 269.005
26.753816 268.901
26.784975 270.418
26.816034 270.209
26.848185 270.469
26.879224 268.925
26.910196 268.571
26.941198 268.701
26.972174 268.827
27.004217 268.844
27.03549 269.549
27.066435 269.597
27.097396 268.577
27.128403 270.386
27.16059 272.06
27.19156 270.738
27.222537 269.653
27.253504 269.422
27.284518 268.515
27.316746 268.355
27.347977 270.003
27.3792 269.115
27.410373 268.108
27.441586 270.215
27.473832 269.076
27.505038 268.574
27.536212 268.22
27.567355 277.347
27.598429 371.032
27.701834 330.417
27.73398 422.189
27.836433 296.498
27.867734 295.461
27.899002 321.343
28.041927 288.874
28.074313 326.378
28.178052 308.781
28.209119 302.843
28.24027 464.852
28.424115 473.047
28.455255 482.966
28.497703 579.678
28.559606 291.981
28.590848 289.736
28.693218 273.996
28.724362 274.268
28.756594 278.417
28.808158 273.794
28.839544 272.557
28.870781 269.401
28.902047 268.855
28.934298 269.164
28.965547 268.472
28.996712 270.572
29.027875 268.071
29.059172 270.022
29.091519 267.738
29.12254 267.57
29.15372 269.173
29.184893 268.971
29.216122 267.355
29.248444 268.214
29.27963 270.082
29.310825 270.951
29.341949 268.516
29.373096 268.243
29.405281 268.505
29.436355 268.397
29.467376 268.422
29.498536 269.49
29.529577 269.645
29.561815 269.842
29.592846 271.574
29.623953 268.932
29.655023 268.401
29.686125 268.091
29.718351 268.747
29.749297 268.614
29.780421 268.178
29.81172 270.501
29.842854 269.816
29.87517 269.935
29.906417 269.924
29.937544 270.02
29.968714 269.198
30.0 268.26
30.032448 267.892
30.063681 267.48
30.094871 267.479
30.126071 270.416
30.157345 268.867
30.189581 268.499
30.220789 267.992
30.251972 269.392
30.283112 268.176
30.314369 269.228
30.346576 268.327
30.377771 268.237
30.408949 269.484
30.440114 268.677
30.471343 269.093
30.503586 268.445
30.534801 270.036
30.56592 267.639
30.597059 270.268
30.628243 268.493
30.660503 268.256
30.69167 268.684
30.722934 269.676
30.754153 271.99
30.795672 267.834
30.828018 270.038
30.859369 267.759
30.890565 275.016
30.92181 270.35
30.953016 269.117
30.985287 267.89
31.016481 267.934
31.047576 267.506
31.07873 267.574
31.109931 268.641
31.142124 268.352
31.173308 267.516
31.204467 270.742
31.235606 268.681
31.266788 272.924
31.299023 268.194
31.330258 268.184
31.361464 268.661
31.392602 269.159
31.423768 270.488
31.45621 268.559
31.487369 270.584
31.518414 268.76
31.549538 268.488
31.580811 267.229
31.613006 273.768
31.644101 270.39
31.675176 270.401
31.706271 270.712
31.737378 268.98
31.769703 269.459
31.801074 269.641
31.832195 269.495
31.863447 272.198
31.894634 268.698
31.926949 268.651
31.958088 269.127
31.989284 267.6
32.020449 267.609
32.05161 268.141
32.083809 269.008
32.114941 270.172
32.146084 270.426
32.177242 269.768
32.208499 269.554
32.240729 267.55
32.271907 267.57
32.303127 268.805
32.334331 269.755
32.365514 271.559
32.397842 267.842
32.428945 267.677
32.460306 268.717
32.491483 268.272
32.522733 270.916
32.555084 270.271
32.586269 283.081
32.617487 299.505
32.648684 269.743
32.679869 268.492
32.712078 268.913
32.743131 270.985
32.774316 268.191
32.805536 268.209
32.836749 275.136
32.869045 277.614
32.900225 271.173
32.931439 270.839
32.962604 270.752
32.993835 273.213
33.026153 274.611
35.164912 269.037
35.185856 269.023
35.216984 269.909
35.248185 267.742
35.280489 269.241
35.311669 269.532
35.342838 267.896
35.374008 267.205
35.405216 268.157
35.437455 267.624
35.468618 267.659
35.499851 268.125
35.531032 269.437
35.562263 267.832
35.594483 269.963
35.625679 268.509
35.656749 268.974
35.687938 267.773
35.719078 270.999
35.751366 268.411
35.772405 268.721
35.803567 268.832
35.834737 270.552
35.865936 268.968
35.898213 268.59
35.929313 269.064
35.960539 268.592
35.99169 268.765
36.022861 271.278
36.055155 268.73
36.086284 268.565
36.117362 268.809
36.148431 269.278
36.179676 268.773
36.212008 271.004
36.243265 270.394
36.274449 269.888
36.305604 268.847
36.336841 267.634
36.369141 267.721
36.400232 268.546
36.431447 268.1
36.462602 268.066
36.493758 274.238
36.526056 269.855
36.557336 267.51
36.588624 271.356
36.619794 269.465
36.651035 267.904
36.683405 268.773
36.714495 268.354
36.745765 268.446
36.777037 268.307
36.808242 267.92
36.840683 269.217
36.871793 268.933
36.902854 269.753
36.933921 272.32
36.965057 267.99
36.997274 268.429
37.028455 269.003
37.059582 269.443
37.090764 268.534
37.122002 268.516
37.154215 268.471
37.185349 268.983
37.216462 270.491
37.247605 273.736
37.278758 268.992
37.311135 275.062
37.342406 270.897
37.373799 269.948
37.405216 268.632
37.436342 268.835
37.468726 268.902
37.499925 269.467
37.53116 269.942
37.56241 268.987
37.593611 269.809
37.625991 269.807
37.657138 270.702
37.688231 270.279
37.719325 269.105
37.750619 273.54
37.78307 272.093
37.814332 271.876
37.845509 271.841
37.876656 270.082
37.907809 268.033
37.940123 268.813
37.971398 268.383
38.002644 268.217
38.033789 267.756
38.064975 269.807
38.097287 270.753
38.128491 270.66
38.149594 269.017
38.180753 270.885
38.211978 268.746
38.24448 269.403
38.27571 268.98
38.306997 271.123
38.338233 268.422
38.369467 268.519
38.401972 268.478
38.433224 268.113
38.464412 268.116
38.495562 267.978
38.526833 269.516
38.559273 268.671
38.590515 269.177
38.621695 267.728
38.652894 268.518
38.684114 268.135
38.716476 269.628
38.747727 267.949
38.778883 267.641
38.810109 267.94
38.841344 269.384
38.873646 271.174
38.904856 267.672
38.936036 269.046
38.967308 269.024
38.998522 267.428
39.030845 268.967
39.062025 270.4
39.093163 268.95
39.124353 267.5
39.155614 271.988
39.187931 267.834
39.219157 267.793
39.250343 271.646
39.281605 279.456
39.30264 279.522
39.335001 269.002
39.366188 269.289
39.397385 269.641
39.428561 271.435
39.459759 267.122
39.492105 267.727
39.523363 267.949
39.554549 269.011
39.585696 270.273
39.616918 268.318
39.649187 267.843
39.680427 266.661
39.711632 269.524
39.742849 268.429
39.774007 268.405
39.806401 269.075
39.837659 269.383
39.858594 269.07
39.889799 270.155
39.921001 271.224
39.953256 267.351
39.984441 268.968
40.01561 269.958
40.046841 267.762
40.078037 267.369
40.110246 269.99
40.141482 268.883
40.172606 270.018
40.203884 267.22
40.235078 268.924
40.267334 278.133
40.29845 268.406
40.329583 268.285
40.360727 268.124
40.391992 267.723
40.424311 267.428
40.455582 271.18
40.486674 268.143
40.517893 267.909
40.549035 268.35
40.581279 268.073
40.612336 269.24
40.643497 269.675
40.674747 268.36
40.705881 269.357
40.738094 268.432
40.76929 268.039
40.800488 268.476
40.831634 268.769
40.862883 267.97
40.895182 267.68
40.926393 268.511
40.957574 276.018
40.98876 270.974
41.019952 268.758
41.052242 269.14
41.083471 267.875
41.114666 268.048
41.145784 268.152
41.17701 267.994
41.209287 267.949
41.240445 268.424
41.271573 268.439
41.302606 267.651
41.33373 268.133
41.36591 267.453
41.397047 269.341
41.428169 268.465
41.459337 268.71
41.490469 267.867
41.522683 269.026
41.553839 271.127
41.58494 272.618
41.616325 270.553
41.647578 268.954
41.679844 269.044
41.711034 269.067
41.742222 268.851
41.77362 268.184
41.804796 270.612
41.837068 269.45
41.868231 268.303
41.899307 268.089
41.93054 271.576
41.961706 269.927
41.994147 269.761
42.025361 271.884
42.056685 267.828
42.087869 270.743
42.119152 269.432
42.151469 271.425
42.182701 269.964
42.213782 268.653
42.24512 268.541
42.276444 270.064
42.308714 274.163
42.339805 272.214
42.370945 268.921
42.402097 268.642
42.433229 268.273
42.465481 269.09
42.49651 267.467
42.527588 267.552
42.558614 267.769
42.589731 268.434
42.622055 269.716
42.653314 267.896
42.684445 266.424
42.715522 266.694
42.746667 266.722
42.779044 267.362
42.810282 268.391
42.84146 268.743
42.872605 268.662
42.904025 275.727
42.936362 269.388
42.967535 267.516
42.998791 268.398
43.029886 272.82
43.061056 269.629
43.093486 269.024
43.124653 268.604
43.155857 268.434
43.187115 269.602
43.218275 268.427
43.250504 269.874
43.281641 270.889
43.312715 270.813
43.34388 278.255
43.375108 275.783
43.407362 268.849
43.438565 269.469
43.469788 268.591
43.500988 270.32
43.532192 270.221
43.564403 268.506
43.595521 267.511
43.626661 270.704
43.657798 269.025
43.68895 267.485
43.721246 268.257
43.752324 269.0
43.783471 267.406
43.8147 270.204
43.845856 267.737
43.867913 267.728
43.899089 267.964
43.930249 267.92
43.961378 270.138
43.99268 275.759
44.024989 269.835
44.056181 268.725
44.087232 267.525
44.11835 267.624
44.149523 268.303
44.18172 267.759
44.212995 267.61
44.244145 269.664
44.275215 269.122
44.30681 268.584
44.339114 267.998
44.370236 268.859
44.401421 270.781
44.432622 267.858
44.463909 267.505
44.496237 267.615
44.527343 267.407
44.558542 270.325
44.589797 342.438
44.672037 373.779
44.704286 383.719
44.735592 410.062
44.766783 338.854
44.79788 323.487
44.828939 272.794
44.86112 272.538
44.943105 271.06
44.974197 269.786
45.005342 267.909
45.03655 268.333
45.068809 269.002
45.089669 270.007
45.120749 270.068
45.151926 268.692
45.183105 268.265
45.215327 267.392
45.246447 269.387
45.277445 267.857
45.308624 267.982
45.339886 267.685
45.37203 268.87
45.39308 268.055
45.424203 268.596
45.455343 267.797
45.486533 266.793
45.518768 268.34
45.549923 267.093
45.581063 267.387
45.612294 267.182
45.643552 268.595
45.675906 269.797
45.706997 269.217
45.738198 271.07
45.769537 267.978
45.80076 267.707
45.832952 267.529
45.864157 268.685
45.89535 270.575
45.926542 270.076
45.957646 267.708
45.989937 267.592
46.02109 267.732
46.052199 268.801
46.083338 267.423
46.114756 269.348
46.14695 267.039
46.178209 267.576
46.209278 268.082
46.240397 267.364
46.271583 267.829
46.303932 267.377
46.335197 267.632
46.366297 267.611
46.397493 266.98
46.428628 267.274
46.46091 267.056
46.492119 267.057
46.523232 269.175
46.554444 267.756
46.585651 267.233
46.618 267.623
46.649262 267.541
46.680326 267.997
46.711534 274.269
46.742743 268.533
46.775087 269.217
46.806246 267.591
46.837428 267.827
46.868609 267.868
46.899674 267.117
46.931847 268.026
46.963062 267.792
46.994194 267.342
47.025378 269.036
47.056514 267.536
47.088712 268.224
47.11977 269.884
47.150879 267.749
47.181982 267.19
47.202955 267.214
47.235224 267.002
47.26647 268.518
47.297598 268.251
47.328732 272.124
47.359853 269.344
47.392131 267.986
47.423311 275.421
47.454479 271.13
47.485733 276.196
47.517089 272.708
47.549271 271.729
47.580599 270.895
47.611787 267.93
47.642877 276.124
47.673988 270.114
47.706411 267.074
47.73766 268.984
47.768841 270.52
47.800071 268.615
47.83139 275.5
47.863786 268.924
47.894961 271.46
47.926145 268.499
47.957326 268.984
47.988622 268.627
48.020907 268.832
48.052138 272.249
48.083341 268.208
48.114451 268.573
48.145639 269.725
48.177971 270.051
48.209361 268.588
48.240572 268.439
48.271697 267.761
48.302839 271.922
48.335186 269.459
48.356178 269.977
48.387296 271.19
48.418605 277.426
48.449714 269.208
48.481892 269.712
48.513076 269.576
48.54425 275.369
48.575557 325.598
48.60671 358.441
48.63896 269.826
48.670165 268.663
48.70133 269.094
48.732567 268.151
48.763783 269.027
48.79608 268.539
48.827415 268.527
48.858584 270.546
48.889866 270.072
48.92098 277.029
48.95351 268.972
48.984694 267.637
49.015924 267.965
49.047061 268.792
49.078244 267.685
49.110515 267.466
49.141643 271.254
49.172809 270.443
49.204003 267.895
49.235307 271.748
49.267613 268.367
49.298796 267.476
49.329964 267.595
49.361087 269.226
49.392299 267.606
49.424519 267.572
49.455828 268.079
49.487051 267.541
49.518198 267.239
49.549429 266.977
49.581779 266.915
49.613073 267.032
49.644304 268.227
49.675423 267.489
49.706558 268.241
49.738842 267.775
49.770042 267.372
49.801284 267.802
49.832499 267.925
49.863751 267.512
49.89619 269.092
49.927472 267.511
49.948558 267.185
49.979641 267.509
50.010987 268.075
50.0434 268.242
50.074543 269.332
50.105722 268.297
50.137008 267.807
50.168311 268.335
50.200664 268.697
50.231887 270.313
50.263097 269.35
50.294315 269.551
50.325617 270.168
50.357965 268.601
50.389048 268.557
50.420135 268.535
50.451206 268.817
50.482327 267.61
50.514538 267.771
50.545579 268.542
50.576737 268.647
50.607928 269.402
50.639137 269.088
50.671491 270.694
50.702646 267.455
50.733804 268.901
50.765038 268.466
50.796189 268.421
50.828509 267.724
50.859651 268.513
50.890735 283.064
50.921799 269.137
50.952871 267.995
50.985113 268.54
51.016205 273.093
51.047363 271.501
51.078463 270.569
51.109607 272.659
51.141741 268.672
51.17275 270.043
51.203777 269.024
51.234888 272.065
51.266011 271.488
51.298321 267.566
51.329887 269.098
51.361044 269.607
51.392328 267.336
51.423466 270.347
51.456074 267.721
51.487241 268.384
51.518556 270.343
51.5498 269.023
51.580949 268.921
51.613281 276.055
51.654561 270.657
51.685812 286.74
51.737477 269.063
51.768722 270.229
51.80099 273.675
51.832157 275.496
51.86336 273.223
51.894522 285.802
51.925656 290.942
51.988466 332.973
52.294241 492.488
52.38646 678.408
52.417592 772.501
52.509958 702.032
52.542311 593.922
52.573663 560.117
52.615097 443.147
52.666632 296.698
52.697818 282.966
52.730147 273.12
52.761305 269.89
52.792471 270.822
52.823596 270.084
52.854747 269.318
52.887026 269.959
52.918177 270.73
52.949375 268.925
52.980583 267.796
53.01169 270.19
53.044014 269.29
53.07516 274.554
53.1063 268.087
53.137387 270.204
53.168562 268.244
53.200735 269.552
53.23187 268.38
53.263288 268.393
53.294481 267.52
53.325664 271.366
53.357922 270.413
53.378957 270.729
53.410171 271.83
53.441318 267.75
53.472621 268.224
53.504951 268.906
53.536018 269.333
53.567085 268.36
53.598226 269.328
53.629383 269.434
53.661601 270.968
53.692798 271.428
53.72395 267.829
53.755164 269.345
53.786323 268.886
53.818708 270.669
53.849887 273.895
53.881063 270.26
53.912339 267.583
53.943546 269.358
53.975866 270.898
54.007069 276.736
54.038229 269.529
54.069443 270.389
54.100626 267.266
54.132892 268.905
54.164102 266.73
54.195297 268.026
54.226457 267.837
54.257632 268.984
54.279717 267.45
54.310831 266.549
54.341983 266.279
54.373134 267.058
54.404304 267.475
54.436614 268.266
54.467847 268.156
54.499101 268.036
54.53047 269.225
54.551491 268.351
54.583949 269.514
54.615186 267.132
54.646394 268.848
54.677648 267.671
54.708929 268.137
54.741364 267.877
54.772612 267.701
54.803743 268.284
54.835005 267.984
54.86621 267.887
54.898582 268.051
54.92984 272.466
54.961128 268.647
54.992305 270.168
55.023626 268.35
55.055994 268.586
55.087103 268.561
55.118277 268.157
55.149439 268.583
55.180541 267.902
55.212794 267.852
55.243951 267.752
55.275188 267.656
55.30648 268.075
55.337656 268.188
55.369853 269.838
55.400998 268.62
55.432079 268.821
55.463401 267.664
55.494529 267.67
55.526722 268.778
55.557831 268.984
55.5891 268.383
55.620242 269.071
55.651617 268.7
55.683925 267.722
55.715148 268.756
55.74636 269.771
55.777489 269.561
55.80873 271.66
55.841053 274.821
55.872233 269.558
55.903373 268.304
55.934588 269.227
55.965956 267.61
55.988054 271.693
56.019194 269.155
56.050384 268.174
56.081492 268.004
56.112651 267.481
56.14514 267.368
56.176366 267.641
56.207496 269.588
56.23866 268.518
56.26993 270.147
56.302189 271.35
56.333419 269.02
56.364521 268.036
56.395661 269.302
56.426813 267.743
56.459076 267.783
56.490119 267.56
56.521219 267.519
56.552372 268.506
56.583577 269.559
56.615838 269.438
56.646845 268.525
56.677982 267.834
56.709198 268.189
56.740439 268.11
56.772737 269.149
56.803922 268.309
56.835107 268.144
56.866354 268.284
56.887425 268.423
56.919733 267.401
56.950844 267.491
56.982012 268.561
57.013106 267.905
57.044493 268.255
57.076712 270.033
57.108017 268.412
57.139251 268.402
57.170398 268.776
57.201634 268.993
57.233898 267.623
57.265109 267.509
57.296403 268.065
57.327733 267.889
57.35912 267.353
57.391338 267.872
57.422625 267.784
57.453775 267.316
57.484968 267.264
57.516144 269.352
57.54848 269.828
57.579815 268.444
57.61097 271.239
57.642292 268.958
57.673676 268.83
57.706059 269.054
57.726937 269.969
57.758223 268.467
57.789359 268.658
57.820482 269.008
57.852812 267.519
57.883924 269.019
57.915246 270.105
57.946451 273.731
57.977671 269.19
58.009966 267.663
58.040943 267.635
58.072093 268.876
58.103415 268.264
58.134579 269.703
58.166844 267.828
58.197955 267.423
58.229175 267.567
58.260351 266.959
58.291667 267.452
58.32385 268.097
58.354876 267.826
58.385987 268.356
58.417087 268.053
58.448295 267.711
58.480566 267.534
58.511738 268.053
58.543056 269.39
58.574182 268.035
58.605317 268.435
58.637619 266.735
58.668763 267.906
58.699896 268.064
58.731117 269.874
58.762317 273.341
58.794625 271.291
58.825667 269.609
58.856752 268.024
58.887873 269.803
58.919044 268.003
58.951314 268.375
58.982321 268.733
59.01328 273.534
59.044343 267.382
59.075391 268.957
59.10753 268.287
59.138668 266.975
59.169846 268.523
59.201263 271.488
59.232509 268.975
59.254576 269.867
59.285769 267.725
59.316915 269.163
59.348101 268.009
59.379257 267.566
59.41162 267.414
59.442754 267.932
59.473963 268.289
59.505012 268.185
59.536261 268.078
59.56853 266.956
59.599682 267.941
59.630977 268.748
59.662124 268.03
59.693456 268.638
59.725867 268.158
59.75729 267.817
59.788744 267.692
59.819907 268.714
59.851131 267.59
59.883605 268.482
59.914867 267.41
59.946095 266.939
59.977328 267.077
60.008617 268.383
60.040982 267.965
60.072279 267.407
60.103458 269.251
60.134565 267.633
60.16574 267.741
60.197903 267.081
60.229153 269.024
60.26031 267.388
60.291479 267.769
60.322722 267.474
60.354982 270.617
60.386126 267.653
60.417267 267.624
60.448622 267.409
60.479851 267.996
60.512154 267.348
60.543343 268.487
60.574595 268.107
60.605666 267.661
60.636757 269.497
60.669233 268.244
60.700565 269.111
60.731783 271.456
60.763038 274.1
60.794171 270.26
60.826539 271.929
60.857784 268.1
60.888828 268.09
60.92022 272.037
60.951387 271.059
60.983436 267.498
61.014613 268.63
61.045719 270.06
61.076888 270.603
61.108093 267.813
61.140387 268.209
61.171485 267.646
61.20264 267.715
61.233867 268.139
61.265048 268.786
61.287079 269.47
61.318208 270.521
61.349385 267.901
61.380544 267.608
61.411718 267.112
61.443979 267.676
61.475187 269.017
61.506396 269.583
61.537566 269.656
61.568749 268.059
61.600975 268.127
61.63234 267.607
61.663528 270.335
61.694604 270.054
61.7259 268.374
61.758155 272.084
61.789341 269.948
61.820474 269.076
61.851689 270.448
61.882841 269.965
61.915252 269.027
61.946497 268.806
61.977612 268.806
62.008859 272.02
62.040191 268.832
62.072418 269.074
62.103552 271.071
62.134662 269.612
62.165893 268.298
62.197274 268.138
62.229465 267.741
62.2606 268.133
62.29186 267.906
62.323106 269.429
62.354249 270.521
62.386642 271.668
62.417828 268.258
62.448971 270.929
62.480111 268.318
62.511361 267.663
62.543711 270.784
62.574865 268.063
62.606014 268.252
62.637323 269.017
62.66851 267.436
62.7007 271.052
62.731909 270.24
62.763099 267.831
62.794219 269.877
62.825379 267.482
62.857698 267.359
62.888764 270.756
62.919943 270.583
62.951102 270.195
62.982341 269.315
63.01459 268.29
63.045814 266.578
63.076942 267.905
63.108107 266.185
63.139307 266.568
63.171573 266.917
63.202717 266.307
63.23386 268.774
63.265082 268.937
63.296268 269.542
63.328635 270.574
63.349685 270.476
63.381036 269.212
63.412312 269.03
63.443598 268.701
63.475884 268.202
63.507107 269.041
63.538262 267.959
63.569541 268.567
63.600833 268.824
63.633151 268.933
63.664356 269.025
63.695603 268.417
63.726775 268.993
63.75802 268.44
63.790346 268.14
63.82152 268.338
63.852759 268.152
63.883964 267.934
63.915184 270.327
63.947716 277.507
63.978985 270.989
64.010305 268.822
64.041477 267.914
64.072847 268.576
64.105045 269.662
64.136297 268.746
64.16752 270.881
64.198791 268.441
64.219848 268.261
64.25241 269.458
64.283781 268.696
64.31499 270.296
64.346297 268.557
64.377652 268.549
64.409924 268.946
64.441111 269.344
64.472339 268.803
64.503542 268.626
64.534782 268.26
64.567108 268.372
64.598384 269.546
64.629571 270.447
64.660679 271.024
64.691835 271.208
64.724169 269.368
64.755367 270.674
64.786566 268.162
64.81777 268.734
64.84903 268.771
64.881431 268.522
64.912452 268.15
64.943717 271.665
64.974974 268.383
65.006222 268.055
65.038431 269.646
65.069646 268.239
65.100831 270.199
65.132018 269.67
65.1633 270.159
65.195583 269.124
65.226848 268.334
65.258005 268.473
65.28916 268.305
65.320348 269.204
65.352576 270.976
65.38378 268.601
65.415014 268.074
65.446117 268.635
65.477419 270.079
65.509711 268.528
65.540882 268.665
65.572136 268.842
65.603462 270.694
65.634751 269.585
65.667001 269.134
65.698211 268.184
65.729371 269.16
65.760538 270.555
65.791646 269.509
65.823928 268.585
65.85533 269.357
65.886432 270.139
65.917598 268.344
65.948808 268.261
65.981016 268.239
66.012133 268.337
66.04328 267.994
66.074383 268.799
66.105586 270.02
66.13778 270.215
66.168936 269.554
66.200164 270.252
66.231395 269.121
66.26253 269.285
66.284549 269.983
66.315739 270.936
66.347039 269.855
66.37815 269.457
66.409264 268.683
66.441432 270.194
66.472555 269.769
66.503695 268.556
66.534957 269.145
66.566078 268.926
66.598397 268.725
66.629577 270.371
66.66072 270.357
66.691865 268.382
66.723116 267.946
66.75539 270.223
66.786608 269.789
66.81774 268.759
66.848886 268.585
66.880057 270.536
66.912296 271.107
68.969313 267.773
69.000463 268.389
69.031715 268.634
69.062848 267.824
69.095127 268.405
69.116002 268.8
69.147317 268.993
69.178613 268.234
69.20986 268.76
69.242213 268.819
69.273445 268.325
69.304681 268.125
69.335868 268.549
69.367099 268.447
69.399525 270.215
69.430917 269.629
69.462165 270.928
69.493498 272.192
69.524828 269.083
69.557109 272.288
69.588275 268.709
69.619452 268.021
69.650637 269.446
69.681777 268.371
69.714069 268.337
69.745168 268.621
69.776305 268.402
69.807572 268.329
69.838813 270.367
69.871129 269.562
69.902412 270.244
69.933765 272.913
69.964939 270.422
69.996143 268.86
70.028453 269.549
70.059583 269.047
70.090645 268.721
70.121785 268.643
70.152969 268.332
70.185291 267.808
70.216457 268.344
70.247639 268.301
70.278861 268.573
70.310118 268.165
70.342459 268.595
70.373658 268.904
70.404891 268.708
70.436037 269.249
70.467314 268.788
70.499623 269.564
70.530658 268.994
70.561855 268.649
70.582845 270.349
70.614054 268.863
70.646387 269.248
70.677634 268.894
70.708806 271.979
70.740011 274.208
70.771257 272.601
70.80356 268.365
70.834671 268.462
70.865833 269.129
70.897062 268.892
70.928286 270.32
70.960563 270.374
70.991697 269.113
71.022827 271.227
71.053981 268.81
71.085149 268.091
71.117536 267.844
71.148983 268.672
71.180227 269.293
71.211464 271.045
71.242705 269.162
71.275076 268.316
71.306312 269.253
71.33759 267.994
71.368804 268.835
71.399963 268.285
71.432336 269.131
71.463629 269.7
71.494804 269.489
71.525971 269.35
71.55735 276.932
71.589763 270.438
71.621014 268.031
71.652233 268.904
71.683371 267.674
71.714718 272.386
71.747069 268.727
71.778201 269.458
71.809303 270.455
71.840377 269.847
71.871525 268.43
71.903724 268.917
71.934853 269.164
71.965979 269.262
71.997133 268.64
72.028244 270.856
72.060465 270.059
72.091535 268.726
72.122996 270.694
72.154165 269.581
72.185382 269.025
72.217726 271.402
72.248842 269.009
72.279962 267.789
72.311038 270.097
72.342178 268.408
72.374337 269.014
72.405467 269.564
72.436548 268.367
72.467655 269.26
72.498795 268.654
72.531031 269.387
72.562309 268.542
72.593383 268.634
72.624451 268.573
72.655512 270.202
72.687768 268.792
72.719041 268.901
72.750202 270.329
72.781512 269.557
72.812703 268.434
72.844876 268.215
72.87608 268.37
72.907287 269.331
72.938596 274.415
72.969847 271.577
73.002143 271.89
73.033289 268.658
73.064389 269.537
73.095582 269.849
73.126751 269.909
73.159055 270.925
73.190249 268.387
73.221375 271.077
73.252608 271.235
73.283849 268.636
73.316148 268.564
73.347378 269.368
73.378529 267.775
73.409722 269.227
73.440896 269.783
73.473162 268.228
73.504267 269.663
73.525337 269.521
73.556582 267.579
73.587809 268.555
73.620174 268.633
73.651306 269.794
73.682505 272.321
73.713702 270.63
73.744816 268.268
73.777142 268.032
73.80838 268.609
73.839519 268.249
73.870695 268.395
73.901824 271.462
73.934085 268.39
73.965167 269.584
73.996466 270.011
74.027767 268.325
74.058971 268.662
74.091164 268.808
74.11226 273.27
74.143538 270.672
74.174765 269.958
74.206077 268.67
74.238254 271.251
74.269425 269.459
74.300568 270.167
74.331726 268.373
74.362824 268.206
74.395104 268.465
74.426183 271.274
74.457332 273.58
74.488565 268.571
74.519792 268.354
74.552098 267.911
74.583309 267.798
74.614407 267.798
74.645607 267.983
74.676724 268.03
74.709092 272.895
74.740329 268.247
74.77152 269.738
74.802662 268.614
74.833945 268.478
74.86622 268.234
74.897398 268.708
74.928636 268.809
74.959808 270.619
74.991019 272.604
75.02325 270.993
75.05444 268.771
75.085601 269.283
75.116751 268.07
75.14805 269.88
75.180353 268.627
75.211334 268.838
75.242498 269.321
75.273733 269.583
75.304991 271.227
75.337484 269.122
75.368743 268.822
75.399931 270.823
75.431135 268.183
75.462349 269.404
75.494643 272.091
75.525776 269.068
75.556974 268.134
75.588196 269.155
75.6194 268.379
75.651785 268.93
75.683026 269.791
75.714235 268.373
75.745672 269.22
75.776852 268.302
75.809225 268.896
75.840501 268.683
75.871653 267.559
75.903053 268.443
75.934151 273.546
75.966443 279.583
75.997671 280.225
76.028773 270.123
76.05984 267.957
76.091052 274.704
76.123402 269.004
76.154606 269.237
76.185684 267.871
76.216777 269.312
76.247988 271.202
76.280322 268.661
76.311552 267.921
76.34272 267.646
76.373811 268.808
76.404988 270.287
76.437078 270.799
76.468298 270.144
76.499333 269.294
76.530282 269.141
76.561394 267.926
76.593402 267.637
76.624406 268.025
76.655592 268.571
76.686603 268.905
76.717629 267.856
76.74953 267.759
76.780564 267.992
76.811645 267.284
76.842715 267.319
76.873785 267.498
76.905888 268.605
76.936881 268.838
76.967875 267.486
76.999126 268.014
77.030099 267.766
77.062116 267.801
77.093269 268.036
77.124321 269.095
77.155333 267.885
77.186298 268.424
77.218316 268.299
77.249366 268.711
77.280629 267.423
77.31167 267.585
77.342711 267.829
77.374812 267.436
77.405891 268.486
77.436946 267.396
77.467927 268.972
77.499027 267.654
77.531237 268.316
77.562264 267.768
77.593475 267.129
77.624575 270.381
77.655644 268.248
77.687627 268.574
77.718631 267.64
77.749659 268.818
77.780717 269.165
77.811814 269.779
77.843614 269.344
77.8746 271.535
77.905614 269.274
77.936595 269.452
77.967627 268.898
77.999636 268.217
78.030756 270.175
78.061747 268.702
78.092715 268.879
78.1237 267.349
78.155572 270.614
78.176633 273.704
78.207612 268.984
78.238583 267.556
78.269607 268.12
78.301483 270.153
78.332597 269.079
78.363634 268.219
78.394662 269.0
78.425703 271.792
78.457727 270.62
78.488763 268.131
78.519744 269.449
78.540611 267.907
78.571805 267.679
78.60369 270.065
78.634726 274.056
78.665942 269.075
78.697233 271.057
78.728316 270.328
78.760203 272.919
78.791196 268.918
78.822148 267.788
78.853219 268.321
78.884331 269.573
78.916395 273.027
78.947431 275.561
78.97849 279.588
79.009497 270.268
79.040786 270.732
79.07261 269.164
79.103718 268.853
79.134746 271.726
79.165737 277.98
79.196807 271.656
79.22872 269.868
79.259712 272.104
79.290626 270.344
79.32159 272.032
79.352617 269.827
79.384496 271.743
79.415504 269.728
79.446742 272.503
79.477796 268.469
79.508822 268.383
79.540729 270.511
79.571994 267.741
79.603069 268.51
79.634118 273.061
79.66512 270.926
79.697194 273.211
79.728241 270.418
79.759278 271.124
79.790331 271.944
79.821429 270.503
79.853508 271.485
79.88456 272.228
79.91562 277.09
79.946789 269.428
79.977867 268.586
80.010346 267.727
80.041478 268.302
80.072516 267.802
80.103631 269.733
80.134645 269.077
80.166711 268.812
80.19773 268.878
80.228711 271.865
80.259695 270.203
80.290729 268.781
80.322843 271.543
80.353821 267.548
80.38481 268.135
80.415809 267.933
80.446817 269.634
80.478951 268.121
80.510051 267.993
80.541187 268.687
80.572227 267.925
80.603269 268.669
80.63539 268.517
80.666385 275.115
80.69738 268.822
80.728396 268.963
80.759597 275.181
80.791826 273.127
80.822808 267.544
80.853813 266.98
80.884859 275.318
80.915869 268.308
80.948038 268.706
80.979037 267.593
81.009981 268.524
81.041007 268.382
81.072089 267.291
81.104397 268.33
81.135419 270.011
81.166409 268.214
81.197433 266.788
81.228427 276.227
81.260528 270.358
81.291598 268.973
81.322579 267.071
81.353553 268.797
81.38451 267.267
81.416668 268.781
81.447672 270.199
81.478648 267.815
81.50969 268.353
81.54072 268.774
81.572798 269.909
81.603796 267.986
81.634826 270.239
81.665944 268.877
81.697097 268.257
81.729372 268.509
81.760552 268.621
81.79173 268.458
81.822951 268.478
81.854142 267.564
81.886445 269.408
81.917683 269.285
81.948864 273.172
81.979964 270.499
82.011072 267.738
82.043403 269.374
82.074582 268.057
82.105737 268.487
82.137011 267.836
82.168183 270.818
82.20065 268.817
82.231744 269.945
82.26293 268.891
82.294 268.264
82.325178 269.388
82.35734 269.105
82.388574 269.046
82.419699 268.114
82.450849 269.248
82.482019 268.838
82.51414 270.195
82.545228 268.251
82.576332 268.371
82.607478 267.635
82.638727 268.638
82.671011 268.946
82.702321 267.975
82.733459 268.478
82.764701 269.184
82.795883 267.948
82.828113 268.866
82.859362 267.502
82.890565 269.26
82.921699 267.624
82.952861 269.727
82.985112 268.562
83.016136 270.84
83.04747 268.485
83.078524 268.855
83.109709 269.474
83.141923 269.769
83.173096 269.228
83.204237 267.942
83.235396 267.976
83.266465 269.568
83.298811 268.875
83.329941 269.331
83.361339 269.062
83.3927 268.14
83.424005 268.798
83.456448 270.666
83.487702 267.788
83.518995 268.111
83.550145 267.388
83.581409 268.863
83.61376 267.495
83.644974 271.32
83.676142 269.789
83.707266 270.289
83.73847 267.989
83.770832 270.81
83.802073 267.554
83.833219 267.339
83.86434 267.081
83.895524 268.63
83.927716 267.363
83.958763 267.604
83.989816 267.137
84.01071 268.294
84.041811 267.793
84.073955 269.702
84.105039 268.829
84.136106 269.757
84.167168 268.676
84.198273 268.265
84.230437 267.798
84.261588 268.104
84.292775 288.163
84.324034 310.122
84.355273 280.726
84.387612 276.789
84.418707 272.282
84.449997 269.656
84.481163 304.974
84.512346 306.996
84.544668 317.317
84.575846 296.618
84.607077 297.514
84.638221 282.074
84.669553 301.634
84.701776 304.233
84.732931 313.42
84.764118 274.986
84.795409 268.296
84.826615 267.458
84.858955 288.968
84.900324 270.351
84.921355 283.613
84.962754 282.233
84.993927 290.63
85.026277 268.986
85.057524 268.685
85.088667 267.824
85.119856 267.831
85.151159 303.631
85.183564 301.847
85.214771 324.228
85.245981 271.95
85.277073 278.088
85.318501 272.475
85.350775 277.691
85.381971 271.404
85.413067 283.21
85.454346 270.769
85.485522 276.274
85.517718 282.861
85.548919 286.949
85.590254 276.17
85.611206 280.481
85.652547 301.505
85.684743 307.152
85.726081 282.161
85.757213 295.062
85.798556 274.647
85.829801 286.147
85.862195 272.677
85.8935 278.074
85.924659 305.616
85.955866 341.502
85.997233 285.856
86.029542 292.286
86.070943 272.939
86.102094 281.692
86.133301 285.699
86.164497 339.913
86.207016 278.393
86.238263 278.173
86.279913 269.234
86.31123 283.444
86.342492 276.565
86.374796 271.415
86.40611 268.362
86.437343 289.755
86.468554 270.837
86.499701 275.621
86.542261 311.101
86.573416 336.258
86.604678 293.907
86.635879 299.586
86.677261 273.214
86.709516 281.879
86.740658 270.94
86.771898 280.08
86.813193 280.483
86.844337 290.67
86.886831 272.785
86.918004 277.478
86.949173 271.964
86.980338 286.692
87.032015 269.397
87.064287 299.8
87.095501 273.575
87.126575 281.976
87.157699 296.406
87.188865 318.545
87.231219 268.596
87.262331 267.529
87.293438 268.717
87.314269 282.173
87.355599 269.417
87.387893 285.987
87.4292 278.665
87.460303 282.668
87.491516 277.101
87.522707 299.153
87.575248 314.767
87.606324 343.905
87.637582 274.445
87.668799 326.563
87.720339 280.997
87.752655 321.503
87.78384 321.284
87.80496 271.7
87.836101 268.068
87.867254 269.618
87.899435 267.284
87.930685 268.383
87.961833 269.13
87.993027 274.113
88.03446 272.53
88.066739 267.383
88.098924 266.688
88.131454 266.513
88.163707 268.432
88.195919 268.151
88.228117 268.25
88.260518 267.447
88.2927 267.879
88.324862 267.977
88.357286 269.007
88.389375 268.655
88.421671 267.448
88.443828 267.597
88.475963 269.828
88.508395 268.081
88.540786 268.213
88.57292 267.925
88.605131 268.715
88.637414 268.038
88.668569 269.206
88.699817 268.074
88.731159 267.894
88.76226 268.559
88.794807 268.529
88.826106 268.145
88.846974 267.437
88.878263 268.666
88.909464 267.917
88.941758 267.959
88.972892 269.882
89.004102 268.917
89.035303 267.651
89.066472 268.442
89.098755 269.065
89.12991 268.044
89.160965 267.438
89.192079 268.263
89.223273 268.037
89.255419 268.88
89.286571 269.268
89.317676 268.233
89.348831 267.793
89.380044 268.276
89.412315 267.673
89.443542 267.584
89.474628 270.423
89.505837 268.558
89.53707 270.656
89.569539 268.35
89.60065 267.777
89.631698 267.641
89.662819 267.89
89.693974 267.614
89.726301 268.215
89.757401 268.285
89.788562 268.057
89.819724 267.849
89.85096 268.79
89.883317 268.153
89.914467 267.804
89.94569 268.745
89.976903 267.431
90.008172 267.914
90.040601 267.748
90.071822 267.788
90.103058 267.882
90.134266 268.587
90.165511 268.189
90.197782 267.257
90.228864 267.828
90.260165 267.492
90.291375 268.024
90.3226 268.057
90.354805 268.91
90.386195 268.293
90.417425 268.935
90.448635 272.045
90.479798 269.454
90.512078 268.844
90.543179 268.887
90.57429 268.282
90.605536 268.364
90.636697 268.473
90.658613 267.928
90.689719 267.352
90.720834 267.228
90.752067 268.596
90.783252 268.114
90.815691 267.53
90.846957 267.751
90.878206 268.204
90.909295 267.966
90.940473 269.812
90.972831 272.181
91.004009 266.975
91.035195 267.382
91.066623 268.37
91.097781 268.119
91.130128 267.439
91.161384 268.34
91.192649 268.171
91.223792 267.286
91.254955 267.833
91.287217 268.402
91.318371 267.881
91.349594 268.788
91.380816 268.525
91.411948 269.11
91.444161 268.139
91.475313 271.73
91.506451 270.788
91.527384 270.678
91.558491 269.753
91.590817 268.429
91.62184 268.005
91.653081 268.339
91.684178 267.6
91.715454 268.354
91.747821 271.448
91.779003 268.931
91.810164 267.903
91.841444 270.655
91.872685 269.263
91.905052 268.062
91.936235 267.505
91.967533 268.961
91.998744 267.441
92.029811 268.144
92.062001 267.602
92.093292 268.62
92.124377 268.398
92.155473 268.71
92.186624 268.288
92.218868 268.769
92.249964 267.329
92.281131 267.551
92.312281 267.567
92.343429 267.285
92.37576 269.391
92.406968 268.825
92.438043 268.86
92.469135 268.466
92.500273 268.492
92.532533 268.784
92.563741 269.763
92.595087 268.715
92.626287 267.555
92.657476 267.662
92.689709 268.902
92.720926 267.782
92.752139 268.434
92.783326 268.279
92.814519 267.353
92.846854 268.0
92.878092 270.137
92.909377 269.457
92.940595 267.295
92.971819 268.581
93.004217 268.859
93.035391 268.152
93.06661 267.476
93.097678 270.819
93.128856 267.336
93.161037 268.017
93.192223 268.123
93.223415 267.129
93.254616 267.139
93.285981 267.718
93.318294 267.695
93.349591 267.434
93.380733 268.512
93.411731 270.753
93.442957 267.398
93.475339 267.439
93.506497 269.181
93.537653 267.456
93.568787 268.667
93.60006 268.617
93.632254 266.997
93.663452 267.406
93.694616 268.809
93.725781 268.222
93.757023 269.613
93.789344 267.491
93.820495 269.005
93.851658 269.139
93.88276 267.527
93.913941 268.55
93.946273 268.294
93.977459 268.942
94.008668 267.536
94.039957 267.28
94.071234 267.634
94.103585 268.855
94.134779 268.5
94.166046 268.277
94.19723 267.661
94.22847 267.017
94.260923 269.975
94.292123 267.739
94.323405 267.567
94.354586 267.668
94.385901 267.758
94.418195 268.48
94.449429 267.859
94.480585 268.789
94.511763 268.133
94.543012 268.76
94.575317 268.359
94.606401 267.262
94.637744 267.989
94.66886 268.046
94.700125 268.146
94.73247 269.147
94.763745 268.385
94.794983 268.12
94.826195 268.586
94.857323 268.039
94.889646 270.691
94.920818 268.01
94.951884 270.275
94.983072 267.597
95.014293 268.717
95.046555 270.196
95.077674 270.333
95.10882 269.547
95.140056 271.038
95.171267 268.331
95.203452 267.853
95.23475 269.791
95.265945 267.523
95.297143 267.548
95.328359 267.894
95.360789 267.171
95.391968 267.311
95.42315 267.971
95.454399 268.153
95.485584 268.267
95.518019 268.63
95.549243 270.368
95.580417 267.297
95.611689 267.984
95.642924 270.002
95.675196 268.652
95.706316 267.528
95.737485 268.349
95.768635 267.524
95.799811 267.788
95.832075 270.044
95.863219 270.685
95.894391 273.578
95.925566 269.25
95.946639 269.492
95.978807 269.273
96.010069 269.935
96.041289 267.173
96.072524 267.696
96.103783 267.982
96.136198 268.328
96.167377 270.441
96.198535 269.48
96.229788 267.367
96.260925 268.698
96.293195 269.655
96.324349 270.901
96.355575 267.65
96.386776 268.771
96.417991 268.106
96.450266 268.598
96.48146 267.975
96.512665 269.818
96.54391 269.126
96.57519 268.164
96.607536 269.754
96.638729 268.977
96.67012 267.813
96.701331 268.296
96.73256 267.519
96.764911 269.341
96.79603 267.723
96.827096 270.309
96.858248 269.042
96.889386 267.896
96.921571 268.043
96.952687 269.287
96.983743 271.786
97.014845 269.903
97.046044 269.025
97.078243 267.483
97.109361 268.329
97.140418 268.082
97.171529 267.543
97.202594 268.904
97.234934 268.158
97.266103 267.254
97.297216 269.076
97.328263 270.539
97.359446 268.069
97.391766 269.585
97.412681 268.777
97.443766 267.156
97.475019 267.388
97.506268 268.127
97.538573 268.188
97.569727 268.529
97.600758 268.142
97.631869 268.477
97.663056 267.441
97.695321 268.035
97.72651 267.996
97.757574 267.65
97.788758 267.543
97.819959 268.321
97.852186 267.898
97.883426 268.135
97.914522 269.257
97.945668 267.335
97.976846 267.201
98.009162 267.925
98.040217 268.666
98.071383 268.243
98.102541 267.735
98.133722 270.261
98.166004 267.299
98.197163 270.406
98.228258 267.916
98.259408 268.291
98.290589 267.586
98.322775 268.493
98.353862 267.455
98.385094 267.55
98.416288 268.159
98.447483 267.171
98.479796 267.423
98.511026 268.603
98.542198 268.363
98.573362 267.774
98.604651 267.474
98.626579 270.856
98.657922 269.995
98.689146 268.626
98.720369 268.76
98.751688 270.305
98.784094 267.412
98.815368 267.248
98.846578 267.886
98.877743 268.198
98.90887 267.103
98.941211 267.919
98.972463 267.444
99.003665 267.256
99.034859 267.049
99.066061 267.501
99.09823 267.801
99.12923 268.544
99.160332 267.241
99.18117 267.693
99.212269 267.348
99.244497 268.124
99.275671 267.053
99.306866 268.209
99.338203 267.919
99.369543 267.084
99.401775 269.264
99.432921 268.447
99.464127 267.054
99.495357 267.439
99.526424 267.505
99.558744 267.577
99.59011 267.701
99.621255 269.607
99.652426 268.473
99.683647 268.184
99.71596 267.558
99.747189 267.809
99.778443 268.178
99.809575 267.309
99.840689 268.299
99.872968 269.481
99.90412 268.37
99.935465 270.5
99.966592 269.768
99.997764 269.245
100.030175 267.098
