1.3e-05 273.718
0.032333 273.238
0.236791 278.509
0.288377 292.786
0.319796 297.217
0.350952 300.861
0.38322 304.374
0.414294 307.003
0.445415 311.531
0.476645 313.203
0.507948 309.114
0.540254 310.522
0.571584 308.733
0.602778 310.501
0.633912 310.129
0.665138 310.698
0.697374 310.437
0.728602 309.913
0.759841 311.394
0.791169 312.19
0.822373 307.825
0.854669 304.969
0.885849 303.4
0.917109 301.088
0.948291 300.524
0.979442 301.379
1.011668 298.078
1.042958 295.072
1.074184 294.43
1.105409 293.867
1.136578 297.026
1.168901 294.057
1.20018 293.871
1.231392 291.828
1.262589 288.311
1.293766 288.435
1.326011 289.243
1.357388 288.53
1.388578 284.045
1.419783 280.856
1.451069 280.141
1.483326 277.716
1.515609 278.211
1.547855 280.842
1.580276 280.221
1.612508 278.611
1.643727 279.639
1.674917 276.219
1.70611 276.421
1.737331 273.167
1.769584 278.369
1.800764 281.679
1.831948 281.673
1.863204 280.751
1.894376 280.065
1.926587 277.623
1.957803 276.57
1.988925 277.281
2.020142 275.069
2.051302 275.099
2.08362 274.722
2.114843 275.188
2.146003 276.562
2.17715 275.611
2.208427 274.77
2.240912 277.772
2.272184 275.388
2.303372 273.246
2.334698 272.841
2.366066 272.993
2.39838 274.375
2.430694 273.454
2.462996 273.382
2.495214 272.844
2.527424 273.792
2.558571 272.522
2.589702 273.589
2.620919 275.96
2.652147 277.317
2.684435 271.787
2.715545 272.857
2.746757 271.611
2.777868 274.714
2.809094 271.417
2.841307 271.827
2.872423 272.497
2.903613 272.136
2.934706 272.395
2.966001 273.018
2.998163 271.31
3.029362 271.05
3.060544 272.053
3.091627 272.772
3.122922 272.246
3.155176 272.679
3.186325 272.109
3.217574 273.335
3.248785 273.634
3.279993 274.164
3.312268 276.581
3.343414 272.468
3.374491 272.957
3.405623 285.404
3.436725 273.413
3.468914 271.332
3.50016 272.407
3.531292 271.588
3.5625 271.342
3.593785 271.661
3.62607 272.584
3.657323 272.059
3.688544 270.915
3.719777 271.625
3.750935 277.992
3.783097 278.7
3.814275 280.577
3.845476 272.533
3.876688 273.366
3.907958 273.342
3.940239 272.924
3.971408 274.79
4.002631 273.066
4.033823 273.109
4.065023 278.347
4.097317 282.686
4.128529 293.24
4.159614 289.382
4.190788 285.424
4.221968 292.557
4.254223 311.017
4.285402 306.933
4.316504 325.816
4.347613 352.274
4.378784 341.562
4.410985 370.882
4.462661 416.5
4.493841 367.365
4.525028 291.852
4.556307 277.249
4.588559 271.918
4.620764 271.539
4.652938 279.229
4.68524 278.044
4.72759 276.48
4.759754 276.766
4.791994 284.921
4.82425 285.76
4.856519 339.088
4.888786 330.402
4.920892 310.682
4.952078 306.633
5.054497 289.881
5.085579 310.433
5.116883 332.156
5.149138 337.153
5.180208 283.413
5.211324 276.446
5.242434 275.983
5.324535 274.551
5.356791 272.234
5.388986 273.017
5.421484 278.191
5.453831 274.555
5.486082 293.855
5.518311 304.314
5.550629 323.59
5.581766 321.851
5.61294 322.326
5.644146 355.991
5.675293 363.516
5.707567 345.606
5.73883 315.04
5.841226 309.669
5.872384 331.276
5.91376 291.711
5.94615 274.875
5.977404 274.843
6.008521 273.84
6.121064 274.046
6.152249 273.641
6.184501 294.553
6.215621 316.609
6.24682 306.566
6.277962 323.528
6.309094 335.051
6.341428 374.567
6.372492 371.369
6.40362 368.091
6.434761 356.064
6.526949 278.497
6.559192 274.281
6.591414 275.264
6.622565 276.213
6.653751 274.054
6.684948 292.471
6.71635 304.453
6.748531 307.137
6.779633 323.316
6.800642 337.784
6.831746 352.561
6.862865 358.08
6.895056 341.152
6.926225 324.727
7.048896 286.762
7.080012 291.806
7.100977 305.613
7.133179 313.655
7.164421 305.119
7.195585 297.473
7.226778 293.964
7.318952 277.056
7.351238 272.595
7.38243 271.729
7.413603 271.501
7.444794 282.495
7.476094 295.492
7.508476 313.994
7.539677 311.489
7.570801 358.606
7.601864 342.631
7.633009 339.773
7.665267 384.082
7.696396 502.219
7.798945 516.16
7.830365 312.334
7.861518 310.842
7.893821 321.435
7.976026 325.897
8.007206 319.143
8.068989 294.485
8.100171 305.355
8.204119 344.928
8.235335 291.381
8.266694 288.066
8.297861 299.105
8.328976 307.562
8.371534 359.896
8.402743 369.85
8.433828 333.261
8.464954 325.325
8.56754 285.182
8.599903 281.915
8.631328 284.162
8.662554 282.541
8.703993 277.454
8.735418 295.335
8.767598 286.102
8.798804 337.613
8.829995 302.999
8.86114 305.55
8.892224 286.038
8.924479 277.429
8.977148 271.511
9.009447 273.718
9.041543 277.442
9.073638 272.752
9.104758 276.205
9.135881 291.574
9.167046 303.413
9.198279 313.038
9.230527 326.229
9.261667 342.308
9.292787 313.321
9.323934 314.338
9.355103 333.366
9.387215 325.751
9.520375 313.233
9.551508 274.775
9.582648 272.528
9.61383 273.179
9.646161 281.305
9.677348 289.014
9.708564 349.531
9.750041 339.814
9.781227 339.735
9.813472 377.515
9.844674 375.859
9.875776 411.115
9.906908 401.126
9.938024 394.228
9.970254 276.253
10.052222 291.132
10.083378 293.268
10.114466 328.771
10.145685 343.549
10.177912 320.595
10.209063 278.842
10.240167 282.311
10.271385 280.973
10.322946 275.783
10.35515 276.627
10.386273 276.026
10.417401 273.014
10.448499 271.693
10.4797 302.606
10.51193 316.845
10.54309 320.536
10.574232 392.89
10.625747 402.212
10.656923 410.183
10.689223 387.706
10.720318 380.896
10.751487 367.153
10.90461 337.169
10.935905 279.168
10.96837 276.47
10.999818 277.77
11.031139 286.807
11.062378 309.097
11.093594 355.059
11.166609 383.765
11.197884 424.004
11.229083 380.07
11.260248 342.329
11.291344 325.732
11.506846 272.202
11.539079 275.678
11.57112 295.334
11.603342 295.539
11.634564 320.14
11.665725 288.609
11.696883 300.383
11.728113 310.646
11.760411 324.327
11.792944 300.841
11.824133 280.175
11.946848 278.199
11.978233 289.673
12.009457 309.467
12.041652 296.921
12.072865 301.842
12.104095 344.293
12.145417 332.945
12.176585 292.807
12.320775 289.48
12.352022 294.654
12.383335 309.992
12.41439 317.065
12.445538 297.689
12.477823 294.259
12.59173 274.133
12.622898 272.677
12.654143 272.513
12.685287 275.26
12.716449 278.298
12.748901 304.758
12.779996 351.726
12.83151 377.302
12.862608 368.087
12.893717 376.57
12.925982 387.577
12.957173 374.254
12.98832 299.383
13.152127 282.53
13.18337 289.607
13.215602 301.951
13.247967 311.142
13.310839 350.022
13.342075 351.114
13.373291 333.926
13.404526 332.794
13.435758 325.545
13.600626 283.436
13.631886 341.28
13.693745 321.59
13.724917 322.646
13.756217 329.912
13.788774 322.962
13.821179 327.914
13.863767 309.315
13.976585 282.011
14.007874 290.202
14.039212 287.769
14.070326 325.37
14.102674 319.369
14.134954 327.964
14.166157 341.302
14.197381 350.0
14.228635 354.758
14.27003 314.118
14.363398 282.009
14.394668 303.754
14.425914 348.612
14.477812 333.644
14.509097 340.089
14.551544 368.543
14.582748 335.963
14.613976 309.361
14.767222 305.408
14.798494 282.531
14.830862 272.271
14.862073 272.581
14.89329 350.013
14.954969 329.847
14.98612 361.549
15.038732 375.754
15.069895 388.752
15.101065 341.396
15.132181 303.2
15.316001 273.497
15.348506 273.013
15.379689 275.155
15.410944 282.398
15.442131 288.303
15.473359 340.192
15.53612 354.618
15.567263 382.435
15.598431 387.314
15.629596 336.979
15.660887 329.378
15.825553 287.574
15.857875 276.243
15.89005 272.6
15.92227 273.903
15.95344 330.813
15.984582 340.91
16.015805 375.448
16.046988 396.528
16.079221 441.346
16.120587 398.88
16.151755 371.849
16.182902 350.057
16.407515 281.381
16.439835 286.927
16.471042 328.32
16.51282 349.208
16.544011 360.639
16.575358 427.137
16.628033 402.799
16.65922 414.381
16.690335 395.842
16.721421 384.664
16.742386 358.029
16.907012 351.482
16.938354 311.607
16.969562 319.599
17.000868 373.411
17.032144 349.933
17.064352 400.773
17.126134 361.924
17.15728 352.654
17.18845 342.347
17.33164 314.544
17.364004 293.224
17.39521 272.337
17.426639 281.693
17.457874 278.007
17.489075 284.726
17.521505 292.837
17.552749 297.375
17.584003 357.802
17.635488 350.886
17.666622 324.013
17.698854 317.655
17.802323 286.835
17.833565 291.069
17.864758 295.443
17.895999 318.226
17.927313 274.813
17.959622 282.864
17.990759 291.791
18.022043 335.315
18.053385 335.325
18.084614 344.184
18.116855 309.76
18.18876 277.06
18.219894 272.007
18.251048 271.283
18.282275 271.105
18.31457 272.431
18.345747 273.458
18.376883 281.434
18.408142 299.981
18.439327 327.548
18.471611 349.667
18.502795 367.751
18.533907 375.244
18.565263 409.575
18.596449 396.88
18.62881 374.37
18.660025 368.769
18.69116 302.008
18.95653 276.095
18.987723 308.412
19.019971 315.137
19.071531 347.921
19.10264 349.486
19.133839 372.017
19.165006 329.079
19.197378 310.389
19.228482 297.325
19.412092 281.289
19.443253 291.431
19.474433 303.048
19.506743 332.546
19.537909 364.897
19.569008 378.366
19.600206 395.71
19.631368 412.913
19.663577 409.082
19.694738 396.592
19.726001 475.424
20.276428 477.26
20.307637 557.033
20.370468 400.911
20.402554 335.872
20.433678 297.792
20.658157 277.088
20.689429 278.96
20.720709 331.124
20.763211 352.58
20.795573 437.368
20.88882 402.485
20.919979 322.94
20.951195 320.677
20.982336 314.495
21.176274 278.73
21.208613 276.118
21.239801 274.017
21.270968 277.983
21.302133 295.645
21.333357 284.819
21.3656 272.792
21.397945 284.848
21.430338 295.4
21.462744 329.993
21.494925 329.461
21.52718 319.503
21.559422 295.013
21.64255 291.346
21.673737 308.396
21.704809 421.421
21.807387 393.472
21.838631 411.759
21.860753 420.888
21.891947 447.561
21.923119 466.807
21.954305 339.504
21.985495 331.534
22.129771 310.793
22.162107 298.042
22.193278 364.784
22.703274 739.749
22.826239 841.278
22.857356 741.803
22.889723 738.055
22.921152 709.071
22.952406 360.815
23.136192 276.723
23.167382 273.233
23.199623 273.363
23.230786 273.087
23.261971 274.44
23.293166 275.058
23.324275 274.723
23.356517 272.923
23.387796 276.136
23.41902 296.491
23.45023 311.012
23.481645 337.684
23.513902 367.978
23.545075 336.478
23.576221 275.412
23.607453 273.486
23.63861 270.936
23.670989 270.763
23.702156 271.344
23.733396 273.926
23.764614 276.677
23.795787 273.788
23.828024 273.667
23.859362 271.657
23.890477 273.238
23.921598 275.192
23.952806 291.892
23.985084 304.379
24.016308 306.566
24.047429 282.841
24.078604 273.291
24.109773 274.524
24.142063 272.914
24.173381 271.845
24.204601 271.762
24.266353 272.523
24.297594 274.627
24.329855 275.807
24.360992 274.078
24.392173 275.406
24.423227 273.963
24.454435 275.096
24.48676 272.189
24.518015 271.801
24.549129 273.329
24.580321 276.669
24.611515 273.078
24.643813 275.024
24.675029 277.721
24.695886 275.313
24.727117 274.524
24.758337 272.745
24.790499 272.653
24.82164 277.542
24.852768 271.997
24.883913 274.973
24.915092 272.411
24.94734 272.152
24.978621 273.074
25.00981 272.192
25.040976 276.306
25.072183 274.081
25.104386 273.67
25.13584 273.62
25.167035 273.981
25.198173 284.209
25.229398 281.48
25.26171 273.97
25.292921 274.305
25.324125 274.013
25.355382 286.209
25.386567 273.236
25.418954 275.643
25.4501 283.817
25.481407 279.4
25.522838 274.492
25.554131 273.219
25.586335 272.762
25.61755 273.426
25.648756 274.781
25.680021 273.293
25.711179 274.446
25.743484 273.529
25.774652 279.026
25.805758 273.386
25.836954 292.726
25.868374 277.536
25.900662 276.193
25.931856 288.272
25.963036 301.995
25.994226 305.734
26.025464 305.32
26.057762 295.602
26.088987 284.551
26.120243 279.368
26.151509 278.225
26.182723 278.172
26.357506 320.785
26.419213 279.408
26.450332 399.529
26.563021 287.357
26.594176 442.289
26.76888 445.076
26.800049 493.921
26.831215 289.294
26.862293 273.493
26.893419 278.69
26.925663 278.759
26.95685 273.493
26.988116 273.118
27.03962 275.119
27.070732 275.474
27.103011 291.854
27.205496 288.958
27.236713 280.341
27.267899 274.357
27.29914 275.135
27.331282 280.88
27.362424 284.002
27.393568 282.124
27.475608 275.073
27.506743 274.761
27.538972 288.23
27.57013 278.364
27.601302 272.756
27.632449 274.285
27.663783 275.152
27.696039 277.014
27.72703 276.188
27.758218 281.061
27.789402 282.741
27.820584 281.453
27.852985 273.904
27.884226 271.887
27.915552 272.61
27.946856 280.154
27.978052 271.953
28.010312 272.341
28.041568 273.699
28.072673 274.499
28.103847 272.584
28.134872 272.929
28.16704 272.552
28.198157 272.676
28.229306 273.084
28.260368 272.378
28.291576 273.826
28.323917 276.146
28.355129 272.924
28.386273 283.922
28.417473 273.103
28.448603 274.866
28.480848 275.97
28.512024 272.787
28.543127 272.401
28.574243 272.424
28.605349 273.325
28.637481 274.265
28.66863 275.169
28.699706 273.818
28.730811 274.026
28.761943 273.419
28.794318 274.064
28.825449 273.288
28.856563 272.609
28.887754 274.015
28.918968 274.764
28.951188 273.783
28.982298 273.895
29.013429 273.061
29.044568 272.962
29.075536 275.87
29.10779 276.193
29.138966 272.274
29.170156 271.791
29.201334 275.722
29.232569 272.636
29.264885 272.488
29.296119 272.498
29.327232 273.081
29.358319 272.657
29.389578 352.318
29.482974 372.026
29.514194 372.825
29.545389 367.366
29.576565 386.332
29.607751 509.033
29.742172 319.384
29.774634 277.851
29.806014 274.073
29.837207 345.699
29.939549 388.06
29.970771 513.53
30.10492 502.006
30.137294 393.888
30.16846 377.74
30.199763 455.806
30.281841 420.117
30.302919 421.124
30.335129 400.728
30.366434 283.036
30.397582 408.474
30.561241 295.787
30.592435 283.645
30.624693 280.458
30.655732 279.818
30.686904 284.183
30.718057 282.425
30.830551 273.606
30.862709 272.224
30.893861 274.261
30.92502 272.525
30.95621 273.879
30.987443 273.878
31.019793 277.325
31.050911 273.665
31.082019 273.449
31.113099 273.475
31.144272 275.888
31.176536 275.057
31.207716 275.823
31.238823 276.229
31.269941 273.399
31.301116 275.411
31.33337 274.514
31.364531 277.42
31.395797 279.829
31.427116 273.866
31.458403 273.922
31.490852 273.353
31.522065 273.463
31.553185 274.068
31.584346 272.967
31.615498 274.175
31.647779 281.729
31.678947 272.216
31.710064 272.109
31.741187 273.037
31.772524 272.659
31.804725 273.26
31.835989 272.84
31.867302 273.511
31.898399 272.899
31.92955 276.169
31.961812 277.278
31.99293 274.055
32.024174 275.166
32.055383 278.344
32.086531 274.271
32.118894 273.088
32.150017 662.374
32.557509 671.038
32.588648 565.263
32.619873 465.949
32.652045 441.397
32.835618 277.434
32.866759 275.78
32.897928 273.827
32.929068 272.381
32.961258 271.776
32.992441 273.578
33.023675 272.604
33.054814 277.103
33.086003 280.2
33.118202 271.835
33.149444 274.076
33.180548 273.331
33.211738 271.821
33.242889 274.185
33.275255 272.198
33.30649 272.552
33.337723 271.218
33.368883 277.037
33.400098 274.564
33.432296 275.737
33.463467 273.96
33.494674 295.928
33.525779 277.36
33.556953 277.003
33.589272 275.194
33.620423 272.87
33.651585 274.673
33.682926 273.891
33.714038 273.663
33.746342 274.926
33.777498 272.321
33.808674 275.697
33.839825 274.062
33.871012 278.52
33.903326 280.88
33.934439 274.618
33.965595 274.688
33.99672 274.598
34.027958 273.366
34.060208 277.445
34.091322 275.624
34.122485 304.915
34.153673 338.235
34.184875 275.052
34.217105 282.179
34.248337 276.114
34.279512 279.023
34.310787 290.004
34.342147 280.983
34.374427 275.158
34.405679 272.227
34.436833 273.903
34.468018 271.166
34.499241 270.451
34.531479 271.653
34.562646 272.021
34.593834 272.628
34.625005 275.252
34.656253 272.658
34.688535 276.384
34.719706 273.819
34.750851 273.207
34.781965 274.845
34.813162 274.018
34.845466 273.946
34.876573 274.146
34.907777 273.437
34.938938 272.862
34.970147 274.905
35.002354 276.11
35.033535 275.877
35.064681 283.689
35.106038 277.35
35.137125 273.63
35.169518 272.704
35.200639 274.832
35.231834 286.523
35.262966 274.823
35.294115 277.359
35.32642 274.336
35.35757 273.938
35.38874 275.594
35.41998 275.671
35.451112 285.937
35.483349 274.296
35.514482 274.084
35.545659 275.12
35.576964 275.044
35.608235 272.598
35.640559 273.345
35.671792 273.611
35.703068 282.046
35.734115 276.026
35.765265 276.4
35.797415 280.596
35.828577 280.35
35.859798 276.672
35.890909 276.498
35.922153 279.497
35.954419 273.215
35.9856 272.882
36.016705 272.746
36.047879 278.286
36.079109 275.957
36.11137 273.281
36.142572 281.285
36.173741 274.297
36.204909 277.723
36.236109 275.0
36.268404 273.564
36.299681 275.848
36.330833 274.515
36.362038 272.861
36.393182 274.063
36.425587 272.884
36.456854 275.938
36.488046 274.435
36.519195 273.934
36.550445 279.291
36.58271 277.446
36.613866 273.49
36.645023 276.483
36.676245 276.001
36.707443 273.554
36.739773 275.263
36.770941 274.979
36.802125 274.685
36.833313 275.866
36.864477 277.84
36.896696 274.789
36.927859 281.039
36.959067 277.634
36.990285 275.632
37.021392 283.784
37.053723 280.513
37.084896 275.392
37.116128 276.485
37.147303 279.686
37.178578 279.402
37.210823 272.611
37.242045 272.703
37.273246 279.893
37.304353 280.613
37.335598 282.12
37.367863 285.164
37.398951 277.702
37.430071 275.34
37.461225 276.125
37.492443 284.652
37.524884 277.762
37.556152 272.794
37.587303 275.04
37.618505 278.533
37.649528 272.944
37.681738 275.918
37.712889 275.304
37.744126 276.637
37.775294 290.35
37.806455 307.199
37.838751 275.267
37.869891 275.925
37.921344 276.6
37.95246 278.708
37.983722 274.737
38.016027 274.15
38.047233 273.678
38.078318 277.901
38.109503 275.601
38.140767 276.327
38.172995 273.246
38.204262 278.874
38.235391 280.612
38.266596 277.01
38.297737 274.051
38.329932 274.363
38.361105 272.778
38.39228 272.573
38.423432 275.055
38.454573 276.83
38.486941 272.224
38.518125 278.36
38.549328 273.618
38.580504 274.337
38.611728 275.653
38.644098 273.87
38.675278 276.451
38.696251 274.269
38.727501 272.048
38.758778 272.099
38.791149 272.611
38.822332 271.505
38.853422 275.018
38.884642 272.466
38.915851 272.801
38.948315 272.482
38.979491 274.272
39.010628 275.225
41.085899 276.283
41.116956 274.038
41.149224 273.112
41.180413 272.704
41.211544 278.016
41.24274 274.712
41.365428 272.958
41.39772 272.969
41.428913 272.222
41.460078 272.717
41.491231 275.031
41.522435 272.27
41.554747 272.069
41.575757 272.592
41.607001 272.256
41.638218 275.009
41.66934 271.8
41.701627 276.024
41.733007 273.613
41.764221 272.92
41.795434 272.637
41.826504 273.08
41.858728 275.422
41.890023 274.876
41.92115 278.325
41.952313 271.607
41.983485 278.773
42.015784 272.377
42.046937 273.888
42.078119 272.38
42.109257 280.722
42.140576 275.935
42.172947 277.879
42.204064 277.322
42.235171 280.579
42.266339 271.882
42.297735 275.424
42.32998 273.476
42.361148 272.222
42.392314 276.263
42.423503 274.43
42.454712 272.964
42.486867 272.896
42.518109 273.466
42.549271 275.456
42.580481 274.941
42.61175 278.935
42.644029 279.591
42.67519 274.457
42.706343 279.326
42.737747 287.128
42.768963 284.109
42.801247 275.081
42.832454 280.567
42.8635 273.093
42.894677 277.144
42.925918 272.895
42.958331 278.735
42.989534 273.149
43.020755 272.295
43.051928 273.018
43.083056 275.498
43.115312 275.59
43.146462 277.879
43.177628 279.705
43.208869 275.99
43.24011 275.867
43.27242 274.788
43.303608 275.957
43.33476 275.043
43.355807 274.088
43.386965 276.776
43.419179 276.817
43.450289 274.821
43.481474 280.138
43.512643 274.087
43.543834 275.608
43.57612 274.821
43.607316 273.996
43.638474 275.59
43.669524 274.606
43.700709 279.253
43.733134 277.656
43.764252 277.255
43.79543 274.353
43.826555 273.207
43.85774 272.988
43.889953 274.007
43.921108 271.875
43.952231 276.209
43.983409 273.121
44.014587 273.273
44.046882 274.563
44.078043 273.234
44.10916 271.689
44.140562 274.633
44.171748 273.962
44.203917 272.102
44.235057 272.691
44.266269 272.835
44.297496 273.375
44.328733 273.56
44.361085 273.86
44.392338 272.215
44.423545 272.72
44.454794 272.608
44.486073 274.408
44.518374 273.768
44.549604 277.785
44.580759 272.416
44.611937 273.669
44.643213 276.934
44.675497 272.883
44.7067 272.701
44.737928 274.349
44.769141 273.681
44.800273 274.255
44.832761 271.948
44.863918 271.831
44.895205 272.942
44.926378 275.49
44.957497 302.466
44.989913 277.149
45.020986 281.398
45.052196 277.902
45.083324 273.82
45.114528 274.063
45.147038 274.88
45.178172 296.966
45.209319 284.056
45.240454 272.817
45.261541 272.148
45.293825 271.599
45.325042 272.485
45.356244 272.08
45.387392 271.089
45.418554 270.33
45.45089 270.437
45.482103 271.973
45.513263 270.842
45.544382 272.169
45.575584 273.119
45.607765 272.249
45.638899 272.827
45.670039 273.102
45.70118 271.905
45.732317 273.097
45.764592 274.763
45.795768 272.424
45.826925 279.109
45.858009 272.942
45.889218 272.86
45.921438 283.604
45.952615 274.198
45.983886 275.028
46.015025 275.32
46.046245 276.275
46.078437 276.443
46.109584 279.247
46.140762 275.198
46.172009 273.658
46.203149 274.843
46.23545 273.89
46.266672 274.496
46.297986 275.033
46.329097 273.421
46.360286 273.789
46.392547 273.449
46.423662 273.093
46.454807 272.89
46.485979 278.138
46.517175 274.286
46.549406 276.142
46.580644 272.916
46.611955 274.999
46.643129 274.032
46.674362 273.079
46.706618 274.118
46.737899 275.73
46.769068 274.523
46.800428 274.514
46.831613 275.497
46.863943 281.635
46.895125 275.668
46.926318 279.33
46.957613 277.102
46.988841 272.654
47.021247 273.729
47.052403 272.931
47.083662 276.948
47.114781 272.497
47.146023 272.621
47.178378 273.345
47.20968 276.153
47.240828 272.673
47.27206 274.88
47.303313 275.427
47.335459 277.373
47.366701 274.225
47.397881 271.824
47.429077 273.307
47.460279 277.569
47.492615 274.845
47.523859 276.681
47.55503 290.083
47.586316 273.626
47.617652 273.594
47.650205 276.049
47.681471 275.186
47.712682 271.467
47.743777 290.783
47.774959 271.733
47.807219 271.545
47.838354 275.686
47.86958 274.744
47.9821 279.472
48.013297 272.198
48.045547 271.788
48.076676 271.697
48.097668 272.794
48.128976 272.66
48.160397 278.584
48.192666 273.534
48.223831 271.701
48.255084 271.416
48.286244 277.19
48.317347 273.09
48.349633 277.694
48.380948 272.372
48.412176 273.968
48.443379 273.334
48.474569 277.179
48.50686 276.736
48.537936 274.158
48.569159 274.147
48.600358 272.132
48.631558 273.355
48.663911 275.785
48.695261 277.009
48.726412 273.025
48.757646 273.547
48.788816 272.709
48.821197 272.34
48.852363 271.945
48.88356 276.587
48.914757 274.29
48.945975 272.666
48.978197 273.158
49.009384 272.818
49.040536 272.721
49.071748 271.584
49.102985 273.345
49.135163 273.186
49.166298 272.122
49.197448 271.659
49.228604 281.478
49.259832 274.894
49.292075 279.541
49.323163 274.833
49.354296 273.076
49.385426 273.096
49.416648 272.712
49.448875 274.371
49.480029 278.327
49.511161 274.977
49.542345 274.4
49.573478 273.895
49.605743 277.232
49.636872 273.692
49.66805 274.27
49.699222 272.526
49.730353 271.665
49.762647 271.806
49.793862 272.217
49.824994 275.22
49.856238 278.736
49.887352 275.08
49.919564 274.834
49.950815 273.535
49.9822 271.467
50.013365 275.664
50.044687 272.26
50.076945 274.237
50.108241 274.329
50.139448 272.208
50.170666 272.708
50.191624 271.457
50.223958 272.141
50.255171 275.087
50.286422 271.559
50.317505 271.463
50.348669 271.971
50.380848 271.502
50.412036 271.91
50.443109 272.659
50.474344 272.99
50.50557 271.961
50.537956 273.366
50.569304 272.868
50.600584 273.975
50.631766 272.413
50.663198 274.447
50.695502 273.39
50.726674 272.503
50.757851 273.91
50.789005 276.854
50.820223 273.386
50.852424 271.709
50.883472 277.962
50.914636 273.625
50.945809 273.122
50.97697 271.96
51.009302 272.874
51.040539 273.244
51.061578 273.012
51.092731 274.505
51.124037 274.187
51.156658 282.449
51.187864 282.209
51.21907 275.997
51.250416 272.0
51.281774 273.111
51.314054 273.459
51.345132 273.447
51.376283 274.081
51.407449 272.276
51.438561 272.902
51.4708 272.347
51.502044 273.212
51.533257 273.817
51.564587 275.361
51.595847 275.852
51.628151 274.819
51.65931 274.878
51.690575 274.193
51.721736 273.073
51.752973 272.077
51.785323 273.805
51.816479 277.587
51.847712 274.604
51.878949 277.235
51.910116 274.376
51.94243 280.037
51.973668 273.838
52.004817 273.765
52.036062 272.918
52.067171 273.098
52.099332 271.739
52.130544 273.322
52.161734 273.065
52.192866 276.477
52.224129 273.387
52.256425 273.914
52.287505 272.973
52.318641 276.678
52.349781 275.144
52.380987 274.149
52.413206 273.278
52.444375 274.953
52.475501 275.678
52.506654 274.637
52.537807 272.572
52.570111 274.476
52.601419 272.357
52.632571 272.881
52.66382 274.898
52.694997 273.921
52.727158 275.242
52.758395 273.115
52.7897 271.549
52.821053 286.271
52.852262 290.958
52.884782 275.653
52.915932 274.147
52.94712 280.008
52.978275 276.732
53.009473 277.268
53.041707 273.063
53.072836 293.008
53.103994 278.591
53.13511 274.234
53.166244 274.232
53.198525 272.191
53.229707 272.561
53.260981 275.743
53.292323 271.969
53.323769 273.365
53.355992 277.463
53.387066 273.295
53.418217 272.076
53.449342 272.445
53.480536 273.256
53.512763 274.909
53.543978 272.423
53.575124 277.619
53.606261 273.191
53.637428 272.52
53.669918 272.512
53.70105 272.043
53.732167 272.987
53.763371 272.518
53.794548 272.806
53.826734 274.81
53.85792 273.566
53.889009 272.977
53.920222 273.03
53.951342 271.409
53.9835 273.008
54.014595 272.252
54.045839 275.537
54.076999 272.952
54.108212 274.19
54.140496 306.583
54.232694 273.25
54.263838 273.939
54.294958 293.729
54.32614 271.999
54.358349 274.003
54.389469 272.192
54.420509 271.52
54.502512 273.973
54.533687 272.741
54.565908 272.934
54.597141 273.018
54.628192 271.857
54.659322 271.925
54.690458 272.272
54.722722 276.802
54.753921 271.608
54.785099 272.407
54.816276 271.372
54.847414 273.672
54.879617 271.849
54.910705 271.885
54.941974 271.961
54.973146 273.603
55.004367 272.598
55.03654 272.595
55.067684 273.097
55.098921 272.405
55.130048 275.575
55.161182 280.543
55.193405 277.184
55.22447 276.685
55.255614 272.508
55.287058 285.103
55.318227 272.333
55.350557 272.424
55.381716 275.562
55.412968 272.302
55.444122 273.982
55.475373 272.968
55.507834 273.587
55.538968 272.738
55.570357 273.463
55.601685 292.546
55.632958 271.902
55.665184 273.778
55.696283 271.507
55.727502 271.525
55.758705 271.371
55.7899 271.819
55.822319 271.293
55.853723 271.206
55.885038 275.138
55.916346 271.603
55.947572 272.143
55.979922 273.118
56.011087 276.15
56.042353 273.609
56.073584 273.953
56.104824 273.224
56.137072 275.875
56.168221 272.968
56.199421 274.051
56.230533 272.44
56.261702 272.169
56.293895 272.257
56.325041 272.581
56.356149 274.609
56.387157 273.823
56.418321 273.054
56.450738 271.979
56.48188 272.599
56.513113 272.027
56.54431 273.856
56.575562 272.869
56.607869 275.208
56.639095 273.078
56.670257 271.545
56.701593 272.763
56.732874 271.559
56.754963 275.395
56.786093 272.274
56.817188 271.719
56.848359 272.438
56.879585 271.532
56.911781 271.946
56.942923 272.17
56.974079 273.293
57.005233 272.38
57.036505 272.26
57.068629 274.313
57.099774 272.861
57.13097 273.428
57.162125 271.592
57.193248 277.727
57.225402 273.381
57.256524 270.789
57.287771 273.593
57.318869 272.998
57.350012 276.034
57.382129 274.696
57.4133 271.601
57.444425 273.176
57.475426 273.144
57.506509 276.831
57.538753 273.736
57.570168 272.924
57.60128 292.977
57.632352 272.176
57.66352 272.121
57.695738 273.108
57.726776 271.831
57.757823 272.165
57.788903 273.743
57.820003 272.301
57.852108 274.275
57.883193 289.492
57.91428 293.0
57.945471 275.263
57.976567 273.24
58.008765 272.61
58.03995 276.046
58.071147 274.954
58.102264 273.67
58.133442 274.111
58.165565 274.251
58.196599 274.028
58.227734 272.619
58.258834 275.657
58.289989 271.903
58.322147 274.001
58.353312 276.266
58.384674 273.6
58.415759 273.186
58.447047 281.554
58.479249 274.512
58.510436 273.93
58.541587 274.534
58.572762 273.433
58.593703 274.076
58.625972 274.479
58.6572 272.459
58.688281 274.426
58.719408 272.015
58.750586 276.835
58.782778 274.176
58.813977 273.806
58.845213 273.329
58.876388 304.166
58.907523 300.03
58.93969 273.109
58.970892 272.556
59.001988 272.77
59.03315 274.102
59.064291 273.039
59.096583 272.892
59.127788 272.818
59.158986 272.155
59.190265 272.287
59.22139 274.663
59.25385 273.298
59.285228 272.889
59.316326 272.272
59.347478 272.896
59.378584 272.879
59.41086 275.716
59.442039 275.327
59.473186 276.332
59.50429 272.892
59.535493 273.993
59.567729 276.904
59.598724 290.785
59.629913 282.164
59.661105 272.153
59.692212 272.543
59.724538 272.937
59.755758 279.068
59.786917 274.838
59.818077 275.163
59.84929 273.29
59.88154 275.061
59.91274 272.032
59.944012 271.443
59.975125 273.009
60.00648 278.719
60.038803 272.088
60.069953 273.882
60.101089 273.878
60.132256 275.676
60.163344 275.393
60.195597 272.921
60.22671 272.752
60.257786 272.808
60.288888 272.112
60.320245 272.96
60.352527 271.548
60.373424 276.68
60.404662 271.87
60.435824 272.532
60.466955 273.076
60.499278 272.567
60.530474 271.875
60.561727 272.136
60.593158 271.992
60.624501 276.42
60.656875 271.59
60.68799 272.611
60.719145 272.601
60.750275 273.086
60.781416 274.224
60.813668 273.197
60.844814 272.08
60.875984 272.001
60.90715 271.985
60.938279 276.802
60.970487 272.202
61.001558 272.37
61.032825 273.391
61.063985 273.155
61.095201 271.91
61.127423 275.029
61.158588 275.093
61.189711 272.406
61.220835 274.061
61.252165 273.558
61.284314 274.72
61.315444 271.622
61.346704 274.227
61.377757 272.691
61.409076 273.337
61.441379 274.114
61.472462 272.713
61.503822 272.577
61.534944 272.234
61.56614 271.595
61.598382 272.084
61.629579 272.213
61.660662 272.958
61.69186 272.802
61.722948 272.186
61.755211 271.457
61.786501 271.785
61.817689 271.605
61.848995 271.179
61.880187 271.698
61.912685 271.841
61.943817 273.08
61.975006 272.31
62.006139 271.695
62.037299 271.523
62.069593 271.301
62.100775 272.399
62.132003 272.151
62.153012 271.448
62.184232 272.978
62.216587 273.379
62.247758 271.788
62.278866 272.585
62.310081 272.422
62.341216 273.177
62.373485 272.514
62.404626 271.746
62.435811 274.183
62.466938 274.91
62.498193 271.809
62.530454 272.421
62.561569 273.305
62.592732 275.04
62.623866 273.808
62.655054 272.897
62.687338 273.495
62.718501 272.721
62.749717 272.579
62.780926 272.152
62.812142 272.807
62.844426 273.116
62.875683 274.74
62.906872 272.593
62.938043 271.834
62.969238 271.628
63.001384 274.419
63.032563 272.68
63.063685 272.876
63.094834 272.957
63.125966 271.612
63.158281 271.932
63.189439 271.679
63.220572 271.944
63.25179 272.029
63.282906 277.097
63.315172 272.385
63.346358 272.903
63.377449 272.594
63.408707 274.304
63.439885 272.014
63.472183 273.548
63.503377 273.281
63.534544 272.138
63.565759 272.23
63.59695 272.556
63.62924 272.83
63.660378 272.467
63.691596 273.243
63.722798 272.416
63.754014 272.276
63.786257 273.888
63.817363 276.466
63.848541 273.211
63.879692 273.041
63.910751 272.083
63.942992 276.171
63.974219 276.71
64.005266 273.442
64.036288 272.365
64.067399 281.529
64.099773 273.811
64.130857 277.555
64.161949 273.693
64.193065 276.115
64.22421 272.184
64.256447 272.583
64.287571 276.183
64.31871 274.197
64.349896 273.123
64.38122 272.678
64.413643 280.431
64.444748 278.065
64.475942 276.148
64.507033 273.49
64.538218 276.791
64.560346 274.252
64.591559 276.255
64.622746 281.184
64.653904 275.125
64.685174 278.527
64.717416 274.02
64.748659 286.846
64.779812 289.303
64.810975 280.198
64.842197 274.4
64.874403 276.817
64.905635 275.885
64.977601 272.511
65.008866 271.452
65.040158 278.173
65.07256 276.514
65.103806 294.586
65.135064 275.414
65.166247 272.364
65.19753 275.446
65.229812 274.284
65.261125 276.39
65.292343 272.461
65.313348 273.22
65.34466 277.85
65.377075 273.765
65.408368 272.164
65.439598 272.499
65.470776 274.636
65.50202 273.458
65.534339 272.083
65.565582 272.223
65.59678 271.788
65.627931 273.904
65.659155 274.042
65.691579 271.85
65.722776 272.189
65.754058 272.584
65.785234 273.433
65.816443 272.088
65.848619 272.279
65.87982 272.512
65.91114 272.222
65.942404 274.225
65.973582 271.915
66.005896 272.921
66.037067 271.09
66.068246 271.471
66.099275 272.292
66.130464 271.986
66.162794 277.668
66.193917 272.661
66.225084 271.745
66.256281 273.292
66.287604 272.139
66.319799 276.462
66.350964 272.575
66.382131 272.787
66.413265 273.188
66.444404 272.985
66.476733 271.279
66.507817 271.217
66.538934 273.393
66.570185 272.568
66.601384 272.704
66.633644 283.05
66.664738 271.428
66.695868 271.501
66.726923 271.277
66.758038 271.417
66.790242 271.051
66.821418 272.479
66.85259 271.45
66.883741 271.285
66.914884 270.987
66.947117 271.418
66.978242 271.39
67.009305 271.104
67.040493 271.42
67.07172 271.794
67.10399 271.178
67.135133 271.122
67.166316 271.526
67.197372 276.722
67.228569 271.75
67.260793 272.49
67.29199 273.126
67.323278 271.917
67.354408 271.302
67.385663 272.907
67.417917 270.961
67.4491 271.455
67.480243 271.688
67.511504 270.887
67.542702 271.53
67.57505 271.649
67.60622 271.869
67.637325 271.392
67.668514 270.671
67.699714 271.328
67.731948 271.653
67.763056 271.561
67.794193 271.176
67.825429 271.85
67.856543 271.142
67.888762 271.781
67.920159 271.728
67.951433 273.992
67.982554 271.344
68.013685 271.123
68.045986 271.671
68.077149 278.172
68.108299 271.464
68.139454 272.874
68.170711 271.321
68.20301 270.851
68.233999 271.849
68.265166 272.982
68.285999 271.897
68.317101 274.558
68.349312 273.296
68.380495 271.934
68.411687 272.046
68.442646 272.938
68.473841 273.124
68.506104 272.152
68.537149 272.377
68.568222 279.272
68.599232 271.947
68.630402 274.225
68.66266 272.006
68.693852 272.362
68.72502 277.964
68.766493 280.632
68.797744 277.124
68.830038 273.06
68.861126 272.938
68.892238 274.025
68.923317 274.221
68.954533 279.929
68.987014 273.888
69.018377 277.017
69.049652 272.543
69.080931 272.025
69.112248 272.096
69.144882 272.533
69.176193 271.978
69.207472 271.612
69.238786 275.044
69.270127 271.487
69.302531 272.43
69.334008 272.876
69.365421 272.971
69.396733 273.678
69.428104 274.101
69.460634 272.288
69.491937 272.798
69.523135 272.226
69.554368 272.022
69.585664 272.73
69.618009 274.475
69.649214 272.351
69.670255 273.402
69.701478 273.213
69.732789 273.205
69.76525 273.581
69.796568 277.209
69.82788 276.452
69.859184 274.605
69.89052 276.588
69.922863 275.435
69.954152 278.188
69.985428 314.025
70.03712 306.526
70.068467 363.985
70.121247 274.61
70.152515 273.229
70.183851 274.36
70.215237 272.913
70.24654 279.395
70.27889 278.505
70.310215 272.67
70.341499 272.393
70.393194 274.302
70.424516 288.24
70.477535 275.609
70.5089 273.483
70.540338 275.195
70.571693 272.323
70.60306 274.434
70.635422 272.99
70.666728 274.091
70.698045 273.13
70.749778 273.209
70.781065 276.559
70.813732 276.073
70.844961 273.739
70.876284 299.407
70.917741 272.808
70.949017 274.228
70.981367 280.656
71.012693 273.291
71.043962 272.739
71.065001 275.642
71.096241 305.825
71.128586 285.293
71.159811 295.754
71.190993 276.47
71.222165 274.553
71.253406 276.254
71.285684 326.271
71.347587 274.049
71.378962 272.064
71.410315 275.132
71.441674 279.121
71.474119 272.752
71.50545 273.133
71.536837 274.625
71.568251 274.114
71.619956 272.656
71.652418 273.766
71.683773 279.376
71.715021 272.981
71.746385 277.881
71.777752 273.607
71.810177 274.743
71.841468 281.993
71.872689 302.376
71.903979 273.852
71.935271 272.969
71.967571 273.997
71.998801 272.553
72.029976 272.705
72.061182 273.205
72.092487 274.79
72.124826 273.407
72.156049 272.002
72.187282 272.407
72.218495 274.306
72.239563 272.159
72.271822 276.489
72.30306 273.798
72.334366 272.622
72.365644 273.214
72.396934 273.596
72.429372 273.04
72.460714 274.31
72.492047 275.663
72.523367 281.045
72.554605 273.033
72.586892 272.513
72.618102 272.13
72.649317 273.137
72.680541 271.828
72.711785 272.023
72.744104 272.979
72.775421 271.84
72.806678 271.253
75.445257 282.585
75.476607 274.377
75.509064 275.438
75.540395 272.599
75.571667 271.963
75.603 271.254
75.634277 271.1
75.666661 270.933
75.697952 271.079
75.729219 271.136
75.760494 271.537
75.791831 271.947
75.824338 271.63
75.855693 271.561
75.887144 273.083
75.918486 272.089
75.949833 272.605
75.982294 275.409
76.013602 271.978
76.044937 273.781
76.076257 272.242
76.107577 272.109
76.14002 271.573
76.171327 271.387
76.202644 271.47
76.223732 271.643
76.255034 271.575
76.287512 273.744
76.318866 272.012
76.350128 273.516
76.381429 274.355
76.412741 272.568
76.445152 271.632
76.476462 271.883
76.507757 272.809
76.539019 271.598
76.570358 271.637
76.60282 272.316
76.634073 272.819
76.665278 272.994
76.696473 272.694
76.727822 272.392
76.760233 274.536
76.791461 272.389
76.822682 273.263
76.853908 271.947
76.88515 272.299
76.917457 272.489
76.948717 271.49
76.979997 273.019
77.011301 272.385
77.042661 276.011
77.075072 271.488
77.106487 272.476
77.137804 272.037
77.16918 271.287
77.200488 272.122
77.232752 274.439
77.263953 271.646
77.295212 273.452
77.326431 272.353
77.357684 273.79
77.389944 273.918
77.421255 272.335
77.452533 272.706
77.48377 271.844
77.514988 274.406
77.547352 272.15
77.568422 272.125
77.599745 271.831
77.631006 271.997
77.662213 271.959
77.694497 275.35
77.725725 273.316
77.756896 273.433
77.788125 272.905
77.819411 273.161
77.851782 271.513
77.883049 272.215
77.914358 271.963
77.945709 274.112
77.977017 272.687
78.009493 274.04
78.040827 282.885
78.072128 282.06
78.103389 271.632
78.134744 271.884
78.167077 271.651
78.19832 271.6
78.229581 273.775
78.26077 272.537
78.292123 272.332
78.324553 270.884
78.355923 272.197
78.387232 271.528
78.418626 282.864
78.450031 272.486
78.482578 276.642
78.51392 272.122
78.545216 281.447
78.576427 273.428
78.607756 272.92
78.640172 271.327
78.671427 269.899
78.702685 271.154
78.733954 274.084
78.765172 273.372
78.797434 273.447
78.930697 272.888
78.962017 271.999
78.993369 272.016
79.024679 271.643
79.056933 272.951
79.088208 271.395
79.119501 272.877
79.15076 271.39
79.182131 271.698
79.214612 276.391
79.24598 270.838
79.277326 274.116
79.308745 271.69
79.340133 272.449
79.372566 278.626
79.403829 272.297
79.43513 272.951
79.466467 275.515
79.497819 272.5
79.519999 272.443
79.551275 275.538
79.582517 273.15
79.61385 272.397
79.645119 272.963
79.677482 273.987
79.708717 272.144
79.740031 272.246
79.771305 272.131
79.802514 272.194
79.834901 274.631
79.866143 275.15
79.89744 271.772
79.928697 271.881
79.960009 272.742
79.992493 273.193
80.023838 271.799
80.055131 272.026
80.086439 272.054
80.117769 272.231
80.150157 272.517
80.181367 272.561
80.212596 272.37
80.24382 271.791
80.275053 271.718
80.307407 272.361
80.338692 272.433
80.369964 276.655
80.401244 272.325
80.432574 271.591
80.465074 274.132
80.496534 277.185
80.527893 276.817
80.559299 277.536
80.590649 272.562
80.62314 271.766
80.65442 273.306
80.685679 273.079
80.71697 274.441
80.748292 278.323
80.780729 273.866
80.812088 279.339
80.843325 277.622
80.864459 276.631
80.895761 275.955
80.928129 275.193
80.959386 271.616
80.990677 273.989
81.02203 273.844
81.053316 276.041
81.08577 273.243
81.117085 273.589
81.148369 277.049
81.179686 276.667
81.211061 276.881
81.243434 274.161
81.274675 272.658
81.305884 276.199
81.337136 277.943
81.368348 274.006
81.400609 280.492
81.43188 274.11
81.463226 272.955
81.49454 274.056
81.525891 275.606
81.558398 275.309
81.589739 275.69
81.621062 275.066
81.652384 275.527
81.683782 273.306
81.716157 274.546
81.747399 277.719
81.778608 274.303
81.809841 276.062
81.841158 272.976
81.873591 272.373
81.904917 271.912
81.936301 276.863
81.967601 280.164
81.998926 282.019
82.03133 276.258
82.06261 272.539
82.09394 277.468
82.12526 275.282
82.15661 272.505
82.18901 274.136
82.210113 273.738
82.241391 272.571
82.272654 272.591
82.303969 277.725
82.336392 277.982
82.367716 282.947
82.398981 280.659
82.430266 274.114
82.461639 272.155
82.494167 278.665
82.525517 275.711
82.556785 274.299
82.587987 273.568
82.619202 277.487
82.651472 274.661
82.682707 273.123
82.713961 273.427
82.74525 272.362
82.776582 272.531
82.809057 277.023
82.840347 275.134
82.871671 273.098
82.902984 272.578
82.934308 271.566
82.966778 275.123
82.997979 271.959
83.029171 271.756
83.060352 272.07
83.091393 271.123
83.123683 271.909
83.154895 272.119
83.186128 272.224
83.21736 274.139
83.248455 273.13
83.280659 273.212
83.311705 274.346
83.342772 273.537
83.373803 277.957
83.404901 272.387
83.437086 279.9
83.468242 272.001
83.499507 272.207
83.530794 273.592
83.562064 272.312
83.594393 272.282
83.625658 273.321
83.656882 277.337
83.68807 273.877
83.719268 272.356
83.751422 273.178
83.7825 273.991
83.813507 274.203
83.844441 273.554
83.87538 273.997
83.907436 273.765
83.938481 272.897
83.969546 271.839
84.000637 272.896
84.03175 274.366
84.063895 273.783
84.094802 273.649
84.125724 272.953
84.156716 272.83
84.187923 272.908
84.220199 275.523
84.251262 274.311
84.282427 281.366
84.303374 272.297
84.334577 272.534
84.366755 273.464
84.397924 275.223
84.428915 272.262
84.460026 273.261
84.49114 272.171
84.523234 273.675
84.554306 272.586
84.585357 274.971
84.606165 272.44
84.637197 273.407
84.669245 273.078
84.700306 272.798
84.731309 272.094
84.762256 274.94
84.793265 272.068
84.825449 272.184
84.856598 273.815
84.887674 277.114
84.91873 275.241
84.949798 273.905
84.9818 271.097
85.012791 275.679
85.043773 274.604
85.07514 272.724
85.106163 273.912
85.138085 272.22
85.169036 272.037
85.250776 274.99
85.281736 274.185
85.312729 272.405
85.344848 273.947
85.375925 273.561
85.406973 273.304
85.438007 273.202
85.469098 272.569
85.501168 276.968
85.532172 278.197
85.563289 279.116
85.594232 274.063
85.625229 274.15
85.657294 275.812
85.688264 274.488
85.719312 278.455
85.750313 274.149
85.781258 293.231
85.833732 362.335
85.874877 275.991
85.90586 273.037
85.936862 271.998
85.967884 271.12
85.999931 270.905
86.030981 271.7
86.061995 271.513
86.10335 272.015
86.144692 273.465
86.176901 272.035
86.208005 273.981
86.23904 273.315
86.270106 273.677
86.301166 272.864
86.333312 272.408
86.364288 274.008
86.385115 273.386
86.416095 273.773
86.447231 274.68
86.479288 276.902
86.510502 282.17
86.541588 281.18
86.572662 280.913
86.603728 281.489
86.635842 286.095
86.666876 287.536
86.697868 283.864
86.718684 280.512
86.749728 276.251
86.78171 271.916
86.812808 272.156
86.843717 271.965
86.874696 272.305
86.905658 280.228
86.9375 351.941
87.049827 404.747
87.080878 391.921
87.112148 346.71
87.143399 318.965
87.17526 416.037
87.287888 387.863
87.318839 312.838
87.349812 285.447
87.380828 278.87
87.413099 288.917
87.444085 282.066
87.47509 359.174
87.699575 272.129
87.730654 272.705
87.762688 274.167
87.793645 302.018
87.895804 355.911
87.926815 349.051
87.958034 318.197
87.990045 273.073
88.020996 272.675
88.052059 273.778
88.083212 273.247
88.114286 336.727
88.227482 273.191
88.258537 288.879
88.28959 274.372
88.310399 273.705
88.341461 272.342
88.373555 275.955
88.404545 273.173
88.435522 272.78
88.496883 274.019
88.527901 275.249
88.559889 276.631
88.59084 274.386
88.621863 272.904
88.652838 275.493
88.68389 278.327
88.716042 282.36
88.747063 273.967
88.778024 275.751
88.809075 277.624
88.840118 273.555
88.872114 275.348
88.903098 274.555
88.93405 274.943
88.965242 274.624
88.996279 275.384
89.028469 273.2
89.059402 272.56
89.090623 273.223
89.121755 272.56
89.152818 272.753
89.185045 272.171
89.216053 273.86
89.247097 273.267
89.278083 272.69
89.309086 273.408
89.341322 272.329
89.372334 274.018
89.403443 272.415
89.434525 272.439
89.465546 273.554
89.497607 271.748
89.528547 273.089
89.559514 276.194
89.590479 274.234
89.621585 274.049
89.653712 273.256
89.684811 273.029
89.715846 273.059
89.746825 271.941
89.777922 273.631
89.810098 273.027
89.841146 273.118
89.872116 271.8
89.903163 273.791
89.934217 274.616
89.966095 271.258
89.997122 274.865
90.028093 273.186
90.059098 276.197
90.090117 272.035
90.122004 275.93
90.152952 273.094
90.183971 277.501
90.214977 274.411
90.24593 285.555
90.278219 274.919
90.309129 274.092
90.340376 277.06
90.361248 274.614
90.392486 275.547
90.424463 272.804
90.455571 272.958
90.486455 272.293
90.517431 274.453
90.548544 272.84
90.580826 271.906
90.611978 280.425
90.642921 273.074
90.673946 274.479
90.704942 271.761
90.73698 272.486
90.767907 273.259
90.798732 277.796
90.829683 271.554
90.860632 271.74
90.892482 272.113
90.923491 272.501
90.954552 272.521
90.985561 271.728
91.016684 271.557
91.048539 272.027
91.079602 271.509
91.110679 272.292
91.141959 276.044
91.173232 271.619
91.205076 272.598
91.236127 275.011
91.267175 272.154
91.298217 273.441
91.329575 276.782
91.361562 272.146
91.392606 271.644
91.423695 272.102
91.454725 271.572
91.48575 274.895
91.517688 274.1
91.548771 273.062
91.580013 272.083
91.611129 272.715
91.642194 272.686
91.674119 273.291
91.705279 274.204
91.736447 273.06
91.767432 272.335
91.798492 273.345
91.830644 273.483
91.861751 274.151
91.892859 272.482
91.924053 272.953
91.955073 272.58
91.987226 274.681
92.018261 272.387
92.049326 276.49
92.080394 272.855
92.111417 279.359
92.143748 272.323
92.174659 272.141
92.205807 271.824
92.236968 273.874
92.268024 276.691
92.300001 272.303
92.331004 272.648
92.362019 272.594
92.393015 273.445
92.424043 271.85
92.456058 273.067
92.48709 278.31
92.51807 275.355
92.549125 272.58
92.580129 273.925
92.61217 272.133
92.643156 272.535
92.674199 276.909
92.705399 273.179
92.736465 272.149
92.768465 273.281
92.799523 274.309
92.830485 272.723
92.861469 274.451
92.892436 272.543
92.924336 272.262
92.955277 274.088
92.986598 271.641
93.017565 273.017
93.048585 274.004
93.080806 272.175
93.111904 272.011
93.142917 272.319
93.174202 271.228
93.205304 271.835
93.237403 272.683
93.268451 275.641
93.299496 272.466
93.330478 271.981
93.361511 271.839
93.393295 272.828
93.424359 274.385
93.455367 271.658
93.486357 271.515
93.517463 273.642
93.549698 273.038
93.580762 273.992
93.611722 271.753
93.642752 271.356
93.673724 273.049
93.705707 273.551
93.736731 273.92
93.767876 272.738
93.799239 271.561
93.830353 272.126
93.862474 271.474
93.893518 272.078
93.924521 273.131
93.955508 274.405
93.986586 271.791
94.018542 271.703
94.049761 275.653
94.080887 273.511
94.111899 273.927
94.142879 271.512
94.174841 272.469
94.205821 271.474
94.236937 279.024
94.268023 274.616
94.2991 280.592
94.331178 273.943
94.362161 273.289
94.393257 274.91
94.424294 271.714
94.45538 272.633
94.487569 271.155
94.518548 270.863
94.549649 270.869
94.580677 272.255
94.611669 273.461
94.643538 278.708
94.674573 272.123
94.705626 273.71
94.736635 275.007
94.767663 272.373
94.799674 272.803
94.830753 274.836
94.861718 277.597
94.892682 272.906
94.923666 273.518
94.955507 280.153
94.986522 273.547
95.017485 273.762
95.048449 297.619
95.079439 272.294
95.11145 272.064
95.142432 272.77
95.173409 270.825
95.20438 271.233
95.235453 271.513
95.267489 270.937
95.298494 271.028
95.329462 274.953
95.360432 273.705
95.391623 272.487
95.423539 271.72
95.454553 272.763
95.485537 271.855
95.516556 272.822
95.547706 273.328
95.579552 272.738
95.610593 271.775
95.641676 273.514
95.672647 275.459
95.7037 272.648
95.735469 270.861
95.766453 271.267
95.797633 272.736
95.828566 271.968
95.859607 274.263
95.891413 271.393
95.922389 270.964
95.953377 271.586
95.984414 270.663
96.015429 270.943
96.047372 271.475
96.078521 273.417
96.109476 273.851
96.140411 273.178
96.171382 273.014
96.203232 271.416
96.234234 273.484
96.265311 271.117
96.29646 273.099
96.327748 275.872
96.359693 274.047
96.39073 272.696
96.421841 272.634
96.453078 272.025
96.484236 271.36
96.516409 272.998
96.5475 273.319
96.578619 272.67
96.609632 271.867
96.640759 275.82
96.672778 274.277
96.703859 272.57
96.734833 277.626
96.765879 273.436
96.796925 276.833
96.8289 276.043
96.859894 276.121
96.890863 275.509
96.92198 273.516
96.952995 275.972
96.984832 273.902
97.015868 274.009
97.046865 274.496
97.07787 274.294
97.108851 271.858
97.140759 271.271
97.171812 270.168
97.202803 270.157
97.233847 273.053
97.264888 270.679
97.296885 272.452
97.328108 271.72
97.359158 272.338
97.390112 272.633
97.421179 272.101
97.452935 272.069
97.483929 272.389
97.514913 275.519
97.54589 272.216
97.576916 298.486
97.608779 276.866
97.639854 271.278
97.671172 274.128
97.702571 272.807
97.733587 272.262
97.765551 272.258
97.796486 272.274
97.8276 273.028
97.858721 272.029
97.889715 273.926
97.921644 272.152
97.952957 273.754
97.984208 273.055
98.01523 271.6
98.046549 271.39
98.07847 271.729
98.109553 272.636
98.140707 271.682
98.171805 270.973
98.202844 271.616
98.234654 271.019
98.265743 271.351
98.296778 271.701
98.327846 271.44
98.358848 271.646
98.390867 272.235
98.421936 272.124
98.452884 275.105
98.484035 271.4
98.515088 272.618
98.547207 271.836
98.578313 271.746
98.609312 272.745
98.64043 274.233
98.671564 272.5
98.703779 272.131
98.734899 271.971
98.765904 271.492
98.796885 271.821
98.827898 271.716
98.859859 272.603
98.890885 273.861
98.921834 274.536
98.952799 274.132
98.983786 273.245
99.01605 273.962
99.047064 278.456
99.078088 275.626
99.109088 274.228
99.140108 277.728
99.172064 276.167
99.202981 274.685
99.233953 273.916
99.264924 275.545
99.295933 272.929
99.327861 273.366
99.35885 277.865
99.389961 282.909
99.421307 275.348
99.452412 277.601
99.484453 274.213
99.515521 274.389
99.546546 272.979
99.57752 273.82
99.608617 271.642
99.640882 271.544
99.67195 273.159
99.702937 272.249
99.734014 271.549
99.765131 272.827
99.797224 272.226
99.828263 273.424
99.859318 278.652
99.890372 275.106
99.911177 274.426
99.943299 272.807
99.974415 277.088
100.005647 277.541
