1.4e-05 0.013575
0.226424 0.025584
0.257784 0.03507
0.289185 0.043337
0.320504 0.053954
0.351832 0.063787
0.384234 0.065963
0.41557 0.115218
0.48766 0.11426
0.519004 0.120352
0.550263 0.119221
0.582585 0.121483
0.613907 0.122267
0.64516 0.122092
0.676488 0.124442
0.707854 0.130099
0.740287 0.136277
0.77164 0.188056
0.802932 0.20137
0.834224 0.214163
0.865553 0.227912
0.89795 0.251495
0.929229 0.268465
0.960447 0.288045
0.991676 0.305536
1.022903 0.323811
1.05522 0.352877
1.087705 0.388121
1.120247 0.414315
1.151607 0.442858
1.182842 0.457565
1.214072 0.461742
1.245327 0.465658
1.277678 0.465136
1.308965 0.464875
1.340193 0.471402
1.371525 0.476797
1.402876 0.480626
1.435369 0.489068
1.466718 0.493506
1.498042 0.493941
1.529279 0.494202
1.560483 0.505776
1.592788 0.489155
1.624086 0.489416
1.655368 0.503339
1.686646 0.578005
1.717954 0.675644
1.750363 0.791907
1.781762 0.91574
1.813132 1.013293
1.844449 1.082128
1.875865 1.18934
1.908175 1.292897
1.939477 1.347547
1.970753 1.380529
2.002032 1.454585
2.033278 1.544219
2.065705 1.727141
2.096976 1.936256
2.128182 2.118569
2.15951 2.375895
2.190856 2.59293
2.223374 2.806223
2.254754 3.056153
2.286147 3.272752
2.317511 3.384664
2.348859 3.34063
2.381236 3.937084
2.412554 4.043339
2.444117 4.440772
2.475606 5.089179
2.507055 5.543786
2.539785 6.168348
2.571111 6.609554
2.592223 6.11422
2.62355 6.115874
2.654891 6.463791
2.687586 6.07593
2.718889 6.242057
2.75021 6.533931
2.781489 6.840512
2.812839 4.555729
2.926789 4.618037
2.958106 4.918701
2.989401 4.940283
3.02068 4.477148
3.051955 4.306496
3.084326 3.884522
3.115661 3.493355
3.147033 2.851214
3.188551 3.970153
3.219895 3.71126
3.252259 3.893573
3.283624 3.870251
3.315003 3.811945
3.346321 3.911499
3.377706 4.499077
3.410075 4.93306
3.441308 6.014318
3.47257 6.721726
3.503857 6.934584
3.535138 6.972526
3.567547 7.09575
3.59886 6.947202
3.630168 7.118376
3.661519 7.039533
3.692797 7.015863
3.725174 6.978878
3.756427 7.213927
3.787615 7.418866
3.818797 7.613013
3.850001 7.733714
3.882227 6.570568
3.913548 6.853479
3.944877 7.125773
3.976164 7.41582
4.007501 7.248562
4.039906 6.999503
4.07115 6.913089
4.102316 6.685612
4.133504 6.851477
4.16467 7.562105
4.197028 7.544004
4.218164 7.409641
4.249436 7.274756
4.280698 7.413035
4.312011 7.604572
4.344488 7.637293
4.375885 7.669491
4.407112 7.57629
4.438241 7.593172
4.469276 7.562018
4.501848 7.593955
4.533113 7.549313
4.564301 7.640948
4.595541 7.522945
4.626685 7.53974
4.658927 7.610925
4.690249 7.629983
4.721422 7.62276
4.752785 7.520682
4.784154 7.432528
4.816575 7.397632
4.847892 7.405812
4.879139 3.217754
5.012333 3.237595
5.043592 3.289374
5.076085 3.336192
5.107475 3.356729
5.138836 3.678365
5.170299 4.058916
5.20163 4.387514
5.233739 4.669903
5.264834 6.61434
5.295863 7.699166
5.327022 7.669839
5.3582 7.685852
5.390461 7.692726
5.422555 7.632158
5.454864 7.234812
5.487233 7.546615
5.518458 7.648258
5.549577 7.651304
5.580709 7.628765
5.611957 7.656438
5.644233 7.760343
5.67552 8.144288
5.706823 8.156732
5.738166 8.556863
5.769469 8.666685
5.801776 9.039578
5.832979 9.226851
5.864209 9.209882
5.895423 9.188213
5.926602 8.79252
5.958816 8.403528
5.990002 7.934737
6.021172 7.959364
6.042201 7.859636
6.073469 7.759995
6.105863 7.651826
6.137181 7.618148
6.168465 8.066141
6.199744 8.528928
6.231045 8.737783
6.263459 9.015125
6.294769 9.236162
6.32592 9.063161
6.357172 9.199004
6.388381 9.212666
6.420562 9.136956
6.451723 9.092575
6.482735 9.186124
6.513775 9.068208
6.544756 8.943766
6.577044 8.997372
6.597883 9.247127
6.628959 9.231637
6.660005 8.973354
6.691011 9.296556
6.722983 9.357124
6.753993 9.336152
6.78511 9.368176
6.816242 9.292988
6.847455 4.111913
6.961151 4.149507
6.992408 4.204244
7.02369 4.190146
7.054944 4.204679
7.086296 4.544764
7.11864 5.019909
7.149832 5.402809
7.181066 5.683631
7.212282 8.031854
7.243501 9.328233
7.275746 9.342765
7.306948 9.247736
7.338155 9.370613
7.369389 9.143048
7.400664 9.034008
7.43308 9.04506
7.464515 8.999896
7.495851 8.995805
7.527003 8.820455
7.558235 9.137305
7.590524 9.169503
7.621767 9.350162
7.653036 9.173506
7.68433 9.352512
7.715629 9.704432
7.74799 9.812862
7.779165 9.894751
7.81041 10.58928
7.841605 10.689443
7.872792 9.460768
7.905042 9.940525
7.9363 10.480588
7.967497 10.45013
7.998915 10.432465
8.030408 10.416278
8.063015 10.097166
8.094405 9.982296
8.12569 9.441449
8.157055 10.147813
8.188384 10.424546
8.220832 10.32064
8.251877 10.112047
8.283081 9.987778
8.304016 10.036511
8.335323 9.700429
8.367561 9.137914
8.398744 9.546573
8.429831 9.698863
8.460919 9.74394
8.492002 9.670928
8.524238 9.645779
8.555306 9.472429
8.586428 9.581208
8.607348 2.92997
8.791363 3.132994
8.823654 3.259177
8.855906 3.441489
8.888226 4.299012
8.920592 4.827066
8.952886 5.329971
8.985379 5.714699
9.016698 6.085416
9.047871 8.979967
9.078926 10.343092
9.11009 10.52088
9.142229 10.495469
9.173321 8.855438
9.20432 8.706455
9.235412 8.815059
9.266437 8.663291
9.298526 8.527188
9.329492 8.486722
9.36061 8.32982
9.391701 4.639097
9.50438 4.5177
9.536637 4.828633
9.567773 4.745961
9.59887 4.662071
9.630094 4.719158
9.661333 4.815057
9.77513 4.628219
9.806304 4.507954
9.837508 4.624042
9.868798 4.843078
9.900048 5.345026
9.932479 4.784077
9.97407 6.021454
10.03593 6.071405
10.067103 6.359276
10.098197 6.391562
10.130435 6.7333
10.161431 6.674473
10.192376 7.111762
10.223459 7.694554
10.254648 8.187364
10.286818 9.672408
10.317925 12.817672
10.348938 12.673127
10.380079 9.3479
10.42144 9.271929
10.453592 8.904345
10.484592 8.701494
10.51558 8.192498
10.546506 8.103039
10.577592 7.941524
10.609702 8.398307
10.640793 8.92932
10.671871 10.253372
10.702935 10.701452
10.733994 10.648629
10.766275 9.197089
10.797451 9.277846
10.8285 9.454329
10.859726 9.324665
10.8908 9.584254
10.922962 9.509675
10.953987 10.465968
10.984984 10.474497
11.015965 10.583362
11.047047 9.315005
11.1097 9.364086
11.140705 9.498188
11.171844 9.443103
11.202992 9.527515
11.234076 9.577031
11.266203 9.564064
11.287233 9.654394
11.318389 9.991955
11.349405 10.92658
11.380488 12.272909
11.412837 9.478869
11.45428 9.475823
11.485444 9.524034
11.516403 9.568328
11.547431 9.50689
11.579505 9.40429
11.610575 9.596263
11.631587 10.293054
11.662571 10.419063
11.693562 10.769156
11.725539 9.285591
11.797982 9.289507
11.82901 9.314048
11.849929 8.91148
11.880939 8.94568
11.911966 8.965522
11.943844 9.235901
11.974838 9.405074
12.005804 9.775965
12.03679 10.010317
12.068099 11.863554
12.10043 9.421869
12.161956 9.691553
12.192988 9.848716
12.223958 10.060964
12.254947 10.359627
12.287002 10.454742
12.31802 10.848346
12.348979 11.132998
12.379969 10.249543
12.421181 9.319878
12.493948 9.273408
12.525727 9.35695
12.556706 9.688507
12.587771 9.684852
12.608549 9.749423
12.639596 9.885874
12.671621 10.620086
12.702744 11.135696
12.733702 11.369004
12.764796 9.60453
12.846672 9.620977
12.878647 9.239817
12.910571 8.654328
12.942641 8.26551
12.973668 7.953534
13.004656 8.189365
13.035697 8.608554
13.066807 9.084569
13.098617 11.664881
13.129895 13.054548
13.16086 9.505585
13.222496 9.352947
13.253508 9.579554
13.285343 9.35521
13.317105 9.382883
13.348107 9.546312
13.379127 9.341199
13.410079 9.487397
13.44105 9.809817
13.472972 10.006836
13.503994 9.115201
13.565467 8.825676
13.596457 8.25237
13.627474 8.546681
13.659332 8.739871
13.691169 9.150358
13.722122 9.411339
13.753074 9.391063
13.784089 0.019319
14.028821 0.027412
14.050682 0.173523
14.305656 0.743609
14.326501 1.767954
14.357466 2.782379
14.388442 3.616666
14.420659 4.417624
14.451703 5.148702
14.482716 5.710957
14.513664 6.161125
14.544718 6.457177
14.576577 12.244453
14.607592 12.567394
14.638767 0.018274
14.913744 0.611248
14.944676 1.540216
14.976601 2.879496
15.007666 3.825173
15.038654 4.493421
15.069649 5.225979
15.100682 5.746462
15.132801 6.20542
15.163875 8.612035
15.194883 12.776249
15.225837 9.441884
15.287481 9.49784
15.319596 9.574681
15.350659 9.606444
15.381707 9.647432
15.412786 9.618279
15.443782 9.650391
15.476005 9.80416
15.507132 10.124752
15.538371 10.063053
15.569416 9.439361
15.610719 9.490095
15.642901 9.511677
15.674067 9.505237
15.705076 9.83253
15.736029 9.926949
15.766988 10.037468
15.798829 10.812058
15.829845 11.450457
15.860875 9.56302
15.952899 9.752469
15.983866 9.705476
16.015735 10.003442
16.046812 10.107434
16.077984 10.016061
16.109025 9.983949
16.140062 10.216474
16.171982 10.743832
16.20365 9.393239
16.316812 9.229549
16.337604 9.133563
16.368546 9.243994
16.399561 9.159669
16.430522 9.367132
16.46247 9.081262
16.494351 9.932954
16.526212 10.595371
16.557238 10.983754
16.588284 9.455895
16.670089 9.637163
16.701093 9.991346
16.733033 9.956624
16.764762 9.822
16.79653 9.597481
16.828358 9.742983
16.860416 10.342744
16.892212 10.931192
16.924039 9.602963
17.017204 9.651174
17.048266 9.472864
17.079355 9.855242
17.110368 9.80181
17.141406 10.002833
17.173454 9.589823
17.205194 10.548814
17.236945 11.144572
17.268682 9.398634
17.370905 9.48087
17.401895 9.485309
17.432847 9.756733
17.463819 9.762476
17.495698 9.554927
17.526672 9.80738
17.557657 10.453002
17.588787 10.832508
17.619748 9.749336
17.722984 9.863945
17.754767 9.945398
17.785721 9.809033
17.816682 9.838012
17.847693 9.666142
17.878697 10.042167
17.91073 10.593196
17.941641 11.22385
17.972599 9.222935
18.074877 9.219541
18.106035 9.355036
18.138057 9.066381
18.169095 9.253567
18.200023 9.128515
18.230964 9.206227
18.261991 9.767698
18.294051 10.667165
18.325048 9.488093
18.437541 9.748204
18.468595 9.586081
18.499656 9.481306
18.531711 9.505411
18.562704 9.002419
18.593829 9.116332
18.624854 8.652849
18.656077 9.601223
18.688293 10.299929
18.719622 0.074752
19.045799 0.72429
19.076876 1.835832
19.107949 2.549158
19.14011 3.191038
19.172065 3.687155
19.203094 4.220256
19.234156 4.661897
19.265145 5.048104
19.296149 6.820671
19.328123 10.144506
19.359204 10.226047
19.390237 10.19846
19.421211 10.21543
19.452341 9.055155
19.484241 8.924534
19.515292 9.001636
19.546304 9.006683
19.577377 9.024436
19.60844 8.905476
19.640586 9.069949
19.671623 9.037925
19.702768 9.188126
19.733716 0.005482
19.998588 0.425715
20.030662 1.508278
20.061809 2.271903
20.092698 3.013337
20.123665 3.593866
20.154599 3.988254
20.186322 4.253412
20.217304 4.626653
20.248254 6.389908
20.279238 10.122315
20.31028 10.104389
20.342074 9.962193
20.373081 9.815995
20.404082 5.679454
20.496095 5.856372
20.527166 5.824521
20.559157 6.011011
20.590152 6.406356
20.621152 5.215797
20.692824 5.579117
20.723881 6.240838
20.75585 7.892183
20.786811 9.228591
20.817808 9.278368
20.848773 8.939415
20.879767 9.374268
20.911663 9.675105
20.942619 9.254785
21.004313 8.887201
21.035323 9.090834
21.066314 9.325709
21.098189 9.229723
21.129204 9.452936
21.160181 9.24295
21.191186 9.370961
21.222162 9.768394
21.254009 9.938175
21.285228 9.34381
21.32639 9.367132
21.357528 9.25261
21.388591 9.402811
21.420674 9.465206
21.441575 9.415777
21.472599 9.409947
21.50365 9.490269
21.534643 9.640209
21.566468 10.32795
21.597444 12.683222
21.628502 9.147573
21.680145 8.883894
21.711415 8.763281
21.743213 8.439295
21.775061 8.008184
21.806798 7.779227
21.838746 7.557145
21.870604 7.711697
21.901572 8.135759
21.932524 9.624197
21.963505 10.887768
21.994497 10.747835
22.026239 9.263139
22.05722 8.802006
22.08818 8.902952
22.119147 9.3251
22.150147 9.737849
22.181978 9.765435
22.212989 3.221061
22.406957 3.315567
22.437935 3.33976
22.46901 3.768434
22.501133 4.650236
22.532136 5.369479
22.563087 5.92599
22.594068 6.464487
22.625073 6.831723
22.657078 9.899363
22.688179 12.562347
22.719405 9.346333
22.770739 9.365478
22.801756 9.541786
22.833715 9.38149
22.864774 9.269057
22.895846 9.26723
22.92689 8.67269
22.957901 8.941677
22.989887 9.160888
23.020856 9.603834
23.051942 9.141221
23.103408 9.25522
23.13448 9.332497
23.166576 9.040187
23.197548 8.64989
23.228642 8.456438
23.259723 1.136604
23.494189 1.638464
23.526208 2.581008
23.55717 3.828567
23.588109 5.008161
23.619102 5.729753
23.650114 6.584056
23.682131 6.960691
23.713956 7.503887
23.745912 7.879216
23.777914 9.425002
23.850632 9.661182
23.881795 9.33824
23.912754 9.677629
23.943674 9.328668
23.974694 9.578597
24.006461 9.226764
24.037433 9.064031
24.068473 9.419867
24.099655 10.260856
24.13063 0.891809
24.376381 0.796258
24.4074 1.574416
24.438436 2.986795
24.469368 4.886764
24.500332 5.888657
24.532249 6.259548
24.563286 6.810925
24.594204 7.434617
24.625217 8.7598
24.656193 12.455222
24.68812 12.441385
24.719184 9.464597
24.7501 9.477999
24.781129 9.502626
24.812142 9.626199
24.843994 9.553273
24.874956 9.10763
24.905867 0.020798
25.160735 0.033068
25.425854 0.476623
25.457891 1.472164
25.488844 2.265464
25.519806 2.973742
25.550779 3.723356
25.581807 4.19763
25.61356 4.91609
25.645318 5.591822
25.676397 8.602463
25.70736 12.77651
25.738324 12.675999
25.769366 0.005482
26.025608 0.953334
26.056642 2.484674
26.087705 3.433048
26.118734 4.572176
26.149686 5.681717
26.181479 6.386688
26.212445 7.141524
26.243468 7.585166
26.274509 7.201657
26.305571 9.078738
26.38884 9.030179
26.419842 8.842036
26.451025 9.060115
26.482164 8.712459
26.513147 8.489855
26.545002 9.242602
26.565795 9.964891
26.59671 10.493119
26.627725 9.699646
26.740099 9.854372
26.772078 10.019367
26.80313 9.955406
26.834134 9.907282
26.865134 9.890574
26.89611 9.85794
26.928033 10.076454
26.959009 10.612428
26.990032 9.064728
27.102468 9.234596
27.133514 9.575377
27.165519 9.419171
27.196558 9.055155
27.217405 8.784601
27.248361 3.654347
27.442414 3.761733
27.47451 3.704733
27.505611 3.951095
27.536693 4.884675
27.567789 5.629242
27.598907 6.066184
27.631202 6.636705
27.662384 7.111414
27.693491 10.028853
27.724612 12.630573
27.755705 11.185386
27.78783 9.307347
27.818911 9.354339
27.849985 9.289246
27.881058 9.471907
27.901868 9.274278
27.934091 9.425959
27.965122 9.408555
27.996278 9.479217
28.027571 9.822261
28.058881 10.006749
28.091261 9.13217
28.142961 9.157668
28.174225 9.11259
28.20551 8.976486
28.226775 8.76389
28.259201 8.790519
28.290559 8.822456
28.321863 8.69314
28.35315 8.864053
28.38442 9.572505
28.416713 12.143071
28.447992 0.248537
28.754367 1.016252
28.785747 2.646188
28.816968 4.148811
28.849541 4.843252
28.880692 5.954533
28.91186 6.856002
28.943024 7.54383
28.974296 8.087201
29.006522 9.643603
29.10895 9.770743
29.140104 9.843755
29.171383 9.715397
29.202677 9.705737
29.235098 9.680762
29.267328 9.918073
29.299608 10.595371
29.331906 11.108109
29.363064 9.743418
29.455606 9.76004
29.486783 9.788235
29.517979 9.813907
29.550216 9.824872
29.582525 9.81469
29.61377 9.854546
29.64501 10.282959
29.676223 10.852001
29.707617 11.287637
29.739955 9.269057
29.822264 9.380359
29.853468 9.23651
29.884666 9.300211
29.915888 9.39289
29.938019 9.319008
29.969159 9.420564
30.000681 10.075323
30.032257 10.645496
30.063631 11.012907
30.096094 9.660398
30.168306 9.187169
30.199639 9.337109
30.230953 9.581556
30.262246 9.788148
30.294658 9.776313
30.326 9.776313
30.357324 10.529234
30.388648 11.022218
30.41997 11.292424
30.452496 9.472081
30.524784 9.524643
30.556103 9.435271
30.587428 9.508283
30.618794 9.149662
30.651288 9.347639
30.683558 9.614711
30.715851 10.110567
30.737997 10.558996
30.770327 10.95756
30.802574 9.505672
30.896099 9.490443
30.927373 9.543353
30.958671 9.367654
30.989956 9.613319
31.021228 9.685026
31.053613 9.937653
31.084859 10.583971
31.116097 10.960171
31.147373 9.122337
31.250005 8.715679
31.282401 8.963433
31.314818 8.840557
31.346084 8.776595
31.377352 8.949944
31.408626 9.517159
31.440008 10.104041
31.472445 10.654721
31.503765 9.677107
31.596219 9.678412
31.627563 8.827503
31.658918 9.543701
31.69135 9.526296
31.722634 9.706172
31.753857 9.716528
31.785076 10.18445
31.816279 10.826852
31.848645 11.139438
31.879972 8.891813
31.972454 8.15621
32.003847 7.818561
32.035439 8.100341
32.067983 7.799764
32.099221 8.074756
32.130495 7.835009
32.161753 8.326252
32.243958 7.734236
32.276304 7.381098
32.307653 6.655502
32.338912 6.672471
32.370301 6.371546
32.401658 5.090049
32.46458 5.481739
32.495816 6.574484
32.527135 8.120617
32.558466 8.029766
32.589777 7.970155
32.622059 7.632681
32.653292 7.584905
32.684509 7.782708
32.715755 9.343461
32.747026 9.944354
32.77937 9.113373
32.810548 9.113634
32.841766 8.941764
32.872979 9.011644
32.904227 9.001375
32.936679 8.856569
32.968005 8.94629
32.999356 9.025045
33.030694 8.913743
33.062051 8.86092
33.094402 9.073865
33.125694 9.331539
33.156972 9.217627
33.188185 9.263662
33.219465 9.14679
33.251806 9.165326
33.28304 3.649387
33.426481 3.772959
33.457711 3.813686
33.489046 3.961625
33.521264 4.11609
33.55242 4.624564
33.583667 5.113284
33.614908 5.506627
33.64624 5.942437
33.678591 7.924729
33.709884 10.21865
33.741173 10.387474
33.772499 10.492336
33.803838 9.101016
33.846558 9.400287
33.867607 9.892488
33.898776 10.168612
33.929946 10.48024
33.96115 10.4329
33.993478 10.651501
34.024779 9.155405
34.05607 9.396719
34.087355 10.222827
34.118623 11.335065
34.151014 11.241863
34.182219 11.534608
34.213446 9.045234
34.254939 9.129385
34.286314 8.957864
34.3187 10.213428
34.349909 10.69275
34.381152 10.78395
34.402243 10.927711
34.433552 10.933368
34.465967 9.046366
34.548337 9.022173
34.579647 8.994413
34.610968 9.176378
34.642344 9.200918
34.674985 9.227721
34.706367 9.313961
34.737624 9.621151
34.76897 10.126928
34.800302 11.501713
34.832624 12.310938
34.863986 9.297078
34.915842 9.12486
34.947181 8.898949
34.978543 8.598285
35.010979 8.295185
35.043315 7.884089
35.075793 7.6473
35.108283 8.242623
35.140686 8.946464
35.173241 10.826156
35.205624 12.638579
35.238018 9.396893
35.300951 9.426568
35.333277 9.750815
35.365737 10.005444
35.398334 9.866642
35.420802 10.033552
35.45333 9.956189
35.485767 9.997873
35.518092 10.471712
35.550517 10.640449
35.582883 9.495229
35.656168 9.611144
35.687521 9.625241
35.71885 9.625676
35.750092 9.551185
35.781377 9.510632
35.813815 9.305607
35.845071 9.772049
35.876294 10.249978
35.907506 11.210535
35.938747 9.321706
36.021896 9.368698
36.053105 9.18334
36.084379 8.816713
36.11565 8.689398
36.146965 4.114611
36.322132 4.206159
36.353394 4.575048
36.384644 4.946548
36.415838 5.217015
36.447013 6.126925
36.479225 6.87506
36.510441 6.925795
36.54173 7.361344
36.573032 10.387822
36.604375 9.584167
36.687804 9.666751
36.719152 10.141983
36.750388 9.824175
36.781641 11.008903
36.812981 11.857028
36.845409 9.68694
36.876712 9.680849
36.907988 10.752969
36.939213 11.391456
36.970519 8.652849
37.064146 8.367327
37.095462 8.383339
37.126697 8.410925
37.157946 9.561715
37.189194 10.215517
37.221737 9.313526
37.253147 10.650979
37.284451 8.94803
37.407631 9.357037
37.438871 9.672669
37.471214 9.272538
37.502396 9.514287
37.533567 8.763716
37.564846 9.039056
40.404507 10.691009
40.43694 9.31631
40.539446 9.456156
40.570691 9.337022
40.601966 9.153404
40.633341 9.077607
40.665736 0.874491
40.911026 0.720722
40.942218 2.149723
40.97339 3.303471
41.004606 4.189276
41.036951 4.831765
41.068236 5.425609
41.099524 6.260505
41.130834 6.755665
41.162157 9.049412
41.194445 9.077781
41.286877 8.705933
41.318039 9.190911
41.349222 9.007467
41.380511 8.081544
41.422987 8.412405
41.455241 9.077955
41.486474 9.591999
41.517688 9.799461
41.548935 11.874693
41.580202 8.087723
41.694293 7.610664
41.726733 7.577073
41.758083 7.317049
41.789464 7.452979
41.820807 6.810663
41.841895 7.163715
41.87434 6.722422
41.916134 7.743287
41.947537 9.495403
41.978922 8.360191
42.09194 8.559995
42.124356 8.296316
42.156698 8.831158
42.189105 8.519008
42.221074 8.169785
42.253336 8.453044
42.285658 8.934977
42.317947 9.563977
42.350264 13.166285
42.382507 9.565979
42.455557 9.838795
42.486759 10.084373
42.518005 9.950358
42.549231 10.183579
42.580401 10.618693
42.612729 10.158343
42.645011 11.326189
42.6773 9.013471
42.801589 9.429353
42.832911 9.447193
42.864212 9.472864
42.895561 9.826351
42.926905 9.097883
42.959301 9.63229
42.990593 10.064532
43.021917 10.75558
43.053223 8.946115
43.166224 9.06525
43.198608 8.625959
43.230965 8.247497
43.263362 8.787821
43.295703 9.114853
43.328284 9.559887
43.360727 10.616605
43.393204 8.737087
43.52666 8.431811
43.557935 8.028895
43.589193 7.616407
43.620519 7.329145
43.65296 7.369437
43.684292 7.500232
43.715655 8.516136
43.798066 8.195457
43.829441 7.682197
43.861882 7.413731
43.893296 6.979923
43.924644 3.220365
44.12924 3.254303
44.160544 3.870164
44.192862 4.237922
44.22409 5.083957
44.245122 5.939739
44.276382 6.682131
44.307686 7.196784
44.340171 7.745375
44.372513 7.937434
44.404955 9.395849
44.437338 9.449368
44.490081 9.332323
44.522572 9.608185
44.555197 9.53117
44.586531 9.614537
44.617841 9.3251
44.649142 9.24939
44.680463 9.696687
44.712758 9.5484
44.743954 10.147117
44.775197 9.476519
44.826944 9.417779
44.858288 9.378793
44.89078 9.506455
44.922099 9.493489
44.953324 9.452327
44.984515 3.237508
45.189113 3.536518
45.221549 3.870077
45.25282 4.189015
45.284099 4.875016
45.315455 5.705909
45.346833 6.580923
45.379206 6.979749
45.410494 7.538957
45.441815 7.902799
45.473131 0.035766
45.810495 0.238442
45.842939 1.51933
45.874329 3.768086
45.905634 5.530993
45.936847 6.523314
45.968062 7.37196
46.000472 8.383078
46.032729 8.787647
46.167219 8.851
46.198538 8.982317
46.229901 9.088137
46.261208 8.677128
46.292361 8.585928
46.324824 9.351729
46.356135 9.740372
46.387463 10.056352
46.418729 9.605922
46.501062 9.3204
46.533506 8.687397
46.564763 8.007053
46.596032 7.372308
46.627301 6.786819
46.658567 6.132843
46.690881 6.301493
46.722143 5.086307
46.845104 5.147832
46.876341 5.164018
46.907636 5.128339
46.940092 5.121986
46.97152 5.300818
47.002946 5.891529
47.034242 6.256937
47.065651 6.536542
47.098062 5.416036
47.210994 5.567804
47.242314 5.53021
47.273598 5.418473
47.304944 5.405681
47.337383 5.548659
47.368799 6.053739
47.40013 6.385122
47.431519 6.626001
47.462833 9.054198
47.495235 10.230659
47.526519 10.124752
47.557985 10.284004
47.589271 9.190998
47.620577 8.660681
47.652926 9.011905
47.684139 9.224153
47.715453 9.144788
47.746678 9.121901
47.777931 9.00912
47.810264 9.021738
47.841549 8.716462
47.872812 8.890856
47.904273 9.245474
47.935751 9.100842
47.968218 9.096317
47.999542 9.056373
48.030799 9.127906
48.062026 9.065859
48.093262 8.894163
48.125522 8.844647
48.156767 8.962476
48.188005 1.338758
48.38262 1.58042
48.413841 2.326467
48.446094 3.411989
48.477361 4.603766
48.508524 5.179421
48.539664 5.87717
48.570934 6.400873
48.603291 6.806921
48.63453 10.660725
48.665883 12.171876
48.697167 11.831617
48.72844 9.263662
48.760933 9.069166
48.793314 8.887027
48.825644 8.335477
48.857881 8.260463
48.890137 8.011056
48.921388 8.02585
48.952641 8.591759
48.983876 9.203964
49.01517 10.951468
49.04759 8.956645
49.119749 8.93254
49.15105 9.304649
49.182274 9.545528
49.213514 9.61184
49.245753 9.622195
49.276982 9.579119
49.308222 9.600353
49.3395 9.756733
49.370801 9.002941
49.45416 9.298993
49.485397 9.200222
49.516618 9.224588
49.547845 9.280457
49.579132 9.4505
49.611603 9.418736
49.642948 9.573028
49.674248 9.870471
49.705509 9.970026
49.736728 8.561562
49.809793 8.779815
49.841067 8.944723
49.872443 8.449041
49.904067 8.859093
49.935498 8.675649
49.968181 8.498122
49.999503 8.822543
50.030771 9.207271
50.062053 9.386277
50.09331 9.294816
50.135888 9.166196
50.167157 9.490617
50.198426 9.26662
50.229739 9.281675
50.261052 8.975094
50.293468 8.860485
50.324688 3.623715
50.478179 3.894356
50.509489 4.46627
50.540802 5.303777
50.573211 5.784752
50.604535 6.626349
50.63586 7.406073
50.667189 8.261507
50.698497 8.702713
50.730928 8.99598
50.762341 9.287593
50.84474 9.340503
50.876197 9.3546
50.907607 9.490182
50.940237 9.369916
50.971574 9.229027
51.002863 9.384536
51.034152 9.412297
51.065497 9.622631
51.097935 9.953317
51.129266 9.132692
51.201464 9.307608
51.232817 9.374442
51.264155 9.564325
51.296718 9.554927
51.328063 9.755514
51.359368 9.198395
51.390686 9.0401
51.422029 10.045387
51.47492 10.002224
51.506203 0.021668
51.74168 0.005482
52.007805 0.718721
52.039166 1.905624
52.071649 2.881672
52.102957 3.826217
52.134224 4.345743
52.165508 4.794172
52.196803 5.219974
52.229271 5.688157
52.261717 8.044559
52.293027 12.392044
52.324328 12.416323
52.355659 2.812315
52.550287 2.765061
52.582702 2.674906
52.615127 3.47186
52.646398 4.25933
52.67761 5.726273
52.708818 6.359015
52.740079 6.700841
52.772432 9.121031
52.813942 9.067338
52.845428 9.171504
52.876727 9.10528
52.908118 9.112938
52.940409 9.019389
52.971652 9.224066
53.002857 9.15645
53.034062 9.400374
53.065266 10.735391
53.0975 11.568025
53.12879 11.627722
53.16011 9.377313
53.191488 9.559191
53.222893 10.066969
53.255308 10.015799
53.286643 10.085418
53.318008 10.076193
53.349339 10.038861
53.380736 10.114744
53.413258 9.312568
53.465083 9.365913
53.496412 9.364086
53.527754 9.276889
53.559029 9.423435
53.591534 9.481567
53.624051 9.478608
53.656615 10.091944
53.688914 10.549945
53.721319 9.129734
53.804834 9.166457
53.837304 8.880935
53.868701 9.319269
53.900109 9.388626
53.931563 9.783536
53.963088 9.223544
53.995922 9.20701
54.027343 9.596263
54.058842 10.519661
54.09017 0.016186
54.376632 0.264897
54.409101 1.712434
54.440594 3.38858
54.471933 4.085806
54.503336 4.60246
54.534684 4.982924
54.567241 5.252172
54.599842 6.144678
54.631245 12.283961
54.66264 9.068295
54.755357 9.388191
54.78675 9.628548
54.809149 9.263923
54.840457 9.763259
54.871782 9.591389
54.903128 9.035749
54.934562 9.526296
54.966955 9.83923
54.998296 9.530647
55.060341 9.712873
55.091759 9.766131
55.123088 9.595305
55.155527 9.719139
55.186989 9.763085
55.21831 9.460942
55.249568 9.521249
55.280976 9.412384
55.333885 9.216582
55.365226 8.682436
55.396528 9.077433
55.427908 8.937239
55.45925 9.042189
55.491772 9.03366
55.523064 9.145224
55.554384 9.086831
55.5857 9.969677
55.617038 0.148373
55.874156 0.922441
55.905471 2.210204
55.93682 3.187731
55.968209 3.897228
55.99959 4.635268
56.031953 5.060635
56.063257 5.724706
56.094559 6.164084
56.125861 9.877172
56.157159 13.200224
56.189636 9.474605
56.241329 9.785363
56.272661 10.161824
56.303928 10.587365
56.335192 10.815365
56.36751 11.271364
56.398762 11.563761
56.430034 11.693077
56.461346 9.62002
56.56414 9.83836
56.596676 9.896665
56.62788 9.808859
56.659133 9.866207
56.690359 9.772484
56.721694 9.797285
56.754213 10.430724
56.785448 11.249347
56.816679 8.99598
56.92952 9.062117
56.960796 8.926796
56.993251 8.969002
57.024599 9.019824
57.055901 8.744919
57.087152 9.15497
57.118456 9.298645
57.150828 9.788322
57.182154 0.191537
57.47874 1.201784
57.510087 2.49677
57.541405 3.418428
57.573926 4.218255
57.605207 4.799306
57.636429 5.431178
57.667797 5.789016
57.699118 6.34222
57.731497 8.636575
57.762766 9.514722
57.834855 9.63055
57.866183 9.677629
57.897491 9.593217
57.929892 9.673365
57.961142 9.690856
57.992479 9.513243
58.023881 9.577727
58.055181 9.959496
58.087524 10.279914
58.118751 9.174463
58.170406 9.146703
58.201791 9.272973
58.233144 9.231637
58.265597 9.14035
58.296975 9.246257
58.328336 9.172723
58.359696 9.304388
58.39103 9.771004
58.423466 11.994785
58.45471 12.862924
58.485995 9.430571
58.537665 9.463379
58.568964 9.547965
58.601263 9.632986
58.632555 9.525513
58.663846 9.60218
58.695171 9.51011
58.726531 9.735499
58.74875 10.072103
58.78001 10.363281
58.81125 12.350795
58.842571 11.582732
58.873857 9.155492
58.906181 9.147486
58.938639 8.989801
58.960805 9.163672
58.993115 9.096839
59.025364 9.176552
59.057781 9.225633
59.090118 9.461464
59.12248 9.93043
59.154732 11.234205
59.187096 9.547008
59.260386 9.560583
59.291742 10.21134
59.323012 10.749663
59.354304 11.150751
59.385564 11.40242
59.417936 11.592478
59.450336 11.825351
59.482724 10.625481
59.515144 9.719835
59.578021 9.881175
59.610298 9.775965
59.641551 9.84071
59.672759 9.850543
59.703976 10.024589
59.735313 10.21395
59.767802 10.875933
59.799098 11.41382
59.830364 8.906172
59.943311 8.695751
59.974673 8.571569
60.007114 7.786972
60.03848 8.149161
60.069844 7.83936
60.101206 6.718332
60.142787 7.085742
60.175137 7.204964
60.206478 7.255263
60.237764 6.784209
60.279355 7.534345
60.310688 0.030196
60.557566 0.238442
60.588896 0.527706
60.620337 0.674948
60.651723 0.926009
60.683124 1.141651
60.715633 1.012684
60.75718 2.719984
60.788461 4.58845
60.819695 5.08535
60.850989 5.018951
60.883254 5.167673
60.91449 4.918701
60.945706 5.528992
60.976906 8.335041
61.008229 8.391519
61.040859 6.086982
61.082401 6.082631
61.113663 6.123096
61.155167 6.397218
61.186474 6.12971
61.228904 5.861506
61.260156 6.056437
61.291459 7.190344
61.322679 7.419388
61.353921 7.951445
61.38621 7.389539
61.437951 7.526339
61.469369 6.776289
61.500716 7.777138
61.532061 7.560104
61.564475 8.502386
61.595829 8.873277
61.637397 9.01147
61.668704 0.053431
61.914252 0.696704
61.946638 1.058109
61.977938 0.998499
62.050046 1.88004
62.081252 2.675254
62.122732 3.003939
62.155081 3.088786
62.186284 3.56306
62.217594 3.69403
62.259123 3.385621
62.321117 4.478192
62.353472 5.005811
62.394928 6.352663
62.426168 6.608684
62.488109 6.627829
62.529724 6.866097
62.562039 6.462485
62.613747 7.158929
62.634786 6.748181
62.666044 0.023757
62.911326 0.713586
62.943624 1.782661
62.974879 2.820234
63.00615 3.577332
63.037479 4.173264
63.068737 4.856045
63.101051 5.41125
63.133363 5.478171
63.164559 9.125469
63.216227 9.558408
63.247481 9.59078
63.278814 9.626373
63.311201 9.609142
63.342544 8.099558
63.373823 8.364803
63.405128 8.946899
63.436471 9.59487
63.468887 9.571026
63.500206 9.446061
63.53153 9.607924
63.562838 9.104062
63.594141 9.735499
63.626642 10.315245
63.657975 10.257462
63.689277 9.146964
63.720573 9.479478
63.751969 9.857331
63.774239 0.021668
64.040252 0.029065
64.316282 0.702186
64.347596 1.67162
64.378948 2.563256
64.411317 3.344459
64.44263 3.857545
64.473973 4.306757
64.505335 4.7229
64.536678 5.044971
64.569079 7.773483
64.600561 10.344659
64.632148 10.800484
64.663512 11.00812
64.694949 9.274801
64.727645 9.243994
64.759177 9.45955
64.790478 9.770569
64.821768 9.682937
64.853135 10.183666
64.885615 9.887615
64.916917 3.159188
65.11141 3.253259
65.142699 3.629285
65.174093 3.974417
65.206366 4.611163
65.237481 5.497316
65.268679 6.467794
65.299813 7.108629
65.331003 7.535215
65.363369 9.757429
65.394689 13.387932
65.426049 9.329973
65.488148 9.300733
65.519569 8.65311
65.552026 8.371591
65.583363 7.971808
65.614682 7.827525
65.646034 7.81917
65.677266 8.127753
65.709718 8.259854
65.761494 7.886178
65.79279 7.86538
65.824101 5.077605
65.875812 5.407508
65.908157 5.57494
65.939425 5.947659
65.970703 6.701711
66.001886 8.117746
66.033116 9.983253
66.065374 10.483286
66.096573 10.782122
66.127796 10.939024
66.158992 8.661725
66.24137 8.879456
66.273861 8.997285
66.305181 9.04915
66.336417 9.012601
66.367665 9.02139
66.39901 9.237642
66.431613 9.794414
66.46284 10.157734
66.494117 10.383993
66.525189 9.497405
66.586822 9.202049
66.619143 9.48148
66.651556 9.459115
66.68287 9.744462
66.714132 9.60949
66.745358 9.56476
66.776645 9.497492
66.808888 10.147291
66.840206 11.22472
66.871502 12.042473
66.902746 9.317703
66.944226 9.421086
66.976678 9.325013
67.009163 9.429614
67.041577 9.56798
67.074 9.430919
67.106455 9.375399
67.138895 9.791803
67.171336 10.763499
67.203795 11.057288
67.236192 10.709458
67.268609 9.235727
67.31119 9.703823
67.343708 10.457527
67.376112 10.891597
67.408599 10.731127
67.44101 10.473974
67.473455 10.677434
67.506194 11.640602
67.53855 9.311437
67.642364 9.493924
67.673656 9.770917
67.704823 9.880392
67.736057 9.958103
67.767409 9.704606
67.799769 10.178532
67.830976 10.691357
67.862259 10.939024
67.893479 9.122511
68.006421 8.74605
68.038728 8.849607
68.070979 9.007728
68.10223 9.134955
68.133531 9.262704
68.164851 9.869775
68.196196 10.641058
68.228539 10.999157
68.25986 9.485222
68.352499 9.100407
68.383836 9.454851
68.415167 9.480696
68.447523 9.366784
68.478803 9.208489
68.5101 8.56191
68.541424 9.34555
68.572728 10.282524
68.605158 9.375573
68.697706 9.532388
68.728986 9.38384
68.760251 9.24617
68.791599 9.063509
68.823939 0.089111
69.079493 0.803568
69.11083 2.05452
69.142112 2.935539
69.173454 3.648082
69.205883 4.563561
69.237273 5.25722
69.268558 5.888396
69.299907 6.332908
69.321086 7.373701
69.353713 13.251655
69.385036 9.210752
69.467303 8.936891
69.498498 8.463748
69.52971 7.930821
69.561968 7.060332
69.593204 6.723467
69.624433 6.632702
69.655685 6.561082
69.687015 7.342547
69.719373 7.434008
69.750687 9.675714
69.781997 11.028658
69.813336 0.649189
70.048461 1.104319
70.081004 2.297662
70.112312 3.244644
70.143617 4.091898
70.174944 4.792257
70.206204 5.388798
70.238521 5.959059
70.270835 6.491116
70.303251 9.848716
70.33556 13.136698
70.366806 9.313439
70.41844 9.1769
70.449716 9.154187
70.480982 8.849172
70.513324 8.893728
70.544657 8.573832
70.57597 8.603072
70.607311 9.371918
70.638591 10.036337
70.671001 10.638012
70.702298 0.01079
70.977957 0.482802
71.009045 2.11709
71.040069 3.776005
71.072332 4.745352
71.104649 5.712175
71.136915 6.492769
71.169251 7.193564
71.201748 7.714743
71.232996 9.382535
71.335691 9.533432
71.36691 9.500364
71.398166 9.564673
71.430443 9.555014
71.46273 9.582774
71.495006 10.227961
71.527173 10.798743
71.559332 11.113244
71.591486 9.734281
71.674665 9.806771
71.706443 9.921032
71.737448 9.941656
71.768407 9.702953
71.799435 9.898058
71.830405 10.246236
71.862121 10.954514
71.893105 11.302779
71.92409 9.64047
72.016274 9.871516
72.04732 9.851849
72.079429 9.48
72.110441 8.666163
72.141591 8.429461
72.172554 7.976073
72.203583 8.64432
72.235492 9.564238
72.266553 10.095338
72.297608 0.070836
72.66425 0.902165
72.695353 2.265377
72.727566 3.30965
72.758651 4.233832
72.789643 5.120507
72.820673 5.753076
72.851657 6.302798
72.883725 6.694836
72.914633 8.832899
72.945749 13.161064
72.976854 9.434313
73.028415 9.544484
73.060493 9.55162
73.092349 9.491313
73.124204 9.313613
73.155945 9.502452
73.187697 9.559713
73.218671 9.809643
73.249739 10.16835
73.280681 12.00836
73.311794 9.050021
73.404807 9.159582
73.436632 9.07926
73.45742 9.071776
73.488407 9.068644
73.51943 9.064815
73.550409 9.092053
73.582231 9.341025
73.613202 9.730104
73.644189 10.477977
73.675164 13.567373
73.706159 9.34233
73.768622 9.445104
73.799713 9.433878
73.830686 9.387843
73.861666 9.415516
73.892642 9.305084
73.924485 9.585646
73.955695 9.632116
73.986751 9.769525
74.017738 11.367524
74.048782 12.423198
74.101129 9.167327
74.142432 9.291422
74.17345 9.729146
74.204398 10.155297
74.235445 10.565087
74.267318 11.02187
74.298315 11.32645
74.32931 11.149358
74.360417 11.823002
74.391527 9.735238
74.484674 9.783362
74.515757 9.889355
74.546823 9.779881
74.577733 9.875954
74.608912 10.196459
74.640682 10.340046
74.671828 10.496948
74.70287 11.133172
74.733834 9.050717
74.856652 9.192912
74.888786 9.089616
74.919781 8.884764
74.950729 8.998155
74.981711 9.357385
75.012686 10.039209
75.044667 10.790911
75.075713 9.160104
75.208591 9.230506
75.239557 9.630898
75.270525 9.889442
75.302377 9.860986
75.333311 9.779881
75.364191 9.436576
75.395157 9.775007
75.426135 10.512874
75.457919 9.351119
75.54002 9.312655
75.570956 8.87058
75.601894 8.88929
75.632892 9.310045
75.664966 8.7437
75.696001 8.248193
75.726951 8.351837
75.757983 7.753555
75.78903 8.774333
75.841323 2.644013
75.95392 2.718591
75.984857 3.094791
76.015962 3.91559
76.046983 4.865356
76.079029 5.731755
76.110061 7.607096
76.141093 8.165695
76.172144 8.582882
76.203099 10.833901
76.234909 13.595046
76.265887 9.461812
76.317327 9.410208
76.348296 9.443277
76.379306 9.534041
76.411352 9.123381
76.442393 9.2976
76.473367 9.582513
76.504383 9.570417
76.535418 9.998395
76.567439 10.28644
76.59847 0.011051
76.893901 0.51239
76.924885 1.744632
76.95604 2.901774
76.988151 3.707518
77.019158 4.694792
77.050199 5.360603
77.081139 5.94235
77.112173 6.535584
77.144272 10.336652
77.17611 13.534131
77.207848 9.316397
77.270136 9.356689
77.30202 9.2681
77.333827 9.176987
77.365602 9.380011
77.39735 9.271842
77.429248 9.606966
77.461048 10.214647
77.492813 10.949902
77.524558 11.345943
77.556374 9.334585
77.6394 8.970656
77.670455 9.131996
77.701435 9.698079
77.732337 10.025894
77.76333 10.057048
77.795172 10.235793
77.826204 10.915876
77.857206 11.424785
77.888165 9.343984
78.00065 9.304475
78.032633 8.766239
78.064342 9.089007
78.095334 9.50689
78.126349 9.528211
78.157357 9.990389
78.178215 10.669167
78.21012 10.968003
78.241084 9.49871
78.343421 9.420042
78.374666 9.47095
78.405663 9.594609
78.437595 9.710001
78.46859 9.618279
78.499619 10.241189
78.530581 10.653938
78.561524 10.956864
78.593416 9.410295
78.685844 9.222413
78.71721 8.758581
78.748317 8.969438
78.779411 8.570264
78.811574 9.141134
78.842578 9.038621
78.873608 9.90032
78.95571 9.684939
78.98675 8.457134
79.018689 0.018709
79.23324 0.018622
79.274437 0.05726
79.499075 0.900859
79.530312 2.250148
79.562377 3.352639
79.593415 4.26107
79.62439 5.143481
79.65544 5.745244
79.686373 6.403919
79.718215 7.0297
79.749205 10.521576
79.780358 13.600007
79.811326 9.373832
79.883119 9.358777
79.915068 8.908261
79.945979 9.014515
79.966752 9.109718
79.99769 9.089094
80.028619 9.294729
80.060659 9.350249
80.091696 9.667708
80.1226 10.024415
80.153525 12.069015
80.184561 0.854302
80.419877 1.033221
80.451023 2.151464
80.482002 3.269881
80.512985 4.284914
80.543947 5.212403
80.576022 5.794063
80.607032 6.244319
80.638028 6.737651
80.669026 10.88185
80.700112 13.73611
80.732135 9.485396
80.783422 9.24121
80.814338 9.722185
80.845282 10.204726
80.87623 10.76524
80.908174 10.103954
80.939163 9.526644
80.970187 10.393913
81.001226 11.428005
81.032285 9.096839
81.125169 8.946551
81.156073 9.208228
81.186974 9.706259
81.217891 10.201854
81.248812 10.147813
81.280607 9.820085
81.311774 10.640623
81.342787 10.961824
81.373752 9.575812
84.111506 9.473038
84.143495 8.976051
84.174491 9.001375
84.205427 9.194566
84.236372 9.635771
84.267431 9.964543
84.299623 11.55619
84.330633 9.147834
84.412627 9.007118
84.443643 8.702713
84.474678 8.64754
84.506667 8.682698
84.537752 8.780076
84.568833 9.122685
84.599822 9.076215
84.631044 9.407423
84.683568 8.793478
84.714563 8.842036
84.745546 8.886853
84.776701 2.613555
84.950289 3.232896
84.98237 3.929339
85.013406 4.631526
85.044356 5.89762
85.075341 6.947637
85.10632 7.902973
85.138119 8.667469
85.169805 9.04828
85.201602 9.595392
85.294497 9.644212
85.325536 9.830354
85.356486 9.633682
85.387467 9.366436
85.418671 8.942199
85.450572 8.795479
85.481721 9.356428
85.512764 9.702169
85.543906 9.547443
85.575193 10.091074
85.607118 0.022016
85.91354 0.603154
85.944739 1.830611
85.975723 2.905168
86.006671 3.822997
86.037638 4.621431
86.069472 5.118592
86.100547 5.817124
86.131591 6.361191
86.162559 8.375594
86.193669 13.747162
86.225624 9.192825
86.297344 9.253915
86.328552 9.388191
86.359595 9.236946
86.390554 9.04097
86.422547 9.271233
86.453559 9.14357
86.484432 9.437794
86.515403 9.952186
86.546444 11.575509
86.578454 9.504628
86.660371 9.720966
86.691354 9.662052
86.722337 9.623936
86.753373 9.694076
86.785319 9.639948
86.816339 9.574942
86.847436 9.886919
86.878451 10.158082
86.909482 9.335891
86.941472 10.790128
86.972545 9.320052
87.034018 9.401767
87.065042 9.408468
87.09602 9.222935
87.128108 9.328145
87.159198 9.54518
87.190228 9.899015
87.221343 9.75273
87.25239 10.081937
87.284428 9.554927
87.346139 9.619759
87.377103 10.273474
87.408048 10.597547
87.439024 10.81902
87.470923 11.339155
87.501915 11.782971
87.532862 11.849979
87.563838 9.592347
87.655915 9.612014
87.687903 9.688246
87.719644 9.861334
87.751358 9.705737
87.783033 9.620107
87.814826 9.708522
87.846796 10.590672
87.878536 11.25161
87.910281 9.363912
88.013316 9.396197
88.044339 9.451196
88.075302 9.643255
88.106276 9.587821
88.137252 9.463379
88.168982 9.955754
88.199957 10.747574
88.230995 11.138741
88.262018 9.227547
88.364278 9.341373
88.396434 9.178118
88.427537 9.048628
88.458528 9.164021
88.489538 9.298384
88.520635 9.35782
88.552909 9.756733
88.584022 10.526449
88.615139 8.984667
88.727461 8.694185
88.758672 8.691661
88.790721 8.874583
88.821723 9.264271
88.852699 9.028874
88.883713 9.527602
88.914694 10.209338
88.946711 10.712678
88.977921 9.406901
89.08014 9.301691
89.11113 9.562498
89.14205 9.471994
89.174055 9.451892
89.205031 9.343549
89.235886 9.896839
89.26679 10.736783
89.297811 10.837817
89.329624 9.694772
89.421742 9.792064
89.452684 9.884482
89.48362 9.996306
89.514591 9.886484
89.546389 9.872995
89.577477 10.229179
89.608526 10.880197
89.639574 11.35334
89.670529 9.216321
89.784093 8.456351
89.815918 9.289072
89.846933 9.685896
89.878015 9.904758
89.908987 10.028505
89.939978 10.746791
89.971936 11.3583
90.002905 9.12077
90.125293 9.050543
90.156186 9.012166
90.187138 9.034879
90.218986 8.84221
90.249975 9.189779
90.281114 9.899102
90.312195 10.538458
90.343223 10.90143
90.375405 9.346333
90.477598 9.335542
90.508519 9.32832
90.539476 9.048454
90.570445 9.458245
90.602428 9.49375
90.633402 9.952099
90.664421 10.871495
90.695456 11.241863
90.726456 9.247475
90.829532 9.228765
90.861281 9.0857
90.892231 9.183688
90.923197 9.103888
90.954164 9.055938
90.974967 9.591128
91.007203 10.457353
91.038326 10.97627
91.069386 10.040079
91.100588 9.587821
91.172253 8.799308
91.204391 9.228069
91.235433 9.719487
91.266432 9.753165
91.297495 9.698688
91.328527 10.063227
91.360626 10.732954
91.39172 11.296079
91.42282 9.619324
91.514728 9.476867
91.545884 8.596806
91.577953 7.827786
91.608944 7.16502
91.63987 6.332734
91.670841 6.097947
91.701872 6.582055
91.733659 6.920225
91.764644 8.166478
91.795592 10.652284
91.826523 10.957821
91.857539 11.115942
91.889341 8.6458
91.940767 8.614733
91.971732 8.869361
92.002697 9.039926
92.033694 8.996154
92.065437 9.015734
92.09642 8.58384
92.127412 3.076081
92.300711 2.997325
92.331745 3.174678
92.363792 3.440445
92.394762 3.792713
92.425521 4.560776
92.456464 5.112762
92.487368 5.749421
92.519166 6.162953
92.55011 9.191781
92.601582 9.268187
92.632662 9.296382
92.663733 9.203094
92.685625 9.250782
92.716691 9.307956
92.747698 9.286462
92.778721 9.330669
92.809808 9.363303
92.841974 9.534128
92.873071 9.231898
92.904077 9.286375
92.935114 9.311176
92.966019 9.286375
92.998217 9.28681
93.02938 9.293597
93.050205 8.38099
93.081209 9.000157
93.112205 9.401245
93.144147 9.553186
93.17515 9.193173
93.216296 9.264967
93.24724 9.397677
93.278268 9.983166
93.30992 10.393652
93.340808 10.877238
93.371835 11.079392
93.402813 9.267926
93.494919 9.363042
93.526987 9.369307
93.557967 9.277585
93.588967 9.270536
93.619921 9.285852
93.650923 9.341025
93.682751 9.821304
93.713834 10.045387
93.744768 11.904803
93.775807 9.446322
93.857692 9.375834
93.889521 9.118769
93.921431 8.68
93.953123 8.407793
93.985033 8.047692
94.016985 7.982599
94.048825 8.436423
94.080594 8.977357
94.112278 10.835032
94.143985 12.636055
94.165495 9.23651
94.248115 9.737066
94.279196 9.982035
94.310156 10.133628
94.341181 10.079848
94.372166 10.136674
94.404047 10.041036
94.435032 10.372071
94.465956 10.7702
94.49706 9.539437
94.578936 9.66066
94.610743 9.602006
94.641766 9.65744
94.672749 9.664227
94.703662 9.610447
94.734634 9.702517
94.766556 9.975334
94.797501 10.446127
94.828443 11.156407
94.859656 9.50428
94.941615 9.314135
94.973598 9.629157
95.004687 9.599831
95.035697 9.576421
95.066656 9.536826
95.097591 9.593391
95.129478 9.698601
95.160476 10.440471
95.19159 11.75582
95.222556 9.579989
95.294363 9.637773
95.326401 9.534999
95.358518 8.987799
95.390731 9.652131
95.422552 9.660921
95.454434 9.876302
95.48628 10.188888
95.51854 10.882894
95.550776 11.426874
95.583111 9.4391
95.666166 9.642733
95.697309 9.930517
95.728424 10.141373
95.749367 10.470929
95.780496 10.50948
95.812691 10.531845
95.844691 11.248651
95.876757 11.699516
95.908823 9.385232
96.012374 9.787365
96.043635 9.81643
96.074869 9.904584
96.106142 9.631246
96.137423 9.515593
96.169737 10.300799
96.202351 11.03971
96.234647 9.55571
96.358936 9.677716
96.390225 10.054612
96.421528 9.814255
96.452799 9.966022
96.484121 9.975769
96.516541 10.67256
96.547942 11.108109
96.579232 9.463292
96.702523 9.475127
96.733947 9.480087
96.766349 9.40342
96.79764 9.531518
96.828963 9.707652
96.860101 10.373202
96.891353 11.078609
96.923643 9.546225
97.04649 9.439883
97.077777 9.474866
97.10899 9.687288
97.140162 9.819215
97.172468 9.853067
97.203705 10.42324
97.234973 11.111851
97.266219 11.191042
97.297347 9.494968
97.380677 9.462335
97.411983 9.430832
97.443221 9.284634
97.4744 8.554774
97.505596 9.03836
97.537869 8.747268
97.569052 9.214668
97.6002 10.364935
97.631411 10.677347
97.66267 0.089024
97.980236 0.926618
98.012594 2.169042
98.043779 3.116633
98.07493 4.087895
98.106077 5.891355
98.137243 8.037685
98.169447 8.60838
98.200687 9.190127
98.231886 11.495535
98.263161 13.765698
98.294475 0.015751
98.530709 0.016447
98.796426 0.68278
98.827653 2.043991
98.858844 3.024911
98.890021 4.028893
98.922244 4.696184
98.953513 5.352075
98.98478 6.007965
99.016034 6.499209
99.04731 9.912242
99.079685 13.973944
99.11096 9.480783
99.172879 9.161323
99.20416 9.981426
99.235492 10.450217
99.267951 10.832856
99.299251 11.140221
99.330608 11.614321
99.361949 11.517552
99.393322 12.067623
99.425656 9.632812
99.529586 9.80181
99.560756 9.817301
99.591967 9.731061
99.623247 9.902148
99.654549 10.053654
99.686879 10.349967
99.718083 10.97627
99.74916 11.25396
99.780249 9.485222
99.862482 9.623675
99.894913 9.688507
99.92631 9.528472
99.957658 9.753774
99.98895 10.00118
100.020261 10.196633
