0.0 0.133928
0.031938 0.150723
0.06373 0.172653
0.095585 0.194931
0.127439 0.228521
0.159293 0.267421
0.191087 0.307538
0.223062 0.376895
0.254883 0.423278
0.286663 0.431894
0.318499 0.303709
0.411554 0.323289
0.443439 0.34052
0.47527 0.350962
0.507092 0.338518
0.538929 0.345306
0.570711 0.404133
0.602592 0.384118
0.716214 0.402306
0.748014 0.410399
0.77984 0.415533
0.811699 0.414141
0.843536 0.412923
0.865303 0.409181
0.897157 0.461394
1.000468 0.438681
1.032264 0.432155
1.064099 0.446078
1.095996 0.437115
1.127834 0.439639
1.159687 0.444338
1.191597 0.464614
1.223464 0.482106
1.255375 0.607419
1.287263 0.633873
1.319158 0.581138
1.351052 0.583922
1.38285 0.598803
1.4147 0.598107
1.446592 0.610464
1.478441 0.618383
1.510309 0.621255
1.542201 0.655455
1.574095 0.702186
1.605998 0.752224
1.637875 0.769455
1.669747 0.766757
1.701554 0.790863
1.733309 0.806527
1.76512 0.832808
1.797031 0.843511
1.828766 0.838551
1.860607 0.867965
1.892521 0.872055
1.924426 0.880844
1.956415 0.903122
1.988275 0.922615
2.02016 0.935407
2.052008 0.957424
2.083973 0.978223
2.115893 1.009551
2.147748 1.043403
2.179612 1.073164
2.211488 1.091787
2.243357 1.104667
2.275232 1.130251
2.307237 1.137735
2.339149 1.171848
2.370976 1.188296
2.402839 1.195083
2.434782 1.223279
2.466722 1.250256
2.498617 1.272273
2.53044 1.307604
2.562299 1.341543
2.594096 1.372697
2.625967 1.399761
2.65782 1.4223
2.689659 1.44597
2.721536 1.483129
2.753401 1.507843
2.785255 1.537431
2.817076 1.581639
2.848896 1.617144
2.880686 1.654042
2.912519 1.68859
2.944458 1.725226
2.976326 1.781617
3.008204 1.840879
3.040279 1.872469
3.072171 1.907452
3.104172 1.944088
3.136076 1.983597
3.167894 2.021626
3.199735 2.077146
3.231644 2.117351
3.26349 2.146503
3.295354 2.187926
3.327175 2.24188
3.359084 2.302361
3.390921 2.356228
3.422702 2.430807
3.454492 2.487807
3.486295 2.537236
3.518155 2.599805
3.550052 2.627739
3.581889 2.697532
3.613661 2.735822
3.645585 2.842164
3.677489 2.884457
3.709286 2.949463
3.741109 3.019342
3.773047 3.083304
3.804903 3.158056
3.836761 3.241511
3.868653 3.269271
3.900549 3.369261
3.932384 3.445754
3.964236 3.487699
3.996072 3.604918
4.027912 3.680541
4.059706 3.802112
4.09153 3.872426
4.123381 3.919941
4.155242 4.010792
4.187151 4.097728
4.218901 4.229394
4.250687 4.330862
4.28246 4.409966
4.314233 4.485067
4.346051 4.55834
4.377815 4.631178
4.409621 4.759711
4.44138 4.873014
4.473126 5.062028
4.504945 5.179944
4.53682 5.247647
4.568622 5.345374
4.600333 5.47791
4.632082 5.674146
4.663914 5.851498
4.695746 6.007008
4.727607 6.141545
4.7596 6.231179
4.791538 6.277736
4.823426 6.341089
4.855291 6.660984
4.887088 6.785427
4.91888 6.924924
4.950603 7.09401
4.982407 7.25387
5.014196 7.291029
5.045999 7.393194
5.077818 7.672885
5.109691 7.952228
5.141511 8.064749
5.173342 8.008184
5.205222 8.569916
5.237045 8.636401
5.26892 8.851957
5.290575 8.989975
5.322576 9.018518
5.354379 9.22894
5.386209 9.413341
5.418046 9.694859
5.449953 9.713134
5.481755 8.920009
5.513509 8.837598
5.5453 8.233138
5.577091 7.658613
5.608891 6.873755
5.640737 6.473102
5.672662 5.938869
5.704566 5.064029
5.736458 5.118767
5.768354 5.721921
5.800219 6.32351
5.832097 7.298687
5.863933 8.074408
5.89583 9.152969
5.927692 9.966197
5.959675 10.259028
5.991565 9.072037
6.043835 8.978662
6.075701 9.058201
6.107599 9.357211
6.139477 9.206749
6.171246 9.410904
6.203081 9.121118
6.234903 9.763782
6.266736 9.888572
6.298586 8.572005
6.371284 8.64171
6.403241 8.94394
6.435106 8.663988
6.467007 8.761105
6.498952 9.060463
6.520579 8.98867
6.552406 9.28124
6.584261 9.645344
6.616132 10.481023
6.647969 12.675912
6.679862 11.118204
6.711728 8.864401
6.753868 8.806705
6.785753 8.297535
6.817707 8.22722
6.849644 8.639447
6.881513 8.789561
6.913483 9.310219
6.945335 10.396002
6.977082 11.505891
7.008858 8.87963
7.111963 9.069427
7.143803 9.058723
7.175585 8.734911
7.207374 8.553382
7.23905 9.312394
7.270809 9.86847
7.302513 9.587125
7.334187 10.67317
7.365961 10.118921
7.397635 7.913068
7.53141 7.700558
7.563144 6.982359
7.594862 7.653131
7.626609 6.980097
7.658273 7.053022
7.689975 8.127492
7.721726 9.379402
7.753483 9.697731
7.785222 8.178662
7.898394 8.045691
7.930162 8.025414
7.961851 8.569916
7.993623 8.299797
8.02545 7.213666
8.057341 7.60231
8.089221 8.897644
8.121107 13.006337
8.173409 12.819935
8.205245 10.987931
8.237067 8.187016
8.289279 8.03577
8.321014 7.094097
8.352808 5.042012
8.384592 3.421561
8.416465 3.034919
8.44833 3.640598
8.469841 3.781836
8.501557 3.177984
8.533282 3.113501
8.565093 3.248908
8.59686 3.443317
8.628685 4.434245
8.660423 5.554316
8.681983 6.558645
8.713945 7.83701
8.745765 8.67765
8.777813 9.062378
8.809629 8.73787
8.871937 8.616473
8.90375 8.832899
8.935573 8.733258
8.967455 8.37133
8.999362 9.128167
9.020995 9.45868
9.05283 8.436162
9.084609 8.432507
9.116423 8.43155
9.148289 6.569436
9.261795 5.542654
9.29358 3.737367
9.325421 3.73641
9.357163 4.372459
9.388977 3.950747
9.420783 4.136279
9.452547 5.332494
9.484328 5.378965
9.526305 5.946614
9.558072 8.498731
9.58985 7.556014
9.733785 7.484307
9.765535 8.129929
9.797309 8.799221
9.82923 8.188756
9.860905 8.017843
9.892734 8.511785
9.924602 8.349835
9.956516 8.557733
9.988456 8.865619
10.091877 8.990932
10.123666 8.720117
10.155468 8.826894
10.187195 6.333256
10.259784 8.867534
10.291559 8.436162
10.435623 8.271341
10.467637 7.350379
10.489186 7.622238
10.520889 8.367066
10.552591 8.592542
10.584267 8.057526
10.616064 6.477192
10.647854 6.503908
10.679591 6.704757
10.701212 9.146442
10.733103 8.409359
10.765014 8.029156
10.796802 7.034834
10.828656 6.691442
10.860519 5.891268
10.892353 6.855915
10.924099 7.678107
10.955842 8.382643
10.987546 8.822369
11.019267 9.681719
11.051058 10.190628
11.082707 10.064706
11.114367 8.898775
11.176807 9.160714
11.208945 9.51011
11.240886 9.248955
11.272718 9.240601
11.30453 8.779119
11.336382 8.8691
11.368223 8.224174
11.400309 9.691553
11.432168 6.380771
11.637742 8.259506
11.669574 9.356515
11.701592 8.138283
11.733503 8.702452
11.765428 8.515614
11.797531 9.417083
11.829344 7.370133
11.94307 6.839555
11.974956 7.287026
12.006851 7.183643
12.038761 7.557754
12.070663 7.162497
12.102557 6.656459
12.134443 6.916483
12.166362 7.269883
12.198251 8.192585
12.230188 7.508499
12.343863 7.686809
12.375818 7.96415
12.407674 8.34679
12.439635 8.462356
12.471537 7.927253
12.503408 7.884089
12.53534 6.577877
12.56727 6.551336
12.599122 6.868447
12.630948 7.279281
12.662801 8.630223
12.694521 7.984514
12.756849 7.993738
12.788683 8.281435
12.82052 8.783905
12.852254 8.792433
12.883944 8.540154
12.9157 7.691682
12.947482 8.824719
12.979255 8.62944
13.082482 8.621956
13.114426 8.268208
13.14641 8.897992
13.178339 9.548226
13.210138 9.770134
13.241965 7.138217
13.273869 7.490572
13.305588 8.073799
13.337407 10.764631
13.36917 8.218692
13.462232 8.099819
13.49417 8.558342
13.5261 9.917377
13.547737 10.415408
13.579637 9.697644
13.611504 10.468927
13.643384 9.676498
13.675223 9.050717
13.707333 9.705128
13.739193 9.084743
13.791455 9.388452
13.823352 9.783797
13.855253 9.592347
13.887355 9.788061
13.919281 9.475997
13.951159 9.468687
13.983056 9.916507
14.014828 8.850651
14.097641 8.806966
14.129581 8.424936
14.161377 9.141482
14.193068 9.296034
14.224879 9.593913
14.256686 8.480195
14.288519 7.987298
14.320533 8.003659
14.352363 8.014189
14.384152 8.174049
14.446419 7.417473
14.478303 5.748811
14.510178 4.600546
14.542046 4.835681
14.573866 5.6825
14.605665 4.888765
14.688591 5.746114
14.720423 7.653044
14.751996 8.262987
14.86531 8.442863
14.897268 8.682523
14.929055 8.66364
14.961089 9.653959
14.992887 6.677954
15.024767 5.599132
15.056661 5.510369
15.0884 5.51968
15.120221 6.793781
15.151985 7.135868
15.183849 5.758384
15.215636 4.994324
15.247458 3.631286
15.279264 4.049605
15.311053 5.613491
15.342822 7.205312
15.374417 7.936303
15.406111 7.661746
15.448167 9.047236
15.480029 8.990236
15.563116 9.360605
15.595046 9.564934
15.627033 9.516898
15.658802 9.604443
15.690584 9.174811
15.722324 9.647345
15.754076 10.135195
15.785856 9.302561
15.878964 9.154796
15.910816 8.394391
15.942703 8.783122
15.974575 8.931931
15.996262 9.045147
16.028239 9.976813
16.060107 9.029135
16.153325 8.91209
16.185374 9.420999
16.217244 9.444321
16.249139 9.180816
16.280978 8.794783
16.3128 8.685743
16.34465 9.065946
16.37646 9.258962
16.459489 9.263749
16.491382 9.161758
16.523293 9.443016
16.555179 9.314744
16.587014 9.503235
16.608652 9.22015
16.640548 9.465467
16.672363 9.152185
16.704193 9.684504
16.735976 8.456264
16.839188 8.485765
16.871013 8.553121
16.902752 8.95038
16.934526 9.459202
16.966481 9.520466
16.998346 9.670928
17.03028 9.162106
17.06213 7.885134
17.175593 7.928732
17.207358 8.000352
17.239212 8.126187
17.271017 7.981816
17.302844 8.033595
17.334603 8.549031
17.366465 9.225023
17.39839 9.802855
17.4302 9.234161
17.533529 8.080587
17.575638 8.647627
17.607488 7.914286
17.639228 7.899318
17.671072 6.569175
17.733482 7.743983
17.765218 9.71853
17.797088 10.666469
17.828949 6.355099
18.013965 5.402113
18.045811 1.471207
18.07761 1.023474
18.109351 1.718961
18.141172 2.167302
18.173007 2.546286
18.204756 2.338737
18.277447 3.939347
18.309288 5.801373
18.341156 6.845908
18.373023 7.855633
18.404945 8.274126
18.436892 8.790693
18.468743 9.55571
18.500647 9.063422
18.553067 9.172375
18.584985 8.477672
18.617042 9.592608
18.648963 10.634618
18.680649 10.419759
18.712409 11.144224
18.744225 12.033945
18.77604 8.513351
18.899787 7.898535
18.931783 7.870688
18.953369 8.188408
18.985287 7.842754
19.017138 7.500928
19.048992 7.181555
19.080902 7.76687
19.112773 8.065532
19.144715 9.142613
19.176565 8.352794
19.290127 8.606727
19.321989 8.727688
19.353702 8.36315
19.385438 8.2924
19.417402 8.403877
19.449015 7.941263
19.480747 7.841361
19.512547 8.73143
19.544401 9.469035
19.576224 7.60553
19.689762 7.324968
19.72157 6.878976
19.753328 7.720661
19.7852 6.635138
19.867931 6.940066
19.899757 6.283566
19.931669 8.532235
19.963637 6.826502
20.138522 6.57283
20.17037 6.188538
20.202196 3.91968
20.223846 1.490352
20.255683 1.881867
20.287519 2.539759
20.319365 3.055195
20.351339 3.357338
20.383166 3.675059
20.41501 7.055023
20.44688 7.948051
20.47862 8.546246
20.510428 9.905194
20.5422 11.044844
20.573913 9.131387
20.626104 9.246953
20.657933 9.90441
20.689716 8.358625
20.762336 10.070189
20.794113 9.106324
20.82591 9.705302
20.857711 10.38173
20.889622 10.727298
20.921432 7.429482
21.055467 6.259809
21.087342 6.317331
21.119477 7.458548
21.151343 7.449672
21.183337 7.604746
21.215244 8.015494
21.247127 8.551206
21.279038 8.764238
21.310799 7.823522
21.434457 8.028634
21.466207 7.910544
21.497938 6.353098
21.529666 5.142089
21.561355 3.985121
21.593057 2.886023
21.624834 2.891854
21.65655 2.895944
21.688256 3.160319
21.719953 4.320071
21.75171 2.935974
21.783405 3.53356
21.815193 4.122878
21.847052 5.315612
21.868704 7.059113
21.90056 8.536673
21.93235 9.521336
21.964288 9.268796
22.016488 9.858897
22.04848 9.862813
22.080415 9.596872
22.102088 10.535064
22.13404 12.306935
22.166012 8.83316
22.197823 8.484547
22.229664 9.234422
22.261539 9.524643
22.29349 10.261639
22.325344 8.243755
22.398161 8.121227
22.429984 7.96476
22.451635 8.027242
22.483392 7.982512
22.515122 8.006269
22.546866 9.486092
22.578714 9.010686
22.610521 9.626634
22.642299 8.088245
22.735434 8.073016
22.767384 8.427982
22.799312 8.85509
22.831255 8.853784
22.863079 8.782948
22.894875 8.127405
22.926616 8.695229
22.958344 9.372788
22.990253 9.673365
23.022073 8.577835
23.125358 8.350967
23.157268 8.534585
23.189155 8.261246
23.221169 7.718398
23.253037 8.261159
23.284894 7.740676
23.316751 8.238359
23.348582 9.682937
23.38041 12.949773
23.412241 11.300865
23.444107 11.216627
23.476026 7.464118
23.53851 7.541133
23.570429 7.831354
23.60237 7.911676
23.634418 7.400678
23.666396 7.092965
23.698317 7.537391
23.7301 8.148726
23.761907 9.529168
23.79367 7.985297
23.927672 7.528253
23.959631 7.582033
23.991635 8.506737
24.023525 9.124251
24.055408 9.070819
24.097557 8.044298
24.129408 7.489702
24.161252 8.941242
24.193033 8.198242
24.316742 8.508391
24.34868 8.593499
24.380538 9.539176
24.412388 10.064271
24.444198 8.046213
24.476001 8.593934
24.497598 8.468273
24.529428 9.504628
24.561163 8.596719
24.664425 8.778945
24.696192 8.768763
24.72802 9.106324
24.760043 9.523164
24.792229 9.542396
24.82404 10.137109
24.855801 9.98012
24.887614 8.708543
24.919577 10.019454
24.951435 8.158472
25.054728 8.023413
25.096822 8.234182
25.128694 8.393782
25.150301 8.654154
25.182145 8.955253
25.213977 8.062834
25.245753 8.179619
25.369509 7.968066
25.401325 8.27369
25.433096 8.117572
25.464907 6.785427
25.496892 7.343156
25.528842 8.387081
25.560723 8.298318
25.592585 7.170329
25.624432 8.402658
25.656352 7.766261
25.810846 7.723793
25.842774 6.727122
25.864457 6.975746
25.8964 7.183991
25.928351 6.46292
25.960419 7.594217
25.992464 7.45498
26.024457 7.718659
26.056268 7.896186
26.088096 8.609859
26.119914 6.649671
26.243219 6.828155
26.275074 6.184099
26.306837 6.09229
26.33853 6.371024
26.370278 6.144678
26.402014 6.607987
26.433732 7.188864
26.46543 7.678629
26.497135 7.964237
26.528883 8.395174
26.622049 8.209207
26.65401 8.271167
26.675692 8.249933
26.70763 7.931256
26.739526 7.501798
26.771562 7.764172
26.803346 8.520226
26.835062 9.126514
26.866854 9.65335
26.898678 10.130409
26.930488 6.997327
27.064496 6.897077
27.096338 6.299579
27.128265 5.892225
27.160136 6.034159
27.191946 5.885437
27.22372 5.76404
27.265705 6.758885
27.297502 7.708652
27.329357 8.025937
27.361173 7.886874
27.45422 7.689071
27.486178 7.840839
27.518062 7.29947
27.549999 8.370547
27.581902 9.087702
27.613799 9.673017
27.64554 9.475997
27.677287 10.342048
27.709168 11.813951
27.771508 11.775922
27.803272 8.23044
27.845225 7.993303
27.876988 8.0691
27.908816 8.500037
27.940659 7.264574
27.992895 7.861638
28.024719 8.498905
28.056508 10.4899
28.088337 7.005333
28.283457 6.570394
28.315188 5.971938
28.346962 4.291528
28.378742 4.944982
28.410499 6.505126
28.442342 6.827981
28.474145 7.214449
28.505959 7.88026
28.537738 8.197633
28.671581 7.845277
28.703446 7.907586
28.735318 8.088593
28.767162 6.859483
28.829425 7.417473
28.86119 7.679238
28.892971 8.213993
28.924732 6.91805
29.099656 6.667511
29.131712 6.551684
29.163677 6.22996
29.1956 5.256785
29.227375 5.654914
29.259145 6.454392
29.290908 7.128906
29.32267 7.854502
29.354413 8.318681
29.386162 8.929668
29.489516 8.393695
29.521349 8.742569
29.553328 9.467556
29.585167 9.133476
29.617032 9.368089
29.64889 9.938175
29.680802 8.940459
29.712661 9.213536
29.744498 7.778531
29.878494 7.476736
29.910334 7.642775
29.942309 7.452282
29.974157 7.662181
30.00599 7.209054
30.038082 7.595174
30.069953 6.973744
30.101769 6.882805
30.133677 8.091465
30.16557 6.989321
30.319995 6.902211
30.372363 6.582577
30.404174 7.410598
30.435976 7.015689
30.467799 6.41471
30.49952 5.401504
30.561916 7.238903
30.593767 8.03899
30.717721 8.077106
30.749646 8.214254
30.771224 8.793652
30.803027 8.907651
30.845011 9.862987
30.876806 8.594717
30.908661 8.786516
30.940442 8.995631
30.972182 9.100581
31.003962 11.501017
31.035856 8.589322
31.077993 8.466359
31.099628 8.328776
31.131531 6.760103
31.163473 7.133344
31.195424 7.537913
31.227419 7.417386
31.2593 6.723206
31.291349 7.644342
31.323149 9.227112
31.395804 9.53291
31.427635 10.285048
31.45949 10.233095
31.491443 10.745573
31.523353 11.613103
31.555368 11.985647
31.587221 9.241558
31.680469 9.171156
31.712252 8.966566
31.743974 8.673125
31.775783 9.571635
31.807603 8.345745
31.839401 8.171787
31.871091 7.583861
31.90288 8.981969
31.934746 13.807556
31.966535 13.727495
31.998478 8.85448
32.050878 8.87876
32.083041 8.54146
32.11484 8.286831
32.146808 9.981774
32.178695 8.327122
32.210512 6.845211
32.262843 8.221129
32.294819 9.998656
32.326748 13.404902
32.35861 8.250803
32.431391 7.910544
32.46337 7.33515
32.495355 7.317136
32.517079 6.92301
32.548954 4.650845
32.580839 2.828327
32.612718 3.175113
32.644566 3.943002
32.676476 4.726903
32.708299 6.950248
32.740122 8.744919
32.772159 9.34964
32.803951 10.352491
32.835771 9.179859
32.939069 8.920705
32.970939 7.447322
33.04371 9.172636
33.075705 10.117529
33.107642 10.184363
33.139552 10.160953
33.171422 10.029027
33.203314 10.751751
33.235141 7.752511
33.328287 7.208619
33.360097 7.24891
33.391973 7.78645
33.423849 8.363846
33.455679 8.083024
33.487637 5.873863
33.550171 7.031005
33.582086 8.604029
33.613962 5.793802
33.829421 5.086568
33.861204 1.262352
33.892945 1.116415
33.924663 1.43779
33.95641 1.786577
33.988178 2.090896
34.019934 2.312108
34.051757 2.48772
34.083683 4.131928
34.115512 6.703799
34.147312 7.259266
34.179273 6.845473
34.211259 6.732517
34.243145 6.657764
34.274953 6.484415
34.306753 6.436901
34.33856 6.056263
34.3704 5.402113
34.402155 4.687134
34.433908 4.668076
34.46561 5.416733
34.497419 6.463094
34.529153 7.132909
34.561 8.188756
34.592792 9.539872
34.624584 10.318465
34.656517 9.444843
34.729325 9.630811
34.76133 9.89858
34.793223 10.029723
34.825135 11.110459
34.856979 11.388845
34.888884 11.627287
34.920776 11.711699
34.952562 8.53093
35.076024 8.661551
35.107691 7.886961
35.139442 7.726317
35.171158 7.642166
35.20274 5.630983
35.275165 6.042774
35.306967 7.914112
35.338783 6.341611
35.543961 5.621671
35.575846 2.921528
35.607736 1.031306
35.639608 1.598695
35.671432 2.058262
35.703267 2.451692
35.735186 2.920049
35.76703 3.269097
35.798956 3.636769
35.830845 8.070231
35.862684 9.163063
35.894529 10.659072
35.926407 11.463685
35.958234 9.139393
36.030918 9.497753
36.062669 10.568481
36.094476 10.927015
36.126227 10.338132
36.147831 10.577619
36.179645 12.010014
36.211504 9.318921
36.31505 9.470341
36.346948 8.971091
36.378765 9.479217
36.410635 10.366501
36.442439 10.433857
36.474264 9.897884
36.506116 8.975529
36.609503 9.38062
36.641286 8.939502
36.673112 8.982926
36.704961 8.783122
36.7368 8.901734
36.768651 9.713917
36.800435 10.671081
36.832237 8.236358
36.986657 8.437206
37.018613 8.319029
37.050542 8.342003
37.082401 8.001309
37.114318 7.966413
37.146173 7.422695
37.18815 8.414928
37.219883 9.625763
37.251791 8.865619
37.35527 8.577052
37.387184 8.469318
37.419071 9.034705
37.450952 8.213906
37.482817 7.505018
37.535209 8.925317
37.567182 8.790606
37.65008 8.775725
37.681881 8.886592
37.713719 8.29649
37.74556 7.906367
37.787626 9.339981
37.819541 10.186712
37.851391 9.197002
37.944567 9.456678
37.97653 9.984906
38.008523 9.871168
38.040499 8.749966
38.072357 7.038315
38.12453 7.460114
38.156339 8.35758
38.188177 9.713308
38.219954 6.847213
38.415401 6.886373
38.447318 6.816407
38.479253 4.323291
38.511066 4.346787
40.451566 10.046432
40.473365 10.410535
40.495043 8.344527
40.58816 8.36489
40.609788 7.760778
40.631443 7.362823
40.653106 7.669578
40.67468 8.488985
40.696271 7.763563
40.717932 7.171547
40.749783 8.263422
40.771375 8.607597
40.782777 8.242971
40.804371 7.095837
40.826008 7.110457
40.847705 7.114895
40.869307 9.982209
40.89094 10.604161
40.912544 10.513309
40.923945 9.64778
40.945568 9.032007
40.967264 8.373593
40.988915 7.483175
41.031046 6.333605
41.052762 6.104996
41.064177 5.33058
41.085864 5.752902
41.107477 5.969327
41.159914 5.930863
41.181536 5.96924
41.203104 5.457285
41.234772 5.872297
41.256382 5.63516
41.267755 6.643406
41.289389 8.574267
41.310966 7.051978
41.444812 6.93763
41.466427 7.148921
41.488144 7.563933
41.509778 7.725099
41.531509 8.524838
41.553245 6.070796
41.574901 5.718092
41.596596 5.975941
41.618275 6.29253
41.639844 6.516265
41.661353 6.736433
41.682884 6.908042
41.704516 7.897665
41.715932 7.678629
41.819253 6.913785
41.840859 7.377704
41.852272 8.538414
41.87392 9.529603
41.895509 10.303149
41.917076 10.942679
41.938638 10.031638
41.960241 10.470842
41.981885 9.585907
42.003726 10.253024
42.025285 11.395372
42.04693 8.294663
42.180872 8.696795
42.202398 7.351249
42.244334 9.162019
42.265909 9.711307
42.287372 9.846714
42.308987 10.895078
42.330576 11.014647
42.352195 10.690139
42.455542 9.994914
42.477199 9.108152
42.498836 9.11494
42.520607 8.132975
42.542297 6.9499
42.563964 6.425936
42.585572 4.764497
42.596872 3.353422
42.618446 2.819799
42.639922 2.876886
42.661491 2.952682
42.683075 3.000197
42.704602 3.050496
42.726246 4.073971
42.737493 4.465225
42.759034 4.219647
42.780581 3.940826
42.80209 3.708736
42.82366 3.638335
42.845158 3.694987
42.8668 3.906278
42.888478 4.156817
42.899987 4.919484
42.921723 0.650408
47.783047 0.609855
47.804616 0.589753
47.826185 0.613075
47.847763 0.601849
47.869341 0.563037
47.880773 0.634483
47.9024 0.63309
47.924038 0.628217
47.945709 0.589579
47.967287 0.567997
47.988811 0.552594
48.010346 0.524312
48.021632 0.495072
48.04334 0.590101
48.064925 0.905907
48.08652 1.481388
48.108037 1.836615
48.140023 2.306364
48.161614 2.404526
48.20347 2.906996
48.214905 3.400241
48.246872 4.826283
48.268579 6.346136
48.290225 9.246779
48.352728 9.404987
48.374518 9.287071
48.396167 9.463118
48.417801 9.13713
48.439506 7.980685
48.461201 7.98434
48.472612 6.837292
48.494251 6.849476
48.515793 6.370328
48.537513 4.635268
48.559226 3.647907
48.580913 3.589776
48.602416 3.593605
48.613494 4.600633
48.634807 5.68485
48.656228 5.053064
48.677794 4.523183
48.699216 3.958492
48.720664 3.874167
48.742154 3.861287
48.763763 4.135148
48.774992 4.104429
48.79643 4.020713
48.817985 3.878431
48.839489 3.991299
48.860945 4.023759
48.882383 4.058307
48.9038 4.376984
48.925278 4.74483
48.936564 5.197783
48.958168 5.405158
48.979723 4.70506
49.032031 5.239293
49.053604 6.73739
49.06498 8.646931
49.086582 10.139198
49.108292 9.060899
49.211603 9.233378
49.222996 9.525948
49.244625 9.77405
49.266251 10.365109
49.28789 10.721989
49.309559 10.911003
49.331192 7.468991
49.352885 6.983926
49.36428 6.553163
49.38592 7.119159
49.407625 7.625023
49.42928 8.047953
49.450929 8.203985
49.472589 8.223826
49.494252 8.622826
49.505656 9.104323
49.568129 8.967175
49.58973 8.780598
49.601082 9.548835
49.622763 10.610165
49.644438 11.674367
49.666079 10.049999
49.708104 10.855047
49.729788 8.491334
49.771828 8.546507
49.793433 8.707847
49.815062 8.88781
49.83675 10.394262
49.858407 11.357865
49.880113 11.78036
49.891483 9.243472
49.933524 9.61036
49.955175 7.277802
50.027912 9.215712
50.04952 11.131606
50.071128 11.296775
50.09269 9.012166
50.155063 9.381839
50.176686 7.821868
50.198348 7.832572
50.209833 8.418931
50.231527 8.769024
50.253217 8.613427
50.274945 8.774855
50.296647 8.643189
50.318278 6.564389
50.340138 6.687439
50.351621 7.357079
50.373275 7.16328
50.394944 7.542612
50.416558 7.350901
50.438145 8.489942
50.45972 8.927232
50.542821 9.036184
50.564349 8.976051
50.585929 8.951511
50.607565 8.796784
50.618905 8.743265
50.64043 8.62709
50.662112 7.751989
50.714525 9.036967
50.736082 10.656809
50.74739 9.114243
50.819925 8.76067
50.84149 8.908609
50.852834 9.00738
50.8744 9.143135
50.895913 9.874213
50.917479 6.74383
51.010534 6.62809
51.032221 6.157993
51.064075 7.085046
51.085775 6.927448
51.107463 6.515743
51.129204 5.803897
51.150894 5.163409
51.172498 4.293704
51.194119 2.628958
51.215783 2.630872
51.227029 2.623997
51.248627 2.620778
51.270147 2.755663
51.291738 2.713196
51.313382 2.673252
51.335 3.474906
51.356574 0.046122
51.64362 0.425193
53.370987 0.401697
53.392546 0.344697
53.413992 0.318155
53.435183 0.279082
53.456634 0.263417
53.46778 0.283346
53.560778 0.293005
53.582359 0.275514
53.603852 0.249494
53.615065 0.232263
53.636577 0.21773
53.658041 0.23966
53.679631 0.669814
53.701345 1.66988
53.722838 2.455434
53.744424 2.596933
53.766037 2.635571
53.787566 2.380682
53.809248 3.155359
53.831242 4.700622
53.853197 5.953402
53.874908 8.464096
53.968202 7.952141
53.989867 6.948246
54.011578 6.780815
54.033237 6.414101
54.054897 6.106127
54.066327 6.126838
54.087894 4.639271
54.109449 3.451497
54.131183 2.27669
54.152867 2.339259
54.174502 2.511129
54.196123 2.68239
54.207502 2.81362
54.229146 3.842751
54.250803 5.707911
54.272404 5.060896
54.294105 4.972133
54.315778 5.193606
54.33737 5.65648
54.348767 5.325098
54.370364 5.127991
54.39211 5.077344
54.413772 5.114154
54.435416 5.423694
54.457088 5.88944
54.478722 6.237618
54.490195 6.642884
54.51187 6.689267
54.533532 7.345505
54.555216 7.356209
54.576902 8.126013
54.598637 10.072712
54.610084 8.959952
54.754439 9.072473
54.77612 8.317463
54.797743 9.034183
54.819291 9.791977
54.840916 9.671885
54.862496 9.437272
54.884083 9.005291
54.926048 8.315809
54.937454 9.378358
54.959294 8.186668
55.11374 7.957537
55.135375 7.801157
55.157009 7.923424
55.178606 7.652261
55.20019 8.370982
55.222029 8.489594
55.233448 5.657438
55.255043 5.661615
55.27663 5.663703
55.298226 5.667358
55.319856 5.543177
55.351686 5.315351
55.373313 4.75388
55.415409 5.012338
55.436986 4.944199
55.478979 6.669512
55.500618 6.14668
55.563112 6.277736
55.584793 5.779531
55.606422 6.573004
55.628067 6.394346
55.68028 5.979335
55.701791 4.806007
55.743744 5.01138
55.765323 4.659721
55.807555 5.429873
55.829113 5.993171
55.850601 5.987863
55.882404 5.750726
55.955163 5.780488
55.976872 5.085611
55.998599 5.2882
56.020239 5.451194
56.041808 5.562322
56.094031 6.16539
56.115676 6.513133
56.126797 6.61112
56.168655 6.737912
56.179877 5.883349
56.201371 4.708889
56.243298 4.762756
56.254576 4.825065
56.296804 5.010249
56.318443 5.233898
56.340063 5.314307
56.382093 5.398806
56.403806 5.486612
56.435666 6.100732
56.457371 6.273385
56.479096 5.655088
56.511043 5.583642
56.522593 5.549094
56.544326 5.247473
56.576195 5.18386
56.597888 5.141131
56.619549 4.377245
56.641198 4.106169
56.662843 3.785665
56.684439 3.707431
56.787678 4.058133
56.809294 4.460613
56.820625 4.710804
56.862754 4.484283
56.925377 4.604462
56.94704 4.673471
56.999436 4.972916
57.021147 5.007638
57.063343 5.524467
57.085059 4.857959
57.147578 1.959491
57.271345 3.981466
57.292994 3.765214
57.365782 4.02315
57.387404 3.970153
57.409065 4.320507
57.430718 4.238009
57.462556 4.494204
57.484112 4.335736
57.526087 4.637444
57.547687 4.884153
57.569347 4.226783
57.621433 4.302319
57.642999 4.271774
57.674792 4.552074
57.686117 4.935671
57.707655 4.931929
57.739369 4.996935
57.760952 4.961255
57.802893 4.905822
57.824502 3.623802
57.948304 2.945024
57.969948 2.297227
58.011975 2.180181
58.033562 1.980899
58.05516 1.983423
58.107473 1.931992
58.129083 1.879343
58.150653 2.376679
58.172159 2.086023
58.224326 2.077581
58.235678 2.410095
58.257411 2.921963
58.279049 3.643991
58.300631 3.68759
58.352969 3.889483
58.364383 4.017058
58.385968 3.838487
58.417703 4.034898
58.439285 4.216688
58.450634 3.916982
58.482372 4.028806
58.503939 4.130971
58.52556 3.873993
58.557265 4.05587
58.578886 4.833245
58.600463 4.663724
58.642407 4.716982
58.664078 4.487851
58.695902 4.631439
58.717515 4.457219
58.749408 4.515089
58.771099 4.557731
58.782532 4.619604
58.804172 4.821584
58.825762 4.053521
58.84743 3.982075
58.869082 3.412598
58.911159 3.398674
58.932802 3.01734
58.96468 2.939368
58.986328 2.745133
59.008006 2.792387
59.02964 2.655326
59.051394 2.437943
59.062841 2.345263
59.08451 2.604765
59.106145 2.841641
59.12773 3.381183
59.149336 3.927425
59.17103 4.548506
59.182394 5.74359
59.203979 6.925969
59.235825 8.052914
59.247211 9.500973
59.268824 10.332998
59.290476 10.934238
59.312117 11.369787
59.333723 8.309196
59.447178 7.544701
59.499617 8.409881
59.521239 9.264793
59.532579 9.581034
59.554094 10.109001
59.575623 10.022761
59.597187 10.01754
59.61875 10.437425
59.640225 11.120293
59.661754 11.707174
59.683269 8.702974
59.796609 8.958125
59.818385 9.158277
59.839999 9.193956
59.86159 9.332584
59.872983 9.485396
59.894599 8.326252
59.916228 8.198068
59.937833 8.402745
59.95958 8.788517
59.981196 7.955622
60.002763 8.297709
60.024423 9.852893
60.046009 8.578618
60.169608 8.448258
60.191207 9.210578
60.212809 10.250848
60.234266 10.532541
60.255891 10.086375
60.267313 10.166001
60.288957 9.865946
60.310628 8.29153
60.332315 8.908087
60.353993 9.582948
60.375658 8.620041
60.499504 8.728907
60.521177 9.026699
60.53258 8.90008
60.554213 9.897623
60.575865 11.023262
60.597587 9.814342
60.619323 9.051761
60.640939 8.574006
60.652349 8.966566
60.67405 8.889812
60.695911 10.400962
60.717626 8.321727
60.882498 8.505867
60.904191 9.161062
60.925818 8.959082
60.947402 9.587908
60.969026 10.377031
60.990569 10.128929
61.001924 9.668056
61.033691 9.961671
61.055331 9.361214
61.066706 8.26055
61.088257 7.859114
61.109867 8.700624
61.131574 7.799851
61.234752 8.087114
61.25629 8.47976
61.277809 8.870406
61.299431 8.990497
61.320996 8.936369
61.342609 9.826699
61.36426 9.808772
61.375735 7.745549
61.397372 7.916723
61.418944 7.655045
61.440655 8.333127
61.462339 9.279239
61.483999 8.036814
61.617982 8.185014
61.639697 8.570525
61.651093 8.991541
61.67267 9.115027
61.694226 8.858658
61.71587 8.876236
61.737479 7.831963
61.769075 8.647453
61.790482 9.154535
61.811994 8.962041
61.833533 9.26575
61.855105 9.016343
61.958214 9.302039
61.979805 9.424828
62.001351 9.901016
62.022948 10.757843
62.044566 11.728582
62.066141 7.081391
62.118299 7.026567
62.129554 6.566129
62.151178 5.952097
62.172767 6.185927
62.19446 6.390343
62.216183 6.353707
62.237826 6.485981
62.25953 6.853305
62.281104 7.106541
62.30274 7.30008
62.314157 7.611099
62.335801 7.337325
62.357443 7.94196
62.379157 7.641035
62.400761 7.998089
62.422389 8.518486
62.443996 8.28979
62.465634 8.822369
62.476996 6.5851
62.54973 6.655676
62.571439 6.768631
62.603331 6.927883
62.614723 7.241078
62.636566 7.329406
62.658211 7.565151
62.679915 8.178488
62.701527 8.532583
62.723098 8.511872
62.744692 8.944288
62.766304 7.469687
62.787903 7.642862
62.809537 8.2059
62.82085 8.720726
62.84252 9.054024
62.864108 7.64556
62.947215 7.939784
62.968889 8.299449
62.990562 8.171352
63.002069 8.240187
63.02375 8.47802
63.045309 7.528253
63.097489 7.833094
63.119057 8.040904
63.130399 8.715766
63.151954 10.091422
63.173461 9.199178
63.235832 8.981099
63.257461 8.244277
63.279131 8.150466
63.30086 8.878673
63.322542 8.379336
63.344357 9.259136
63.365995 9.831659
63.387632 9.891183
63.409253 9.9085
63.43092 6.982446
63.452518 7.109761
63.463888 7.277889
63.485515 7.615363
63.507079 8.055524
63.528695 8.612731
63.550306 9.073169
63.571927 7.347246
63.644526 7.3784
63.666088 7.8069
63.687657 8.219388
63.698993 8.659549
63.720557 10.476324
63.742194 10.667078
63.763854 10.98445
63.785513 11.591869
63.807172 8.892248
63.920662 8.584971
63.932056 8.48298
63.953647 8.690356
63.975333 8.788865
63.997017 8.695229
64.018615 8.181011
64.04017 8.197807
64.061812 8.886157
64.073233 7.145266
64.146021 8.582795
64.167683 10.31742
64.189354 8.036727
64.313036 7.879651
64.324273 7.961279
64.345879 7.243602
64.377708 5.231113
64.511673 5.669621
64.52307 5.278279
64.565179 5.986297
64.586972 7.133344
64.608625 5.198827
64.84477 4.061353
64.866466 0.612118
64.888017 0.531883
64.90966 0.639704
64.931294 0.742304
64.952926 0.820015
64.97448 0.898597
64.98591 1.021386
65.007581 1.136256
65.029201 1.487915
65.05084 2.02093
65.072468 2.294355
65.094143 2.391037
65.115752 3.871034
65.127111 5.932255
65.179453 6.440991
65.190782 7.474473
65.212434 7.752337
65.233978 8.980489
65.255587 9.445365
65.348687 9.443538
65.370593 9.663531
65.392268 8.691139
65.444586 9.625589
65.466277 10.726602
65.477706 7.084785
65.51981 6.442296
65.541431 6.005094
65.563002 6.497468
65.584514 7.076866
65.606061 7.060767
65.658263 8.17431
65.669496 7.558102
65.762466 7.325055
65.773887 8.182578
65.79555 9.125034
65.817167 10.034161
65.838874 10.168437
65.860536 9.943222
65.882162 10.206553
65.903847 7.385014
65.935918 7.243341
65.957671 8.429113
66.03054 7.953795
66.052209 7.505105
66.073847 7.408075
66.095603 7.538696
66.117231 8.225567
66.138902 8.797481
66.160546 8.80131
66.172014 8.551989
66.193641 9.43031
66.21528 10.418976
66.236897 10.767937
66.258584 10.911438
66.28032 11.027004
66.301999 8.339393
66.395318 8.043689
66.417036 8.232181
66.42845 8.210425
66.450118 8.350096
66.471735 8.539023
66.493355 8.853871
66.51524 8.047779
66.536931 7.46873
66.548251 7.929167
66.569833 8.637272
66.591076 8.863009
66.612538 9.101625
66.633703 9.398721
66.65515 11.875128
66.676648 12.168743
66.698198 11.497014
66.709471 10.563695
66.741289 10.581012
66.762754 1.119199
66.947431 1.146525
66.968956 1.107103
66.99065 1.00372
67.012265 1.613228
67.02368 1.730535
67.137438 1.676232
67.15917 2.007615
67.180857 2.647145
67.202483 4.09007
67.213934 6.42611
67.235571 7.940741
67.257141 5.925729
67.503295 4.668163
67.524886 4.05735
67.577105 3.180943
67.598748 3.345416
67.620366 4.889026
67.641916 6.308455
67.663539 6.85374
67.685156 7.575159
67.706667 7.004985
67.891518 6.494684
67.913127 5.353902
67.934736 5.239467
67.956414 5.333626
67.978106 4.870578
67.999779 4.517091
68.021339 4.543198
68.03274 4.560689
68.054443 4.589494
68.076075 4.606202
68.097681 4.626392
68.119251 4.651367
68.140864 4.658068
68.162509 6.461354
68.173872 8.290051
68.195542 8.551206
68.217234 8.74022
68.238764 9.270362
68.260259 9.954448
68.281815 8.606727
68.303416 9.333454
68.314681 10.214124
68.336243 10.710415
68.357855 11.411471
68.379499 11.882177
68.401104 7.814819
68.524903 6.994456
68.546574 7.651565
68.568257 7.97616
68.600146 7.987647
68.62179 7.007161
68.663815 7.472472
68.67481 9.527515
68.696297 11.549402
68.820014 11.039013
68.841637 11.250218
68.863339 7.324707
68.936114 6.616864
68.957691 4.639184
68.979336 3.812903
69.000918 4.480367
69.022514 5.451977
69.044124 6.111261
69.055433 6.725729
69.077092 7.658526
69.098734 10.36859
69.120326 12.238883
69.141881 8.958734
69.285892 8.541721
69.30751 8.803311
69.329111 8.086069
69.371112 8.905476
69.382436 8.600287
69.404069 8.477759
69.425752 8.476366
69.447507 9.006422
69.469193 9.110327
69.490867 10.022848
69.512513 10.487289
69.524 8.315984
69.658069 8.207727
69.679683 7.943091
69.701293 8.631441
69.722825 8.77938
69.744389 9.287245
69.755567 8.742569
69.777349 9.010512
69.798988 8.091813
69.820462 8.457221
69.842003 9.509675
69.863521 8.318246
70.017918 8.131843
70.039566 8.359669
70.061289 8.785732
70.082937 9.256091
70.094364 7.91037
70.116051 9.044451
70.137632 7.603006
70.159272 7.937608
70.180909 8.161953
70.202645 8.24741
70.224239 8.315809
70.245945 8.399438
70.257316 8.467838
70.27892 9.829136
70.300525 7.79698
70.393704 7.31409
70.415361 6.74557
70.436975 6.5784
70.458611 7.697861
70.480239 8.535368
70.501937 8.254632
70.513292 9.337805
70.534894 10.367023
70.556495 10.298101
70.578243 10.640362
70.600108 11.460639
70.621752 8.811578
70.755747 9.23155
70.767092 9.986212
70.788623 10.12919
70.810288 9.528646
70.832012 10.117355
70.853547 9.435271
70.875108 9.214668
70.896739 8.999809
70.928613 9.354687
70.950283 10.220129
70.961709 9.280283
71.085548 8.79896
71.107246 9.465641
71.12888 9.43997
71.150537 9.906499
71.17204 10.587887
71.193611 11.601006
71.215135 8.001483
71.226333 8.039164
71.247913 8.759365
71.269427 9.328755
71.290988 9.871255
71.31253 10.351881
71.334119 8.46749
71.447596 8.397176
71.469274 8.265075
71.490936 8.2696
71.512792 8.767023
71.534417 9.90032
71.545809 9.793195
71.567496 9.494881
71.589084 9.06786
71.610721 8.992151
71.632322 9.642472
71.653859 10.107696
71.675485 10.428375
71.686812 8.71681
71.800339 7.95684
71.842583 8.507869
71.864364 9.35869
71.886064 10.159474
71.907786 9.009903
71.929418 8.764847
71.940717 9.146007
71.962306 9.45459
71.984075 10.153644
72.00568 10.713548
72.027254 10.234749
72.059054 8.460528
72.162304 8.491508
72.183936 8.623348
72.2056 7.784883
72.217053 7.012817
72.289785 7.275452
72.311506 6.543765
72.333164 6.73417
72.355047 7.77096
72.366449 7.109761
72.38829 9.120683
72.410067 6.331603
72.625932 6.298012
72.658139 5.863943
72.679877 6.196544
72.701565 4.802004
72.723189 4.716025
72.744843 6.172786
72.899194 6.15486
72.920774 6.100383
72.942438 6.16478
72.953914 6.383382
72.975518 5.450236
73.017567 5.519245
73.03921 6.287569
73.060856 5.945483
73.082565 5.507932
73.104311 6.315765
73.125984 7.228982
73.147571 9.080305
73.158858 5.978204
73.374151 5.810685
73.395898 5.095967
73.417593 3.505451
73.43929 3.368999
73.461006 4.194933
73.4727 4.98275
73.494336 5.789886
73.516006 6.274255
73.537699 6.770285
73.559395 7.237597
73.581055 7.769219
73.602672 8.801484
73.726382 8.958995
73.747936 8.812536
73.769509 8.882937
73.791027 9.144353
73.812627 8.462095
73.834225 8.534237
73.845582 8.711937
73.867171 9.05472
73.888777 8.81358
73.910406 8.827677
73.932134 10.302191
73.953805 8.885722
74.077802 8.622913
74.089264 9.270884
74.111014 9.655873
74.132672 9.403594
74.154323 9.721314
74.175998 10.750968
74.197642 10.048955
74.219355 8.958212
74.230766 8.677824
74.252476 9.193347
74.274176 9.840101
74.295884 10.319074
74.317447 8.076062
74.451471 7.602049
74.462972 8.171352
74.484677 8.809925
74.506293 8.86179
74.527935 7.842928
74.549562 8.081631
74.571113 8.242797
74.592737 8.642754
74.604079 8.536934
74.63612 9.84741
74.657786 9.227286
74.781427 9.247388
74.80303 8.319377
74.824586 7.394499
74.866588 7.045103
74.888158 7.674103
74.89954 7.774528
74.921079 8.756319
74.942651 9.388626
74.964413 9.423087
74.985989 9.228069
75.007587 10.020064
75.029163 10.141983
75.040519 6.98262
75.215376 6.740175
75.237082 6.481282
75.258882 3.860069
75.280531 2.99454
75.302231 2.534538
75.32399 2.531231
75.345595 2.534016
75.356999 2.538106
75.37861 2.543327
75.400211 2.543588
75.421804 2.549158
75.443447 2.546373
75.46495 2.546808
75.486342 3.991038
75.497356 3.339325
75.518723 2.907257
75.540235 2.535408
75.592459 3.829176
75.613999 5.608009
75.635522 6.735389
75.657022 7.960234
75.668217 9.495229
75.740684 9.261747
75.751861 9.445017
75.773144 9.716876
75.794628 10.18706
77.530596 8.971526
77.613742 8.712459
77.635515 8.668774
77.657246 8.692183
77.679064 9.06699
77.70071 9.155231
77.722306 9.070645
77.743944 8.311023
77.755291 7.854502
77.776898 8.15386
77.79845 7.350466
77.840517 8.455394
77.862301 10.173311
77.88388 10.591716
77.905372 9.443538
77.998482 9.727493
78.020123 10.389127
78.031568 10.20168
78.053221 10.469188
78.075 10.445344
78.096694 10.612515
78.118158 10.639405
78.13977 7.422608
78.161478 6.854523
78.172848 6.65672
78.194492 6.664378
78.216063 6.67047
78.237643 6.681696
78.259335 8.260637
78.281075 9.875606
78.302698 9.324316
78.31416 8.967523
78.335915 7.928036
78.357631 7.257351
78.37931 6.791867
78.400961 6.436988
78.422656 5.832701
78.444376 6.756448
78.455828 7.137347
78.47787 7.68472
78.499573 0.909736
80.175029 1.009377
80.196129 0.976656
80.217241 1.018775
80.238362 1.005113
80.259489 0.94498
80.280636 0.848559
80.302073 0.781812
80.323614 0.721853
80.345191 0.649625
80.356402 0.595844
80.377984 0.560165
80.399503 0.509083
80.421034 0.90991
80.442631 1.761602
80.464158 2.56021
80.485647 3.486654
80.507163 3.767651
80.518466 4.451389
80.539979 4.910869
80.561554 5.218582
80.58307 5.40951
80.604562 0.336081
90.927805 0.323724
90.949475 0.309191
90.971113 0.297443
90.982575 0.277341
91.004209 0.254106
91.025924 0.235309
91.0578 0.265854
91.109958 0.270292
91.131595 0.262808
91.153167 0.245404
91.174768 0.232698
91.19646 0.253149
91.207835 0.316762
91.229512 0.826542
91.251047 1.794322
91.272605 3.282151
91.294195 0.223561
91.591389 8.425197
92.184585 8.139675
92.195916 7.60553
92.217496 7.367783
92.239132 6.93615
92.260792 6.548464
92.282402 6.180444
92.303978 5.699208
92.325611 5.322487
92.336939 4.981967
92.35848 4.56739
92.380057 4.216601
92.401638 3.670881
92.423265 3.300426
92.444874 3.073383
92.466499 3.224194
92.477869 3.586034
92.499536 4.584708
92.521104 0.346089
100.829666 0.332514
