1.5e-05 0.031763
0.032356 0.057522
0.236524 0.071619
0.267695 0.081801
0.329409 0.152376
0.360638 0.176743
0.392779 0.193277
0.423839 0.218514
0.454893 0.241314
0.485976 0.323028
0.517047 0.365408
0.599998 0.360187
0.631129 0.350353
0.662252 0.351136
0.693428 0.346176
0.724608 0.352616
0.756836 0.363842
0.788081 0.379593
0.81925 0.406396
0.850497 0.469835
0.881794 0.46209
0.914237 0.461133
0.945473 0.449037
0.976682 0.359055
1.007877 0.456521
1.039139 0.449907
1.071571 0.451039
1.102914 0.464179
1.134248 0.467834
1.165571 0.541803
1.196785 0.573393
1.228937 0.596889
1.260135 0.592625
1.301538 0.633612
1.332836 0.635092
1.363901 0.639617
1.396005 0.602023
1.427038 0.662156
1.458241 0.665724
1.48924 0.704188
1.5204 0.705928
1.552356 0.570173
1.613959 0.678255
1.644964 0.750049
1.676087 0.749788
1.707061 0.751789
1.739113 0.759708
1.77015 0.750397
1.801265 0.734472
1.832199 0.74796
1.863182 0.744044
1.895344 0.741521
1.926298 0.762493
1.957458 0.786424
1.988679 0.812357
2.019626 0.830284
2.05171 0.862047
2.082693 0.88067
2.113697 0.872142
2.14477 0.924181
2.175906 0.939497
2.207891 0.957946
2.239124 0.948983
2.270122 0.945937
2.301127 0.936191
2.332159 0.921484
2.364164 0.918003
2.395454 0.937322
2.426687 0.916872
2.45771 0.934885
2.489093 0.794256
2.541872 0.848559
2.572834 0.866572
2.60398 0.860394
2.624941 0.831154
2.656005 0.794256
2.688105 0.792081
2.719099 0.760231
2.750084 0.735342
2.781059 0.751702
2.812125 0.734124
2.844194 0.752573
2.875432 0.741173
2.906453 0.754661
2.937547 0.712368
2.989045 0.751876
3.021326 0.748744
3.052382 0.756402
3.083492 0.76815
3.114803 0.76171
3.14587 0.745611
3.177786 0.766583
3.208874 0.759969
3.239821 0.762319
3.270841 0.766844
3.301872 0.66146
3.333699 0.668073
3.364781 0.663809
3.39581 0.66555
3.426822 0.66233
3.457803 0.666246
3.489639 0.65589
3.520763 0.644838
3.551769 0.647275
3.582768 0.661895
3.613741 0.740389
3.645563 0.753878
3.676585 0.747177
3.707721 0.75353
3.738947 0.747612
3.770071 0.747699
3.802161 0.752485
3.83395 0.757011
3.865105 0.75762
3.896132 0.74213
3.927161 0.759447
3.958156 0.760231
3.989982 0.758751
4.020931 0.764408
4.051879 0.762058
4.082881 0.75614
4.114025 0.76084
4.146042 0.766235
4.167819 0.76406
4.199088 0.75614
4.230167 0.757533
4.261276 0.755444
4.292348 0.749092
4.324166 0.747612
4.355966 0.741869
4.387058 0.741608
4.418131 0.741782
4.449191 0.736821
4.470143 0.74126
4.501963 0.736299
4.533002 0.738649
4.564307 0.746481
4.595271 0.743435
4.626426 0.748569
4.658367 0.755096
4.689453 0.753617
4.72064 0.75936
4.751842 0.755792
4.782897 0.741521
4.804898 0.750136
4.835981 0.739954
4.867022 0.741347
4.898046 0.753095
4.929044 0.755096
4.961102 0.757446
4.992245 0.74796
5.023343 0.744827
5.054401 0.763363
5.085462 0.758664
5.117438 0.75849
5.148408 0.753965
5.179388 0.757533
5.210514 0.671728
5.241592 0.748134
5.273554 0.741956
5.30458 0.66642
5.335561 0.746046
5.366572 0.741869
5.397784 0.73804
5.429577 0.746742
5.460834 0.738301
5.49183 0.749005
5.522909 0.748656
5.553964 0.744392
5.586038 0.751789
5.61707 0.753791
5.648284 0.753443
5.679491 0.75762
5.710597 0.755618
5.742592 0.755792
5.773832 0.761623
5.804898 0.747612
5.835833 0.74944
5.866829 0.76084
5.898828 0.759534
5.929789 0.753791
5.960759 0.750049
5.991832 0.644229
6.022867 0.746916
6.054661 0.741695
6.085864 0.746655
6.117154 0.748047
6.148166 0.749353
6.179476 0.755705
6.211627 0.761101
6.242616 0.760927
6.273683 0.762058
6.304651 0.769107
6.335651 0.693832
6.367607 0.77546
6.398587 0.7772
6.429668 0.765104
6.460666 0.770847
6.491778 0.765104
6.52392 0.693745
6.554943 0.757446
6.585909 0.757446
6.61693 0.75353
6.647975 0.755966
6.680027 0.631698
6.711157 0.751441
6.742128 0.756314
6.773145 0.670423
6.804224 0.771631
6.836085 0.776243
6.867142 0.774154
6.898242 0.776417
6.929259 0.779463
6.960283 0.7772
6.992191 0.779898
7.023199 0.779027
7.054227 0.779898
7.085372 0.781899
7.11635 0.769281
7.148431 0.786772
7.179473 0.777026
7.210732 0.780594
7.241697 0.789992
7.272683 0.791733
7.304527 0.798346
7.335704 0.789209
7.366669 0.79269
7.39775 0.792951
7.428822 0.794343
7.460636 0.787643
7.491718 0.793473
7.52273 0.795997
7.553946 0.793473
7.584863 0.789209
7.616734 0.728728
7.647727 0.791907
7.678695 0.791211
7.709698 0.79678
7.740694 0.800087
7.772493 0.811226
7.803716 0.800783
7.834697 0.810965
7.865726 0.814446
7.896733 0.827325
7.928826 0.815751
7.960075 0.814185
7.991159 0.81375
8.022403 0.817143
8.053637 0.812009
8.085594 0.806788
8.116628 0.810965
8.147646 0.814533
8.178751 0.814272
8.210083 0.82515
8.24232 0.827934
8.273396 0.833939
8.304445 0.816099
8.335482 0.838116
8.366543 0.841597
8.398688 0.842902
8.429799 0.851517
8.460844 0.854041
8.491972 0.857435
8.523091 0.830458
8.555337 0.854302
8.586529 0.843337
8.617782 0.84325
8.649073 0.853171
8.68034 0.849777
8.712706 0.854128
8.74403 0.862656
8.775315 0.855956
8.806619 0.866746
8.837956 0.8684
8.870418 0.87658
8.90176 0.877102
8.933091 0.876754
8.964471 0.890591
8.995848 0.894159
9.028253 0.89294
9.059585 0.887719
9.090802 0.896421
9.122004 0.893375
9.153234 0.889198
9.185622 0.869531
9.216976 0.891896
9.248348 0.905123
9.27973 0.905733
9.311102 0.902426
9.343491 0.914
9.374718 0.92392
9.405871 0.928968
9.437017 0.916697
9.468161 0.934189
9.500492 0.936191
9.531735 0.942195
9.562925 0.940194
9.594108 0.938453
9.625357 0.940281
9.657692 0.940977
9.678674 0.942891
9.709986 0.941151
9.741376 0.939584
9.772771 0.944893
9.805288 0.935668
9.836629 0.942195
9.867858 0.922441
9.899184 0.957598
9.930464 0.962558
9.962977 0.95725
9.994301 0.978571
10.025598 0.984488
10.056855 0.984662
10.08804 0.977613
10.120301 0.945676
10.151537 0.971174
10.182798 0.979093
10.2141 0.96543
10.245442 0.983531
10.277929 0.969085
10.309306 0.980572
10.340565 0.981965
10.371768 0.992494
10.403016 1.019994
10.435294 0.96952
10.466614 1.005983
10.497916 1.014163
10.529233 1.036876
10.560577 1.010073
10.592932 1.023561
10.624199 1.030349
10.655431 1.03383
10.686702 1.030436
10.717909 1.022778
10.750327 1.03296
10.781789 0.983531
10.813113 1.041488
10.844438 1.043838
10.875728 1.022604
10.907984 1.051496
10.939183 1.041227
10.970368 1.043925
11.00159 1.055412
11.032957 1.041575
11.065462 1.046797
11.096761 1.003546
11.128131 1.064897
11.159527 1.088045
11.190892 1.080909
11.223447 1.067856
11.254815 1.042881
11.28617 1.088742
11.317543 1.084042
11.338656 1.079517
11.371048 1.094833
11.402503 1.087958
11.433911 1.102317
11.465262 1.05428
11.496544 1.088916
11.528663 1.108061
11.559724 1.089177
11.590905 1.127467
11.622116 1.13234
11.65329 1.14783
11.685461 1.147134
11.716591 1.135821
11.747714 1.141477
11.778858 1.12738
11.810048 1.117024
11.842459 1.123638
11.87391 1.120157
11.894987 1.128685
11.926327 1.146003
11.95768 1.152877
11.990004 1.141477
12.021278 1.171152
12.052568 1.174111
12.083889 1.173415
12.115209 1.194909
12.147588 1.186294
12.178826 1.19256
12.210084 1.20161
12.241367 1.198738
12.272643 1.178027
12.304998 1.194996
12.336294 1.195867
12.367558 1.18934
12.39885 1.182639
12.430176 1.19578
12.462643 1.201436
12.493911 1.11772
12.525174 1.22441
12.55646 1.222409
12.587738 1.22354
12.620001 1.226412
12.651248 1.241815
12.682435 1.238247
12.713767 1.260873
12.734853 1.264963
12.767179 1.26505
12.798511 1.264702
12.829849 1.255477
12.861289 1.268531
12.892634 1.249908
12.925107 1.265746
12.956454 1.264528
12.97754 1.266355
13.008865 1.274013
13.040199 1.290112
13.072607 1.299163
13.10384 1.300903
13.135058 1.302295
13.166292 1.317611
13.197562 1.320831
13.229843 1.328837
13.261116 1.328054
13.292445 1.322224
13.323735 1.319439
13.355026 1.328054
13.387395 1.322311
13.418685 1.331448
13.44996 1.317176
13.481266 1.333972
13.51259 1.33432
13.54499 1.33754
13.576255 1.356337
13.607521 1.356946
13.638701 1.365996
13.669917 1.370521
13.702244 1.380529
13.733524 1.378701
13.764761 1.385402
13.795965 1.387752
13.817036 1.399152
13.849358 1.396802
13.881668 1.400196
13.914 1.39863
13.945297 1.397237
13.976614 1.400022
14.00794 1.401066
14.039272 1.419341
14.071812 1.422213
14.103129 1.420646
14.134457 1.433613
14.16585 1.420211
14.19717 1.438051
14.229578 1.461286
14.260801 1.460329
14.292089 1.464332
14.323292 1.45006
14.354557 1.458762
14.386886 1.458414
14.418152 1.453454
14.449454 1.454672
14.480818 1.461199
14.512172 1.470859
14.544627 1.46381
14.565758 1.466856
14.596996 1.488263
14.628103 1.501752
14.659381 1.502796
14.691727 1.511933
14.72304 1.509584
14.754354 1.526553
14.785699 1.508452
14.817026 1.537605
14.849475 1.523507
14.880736 1.50471
14.911983 1.507234
14.943217 1.509149
14.974447 1.524291
15.006857 1.525335
15.038123 1.524029
15.069414 1.536822
15.100709 1.541173
15.132045 1.560057
15.164523 1.583814
15.195775 1.556489
15.227028 1.58129
15.258223 1.586425
15.289603 1.579724
15.322012 1.58277
15.353331 1.590341
15.384674 1.593735
15.41596 1.591733
15.447318 1.589123
15.479668 1.605657
15.510908 1.592342
15.542176 1.613489
15.573445 1.625585
15.604686 1.628718
15.63702 1.637855
15.668363 1.648298
15.699671 1.65291
15.730985 1.676406
15.762308 1.68128
15.79483 1.667965
15.826176 1.690069
15.857583 1.683977
15.888925 1.682237
15.920284 1.694594
15.952768 1.689634
15.984101 1.687719
16.015448 1.686762
16.046897 1.697031
16.078304 1.696857
16.110722 1.706429
16.142042 1.701556
16.173385 1.727315
16.194488 1.720788
16.2258 1.739933
16.258277 1.748635
16.289728 1.764038
16.321107 1.776657
16.352555 1.781182
16.383933 1.775438
16.416429 1.779267
16.437485 1.748461
16.468776 1.771
16.50009 1.777179
16.531429 1.783618
16.563964 1.767171
16.595338 1.77248
16.626678 1.794235
16.658015 1.799805
16.689405 1.807289
16.72171 1.81251
16.752952 1.825563
16.784208 1.834701
16.815443 1.843142
16.846719 1.86307
16.879138 1.856108
16.91048 1.86716
16.941872 1.860024
16.973258 1.866812
17.004619 1.863157
17.03707 1.868031
17.068454 1.864637
17.099803 1.863592
17.131096 1.855499
17.16233 1.879953
17.19472 1.888742
17.225969 1.896661
17.257293 1.903536
17.288632 1.906495
17.319907 1.923116
17.352266 1.936866
17.383575 1.953226
17.414818 1.951833
17.446143 1.956185
17.477562 1.953139
17.510029 1.957229
17.54132 1.955662
17.57259 1.956533
17.603886 1.951659
17.635201 1.957229
17.667659 1.968281
17.698982 1.984641
17.730376 1.996389
17.76173 2.002394
17.793166 1.983423
17.825676 1.992038
17.856918 2.042076
17.888097 2.049299
17.919369 2.051388
17.950678 2.057044
17.983053 2.059307
18.014355 2.048168
18.045566 2.057566
18.0768 2.06096
18.108068 2.056957
18.14038 2.051126
18.171686 2.065572
18.203026 2.078887
18.234353 2.073839
18.265699 2.098641
18.298246 2.115001
18.329767 2.120919
18.361031 2.137975
18.392358 2.150332
18.423704 2.161123
18.456166 2.161819
18.487546 2.161645
18.518902 2.150506
18.550271 2.157903
18.581747 2.162516
18.604017 2.16034
18.635326 2.162951
18.666593 2.162168
18.697927 2.165126
18.7293 2.180877
18.761716 2.194975
18.793034 2.197586
18.824225 2.206984
18.855437 2.23109
18.886746 2.241184
18.919072 2.256587
18.950354 2.269815
18.981519 2.261461
19.012699 2.272077
19.044018 2.264419
19.076412 2.272338
19.107758 2.25972
19.12892 2.261373
19.160311 2.264854
19.191691 2.267639
19.22411 2.266682
19.255508 2.28252
19.286806 2.296357
19.31812 2.319418
19.349458 2.32812
19.381844 2.340477
19.413091 2.349615
19.444337 2.369891
19.475608 2.383379
19.506801 2.358752
19.538981 2.377984
19.570256 2.374938
19.601469 2.373024
19.63271 2.382248
19.664064 2.38425
19.696419 2.368673
19.727619 2.358926
19.758864 2.392952
19.79016 2.40148
19.821478 2.407311
19.853852 2.414098
19.885059 2.427413
19.9162 2.448472
19.947336 2.432808
19.978571 2.481454
20.010901 2.487459
20.042121 2.497031
20.073439 2.48624
20.104736 2.488068
20.136082 2.507735
20.168559 2.496161
20.200016 2.499468
20.23143 2.506169
20.2627 2.492767
20.293968 2.49999
20.326244 2.526358
20.357554 2.53332
20.38873 2.556468
20.419853 2.557686
20.451041 2.581791
20.483344 2.591625
20.514709 2.614164
20.545991 2.628784
20.577289 2.600153
20.608615 2.596933
20.641044 2.627391
20.672328 2.628175
20.7036 2.616862
20.73483 2.626869
20.766084 2.626173
20.798411 2.611466
20.829638 2.643491
20.860913 2.664811
20.89224 2.663854
20.923586 2.686915
20.956052 2.698315
20.987213 2.707452
21.018381 2.733298
21.049419 2.743132
21.080603 2.751399
21.113011 2.74931
21.144048 2.758622
21.175122 2.746351
21.206274 2.763147
21.23734 2.76219
21.269634 2.760623
21.300833 2.758535
21.332032 2.760101
21.363365 2.768803
21.394677 2.791951
21.427072 2.800567
21.458358 2.805266
21.489711 2.799261
21.520869 2.83816
21.552203 2.83642
21.584559 2.872534
21.615817 2.868183
21.647097 2.866617
21.668172 2.866617
21.699412 2.853215
21.731681 2.877582
21.763011 2.894551
21.794342 2.902731
21.825678 2.882107
21.857046 2.902035
21.889566 2.90717
21.920942 2.93258
21.952254 2.921006
21.983524 2.954162
22.014767 2.98375
22.04686 3.00246
22.077904 3.015426
22.108915 3.021605
22.139909 3.024998
22.17098 3.036834
22.20307 3.042403
22.234289 3.029088
22.265408 3.010379
22.296536 3.036921
22.327718 3.026217
22.360136 3.034745
22.391342 3.035963
22.422536 3.005679
22.453782 2.987579
22.485108 3.036921
22.517478 3.077386
22.548757 3.097053
22.579998 3.107322
22.611379 3.122203
22.642949 3.154227
22.67542 3.182684
22.706844 3.188862
22.738144 3.20061
22.769465 3.199218
22.800816 3.198957
22.83326 3.195737
22.864501 3.19565
22.895757 3.19069
22.926953 3.179203
22.958241 3.213316
22.990691 3.220016
23.022026 3.233157
23.053375 3.254652
23.074593 3.272491
23.105965 3.293812
23.138223 3.295117
23.169517 3.310172
23.200836 3.359253
23.23216 3.355076
23.263592 3.335844
23.295896 3.354728
23.327158 3.35116
23.358355 3.341848
23.389548 3.344111
23.420824 3.344981
23.453125 3.358035
23.484352 3.377528
23.515627 3.386143
23.546905 3.403548
23.578177 3.431656
23.610616 3.459764
23.64212 3.473949
23.673557 3.497967
23.704991 3.519288
23.73639 3.521376
23.768993 3.517373
23.800345 3.500839
23.831715 3.515024
23.862977 3.523552
23.894082 3.521289
23.926109 3.513979
23.95728 3.520158
23.988324 3.514589
24.019389 3.542523
24.050521 3.554445
24.082793 3.590385
24.113918 3.602221
24.145038 3.623019
24.176256 3.652868
24.207555 3.67123
24.239922 3.65426
24.271189 3.683413
24.30249 3.700295
24.333656 3.669837
24.364804 3.68933
24.397009 3.685849
24.42811 3.685153
24.459359 3.681585
24.480484 3.659133
24.511793 3.693159
24.544075 3.712913
24.575209 3.726315
24.606387 3.682281
24.637591 3.773916
24.668762 3.789842
24.70088 3.816993
24.7319 3.839358
24.762939 3.839271
24.793953 3.883217
24.824938 3.872948
24.857099 3.869816
24.888295 3.840663
24.919427 3.820126
24.950628 3.830133
24.981894 3.83579
25.014329 3.822997
25.045608 3.873383
25.066686 3.836138
25.098002 3.875646
25.129265 3.93282
25.16157 3.935083
25.192805 3.973199
25.224091 3.990951
25.255391 4.001394
25.286747 3.951269
25.319178 4.039945
25.350403 4.077278
25.381719 4.075363
25.41295 4.078496
25.444029 4.083805
25.476343 4.080933
25.507551 4.06144
25.538687 4.066922
25.569944 4.085197
25.601011 4.096075
25.633355 4.08102
25.664371 4.115394
25.695442 4.13654
25.726568 4.157078
25.757676 4.14707
25.789718 4.083892
25.820828 4.183185
25.851822 4.204766
25.882877 4.205985
25.914008 4.194236
25.946171 4.246885
25.977335 4.147331
26.008453 4.2716
26.039491 4.291528
26.0706 4.294313
26.102768 4.285262
26.133942 4.314154
26.164937 4.317548
26.19597 4.325032
26.227191 4.379769
26.25936 4.404745
26.290455 4.419713
26.321553 4.448256
26.352568 4.47941
26.383622 4.467749
26.415867 4.500035
26.447077 4.498381
26.478318 4.496119
26.509526 4.49899
26.540741 4.490375
26.573178 4.491767
26.604239 4.456871
26.635371 4.481064
26.666391 4.477844
26.69761 4.539021
26.729799 4.55277
26.760859 4.543633
26.791913 4.539717
26.822966 4.632744
26.854045 4.635964
26.886193 4.686176
26.91734 4.702101
26.948369 4.641011
26.979352 4.68461
27.010344 4.684871
27.042502 4.718114
27.073557 4.67086
27.104571 4.690353
27.135602 4.706366
27.166625 4.694705
27.198866 4.669642
27.22988 4.738738
27.260914 4.753706
27.291953 4.805659
27.322942 4.847429
27.355103 4.861353
27.386269 4.880759
27.417296 4.925402
27.448327 4.957513
27.479382 4.957426
27.511522 4.951857
27.54254 4.948724
27.573593 4.869881
27.604667 4.850388
27.635806 4.952031
27.667855 4.913915
27.698847 4.925054
27.729904 4.953858
27.761084 4.972394
27.792124 5.014948
27.824282 5.043666
27.855483 5.028698
27.886487 5.071774
27.9177 5.083609
27.948714 5.081434
27.980595 5.07247
28.011598 5.129905
28.042553 5.085002
28.073614 5.115634
28.104579 5.153228
28.136407 5.152879
28.167746 5.18795
28.198729 5.16106
28.229773 5.218495
28.260891 5.227806
28.293022 5.172895
28.324084 5.272188
28.355298 5.284719
28.386454 5.336062
28.417474 5.374091
28.449368 5.411076
28.480463 5.422998
28.511687 5.424739
28.542795 5.45685
28.573826 5.444928
28.605759 5.304299
28.636787 5.408813
28.668059 5.434833
28.699043 5.401591
28.730108 5.427088
28.762004 5.385839
28.793057 5.328404
28.824205 5.423868
28.855143 5.493661
28.886162 5.549616
28.918087 5.584077
28.949095 5.627328
28.980205 5.665531
29.011206 5.659526
29.042222 5.712784
29.07419 5.685807
29.105162 5.685633
29.136206 5.636204
29.167444 5.657176
29.198461 5.705213
29.230419 5.602091
29.251252 5.693552
29.282268 5.67258
29.313321 5.734975
29.344352 5.684415
29.376398 5.690419
29.407359 5.75412
29.438386 5.733147
29.469402 5.81434
29.500444 5.892051
29.53245 5.855675
29.563424 5.881434
29.594438 5.904408
29.62538 6.018843
29.656463 6.029634
29.688511 5.994216
29.719554 6.007704
29.750539 6.019365
29.781543 6.00666
29.812579 5.838097
29.844593 6.007008
29.875553 6.007878
29.906614 5.814427
29.93764 6.070883
29.958634 6.076365
29.990782 6.148681
30.021836 6.153554
30.052836 6.177399
30.084144 6.290006
30.115413 6.302102
30.147399 6.318289
30.17839 6.340914
30.209439 6.270774
30.24052 6.304452
30.261355 6.30976
30.293149 6.28435
30.324194 6.324989
30.355411 6.328557
30.386538 6.31446
30.417592 6.368675
30.449504 6.403484
30.480538 6.417582
30.511837 6.38225
30.543119 6.465705
30.574147 6.448997
30.596312 6.463268
30.627422 6.498339
30.658449 6.546636
30.689565 6.48572
30.72065 6.544113
30.752682 6.526012
30.783836 6.525055
30.814895 6.526708
30.846008 6.607639
30.877026 6.623042
30.909054 6.576137
30.940197 6.671949
30.971196 4.683479
31.022604 4.719941
31.053621 4.701318
31.085578 4.704712
31.116567 4.716112
31.147671 4.765541
31.178666 4.836726
31.209704 4.873971
31.241881 5.098577
31.272833 5.402287
31.304068 6.846169
31.335123 6.898818
31.366185 6.951379
31.397973 6.982533
31.428972 6.973744
31.460075 7.01421
31.491223 7.02822
33.650429 6.765412
33.682401 6.691529
33.713468 6.086547
33.744464 6.665335
33.775487 7.678455
33.80649 8.471667
33.83837 8.53589
33.869361 6.937282
33.920612 7.619105
33.951617 5.62872
34.033763 5.31013
34.065874 5.071774
34.097749 4.667205
34.129519 4.71794
34.161396 5.332581
34.193271 5.245994
34.225079 5.720964
34.256096 6.231179
34.287075 7.219148
34.307905 8.952381
34.338911 8.994152
34.370694 9.017996
34.401905 5.667358
34.504146 5.687112
34.535193 5.479998
34.566305 5.468685
34.598481 5.460244
34.629557 5.356513
34.660522 5.695554
34.691513 5.957144
34.712379 6.277214
34.744415 6.548725
34.775698 9.39759
34.806803 9.292292
34.838152 9.294903
34.869239 9.269231
34.901158 9.263836
34.932144 8.705149
34.963208 8.275866
34.994323 6.477801
35.096671 6.616864
35.128843 6.601374
35.159808 8.040992
35.190845 8.394217
35.221818 7.674626
35.252844 8.669644
35.284761 8.581403
35.316552 9.075866
35.347576 8.923141
35.37868 6.742089
35.430117 6.374766
35.461239 6.374157
35.493476 6.65089
35.525772 6.817538
35.558086 6.336215
35.590342 6.552467
35.622634 6.668381
35.653821 7.17729
35.684905 7.852326
35.715904 10.202115
35.746877 8.965086
35.77923 8.56922
35.811125 8.850739
35.842888 8.962128
35.873899 9.059419
35.90494 9.015995
35.93598 8.941764
35.967113 8.959604
35.99898 8.987799
36.029971 9.773702
36.060884 10.450217
36.091981 10.409229
36.123063 10.53637
36.155145 9.035662
36.186214 9.051587
36.217334 9.04828
36.248259 9.13948
36.279376 9.260007
36.311331 9.171156
36.342331 8.902169
36.373356 8.767719
36.40428 9.031398
36.435296 8.963259
36.477477 8.984928
36.508488 9.011209
36.539441 8.909131
36.570455 8.884329
36.591294 9.221369
36.623269 9.299167
36.654256 8.525186
36.685268 8.88607
36.716248 4.832375
36.859153 4.773895
36.891173 4.731863
36.922163 5.208139
36.953133 5.48374
36.984195 5.382881
37.015251 6.07593
37.047266 6.580836
37.07915 6.961561
37.110988 8.74518
37.143118 11.592217
37.174923 11.704999
37.205892 8.892596
37.25734 8.738479
37.288392 8.75014
37.319507 8.926013
37.351637 8.666163
37.382839 8.574441
37.413952 8.659462
37.444977 8.307803
37.476131 8.523707
37.508269 9.062987
37.540152 9.209359
37.572146 9.270623
37.604195 9.463466
37.635215 9.636467
37.66626 9.699559
37.697415 9.748988
37.728452 9.91085
37.760567 8.691748
37.801745 8.90652
37.832819 10.190889
37.863805 11.49423
37.894962 11.503367
37.927112 9.138871
37.968509 9.07839
37.999577 8.984231
38.030667 9.210665
38.06186 10.119792
38.093934 10.306107
38.124865 10.237534
38.155822 8.962389
38.186778 9.459463
38.217739 10.532106
38.249809 11.716312
38.280854 11.876956
38.311846 9.257744
38.342824 9.061508
38.373811 9.254524
38.405814 9.303431
38.437733 10.099602
38.470069 10.325862
38.502027 10.498515
38.53391 8.931757
38.565705 8.98223
38.5975 8.138283
38.639819 10.226047
38.670988 9.032007
38.72254 9.315701
38.75374 9.359909
38.78481 9.530299
38.816941 9.449803
38.847962 9.137566
38.879002 10.299407
38.909994 8.913308
38.941055 9.123555
38.973132 7.374223
39.035881 7.472646
39.067045 8.710806
39.098065 8.550162
39.129102 7.505714
39.16019 7.577769
39.192426 7.795239
39.223702 7.788625
39.265061 7.471863
39.296107 7.348986
39.327314 8.827416
39.349085 0.183705
39.624635 0.832808
39.65578 2.121528
39.686845 3.346548
39.717861 4.118701
39.750177 3.254129
39.883973 4.532146
39.915016 5.291159
39.945946 5.933474
39.976921 6.963737
40.069125 6.698491
40.101082 7.524685
40.133025 8.779989
40.164221 6.831114
40.195369 7.315396
40.226396 7.538174
40.257654 7.114112
40.289544 7.400591
40.310402 7.45411
40.351759 7.787233
40.38295 7.468556
40.414129 7.512589
40.446114 0.01636
40.935069 1.040618
40.966171 2.556903
40.99719 3.206354
41.028226 3.802199
41.060184 5.036008
41.091129 5.790321
41.121998 5.297946
41.274808 5.215188
41.305891 5.185687
41.338 5.315264
41.440197 5.537607
41.471212 4.419625
41.655186 3.884174
41.686217 4.423803
41.718317 5.686503
41.749282 4.06814
41.983976 4.219299
42.015269 3.651823
42.107537 3.545308
42.139645 3.445667
42.170823 3.235942
42.201904 2.93989
42.232858 2.819364
42.263848 3.503276
42.295989 4.309542
42.327148 5.039402
42.358261 5.569458
42.389258 5.786057
42.420333 0.941934
42.625471 0.966387
42.656475 1.21858
42.687556 1.84758
42.718692 2.434549
42.739554 4.975614
42.822515 5.465117
42.853536 5.890223
42.884562 5.754468
42.915592 5.875952
42.946603 5.630896
42.978609 5.927034
43.009615 6.875669
43.040597 7.958494
43.07169 8.54816
43.102729 8.781381
43.134821 9.137566
43.165861 8.78434
43.196914 9.494446
43.227935 10.485897
43.258976 9.99796
43.291271 10.159213
43.322257 0.262112
43.638007 0.985271
43.669088 1.375656
43.700065 3.174155
43.732088 4.729514
43.763083 5.331537
43.794163 6.054
43.825259 6.420366
43.856338 7.248475
43.888169 8.369503
44.011736 8.677389
44.042872 9.148095
44.073853 9.258875
44.104922 9.507848
44.135926 9.446583
44.167742 9.986995
44.199515 10.681002
44.231328 7.813166
44.435432 7.936129
44.466482 8.636662
44.497565 8.011665
44.528689 8.958038
44.56062 9.323185
44.591607 9.153926
44.62259 8.498035
44.745167 8.249237
44.776174 7.832833
44.808352 7.421041
44.839326 7.052587
44.870296 6.733648
44.90128 7.241774
44.932269 6.532626
44.984498 6.704409
45.015431 8.225393
45.046367 9.014515
45.077336 6.931364
45.169504 6.587885
45.201435 6.421236
45.232433 6.762192
45.263385 7.510675
45.294319 7.836749
45.325372 8.007575
45.357272 6.660723
45.388269 6.946071
45.429472 7.678281
45.46062 7.857112
45.553042 7.912024
45.585038 6.684567
45.66779 7.043623
45.699011 7.39798
45.729936 8.208858
45.760861 8.284046
45.791847 8.797655
45.82362 0.013314
46.078475 0.171608
46.109529 0.343304
46.140517 0.603241
46.171582 0.579919
46.203651 3.834571
46.234623 8.477759
46.265568 8.808445
46.296499 9.467208
46.327507 5.615493
46.644839 4.034898
46.675901 3.58586
46.706863 4.107127
46.737829 4.749616
46.768882 6.02711
46.800951 7.475866
46.831967 0.122354
47.26975 1.143218
47.300768 2.999588
47.33176 3.927686
47.363887 3.20705
47.445812 3.496575
47.476939 4.256893
47.508577 6.182359
47.53985 9.069862
47.603321 9.126775
47.63473 9.053937
47.666188 9.840971
47.697364 10.046083
47.728657 0.235744
48.065835 1.170804
48.096971 2.659764
48.128061 3.482651
48.15917 3.714306
48.190164 4.337041
48.222185 5.3794
48.253187 6.744178
48.284328 0.313543
48.742156 1.450321
48.773255 3.048146
48.80536 4.601242
48.836318 6.464835
48.867286 7.524163
48.898318 8.098514
48.92936 8.131408
48.961317 9.208228
49.073699 9.476606
49.104624 8.845604
49.135545 8.61891
49.166502 8.798786
49.198549 9.458506
49.22959 10.610774
49.260597 9.018083
49.413777 9.084395
49.44484 8.600635
49.476984 8.979619
49.508746 9.311437
49.540835 8.97727
49.571846 10.557255
49.602815 10.660029
49.633954 8.870319
49.756582 9.146094
49.788658 9.08657
49.819788 8.398655
49.850814 8.824719
49.882159 8.093118
49.913192 8.915745
49.945221 9.759256
49.976417 0.038115
50.373618 0.558686
50.404587 2.425934
50.435563 3.893573
50.467703 5.259743
50.498733 6.451694
50.529734 7.792541
50.560724 8.34766
50.591744 9.129559
50.715452 9.273234
50.746555 9.422391
50.777584 9.847323
50.808483 9.564412
50.839553 9.177161
50.871625 10.253546
50.902719 9.195175
51.045614 9.241384
51.076697 9.394892
51.107805 10.374072
51.139914 10.217692
51.17093 9.989693
51.201976 10.870276
51.232989 8.993021
51.396207 8.451391
51.428184 8.970395
51.459117 8.731778
51.49004 8.985798
51.52096 10.185581
51.551958 10.926406
51.584061 9.561018
51.716948 9.449716
51.74802 8.935325
51.778987 8.78582
51.810013 8.561301
51.842114 8.875279
51.873237 7.323315
51.905316 8.20851
51.936694 9.885091
51.967755 0.028369
52.365875 1.395062
52.396931 3.489613
52.427932 5.093878
52.45887 6.56465
52.489979 7.690812
52.521966 8.319116
52.552973 7.720748
52.583955 7.521466
52.614964 6.962953
52.646075 8.773897
52.70848 8.996937
52.739464 7.727361
52.7909 6.837118
52.842275 6.772547
52.873269 6.336389
52.915433 6.106127
52.946425 5.628459
52.977429 5.557535
53.008527 4.905996
53.039538 5.055936
53.071644 4.767804
53.112969 4.908171
53.144006 4.596978
53.174993 4.807138
53.206058 4.87519
53.24851 5.640816
53.279676 6.309412
53.310587 6.51409
53.341599 6.077584
53.372754 6.324815
53.404745 6.476844
53.435745 6.416015
53.466783 0.020885
53.731997 0.44312
53.76313 0.67869
53.805478 1.40942
53.836717 1.869336
53.877874 2.483543
53.908896 4.20172
53.939829 5.222324
53.971689 5.713741
54.002714 6.187319
54.033707 5.765085
54.064635 6.29662
54.095589 0.099815
54.422374 0.552942
54.453555 1.437877
54.484602 1.852976
54.515706 1.794148
54.546905 2.714501
54.578973 3.172763
54.6203 3.444274
54.65136 3.459155
54.682369 3.708562
54.713485 3.550094
54.755653 3.7928
54.786722 3.801242
54.817741 3.852237
54.848775 3.74781
54.890016 3.848582
54.922179 3.855892
54.953274 4.232614
54.984288 0.049951
55.57485 0.127662
55.606015 0.390297
55.638176 0.905646
55.669149 1.149919
55.700127 1.313608
55.73112 1.172196
55.772377 2.207593
55.804474 2.830067
55.84575 2.933886
55.87674 2.858959
55.907772 3.256305
55.938788 3.42861
55.980844 3.812729
56.011904 3.925423
56.042931 4.003134
56.073966 3.874341
56.115185 4.308149
56.147061 0.074839
56.411971 0.550854
56.443031 1.599739
56.47399 3.356816
56.505263 4.226696
56.537324 5.706344
56.568335 6.683262
56.599293 7.366304
56.630254 7.872864
56.783434 8.054828
56.815366 7.830048
56.846488 8.007314
56.877471 8.128449
56.908458 8.630919
56.939439 9.766566
56.971515 10.214734
57.002588 8.870493
57.125405 9.017909
57.156424 8.498122
57.187468 7.724316
57.219828 7.715787
57.250842 8.003659
57.281872 8.211556
57.312927 7.696033
57.34393 9.052892
57.375739 0.034809
57.610375 0.256891
57.64138 1.27236
57.67239 3.117156
57.703394 4.239923
57.735457 6.028068
57.8683 6.120399
57.899314 7.398154
57.930276 8.863009
57.961263 8.737609
57.993259 8.355231
58.024254 8.165434
58.055203 9.486092
58.086153 8.973615
58.218722 9.256526
58.250846 8.867534
58.281902 9.633421
58.31288 10.278086
58.34387 10.245714
58.374885 10.645583
58.406829 8.714113
58.5701 8.024892
58.601101 8.270906
58.632122 9.134259
58.663101 7.747551
58.725738 7.994956
58.756724 9.923816
58.787687 8.818801
58.910647 8.382991
58.941694 8.402136
58.973854 9.08396
59.004815 9.776487
59.035733 7.299993
59.066731 7.836575
59.097741 2.394692
59.333223 2.256152
59.364315 2.986186
59.395343 4.238792
59.426317 5.263485
59.457555 5.874298
59.489709 6.810663
59.520734 8.208249
59.551759 9.194043
59.66435 9.255743
59.695327 9.82052
59.727264 9.809556
59.758249 0.042902
60.013114 0.326074
60.044159 0.71202
60.156721 1.0394
60.188821 1.990994
60.219803 3.02935
60.250839 2.526097
60.353129 2.797608
60.384403 2.959383
60.416376 2.942501
60.4474 3.148397
60.478429 2.940151
60.611642 3.141957
60.642707 3.076777
60.715199 3.379703
60.736195 3.584555
60.777411 3.961538
60.808396 4.707932
60.839393 4.067009
60.972823 4.277256
61.003915 4.365845
61.034995 4.350094
61.06603 3.283891
61.158144 3.620147
61.190084 4.140282
61.221089 4.432853
61.252104 4.295792
61.35437 4.793562
61.385646 5.064116
61.41772 5.365215
61.448714 5.515503
61.47969 4.960385
61.510655 5.289505
61.643808 5.772047
61.67616 5.843405
61.778613 6.086286
61.809658 7.05424
61.840662 7.644516
61.871717 5.407943
61.975187 6.558297
62.006148 7.020998
62.037332 4.675472
62.068273 4.718723
62.099253 4.830634
62.192225 4.544938
62.223212 5.90963
62.254172 6.670383
62.285145 5.141131
62.397452 5.778921
62.429332 6.439859
62.46032 6.377464
62.491531 6.399916
62.603944 6.396087
62.634996 6.144852
62.667121 6.045211
62.698091 4.959254
62.810595 5.064812
62.831391 6.064617
62.862404 0.012357
63.220065 0.79182
63.251087 2.294007
63.282039 3.518766
63.313109 3.151355
63.42559 3.602917
63.45794 3.816558
63.489081 4.097641
63.520092 3.688547
63.622237 3.867205
63.653285 4.241403
63.685411 5.5048
63.716457 6.375898
63.747463 6.808662
63.778473 7.521988
63.809545 4.045341
63.913125 4.259155
63.94415 4.397783
63.975172 7.286591
64.006062 7.569154
64.037225 7.707955
64.0693 7.852326
64.100392 8.138718
64.131368 8.389344
64.162355 9.173506
64.244193 9.009207
64.276229 7.665314
64.307326 7.87852
64.338389 7.211577
64.369444 8.121836
64.400439 9.479652
64.432317 0.437985
64.676581 0.202414
64.70762 0.904253
64.738641 1.760993
64.769665 2.476755
64.80175 3.627544
64.83275 4.393693
64.863722 6.398524
64.894697 7.798633
64.925734 7.606835
65.080112 7.476649
65.111192 8.169089
65.152477 7.760256
65.183495 6.506258
65.214523 7.103234
65.246919 8.1717
65.278479 9.271668
65.309521 8.492118
65.432035 7.894967
65.463105 8.092683
65.495022 8.545637
65.525955 0.962471
65.791166 0.816447
65.822382 1.248863
65.894175 3.486045
65.92628 6.234486
65.957298 7.648432
65.98829 7.520595
66.19231 5.338934
66.223344 5.644732
66.255553 5.023738
66.286528 6.413666
66.317582 7.990866
66.348592 9.091356
66.379664 9.180207
66.533951 8.935499
66.565046 9.376008
66.596101 9.413776
66.627135 9.540133
66.658177 9.613232
66.690231 11.040145
66.721256 8.884329
66.874415 8.350706
66.905421 8.540589
66.936455 8.411273
66.968518 8.534933
66.999544 7.383273
67.030551 8.138631
67.06164 9.060028
67.092781 9.823479
67.124971 8.959952
67.156087 8.753012
67.238018 8.515962
67.269021 8.694097
67.300046 9.399069
67.331989 9.811818
67.363055 10.194718
67.394059 10.050783
67.425077 10.290791
67.456113 8.536412
67.610503 8.776334
67.641867 8.924447
67.672851 7.205312
67.744574 7.381968
67.775636 7.144135
67.807442 8.144288
67.828341 9.901365
67.859278 6.274081
68.073535 6.331516
68.104638 6.620432
68.147127 5.412294
68.178137 4.720898
68.209085 6.191583
68.24009 6.935802
68.271119 7.825262
68.302935 7.556971
68.45623 7.377704
68.487251 6.803615
68.518271 6.943112
68.549295 7.00542
68.581418 7.200613
68.612404 7.560278
68.643368 6.915091
68.684522 8.420672
68.715554 7.322793
68.879614 7.122031
68.91064 6.302798
68.941643 7.307302
68.972636 8.185014
69.00364 7.617017
69.025418 8.490203
69.056431 8.825937
69.087395 9.180294
69.118412 8.476802
69.230821 8.210512
69.262829 8.775638
69.293856 8.435553
69.324915 8.117572
69.355938 8.190149
69.386988 8.912438
69.418831 9.83427
69.449773 10.134934
69.480777 8.528493
69.613655 8.673647
69.644683 8.892683
69.676522 9.00503
69.707516 9.210143
69.738446 9.497666
69.769475 9.521945
69.800487 9.487745
69.832559 9.444234
69.863687 8.267251
69.894799 8.425371
69.925812 7.482566
69.997725 7.63329
70.030333 7.56811
70.051162 7.400069
70.082263 7.945179
70.113622 7.442188
70.144976 7.426959
70.177247 8.114961
70.208207 0.22826
70.493471 1.057326
70.524461 2.320549
70.555415 2.872883
70.587442 3.212358
70.618514 5.124075
70.649498 6.996892
70.680516 7.164933
70.711621 7.303473
70.743691 7.270579
70.896891 7.15919
70.927844 6.190104
70.958858 4.712631
70.989865 5.461375
71.021946 5.511326
71.052953 6.606073
71.073758 7.852761
71.104729 7.835096
71.135754 8.441122
71.167957 7.468469
71.280827 7.808032
71.311803 7.896273
71.342821 7.968327
71.373895 7.51372
71.406597 7.783926
71.437808 8.291008
71.469092 0.183008
71.774663 1.870554
71.805754 3.544002
71.827732 3.914719
71.858854 4.467923
71.889854 5.620279
71.920968 6.43751
71.952109 6.778117
71.984262 7.063987
72.015272 8.235139
72.097091 8.279695
72.128063 8.871711
72.159067 9.191607
72.190942 9.073778
72.221925 9.067773
72.252903 8.304148
72.283854 7.981816
72.314836 7.825784
72.346576 1.482172
72.631657 1.417078
72.662616 1.816426
72.693593 2.533581
72.724569 4.010967
72.75653 4.961081
72.787517 5.058721
72.818464 5.363562
72.839349 0.063091
73.236732 0.691308
73.269048 1.654042
73.300338 2.569521
73.331387 2.801176
73.372774 3.836573
73.404064 5.656567
73.435984 7.096968
73.467019 6.288005
73.671061 6.085938
73.702137 4.848648
73.73325 5.042535
73.765391 5.699557
73.796397 6.461441
73.827393 6.997762
73.858392 7.320704
73.889558 7.092095
73.921634 7.710392
73.952648 8.436075
73.993829 8.392912
74.024871 9.035749
74.055942 9.527167
74.088023 10.153992
74.119218 10.606945
74.150191 8.824806
74.293091 8.609511
74.324108 8.692879
74.355988 8.081283
74.387019 7.943961
74.418042 8.210599
74.449105 8.698536
74.48014 0.987273
74.725738 1.142435
74.756798 2.64262
74.787764 4.173177
74.818739 5.436313
74.849724 6.753751
74.881672 7.78645
74.912651 9.286288
75.055606 9.211709
75.086627 9.248694
75.117709 8.48942
75.150006 8.68731
75.181065 7.714656
75.212328 7.990083
75.24349 9.849847
75.274557 8.227481
75.428725 8.307194
75.449557 9.060202
75.480509 9.661617
75.511457 8.757885
75.542456 8.272646
75.574381 8.239752
75.605505 9.240427
75.636562 9.984558
75.667656 0.303013
75.92267 0.983618
75.954774 2.325335
75.985765 4.114001
76.016734 5.141044
76.047704 6.618256
76.078672 7.978248
76.110639 8.178488
76.141594 8.57653
76.264223 8.559908
76.295122 8.587408
76.326037 8.993456
76.357918 7.640339
76.388915 7.781141
76.419889 8.520748
76.45085 9.489051
76.481844 9.946529
76.513803 8.779728
76.615988 9.179162
76.647131 9.375225
76.67843 9.640296
76.70941 9.612623
76.741281 9.807815
76.772249 10.054699
76.803217 10.569525
76.834195 10.873235
76.865249 9.316136
76.958236 9.286113
76.989221 9.67702
77.020226 8.980141
77.051229 9.229462
77.082231 10.040862
77.114349 9.170721
77.145392 9.150793
77.17642 9.777357
77.207382 8.2924
77.319861 8.463661
77.351963 8.211556
77.383014 8.053523
77.413982 2.091505
77.658812 1.48191
77.689856 1.514718
77.721919 3.451323
77.752899 4.873014
77.783857 5.868903
77.814806 6.732952
77.845833 7.468382
77.877831 8.33217
78.010634 8.310936
78.041689 8.660768
78.072777 8.432072
78.103877 8.855699
78.13595 1.412118
78.390869 0.740476
78.4219 2.157207
78.452985 3.618581
78.48402 5.076735
78.516108 6.196544
78.547085 7.204529
78.578015 7.814123
78.608981 8.808184
78.741902 8.523098
78.774009 8.632311
78.805031 8.767719
78.836029 8.640404
78.866986 9.560148
78.897979 10.253807
78.92996 11.03092
78.960968 9.337109
79.073638 9.532475
79.104642 9.109109
79.135737 9.225633
79.167721 9.25261
79.19877 9.42857
79.229751 10.371984
79.260741 9.108587
79.434287 9.287854
79.466529 8.802702
79.497583 7.668186
79.528609 9.181947
79.559637 7.577334
79.590634 9.04332
79.622666 7.730059
79.80661 6.781598
79.83762 7.400069
79.868833 8.434073
79.899858 7.945092
79.931949 6.550639
79.962931 8.965173
79.993897 8.76972
80.147075 9.15088
80.178116 9.66327
80.210185 9.626547
80.241163 9.552403
80.27212 8.847084
80.303098 9.61358
80.334074 10.84504
80.365991 9.208054
80.4886 9.754209
80.519644 9.758995
80.550686 9.3707
80.581775 8.164999
80.613703 8.612296
80.644694 8.456786
80.675679 9.188996
80.706725 9.823218
80.737815 8.357319
80.861314 8.942286
80.892281 9.294468
80.923211 9.545876
80.954561 9.699994
80.985589 0.214772
81.261776 1.986207
81.292748 4.147853
81.32375 5.711218
81.354743 6.819453
81.385845 7.883219
81.417905 8.33304
81.448931 9.586516
81.571392 9.574768
81.602431 9.595828
81.633446 9.680762
81.665612 9.275236
81.696851 10.313766
81.727842 11.203399
81.758862 11.787235
81.789868 9.546486
81.903341 9.535521
81.934404 9.860899
81.965443 9.812514
81.996427 9.859768
84.147341 9.004247
84.158932 9.093532
84.179782 9.863075
84.200621 10.698232
84.221494 9.558756
84.3647 9.594
84.386492 9.397851
84.407336 9.586081
84.428143 9.924861
84.448976 9.993435
84.46981 10.235445
84.48152 10.145725
84.502385 10.932149
84.52326 11.452459
84.544111 9.194914
84.697436 9.031224
84.719204 9.233291
84.740123 8.913569
84.760942 9.25261
84.78175 9.150271
84.802608 9.251304
84.824236 9.613145
84.845093 9.671885
84.865998 9.933128
84.886813 11.018215
84.907646 8.876758
85.051522 8.745615
85.062289 8.781816
85.083212 8.704975
85.104023 9.220324
85.124853 9.608446
85.146478 9.733324
85.16731 9.646388
85.1881 10.516268
85.208925 11.172158
85.229754 9.485222
85.374066 9.224327
85.394962 9.362868
85.41603 9.189866
85.43689 9.689203
85.457737 9.632638
85.479418 9.11172
85.490076 8.882241
85.51089 9.339894
85.531713 10.537588
85.552577 11.45124
85.574207 9.08805
85.706921 9.43849
85.727734 9.907021
85.748545 9.670145
85.769445 10.022239
85.791143 9.916332
85.812005 10.037468
85.832828 9.129211
85.853679 9.910589
85.874546 11.059986
85.896236 9.520727
86.039052 9.573028
86.059934 9.691292
86.080881 9.720531
86.101727 10.136761
86.113398 10.212732
86.134216 10.126492
86.155046 10.046432
86.175889 10.581535
86.196746 11.248042
86.218539 9.395153
86.381869 9.58991
86.392504 9.969764
86.41338 9.697035
86.434201 9.559278
86.456121 9.677194
86.476993 9.375573
86.497828 9.95645
86.518639 10.670037
86.539462 11.066687
86.561261 9.271755
86.704282 8.96996
86.725411 8.572962
86.746228 8.783731
86.767062 9.107369
86.788794 9.060115
86.809659 8.886766
86.830495 8.773114
86.841115 8.27282
86.861958 8.836467
86.883661 8.275779
86.914704 1.349462
87.138725 0.84238
87.159652 1.58686
87.180476 3.114893
87.202399 4.259417
87.223209 5.095183
87.244025 5.996043
87.264817 6.733474
87.285641 7.540785
87.307295 8.034813
87.317951 9.45137
87.460685 9.634031
87.481712 9.614537
87.50263 9.333976
87.524518 9.392542
87.54544 9.366871
87.566276 9.311437
87.587113 9.971592
87.607961 10.821108
87.629792 11.414256
87.640451 9.246257
87.803773 8.976835
87.824614 8.969089
87.845604 8.764325
87.8676 8.411796
87.888509 8.608815
87.909372 8.961519
87.930328 9.905107
87.951241 10.500429
87.973323 10.807968
87.994191 9.267491
88.147389 9.82609
88.168237 9.297688
88.189135 9.266968
88.211107 9.421434
88.232055 9.029744
88.252884 9.702866
88.263569 9.800766
88.284447 9.563455
88.306425 10.737566
88.327335 9.184819
88.470518 9.188474
88.491605 9.050021
88.512731 9.472429
88.535084 9.436402
88.545945 8.811752
88.567036 8.80627
88.588117 8.776421
88.609229 9.392803
88.631441 0.046209
89.020057 0.656064
89.041074 1.892571
89.051842 3.333842
89.072917 4.025412
89.095013 5.072644
89.115998 6.101776
89.137103 6.489462
89.158171 7.320356
89.17927 8.436075
89.201446 9.45137
89.344916 9.540916
89.36627 9.695643
89.387407 9.323359
89.408807 9.779272
89.431116 10.379468
89.452192 10.029288
89.462897 9.340068
89.483932 9.953752
89.50496 11.158148
89.527079 9.18682
89.680371 8.893902
89.701402 9.051326
89.722455 9.152011
89.743523 8.810621
89.766109 9.228852
89.787173 8.548421
89.808267 8.222434
89.829483 7.86538
89.840473 8.144288
89.86314 9.607402
89.884865 10.252414
89.90597 0.049167
90.314711 1.108496
90.335744 2.575352
90.357939 3.920289
90.379034 4.987884
90.400125 5.825304
90.421134 6.390343
90.442235 7.253
90.464792 7.860071
90.475675 9.298558
90.629536 8.981708
90.650625 8.882067
90.67176 8.421977
90.69397 8.572179
90.715101 9.005465
90.736216 7.809076
90.747068 7.890181
90.768162 8.106955
90.790878 9.132344
90.812026 9.58817
90.833172 9.691553
90.85435 0.153508
91.110193 0.730382
91.132196 2.00892
91.15308 3.129513
91.173991 3.866683
91.19496 5.181945
91.328159 5.811207
91.350286 6.640099
91.371352 6.726425
91.392435 7.996697
91.413538 9.762389
91.434647 9.534825
91.456951 9.347203
91.467845 8.821586
91.488984 8.617082
91.510042 9.883873
91.531119 0.082584
91.941126 0.672947
91.962189 1.804243
91.98323 3.319135
92.004256 4.055783
92.025341 4.816275
92.047548 5.478432
92.068619 6.212643
92.079385 9.259397
92.222911 8.936195
92.244054 8.994674
92.266387 8.902082
92.287538 9.310306
92.3086 9.189953
92.32964 8.408489
92.350638 9.075692
92.372732 9.305694
92.39375 9.768916
92.414774 9.764826
92.42552 10.186016
92.446568 9.160279
92.560585 9.148269
92.582083 9.160453
92.603232 9.433443
92.62506 9.214668
92.646144 9.382622
92.658096 9.365739
92.679113 9.215799
92.70015 0.273947
92.965888 0.913478
92.986918 1.812684
93.009024 2.7809
93.019825 3.940391
93.040812 5.100318
93.061848 5.607922
93.082862 6.188015
93.104958 6.901167
93.12604 7.630766
93.147056 9.097883
93.300664 8.770765
93.321726 8.838729
93.34382 9.174637
93.354553 9.299776
93.375551 9.475736
93.396595 8.736826
93.417645 9.238599
93.439791 9.79833
93.460874 10.849391
93.481898 9.067773
93.635631 8.606988
93.656802 8.531017
93.679097 8.33217
93.70018 8.176138
93.721254 8.295446
93.742276 8.223217
93.763343 8.244016
93.775189 7.835792
93.796223 7.397632
93.817247 8.389431
93.838301 9.644299
93.859315 0.04908
94.258709 0.471576
94.279846 1.395236
94.290694 2.233004
94.321946 3.580726
94.343026 4.965955
94.35505 5.862202
94.376109 5.99761
94.397192 7.348116
94.418247 8.186146
94.439264 9.03192
94.604309 8.971352
94.625515 8.573832
94.636523 9.296382
94.657641 9.629592
94.678764 8.752751
94.700985 8.648672
94.722119 8.759626
94.743224 9.637686
94.764341 10.612254
94.785494 8.986755
94.940282 8.987016
94.961448 8.828026
94.982563 8.809403
95.003666 9.178553
95.024811 8.750575
95.047102 8.85274
95.068289 9.315179
95.079162 9.888311
95.100264 9.786494
95.121418 9.470776
95.153893 10.187234
95.175027 9.246518
95.277839 9.274539
95.298942 9.019998
95.320118 9.553622
95.342326 9.19326
95.363428 9.260877
95.384538 8.778249
95.405672 8.697143
95.426821 7.95275
95.449036 7.80925
95.459965 9.661008
95.481107 10.888812
95.502188 0.03594
95.778638 0.138453
95.800885 1.134516
95.811762 2.4731
95.832885 3.456544
95.85401 4.181792
95.875099 4.783555
95.897401 5.949225
95.918495 6.639664
95.939624 7.746419
95.96074 8.497948
95.981867 8.928537
96.126625 9.126688
96.147754 9.50193
96.168873 9.687201
96.190026 9.279761
96.211165 9.055677
96.233446 8.608293
96.254544 8.438512
96.26553 8.472625
96.286721 9.693467
96.307903 10.579794
96.330226 9.184384
96.463678 9.018954
96.484797 9.479043
96.505899 9.394022
96.516796 9.510197
96.538945 10.125622
96.560094 10.382688
96.581264 9.887963
96.60236 9.999787
96.623474 11.022044
96.645624 11.432704
96.66672 10.593979
96.687813 9.333976
96.790472 9.512286
96.811566 9.100929
96.833812 9.925122
96.854879 9.77144
96.875956 9.769003
96.897052 9.329886
96.918181 9.437881
96.94045 10.411927
96.951292 11.038665
96.972417 11.600745
96.993535 9.186298
97.12689 9.452327
97.149039 9.937653
97.170099 9.454067
97.1912 9.545528
97.212287 9.341721
97.233414 9.577379
97.255518 9.314222
97.276573 9.027395
97.297678 9.214233
97.318758 10.480153
97.329644 8.595762
97.495374 7.901407
97.506215 7.814993
97.527323 8.071972
97.548413 7.055807
97.569599 7.161365
97.591815 8.454698
97.612942 9.162019
97.634043 0.891809
97.879865 0.569564
97.900952 1.693463
97.923051 3.23629
97.9441 4.24001
97.96517 5.238423
97.986277 6.092464
97.997112 6.679868
98.019378 7.262486
98.040645 7.720922
98.061769 8.265162
98.082866 9.48148
98.205931 9.53204
98.228087 9.729843
98.24923 9.445191
98.270368 9.598177
98.291424 9.707652
98.312509 9.796067
98.334721 10.291749
98.345614 9.662922
98.366686 9.183949
98.387741 10.14146
98.408833 10.941374
98.431123 9.243385
98.544274 9.05707
98.565465 7.830135
98.596895 8.047953
98.618063 9.334063
98.630157 1.686153
98.886229 1.265311
98.907325 1.568759
98.928438 1.952878
98.949602 2.105516
98.982453 3.592561
98.993291 7.102016
99.014389 7.027089
99.035488 7.866511
99.056605 8.92201
99.078873 9.62733
99.099999 10.059833
99.121101 8.304584
99.264754 7.822825
99.285881 8.667991
99.297845 10.359278
99.318958 10.13972
99.340036 9.971331
99.36113 9.761345
99.382301 9.018954
99.40465 9.088659
99.425764 9.770047
99.44683 10.751577
99.467897 10.524013
99.478733 0.233917
99.878991 0.776504
99.889871 2.204461
99.91096 3.809074
99.932046 5.409075
99.953185 6.491377
99.975438 7.300602
99.996586 7.797763
100.017712 8.443385
