7e-06 0.018796
0.277611 0.026367
0.308971 0.032372
0.340277 0.037245
0.371582 0.040987
0.40291 0.043946
0.435344 0.047949
0.466697 0.050125
0.49793 0.053083
0.529197 0.084673
0.56049 0.094071
0.592779 0.096073
0.624125 0.095463
0.655376 0.097552
0.686647 0.101468
0.717891 0.105384
0.750304 0.111911
0.781627 0.121135
0.812861 0.127662
0.844142 0.152376
0.875377 0.154204
0.907609 0.158381
0.938832 0.16952
0.970025 0.18092
1.00123 0.191015
1.032572 0.200848
1.064972 0.214424
1.09622 0.21512
1.127532 0.220341
1.199649 0.221298
1.230901 0.221211
1.263132 0.220341
1.294338 0.223648
1.325597 0.230349
1.356825 0.25924
1.388077 0.28761
1.420435 0.311193
1.451758 0.343739
1.483102 0.386207
1.514402 0.429979
1.54574 0.466529
1.578119 0.507864
1.610404 0.433547
1.672221 0.508822
1.703423 0.488371
1.734665 0.581225
1.765964 0.697139
1.798384 0.750658
1.829625 0.790776
1.860839 0.837768
1.89204 0.871707
1.923241 0.90669
1.955525 0.957859
1.986796 0.868313
2.017913 0.872577
2.049164 0.793647
2.080485 0.783814
2.112941 0.72255
2.144305 0.674687
2.17563 0.602545
2.206949 0.570086
2.238243 0.529794
2.290882 0.520831
2.311856 0.498292
2.343064 0.476188
2.37432 0.472968
2.405614 0.471576
2.437899 0.467747
2.469182 0.442075
2.500459 0.438072
2.531692 0.451126
2.562901 0.537713
2.595179 0.54659
2.626445 0.561732
2.657666 0.566866
2.688856 0.560687
2.720118 0.522832
2.752461 0.52962
2.783788 0.523442
2.815057 0.517698
2.846341 0.520048
2.877677 0.519787
2.899705 0.520918
2.930953 0.517524
2.962189 0.518655
2.993381 0.531622
3.024601 0.568867
3.05689 0.568345
3.088175 0.56939
3.119508 0.568432
3.150858 0.571478
3.182189 0.57026
3.214608 0.570086
3.245969 0.57113
3.277288 0.569564
3.308609 0.569041
3.339915 0.571826
3.372345 0.570956
3.4037 0.572
3.424829 0.568171
3.456177 0.576786
3.487486 0.580267
3.519902 0.575046
3.551244 0.580006
3.582589 0.581486
3.613933 0.579484
3.64529 0.579136
3.677708 0.578266
3.709113 0.580006
3.740417 0.578005
3.771664 0.576177
3.802978 0.578701
3.835447 0.578266
3.866738 0.579484
3.897923 0.581834
3.929218 0.584619
3.960535 0.585054
3.98267 0.581051
4.014027 0.585576
4.045476 0.585489
4.076841 0.58575
4.108242 0.587229
4.140617 0.586446
4.17191 0.586968
4.203194 0.588099
4.234463 0.584096
4.265773 0.587925
4.298256 0.586707
4.329726 0.591754
4.361079 0.582269
4.392391 0.591841
4.423696 0.590275
4.456165 0.59306
4.487483 0.596193
4.518784 0.55329
4.560275 0.593843
4.591554 0.598629
4.623978 0.595496
4.655253 0.60124
4.686496 0.60124
4.71776 0.591667
4.749041 0.592364
4.78139 0.596193
4.812802 0.539541
4.844103 0.539889
4.875425 0.534754
4.906732 0.536147
4.939224 0.533101
4.970499 0.536321
5.001762 0.54189
5.033008 0.538932
5.064311 0.542761
5.096708 0.602632
5.128003 0.601588
5.159357 0.595932
5.190687 0.598368
5.22195 0.594887
5.254359 0.60298
5.285627 0.598803
5.316926 0.595061
5.348255 0.554074
5.37955 0.600544
5.412086 0.603764
5.443387 0.607331
5.47464 0.597498
5.505869 0.608028
5.537101 0.60855
5.569474 0.604634
5.600711 0.612988
5.631886 0.549026
5.663167 0.54424
5.694522 0.541194
5.726948 0.539889
5.758244 0.544414
5.789545 0.54189
5.820873 0.537713
5.852164 0.549287
5.88457 0.548069
5.915854 0.61177
5.947154 0.609333
5.978458 0.607593
6.009834 0.612814
6.042314 0.614815
6.07378 0.613162
6.105143 0.607331
6.13647 0.608637
6.167897 0.612031
6.200347 0.61116
6.231665 0.615773
6.262956 0.616121
6.294246 0.616121
6.325675 0.616817
6.358041 0.618906
6.389332 0.61995
6.420569 0.618731
6.451855 0.618209
6.483153 0.621168
6.515573 0.619863
6.546936 0.619167
6.578293 0.617861
6.609668 0.619341
6.641027 0.622473
6.67339 0.62491
6.704699 0.624214
6.736033 0.62491
6.767326 0.626738
6.798631 0.625693
6.831032 0.625954
6.862317 0.630654
6.893617 0.628043
6.924975 0.626215
6.946045 0.620907
6.978481 0.625258
7.009873 0.626564
7.041205 0.622996
7.072583 0.627434
7.103931 0.629783
7.136397 0.625258
7.167744 0.621777
7.188822 0.623866
7.220102 0.624823
7.251414 0.62813
7.283827 0.631002
7.315163 0.635614
7.346539 0.633525
7.377903 0.63048
7.409234 0.634918
7.441652 0.636658
7.472905 0.636571
7.504172 0.640661
7.535443 0.643881
7.566803 0.638747
7.599133 0.635701
7.630495 0.636919
7.66188 0.644055
7.693233 0.640139
7.724625 0.642489
7.757071 0.584619
7.78839 0.639443
7.819721 0.637789
7.851045 0.642663
7.882424 0.642489
7.914946 0.647449
7.946269 0.635266
7.977614 0.644664
7.998748 0.645622
8.030146 0.649451
8.062796 0.605939
8.094137 0.574785
8.125482 0.535103
8.156803 0.50099
8.188148 0.467138
8.220618 0.426585
8.24179 0.39108
8.273204 0.355575
8.304608 0.328075
8.335995 0.323811
8.368476 0.324246
8.399806 0.327466
8.431132 0.330164
8.462452 0.330599
8.493806 0.329381
8.526276 0.332165
8.557649 0.330686
8.588948 0.32912
8.620262 0.335994
8.651584 0.359665
8.683986 0.389949
8.715303 0.426411
8.746626 0.464179
8.77799 0.504645
8.809338 0.545545
8.84174 0.574524
8.873022 0.610029
8.904318 0.647188
8.935664 0.651887
8.966999 0.648232
8.999436 0.652061
9.030739 0.648754
9.062031 0.651626
9.093324 0.649538
9.124664 0.647275
9.157101 0.644838
9.188517 0.647623
9.219911 0.647971
9.25124 0.654063
9.282619 0.650234
9.31517 0.65328
9.346519 0.657196
9.377883 0.653802
9.409161 0.649538
9.4405 0.646057
9.472938 0.642489
9.504271 0.639791
9.535573 0.653889
9.567008 0.645534
9.598376 0.64597
9.630841 0.657805
9.662182 0.653367
9.693519 0.656151
9.724811 0.653192
9.756138 0.646405
9.788545 0.6518
9.819886 0.648406
9.851286 0.652844
9.88262 0.650843
9.913911 0.654846
9.946507 0.657457
9.977877 0.660763
10.009188 0.662678
10.040545 0.667638
10.071868 0.664244
10.104293 0.667812
10.135617 0.671989
10.166911 0.669379
10.198219 0.669988
10.229587 0.674078
10.26197 0.673382
10.293285 0.658066
10.324549 0.661547
10.355842 0.666246
10.387163 0.672425
10.409404 0.675209
10.440662 0.672512
10.471924 0.669379
10.503231 0.676515
10.534556 0.671815
10.567015 0.658153
10.598307 0.666594
10.629653 0.67286
10.660941 0.667029
10.692238 0.66642
10.724558 0.667638
10.75582 0.666246
10.787105 0.666855
10.818399 0.67138
10.849683 0.680866
10.88202 0.68104
10.913321 0.678081
10.944602 0.677037
10.975859 0.685391
11.007175 0.684608
11.039578 0.681736
11.070872 0.686783
11.102144 0.687131
11.13346 0.687828
11.16475 0.686957
11.19723 0.683476
11.228538 0.687044
11.25987 0.685739
11.291234 0.681997
11.322588 0.686087
11.355112 0.686
11.386473 0.686
11.417816 0.682432
11.449202 0.688089
11.480621 0.686348
11.51299 0.691657
11.544309 0.694441
11.575678 0.691657
11.607048 0.698792
11.638453 0.691831
11.670915 0.689481
11.702253 0.693919
11.733592 0.687131
11.764919 0.694615
11.796269 0.691395
11.828755 0.685478
11.86007 0.691395
11.891391 0.696443
11.92271 0.69505
11.95402 0.700707
11.986463 0.702186
12.007615 0.699576
12.038914 0.699315
12.070241 0.706189
12.101594 0.699315
12.134047 0.701925
12.165459 0.700794
12.196798 0.703231
12.228068 0.698879
12.25935 0.695921
12.291706 0.70297
12.323029 0.709322
12.354332 0.69505
12.38568 0.709757
12.417036 0.712977
12.449488 0.714544
12.480774 0.711063
12.512095 0.713064
12.543349 0.702186
12.57466 0.704884
12.607044 0.707321
12.638321 0.708365
12.669622 0.704188
12.700936 0.710279
12.732241 0.710802
12.764602 0.710453
12.795943 0.71933
12.82727 0.715066
12.858568 0.716284
12.88987 0.713847
12.922227 0.716284
12.953572 0.723855
12.984858 0.719243
13.016163 0.719939
13.047482 0.717415
13.079946 0.720026
13.111248 0.719678
13.142529 0.720809
13.17393 0.722898
13.205365 0.727597
13.237757 0.726727
13.26907 0.726379
13.30036 0.7316
13.331658 0.727771
13.363023 0.731687
13.385334 0.728815
13.41664 0.732731
13.447892 0.735516
13.479171 0.730469
13.5105 0.737082
13.542926 0.734298
13.574264 0.73482
13.60561 0.733515
13.636922 0.728728
13.668163 0.727858
13.700468 0.734298
13.731764 0.738301
13.763051 0.738649
13.794306 0.73804
13.82565 0.737257
13.85811 0.739345
13.889437 0.735168
13.920682 0.734559
13.95192 0.730643
13.983177 0.743696
14.015539 0.742652
14.046839 0.74126
14.0781 0.742217
14.109378 0.741608
14.140646 0.740128
14.172967 0.746394
14.204196 0.747612
14.235443 0.74387
14.266684 0.746481
14.29794 0.747003
14.330257 0.748134
14.361518 0.74709
14.392786 0.742913
14.42402 0.742391
14.455303 0.743174
14.487619 0.751006
14.518852 0.751006
14.550166 0.746916
14.581439 0.748569
14.612699 0.755183
14.645091 0.752834
14.676435 0.758229
14.70782 0.755183
14.739236 0.752747
14.770588 0.749614
14.803122 0.756053
14.834438 0.756924
14.865747 0.753269
14.896994 0.749614
14.928315 0.75118
14.960821 0.757707
14.992156 0.75614
15.02345 0.758055
15.054728 0.753356
15.086046 0.760666
15.118454 0.759708
15.149751 0.759795
15.181017 0.756924
15.212272 0.751789
15.243531 0.751702
15.275913 0.74944
15.307168 0.747351
15.338376 0.746829
15.369588 0.758838
15.400812 0.757707
15.433058 0.757185
15.464348 0.768411
15.495605 0.770064
15.526892 0.763276
15.55816 0.762928
15.590493 0.762145
15.621828 0.765887
15.653014 0.761275
15.684226 0.767279
15.715496 0.766235
15.747835 0.767889
15.779133 0.769281
15.810389 0.774676
15.841694 0.771892
15.862779 0.771979
15.895054 0.774763
15.926337 0.767192
15.957601 0.782334
15.988883 0.779637
16.02028 0.783118
16.052778 0.785119
16.084097 0.781464
16.11543 0.785641
16.146742 0.781986
16.178074 0.778505
16.21052 0.785467
16.241862 0.779637
16.273136 0.783118
16.304427 0.789122
16.335728 0.784684
16.368136 0.787208
16.38924 0.785728
16.420536 0.797476
16.451854 0.793212
16.483181 0.791385
16.515577 0.786424
16.546898 0.792777
16.578226 0.794256
16.609604 0.792429
16.640931 0.790253
16.673382 0.789731
16.704639 0.791472
16.735916 0.79913
16.767205 0.800522
16.798502 0.794605
16.831044 0.787121
16.862352 0.79504
16.893653 0.793647
16.924953 0.775547
16.946032 0.790688
16.978452 0.797824
17.009844 0.791646
17.041195 0.801827
17.072566 0.800696
17.103894 0.800957
17.136307 0.799217
17.167625 0.801044
17.198951 0.773545
17.230298 0.773023
17.261656 0.776678
17.294064 0.770934
17.32534 0.775895
17.356612 0.771892
17.387847 0.77807
17.419184 0.776417
17.451573 0.751876
17.482888 0.809746
17.514186 0.802611
17.545508 0.805047
17.576928 0.806962
17.609432 0.80496
17.640712 0.807745
17.672032 0.804177
17.703342 0.757185
17.734709 0.774937
17.756848 0.768846
17.788112 0.770934
17.819472 0.775547
17.850753 0.772849
17.882203 0.768585
17.91466 0.775198
17.945996 0.770847
17.977332 0.788426
18.008635 0.810878
18.040042 0.818275
18.072485 0.812966
18.103855 0.808354
18.135158 0.808789
18.166545 0.807484
18.197856 0.806092
18.230168 0.814707
18.261483 0.819493
18.292786 0.824453
18.324082 0.820363
18.355387 0.820711
18.387771 0.81958
18.419068 0.81549
18.450412 0.809834
18.481723 0.809572
18.513058 0.814533
18.545436 0.818014
18.576752 0.817927
18.608038 0.817317
18.639391 0.818884
18.670717 0.818536
18.703124 0.81636
18.734373 0.82924
18.76563 0.831937
18.796851 0.819754
18.828142 0.816273
18.86056 0.824279
18.89184 0.778679
18.923156 0.819406
18.954417 0.832895
18.985754 0.838203
19.018136 0.833156
19.049427 0.82924
19.08067 0.831589
19.101775 0.822887
19.133045 0.834722
19.165533 0.763798
19.196878 0.770673
19.228153 0.769716
19.259463 0.764147
19.290799 0.724812
19.323193 0.759795
19.354516 0.774154
19.385799 0.779637
19.41706 0.777287
19.448351 0.803481
19.480739 0.839073
19.512048 0.82863
19.54338 0.764408
19.574676 0.772936
19.606092 0.755009
19.638529 0.755531
19.669818 0.754574
19.701057 0.757185
19.732354 0.751789
19.76363 0.763624
19.795967 0.762841
19.82733 0.794169
19.858637 0.835679
19.889933 0.84412
19.91102 0.848037
19.943341 0.839334
19.974612 0.851866
20.005877 0.850473
20.037161 0.853171
20.068469 0.845687
20.100824 0.851169
20.132117 0.84647
20.163423 0.847775
20.194723 0.847601
20.225999 0.850299
20.258342 0.854911
20.289742 0.852475
20.321029 0.853606
20.352401 0.856478
20.383689 0.855607
20.416076 0.848646
20.437194 0.851517
20.468523 0.86022
20.499807 0.848646
20.531091 0.839508
20.563517 0.834983
20.594815 0.837507
20.626121 0.836288
20.6574 0.837855
20.688701 0.840727
20.721177 0.846296
20.752454 0.840814
20.783712 0.847949
20.815006 0.844295
20.846292 0.85291
20.878714 0.851778
20.910053 0.852388
20.941334 0.849864
20.972601 0.851082
21.003839 0.848994
21.036218 0.84969
21.067509 0.867356
21.098809 0.868487
21.130069 0.873795
21.161451 0.869879
21.193858 0.859524
21.225223 0.873621
21.256591 0.866659
21.287872 0.869444
21.319219 0.875188
21.351686 0.870836
21.383001 0.873099
21.414309 0.874404
21.445616 0.867182
21.476905 0.871968
21.509279 0.876406
21.540522 0.873708
21.571774 0.875188
21.603019 0.873882
21.634296 0.881627
21.66667 0.880931
21.698031 0.882323
21.729288 0.882323
21.760509 0.883368
21.791751 0.884586
21.824074 0.887371
21.855283 0.887458
21.88662 0.884238
21.917894 0.885978
21.949194 0.885804
21.981549 0.885717
22.012835 0.887458
22.044132 0.887806
22.075404 0.874491
22.106717 0.891287
22.139029 0.887806
22.170268 0.886936
22.201557 0.88972
22.232792 0.889546
22.264086 0.893462
22.296396 0.892157
22.327684 0.888154
22.358988 0.891374
22.390281 0.892244
22.421627 0.892244
22.453989 0.892853
22.485244 0.894681
22.516512 0.896508
22.54777 0.896247
22.579013 0.898162
22.611435 0.90025
22.642746 0.898945
22.66378 0.894855
22.695002 0.904688
22.726222 0.905907
22.758502 0.904514
22.789708 0.903035
22.8209 0.909214
22.852092 0.908778
22.883288 0.906777
22.915637 0.906429
22.946859 0.89381
22.978138 0.904079
23.009467 0.911215
23.040793 0.91078
23.073301 0.911824
23.10458 0.912868
23.135841 0.910693
23.167084 0.908691
23.198438 0.914957
23.230923 0.907734
23.262275 0.908952
23.29355 0.908691
23.324769 0.909736
23.356086 0.907299
23.388376 0.909736
23.419619 0.909823
23.450824 0.905733
23.482086 0.911476
23.513444 0.919482
23.545932 0.920352
23.577324 0.918264
23.608659 0.918699
23.639926 0.904427
23.671211 0.924704
23.703537 0.920875
23.734821 0.875797
23.766138 0.916697
23.797438 0.919569
23.828781 0.922702
23.861309 0.925574
23.892673 0.922963
23.923926 0.920004
23.955201 0.918003
23.986497 0.919743
24.018939 0.859436
24.050238 0.862569
24.081594 0.859349
24.112948 0.857957
24.144316 0.860481
24.176703 0.860742
24.208085 0.864832
24.239494 0.870488
24.270823 0.858653
24.302126 0.928184
24.334546 0.925226
24.355623 0.928359
24.386874 0.931404
24.41814 0.930795
24.44955 0.933667
24.481857 0.935494
24.513125 0.932797
24.544351 0.928272
24.575642 0.925748
24.606959 0.927662
24.639342 0.927575
24.670586 0.933928
24.701829 0.93271
24.733122 0.935668
24.764576 0.932362
24.796892 0.926096
24.828174 0.926096
24.859405 0.935668
24.890694 0.933754
24.922033 0.936191
24.954442 0.926792
24.985748 0.943762
25.017083 0.942108
25.048447 0.942717
25.079822 0.933145
25.112333 0.945067
25.143612 0.947242
25.174872 0.94585
25.206109 0.937583
25.237384 0.945763
25.26972 0.945676
25.301041 0.941151
25.332255 0.945328
25.363573 0.95142
25.394859 0.947765
25.427308 0.949592
25.44839 0.953769
25.479621 0.945937
25.51085 0.956032
25.542135 0.955858
25.574535 0.956728
25.605855 0.949244
25.63716 0.946807
25.668425 0.937583
25.699712 0.957859
25.732129 0.961427
25.763416 0.956728
25.794677 0.962994
25.825969 0.961514
25.857307 0.959948
25.889824 0.954726
25.92117 0.943588
25.952475 0.933841
25.983785 0.93123
26.004935 0.945328
26.0374 0.943239
26.068726 0.938105
26.100022 0.939497
26.131291 0.940803
26.162569 0.942543
26.194952 0.948896
26.226339 0.963516
26.257616 0.958468
26.28886 0.958207
26.320148 0.962036
26.35254 0.950636
26.383852 0.928794
26.415165 0.929664
26.446459 0.930099
26.477832 0.931404
26.510253 0.9368
26.531325 0.932623
26.562629 0.938888
26.593931 0.941151
26.625309 0.942195
26.657799 0.957163
26.689092 0.971609
26.720425 0.97187
26.751733 0.973784
26.783083 0.97596
26.815535 0.974045
26.846835 0.972218
26.878157 0.969085
26.90951 0.973088
26.940829 0.98005
26.973293 0.968824
27.004609 0.940803
27.035961 0.983618
27.067294 0.961601
27.098546 0.961427
27.130934 0.966823
27.162251 0.966649
27.193587 0.960731
27.224962 0.960557
27.256347 0.949157
27.288726 0.9482
27.320036 0.937148
27.341171 0.906864
27.372454 0.926183
27.403744 0.925661
27.436329 0.958381
27.467669 0.950462
27.499065 0.944284
27.530339 0.942456
27.561744 0.96691
27.594133 0.967345
27.62548 0.936887
27.656774 0.933145
27.688091 0.873099
27.719428 0.868922
27.751888 0.857087
27.783222 0.852127
27.814535 0.859175
27.84589 0.86344
27.877216 0.871794
27.909681 0.878494
27.951153 0.969955
27.982403 0.963429
28.013715 0.983879
28.045048 0.919308
28.077547 0.871185
28.108871 0.84325
28.140183 0.855956
28.171538 0.856478
28.202882 0.818884
28.235292 0.838029
28.266585 0.84325
28.297888 0.831502
28.329185 0.885804
28.360491 0.894942
28.392965 0.799739
28.424261 0.753617
28.455566 0.697922
28.486843 0.645883
28.507888 0.610203
28.540175 0.559643
28.571491 0.491678
28.602758 0.502469
28.634053 0.511868
28.665351 0.492897
28.697749 0.481932
28.729059 0.483585
28.760345 0.494202
28.791635 0.493419
28.822932 0.478712
28.855309 0.477668
28.886586 0.443903
28.917889 0.463657
28.9492 0.493941
28.980529 0.496987
29.013017 0.502817
29.044345 0.496639
29.075652 0.494463
29.106963 0.490373
29.138324 0.489851
29.170825 0.481671
29.202157 0.488806
29.233508 0.484716
29.264782 0.484455
29.296097 0.483672
29.328489 0.481758
29.359738 0.469923
29.391013 0.48959
29.422304 0.491504
29.45364 0.499684
29.486064 0.499684
29.517355 0.493506
29.548623 0.499858
29.579883 0.501338
29.600949 0.498379
29.633393 0.496987
29.664647 0.494811
29.695875 0.484803
29.727117 0.4922
29.758428 0.495681
29.790926 0.498292
29.822207 0.493158
29.853582 0.493854
29.884882 0.508038
29.916169 0.504732
29.94854 0.501686
29.979867 0.498553
30.011132 0.499945
30.042426 0.49951
30.073812 0.50273
30.106267 0.495507
30.137576 0.49864
30.168874 0.503165
30.200144 0.497422
30.231475 0.511345
30.263925 0.513695
30.295232 0.512564
30.326512 0.520048
30.357843 0.518916
30.389151 0.507081
30.421576 0.509953
30.452843 0.512999
30.484128 0.50508
30.515435 0.502643
30.5468 0.504297
30.579262 0.511171
30.610631 0.50682
30.641969 0.508126
30.673286 0.517176
30.70462 0.522223
30.737055 0.5197
30.768338 0.527445
30.79967 0.528837
30.830954 0.528054
30.862281 0.527793
30.894718 0.523267
30.926029 0.528228
30.957331 0.521266
30.988629 0.523267
31.019962 0.52057
31.052574 0.530577
31.083889 0.5311
31.115196 0.531187
31.14652 0.525443
31.177938 0.530925
31.210263 0.529968
31.241601 0.53693
31.272914 0.533275
31.304236 0.534232
31.335547 0.52875
31.367821 0.529968
31.399067 0.532492
31.430323 0.532492
31.461585 0.535364
31.49285 0.538845
31.525119 0.540933
31.556353 0.533449
31.587655 0.539715
33.671228 0.572
33.702536 0.574437
33.734918 0.578788
33.766268 0.579397
33.797596 0.578788
33.828733 0.569912
33.860044 0.578962
33.892314 0.585141
33.923601 0.582356
33.954852 0.580615
33.986115 0.58253
34.017419 0.586881
34.049749 0.583835
34.080975 0.582791
34.112242 0.581225
34.143567 0.583748
34.174849 0.588448
34.207223 0.591058
34.238486 0.594452
34.269733 0.585402
34.301022 0.58897
34.332416 0.588186
34.364974 0.5834
34.396285 0.591841
34.427523 0.593843
34.45875 0.593756
34.489994 0.594452
34.522322 0.596367
34.553568 0.597063
34.584815 0.596889
34.616056 0.5948
34.647329 0.596889
34.679842 0.599499
34.711164 0.600457
34.742382 0.587316
34.773627 0.590971
34.80485 0.593669
34.837297 0.588883
34.868511 0.596454
34.899749 0.595757
34.930984 0.592015
34.962296 0.593582
34.994623 0.592799
35.025853 0.598542
35.057085 0.606809
35.088319 0.606722
35.119576 0.60446
35.151888 0.606548
35.183118 0.608637
35.214422 0.606809
35.245768 0.60707
35.277116 0.605243
35.309506 0.610725
35.340725 0.60855
35.371962 0.609159
35.403193 0.610986
35.434446 0.608637
35.466794 0.613336
35.498041 0.612205
35.529336 0.614815
35.560651 0.615686
35.591998 0.617165
35.624457 0.618383
35.655765 0.619689
35.687025 0.616904
35.718238 0.616034
35.749509 0.617513
35.781797 0.618296
35.81306 0.620472
35.844281 0.623083
35.875535 0.621255
35.906835 0.620559
35.939182 0.622212
35.970518 0.621951
36.001831 0.617687
36.033064 0.624823
36.064396 0.622125
36.096667 0.62317
36.128004 0.625258
36.159366 0.623866
36.190679 0.625693
36.222054 0.627347
36.254478 0.625954
36.28581 0.629435
36.31714 0.628478
36.348464 0.637006
36.379803 0.634135
36.412268 0.624562
36.443534 0.627782
36.474803 0.633264
36.506126 0.633699
36.537479 0.63309
36.569883 0.627695
36.601136 0.628391
36.632441 0.632655
36.663715 0.636484
36.694968 0.629957
36.727208 0.626477
36.758411 0.638138
36.789626 0.632133
36.820832 0.641705
36.852057 0.638486
36.884412 0.635788
36.91576 0.63135
36.94712 0.63718
36.978428 0.640661
37.009758 0.636832
37.042102 0.641531
37.073456 0.641183
37.104743 0.633873
37.136051 0.640922
37.167407 0.643098
37.199793 0.643968
37.231146 0.639443
37.262416 0.647623
37.293696 0.643881
37.325002 0.647623
37.357554 0.64684
37.388928 0.653628
37.420197 0.650495
37.451487 0.659023
37.482866 0.66146
37.515336 0.650408
37.546598 0.659632
37.577935 0.660154
37.609299 0.649363
37.640702 0.654063
37.673116 0.654324
37.704408 0.65328
37.735682 0.656499
37.766977 0.65676
37.788069 0.655629
37.820532 0.65824
37.851884 0.65998
37.883243 0.655803
37.914613 0.658327
37.945995 0.661982
37.978519 0.657631
38.0099 0.665463
38.031014 0.662417
38.062289 0.668421
38.093596 0.66877
38.126002 0.66877
38.157338 0.664941
38.188654 0.667464
38.219952 0.668857
38.251332 0.672512
38.283746 0.668421
38.315096 0.670162
38.346385 0.666159
38.377735 0.670945
38.409059 0.667638
38.441565 0.673817
38.472918 0.674861
38.504222 0.674339
38.535544 0.675731
38.566889 0.676428
38.599312 0.675731
38.630664 0.676602
38.661934 0.676602
38.693238 0.680605
38.724584 0.678777
38.756987 0.678168
38.7883 0.677037
38.819588 0.6746
38.850994 0.674861
38.882307 0.675644
38.91475 0.678516
38.946084 0.683737
38.977412 0.679908
39.008719 0.683215
39.04007 0.680431
39.07265 0.683825
39.103982 0.691308
39.135343 0.686087
39.166716 0.682084
39.198159 0.673469
39.230729 0.684347
39.262044 0.688176
39.29336 0.688002
39.324682 0.688176
39.355952 0.689829
39.388308 0.689655
39.419579 0.692179
39.450829 0.693658
39.482107 0.692614
39.513445 0.694876
39.545835 0.692701
39.57713 0.69096
39.608498 0.694354
39.639801 0.692005
39.660846 0.691221
39.693091 0.697226
39.72442 0.698183
39.755734 0.694006
39.787063 0.697313
39.818466 0.6974
39.850899 0.704449
39.882252 0.699576
39.913594 0.698444
39.944905 0.702186
39.976252 0.701403
40.008617 0.705058
40.040083 0.701316
40.071514 0.702883
40.102838 0.704536
40.134199 0.705145
40.166722 0.707147
40.198013 0.703492
40.229374 0.706712
40.260677 0.700272
40.291985 0.707495
40.324529 0.710105
40.355859 0.707234
40.387153 0.708365
40.418515 0.712107
40.449876 0.709148
40.482329 0.705058
40.513631 0.713412
40.544944 0.709322
40.576124 0.708974
40.607437 0.71524
40.639883 0.712368
40.671201 0.709235
40.702536 0.714979
40.73385 0.710715
40.765123 0.714544
40.797521 0.715849
40.828806 0.720113
40.860075 0.722985
40.891407 0.718982
40.922671 0.717502
40.954974 0.720026
40.98626 0.719591
41.017525 0.727162
41.048754 0.719243
41.080018 0.725682
41.112335 0.725508
41.143652 0.719243
41.175073 0.724551
41.206396 0.728641
41.237744 0.727945
41.270053 0.728206
41.301355 0.730208
41.332583 0.723594
41.36383 0.72342
41.395091 0.730295
41.427474 0.725857
41.458766 0.730643
41.490078 0.732383
41.521414 0.727597
41.552788 0.727858
41.585161 0.734994
41.616373 0.734124
41.64774 0.735603
41.678997 0.735342
41.710366 0.734472
41.74295 0.737257
41.77438 0.738823
41.805658 0.741956
41.826798 0.737953
41.858165 0.73978
41.890652 0.732905
41.921895 0.736995
41.95315 0.734211
41.984399 0.740911
42.015669 0.743087
42.048116 0.742304
42.079436 0.743174
42.110761 0.742826
42.142023 0.744392
42.173349 0.743348
42.205751 0.743783
42.237029 0.743174
42.268298 0.743957
42.299602 0.746568
42.330858 0.744479
42.363178 0.746394
42.394418 0.746742
42.425698 0.751702
42.457022 0.748831
42.488355 0.754835
42.520685 0.752224
42.551961 0.753095
42.583195 0.756489
42.614506 0.758577
42.645822 0.750745
42.667992 0.757968
42.69928 0.755879
42.730569 0.755705
42.761926 0.754226
42.793287 0.757881
42.825822 0.759012
42.857143 0.759186
42.888384 0.754313
42.919671 0.762493
42.95093 0.759099
42.983333 0.758925
43.014629 0.760231
43.045893 0.759621
43.0773 0.7544
43.108656 0.757533
43.141271 0.764234
43.172627 0.761536
43.203957 0.760927
43.235277 0.762406
43.266547 0.767714
43.298907 0.763537
43.330194 0.766757
43.361451 0.766496
43.392711 0.767802
43.424012 0.767279
43.456471 0.76754
43.487795 0.763363
43.51903 0.770064
43.550315 0.768585
43.581656 0.770673
43.614089 0.772327
43.64534 0.77546
43.67655 0.77311
43.707782 0.776156
43.739122 0.778592
43.771523 0.762493
43.802803 0.773458
43.834038 0.772675
43.865309 0.778679
43.896552 0.774241
43.928892 0.777722
43.960155 0.77807
43.991424 0.771805
44.022761 0.775808
44.054138 0.761014
44.086689 0.769629
44.118056 0.772501
44.149407 0.77311
44.180687 0.770412
44.21199 0.759795
44.244473 0.771456
44.275722 0.775372
44.306949 0.770412
44.3382 0.772936
44.369543 0.775111
44.401929 0.771979
44.433306 0.763363
44.464613 0.773806
44.495987 0.773284
44.527355 0.771021
44.559827 0.774937
44.591085 0.787817
44.622457 0.787556
44.653813 0.78538
44.685163 0.782856
44.717619 0.786859
44.748999 0.78451
44.780304 0.77894
44.811687 0.787643
44.832788 0.789209
44.86518 0.772501
44.896486 0.778157
44.927777 0.785728
44.959099 0.785815
44.990425 0.793212
45.022899 0.793908
45.054256 0.791994
45.085656 0.792777
45.116961 0.792603
45.148302 0.784336
45.180789 0.792516
45.212095 0.791907
45.243457 0.796867
45.274756 0.790688
45.306137 0.797389
45.338576 0.800609
45.36989 0.803394
45.401176 0.793734
45.432465 0.801218
45.463782 0.805134
45.496134 0.812531
45.527443 0.807745
45.558721 0.809398
45.590036 0.808702
45.621392 0.807223
45.64361 0.806614
45.674915 0.813227
45.706196 0.812444
45.737574 0.809485
45.769008 0.80905
45.801409 0.813837
45.832753 0.815751
45.864105 0.809746
45.885282 0.816273
45.916584 0.818536
45.948971 0.81871
45.980263 0.822278
46.011607 0.826716
46.042947 0.819493
46.074303 0.81958
46.106827 0.819232
46.138188 0.818362
46.169591 0.814881
46.200937 0.809398
46.23233 0.819493
46.26489 0.820624
46.296242 0.816099
46.327538 0.819841
46.358834 0.824105
46.390161 0.815229
46.42265 0.823844
46.453915 0.811052
46.485206 0.809311
46.516504 0.823061
46.547791 0.822365
46.580317 0.827847
46.611655 0.824801
46.642976 0.822887
46.674294 0.82689
46.70564 0.818623
46.738079 0.819493
46.7694 0.817666
46.800675 0.818797
46.831959 0.825498
46.863265 0.81958
46.895601 0.820972
46.926912 0.822104
46.958156 0.82367
46.989414 0.825933
47.020611 0.836724
47.052965 0.835505
47.08434 0.841423
47.115651 0.835418
47.146954 0.826281
47.178226 0.824279
47.210687 0.837072
47.231734 0.842641
47.262987 0.844469
47.294221 0.839943
47.325514 0.846122
47.357847 0.842467
47.389117 0.834113
47.420362 0.808267
47.451622 0.735429
47.482909 0.728554
47.515273 0.72664
47.546472 0.734559
47.577695 0.733515
47.608958 0.73247
47.640329 0.734994
47.672757 0.746481
47.704118 0.755183
47.735439 0.821843
47.766736 0.842293
47.798179 0.840901
47.830589 0.84151
47.861893 0.8456
47.893233 0.845513
47.924526 0.845861
47.95575 0.843163
47.988065 0.828456
48.019335 0.847079
48.050597 0.852475
48.081868 0.842554
48.11312 0.785902
48.145579 0.80409
48.17687 0.525269
48.310305 0.543109
48.341611 0.582443
48.383032 0.718373
48.415379 0.746046
48.446639 0.746046
48.477947 0.505167
48.631607 0.529707
48.662967 0.302404
48.705655 0.381594
48.736961 0.42206
48.768263 0.462874
48.799501 0.497857
48.830787 0.52379
48.863198 0.546938
48.89457 0.77311
48.925898 0.743696
48.957228 0.765626
48.988564 0.772762
49.020987 0.777635
49.042106 0.781725
49.073457 0.788165
49.104776 0.79269
49.136119 0.79913
49.16864 0.802611
49.200011 0.814968
49.231376 0.864223
49.262799 0.876145
49.29422 0.881018
49.316549 0.875797
49.34785 0.882411
49.379142 0.88067
49.410442 0.88302
49.441733 0.884673
49.474147 0.881366
49.505504 0.883194
49.536864 0.884325
49.568233 0.884499
49.599521 0.875362
49.63193 0.88302
49.663232 0.880235
49.69452 0.877276
49.725847 0.881714
49.757191 0.887545
49.789589 0.888763
49.820921 0.885456
49.852204 0.88798
49.883518 0.891983
49.914798 0.892679
49.947348 0.89207
49.978667 0.885456
50.009996 0.887545
50.041342 0.893636
50.072722 0.890069
50.105155 0.887893
50.136444 0.892418
50.167628 0.889981
50.198863 0.89207
50.230197 0.890417
50.262726 0.869705
50.294042 0.870488
50.32533 0.87423
50.356622 0.867356
50.387971 0.873012
50.420338 0.87423
50.451637 0.874404
50.482878 0.864745
50.514159 0.891983
50.54548 0.902948
50.577877 0.905036
50.609195 0.898075
50.640522 0.896856
50.671755 0.902426
50.703041 0.90173
50.735449 0.901033
50.766753 0.892331
50.79807 0.897727
50.829405 0.898771
50.86074 0.904427
50.893204 0.90173
50.914316 0.906603
50.945625 0.902774
50.976938 0.910258
51.008256 0.905385
51.04068 0.912172
51.071984 0.915392
51.103299 0.905907
51.134621 0.914783
51.165975 0.914
51.198447 0.915218
51.229775 0.909562
51.261079 0.913217
51.29239 0.917568
51.323699 0.916959
51.356031 0.914696
51.387365 0.912085
51.418688 0.914348
51.449969 0.916436
51.481341 0.914261
51.513744 0.919308
51.545115 0.921571
51.576451 0.921571
51.607745 0.919134
51.639097 0.913652
51.671446 0.919047
51.70274 0.926357
51.733995 0.92627
51.7551 0.931404
51.786389 0.930882
51.81877 0.932971
51.850134 0.926183
51.881419 0.920265
51.912775 0.926096
51.944084 0.922876
51.976559 0.926966
52.007892 0.925574
52.039157 0.924007
52.070454 0.920875
52.101783 0.923833
52.134168 0.927923
52.165482 0.930795
52.196739 0.927836
52.228004 0.933841
52.259314 0.928097
52.291816 0.933232
52.323154 0.935581
52.354457 0.93036
52.385814 0.936974
52.417142 0.938105
52.449661 0.932971
52.481005 0.925313
52.512358 0.924355
52.54377 0.931665
52.575183 0.931926
52.607637 0.931839
52.638982 0.934363
52.670257 0.935407
52.701575 0.934102
52.732839 0.933319
52.76535 0.926705
52.796635 0.934972
52.817688 0.943588
52.84893 0.940542
52.880281 0.941238
52.912848 0.93767
52.944184 0.936191
52.975526 0.937235
53.006852 0.936974
53.038231 0.93358
53.070756 0.938627
53.102192 0.939149
53.133491 0.941934
53.164809 0.946546
53.196234 0.942543
53.228747 0.949679
53.260131 0.948896
53.291475 0.954552
53.322811 0.95638
53.343944 0.956206
53.3763 0.951594
53.407565 0.948374
53.438907 0.943065
53.47017 0.948722
53.501511 0.948896
53.533848 0.951159
53.565193 0.95229
53.596557 0.953334
53.627854 0.953769
53.659142 0.953247
53.691492 0.959426
53.722751 0.952986
53.753993 0.957076
53.785218 0.957772
53.816511 0.96369
53.848934 0.954813
53.880249 0.954204
53.911526 0.953943
53.942779 0.956119
53.974042 0.961862
54.006441 0.959687
54.037872 0.965691
54.069193 0.963516
54.100532 0.963864
54.131907 0.971
54.16425 0.970739
54.195503 0.972827
54.226769 0.975264
54.258017 0.95638
54.289368 0.964734
54.321745 0.962907
54.353058 0.968041
54.384354 0.970129
54.415603 0.970304
54.446872 0.969259
54.479195 0.97274
54.51048 0.971261
54.54184 0.984053
54.573131 0.912433
54.604521 0.980224
54.637083 0.849951
54.668396 0.955597
54.689508 0.849951
54.730966 0.942804
54.762278 0.837855
54.794608 0.924181
54.825834 0.878582
54.857084 0.862482
54.888356 0.76084
54.91968 0.840378
54.952012 0.863353
54.983322 0.727597
55.014606 0.855607
55.045954 0.736734
55.077332 0.816012
55.109741 0.852649
55.14104 0.948287
55.172281 0.840553
55.223965 0.856391
55.25527 0.740389
55.287699 0.816273
55.318978 0.815316
55.350307 0.832808
55.381631 0.755531
55.412948 0.82193
55.445415 0.782682
55.47679 0.864571
55.508056 0.896856
55.539339 0.858827
55.570697 0.869096
55.603256 0.842902
55.634596 0.879191
55.665921 0.734472
55.697222 0.856739
55.728544 0.767627
55.760984 0.833156
55.792297 0.78216
55.844051 0.888502
55.875361 0.856739
55.906693 0.860481
55.939126 0.808441
55.970434 0.838203
56.001828 0.753443
56.043449 0.827412
56.074878 0.775721
56.107324 0.820798
56.138652 0.711237
56.16998 0.848733
56.201308 0.82776
56.253023 0.904949
56.285444 0.822713
56.316762 0.897552
56.34806 0.843685
56.389583 0.88885
56.42092 0.810356
56.463522 0.885804
56.494787 0.856391
56.536362 0.907212
56.567653 0.856217
56.599045 0.915914
56.631444 0.835244
56.672947 0.890939
56.704214 0.828108
56.7355 0.861786
56.766779 0.736299
56.799108 0.850038
56.830416 0.889372
56.861758 0.889111
56.893137 0.772327
56.924455 0.834722
56.956798 0.80174
56.99826 0.87162
57.029551 0.818536
57.060818 0.888154
57.092101 0.763189
57.134719 0.867269
57.155776 0.776591
57.197274 0.877276
57.228612 0.825933
57.270161 0.889024
57.302788 0.779637
57.354569 0.89851
57.385941 0.812009
57.407025 0.781029
57.43834 0.712281
57.480921 0.719591
57.54292 0.900076
57.574233 0.818536
57.626027 0.828891
57.657378 0.762928
57.68976 0.853345
57.721071 0.746133
57.752371 0.761884
57.783716 0.752485
57.82533 0.695399
57.857751 0.596454
57.889032 0.720113
57.920315 0.709061
57.972069 0.76171
58.003423 0.697922
58.035911 0.88067
58.067294 0.822104
58.098621 0.873447
58.129991 0.829849
58.161371 0.883455
58.193959 0.901643
58.225308 0.862308
58.256644 0.863614
58.287967 0.861351
58.319267 0.863614
58.351645 0.877102
58.383951 0.897901
58.415247 0.914348
58.446492 0.934972
58.477822 0.937844
58.509131 0.984923
58.541605 0.995801
58.572988 1.016077
58.604406 1.01747
58.635778 1.02391
58.667113 1.029392
58.699396 1.036615
58.730641 1.021212
58.761966 1.036702
58.79328 1.037137
58.824671 1.038877
58.857042 1.041749
58.888354 1.038529
58.919628 1.044795
58.950954 1.045143
58.982252 1.046971
59.01475 1.04114
59.046085 1.046013
59.077465 1.051757
59.108735 1.054716
59.140133 1.053323
59.172519 1.052018
59.203839 1.052453
59.235217 1.051844
59.266566 1.041749
59.297881 1.032786
59.330285 1.028087
59.351418 1.013119
59.382691 1.030523
59.414014 1.034091
59.445324 1.033569
59.47777 1.031742
59.509091 1.034787
59.54043 1.039313
59.571764 1.054629
59.603091 1.052975
59.635629 1.016165
59.666955 1.013728
59.698301 1.019645
59.729668 1.019645
59.761047 1.019036
59.793477 1.01834
59.824795 1.022082
59.856102 1.016165
59.887369 1.046274
59.918677 1.064984
59.951106 1.068204
59.982456 1.067247
60.013774 1.068378
60.045065 1.05985
60.076441 1.065593
60.108853 1.054019
60.140105 1.057326
60.171449 1.064723
60.202745 1.062896
60.234052 1.063244
60.266552 1.065332
60.297888 1.061677
60.329275 1.063505
60.360636 1.066377
60.392051 1.070641
60.424585 1.075427
60.455944 1.068378
60.487265 1.079778
60.518581 1.078038
60.549918 1.078995
60.582383 1.077951
60.613693 1.076558
60.64498 1.047493
60.676272 1.052192
60.707574 1.057587
60.739904 1.056021
60.771194 1.053062
60.802449 1.050451
60.833845 1.052453
60.865221 1.056543
60.897682 1.076732
60.928998 1.086044
60.950074 1.084129
60.98135 1.084564
61.012767 1.086044
61.045155 1.086827
61.076506 1.083346
61.107732 1.086566
61.138937 1.083259
61.17024 1.074818
61.202722 1.084738
61.234031 1.087001
61.265336 1.089264
61.296644 1.087697
61.328016 1.081606
61.360506 1.092048
61.39183 1.09083
61.423177 1.093528
61.454513 1.094572
61.485901 1.085435
61.518405 1.078821
61.549741 1.078125
61.581081 1.073687
61.612448 1.079343
61.643754 1.077777
61.676192 1.081519
61.707562 1.084303
61.738939 1.082389
61.770257 1.082041
61.801598 1.091874
61.834109 1.093876
61.865512 1.094746
61.896833 1.099967
61.928178 1.102665
61.959572 1.098923
61.99229 1.090047
62.023599 1.093528
62.054925 1.091352
62.086224 1.085261
62.117585 1.085174
62.150087 1.088567
62.181488 1.089699
62.21279 1.092483
62.244126 1.096225
62.275482 1.090743
62.297682 1.093006
62.328941 1.090482
62.360175 1.092745
62.391401 1.098227
62.422614 1.099619
62.454941 1.094224
62.486132 1.100577
62.517404 1.098749
62.548718 1.090743
62.580021 1.101969
62.612494 1.106407
62.643763 1.102491
62.675018 1.108235
62.70631 1.098053
62.737618 1.092483
62.770035 1.099967
62.80119 1.101534
62.83246 1.100751
62.863676 1.098488
62.894987 1.105363
62.927514 1.105711
62.958895 1.104667
62.990199 1.114935
63.021522 1.116154
63.052766 1.119287
63.085117 1.120592
63.116379 1.116241
63.147634 1.111106
63.178966 1.119809
63.210338 1.122767
63.243071 1.123028
63.274422 1.11685
63.305706 1.118764
63.337045 1.122506
63.368413 1.125552
63.390755 1.127815
63.422075 1.127902
63.453452 1.121549
63.484772 1.121288
63.516129 1.121288
63.548497 1.115545
63.579797 1.113195
63.611142 1.122854
63.642489 1.121375
63.673917 1.117198
63.706503 1.126335
63.737905 1.126596
63.769222 1.133297
63.800556 1.125813
63.831857 1.129816
63.864254 1.121984
63.885385 1.121984
63.916606 1.127206
63.94789 1.124769
63.979188 1.12503
64.011652 1.119983
64.043005 1.12094
64.07435 1.129468
64.105659 1.143044
64.136906 1.135473
64.169345 1.136865
64.200556 1.122071
64.231809 1.136169
64.263065 1.140955
64.294454 1.13321
64.326921 1.137213
64.358234 1.136952
64.389512 1.134516
64.42077 1.13817
64.452033 1.133123
64.484493 1.124856
64.515749 1.12094
64.546988 1.126857
64.578366 1.12416
64.609769 1.126509
64.642245 1.129903
64.673571 1.131209
64.704844 1.125465
64.736146 1.141912
64.767386 1.109714
64.799793 1.147482
64.831088 1.154705
64.862327 1.156358
64.893669 1.149135
64.925007 1.140955
64.957451 1.153835
64.988829 1.147308
65.020153 1.143305
65.051472 1.11041
65.08276 1.109366
65.115336 1.104232
65.146685 1.107712
65.177993 1.108496
65.209371 1.10954
65.24073 1.105102
65.273163 1.118503
65.304529 1.136778
65.335872 1.153748
65.367122 1.159839
65.398352 1.15749
65.430696 1.15836
65.461968 1.164016
66.791469 1.181682
66.81265 1.180812
66.833778 1.176548
66.856022 1.194648
66.877131 1.198216
66.898201 1.194561
66.919283 1.195605
66.9301 1.190297
66.952189 1.197085
66.973203 1.198129
66.99426 1.161928
67.015356 1.170021
67.036465 1.171413
67.058693 1.165322
67.07975 1.166018
67.100928 1.162711
67.111786 1.168802
67.132901 1.171326
67.155196 1.1715
67.176284 1.166801
67.197388 1.166627
67.218471 1.173502
67.239531 1.159317
67.261786 1.176373
67.282896 1.199783
67.293752 1.201958
67.31481 1.201697
67.335855 1.194213
67.357991 1.193865
67.378962 1.179767
67.399951 1.192647
67.420925 1.19021
67.441919 1.197172
67.463957 1.194213
67.485061 1.204482
67.495937 1.199347
67.517 1.170804
67.538099 1.164625
67.560283 1.165844
67.581432 1.17063
67.602587 1.169586
67.623653 1.168106
67.644672 1.17707
67.666756 1.172806
67.677585 1.168106
67.698597 1.168019
67.719628 1.147482
67.740621 1.168367
67.762687 1.168106
67.783668 1.173067
67.804676 1.199783
67.825767 1.191515
67.846877 1.196128
67.868964 1.198651
67.879663 1.205004
67.900642 1.199957
67.921571 1.205787
67.942704 1.207963
67.964826 1.210834
67.985881 1.196215
68.006904 1.186903
68.027991 1.182117
68.049163 1.195431
68.071407 1.195257
68.082276 1.190732
68.10334 1.199086
68.124359 1.195954
68.145424 1.19665
68.167494 1.196824
68.188513 1.194213
68.209582 1.194909
68.230647 1.19517
68.251722 1.177505
68.273928 1.210138
68.284805 1.219276
68.305906 1.219624
68.327019 1.218754
68.348148 1.219189
68.370343 1.219972
68.391429 1.221799
68.412517 1.216491
68.433618 1.219798
68.454717 1.223192
68.46653 1.220668
68.487581 1.222234
68.508597 1.220146
68.52966 1.227195
68.550724 1.226238
68.572892 1.214402
68.59394 1.219276
68.615038 1.212836
68.636123 1.19926
68.646995 1.207615
68.669162 1.205352
68.690234 1.204308
68.711336 1.199696
68.73245 1.205874
68.753636 1.207963
68.775877 1.20248
68.796974 1.206483
68.818044 1.208833
68.8289 1.209181
68.849961 1.219189
68.872121 1.221886
68.893287 1.222931
68.914362 1.230067
68.935451 1.233286
68.956562 1.221886
68.978813 1.228152
68.999922 1.234592
69.010796 1.233199
69.03189 1.237289
69.052957 1.230502
69.075105 1.231111
69.096246 1.23259
69.117391 1.228152
69.138449 1.236593
69.159524 1.232938
69.18176 1.228239
69.192605 1.235114
69.213664 1.234244
69.234746 1.236506
69.255814 1.238943
69.278022 1.228326
69.299132 1.230067
69.320243 1.236245
69.341441 1.236941
69.362557 1.236071
69.384818 1.223105
69.395703 1.231546
69.416736 1.236593
69.437807 1.237289
69.458944 1.238421
69.481166 1.233983
69.502255 1.215534
69.52328 1.227282
69.544344 1.23346
69.565453 1.238421
69.577341 1.241902
69.598389 1.244512
69.61947 1.242685
69.640555 1.244251
69.661639 1.241815
69.683822 1.238508
69.704872 1.243468
69.725966 1.245121
69.74706 1.244512
69.757954 1.231546
69.780251 1.226586
69.801374 1.224497
69.822431 1.223975
69.843511 1.224758
69.864588 1.226238
69.88681 1.223453
69.907905 1.224497
69.929005 1.226673
69.939867 1.229979
69.960978 1.231459
69.983144 1.229109
70.004212 1.228413
70.025278 1.230502
70.046325 1.251126
70.067397 1.255912
70.089476 1.252779
70.110555 1.249386
70.131698 1.254259
70.142551 1.252257
70.163647 1.243033
70.18593 1.249386
70.207036 1.25861
70.228095 1.258958
70.249204 1.254607
70.270265 1.253476
70.292375 1.258784
70.313456 1.256957
70.324253 1.259132
70.345322 1.260002
70.366454 1.250865
70.388674 1.252518
70.409745 1.255042
70.430783 1.25539
70.451836 1.255651
70.472914 1.252692
70.495003 1.240422
70.505844 1.252431
70.526858 1.253041
70.547831 1.255651
70.568838 1.254694
70.590896 1.255303
70.611938 1.254694
70.633044 1.256695
70.654135 1.259567
70.675295 1.258262
70.697514 1.263396
70.708373 1.264092
70.729458 1.264005
70.750497 1.258175
70.77149 1.252344
70.793565 1.13817
70.824759 1.24547
70.845721 1.237812
70.866695 1.252605
70.88774 1.237899
70.899722 1.202654
70.920807 1.245818
70.941886 1.254694
70.962973 1.233286
70.984172 1.253302
71.00644 1.252779
71.027543 1.223801
71.048636 1.254607
71.069705 1.163059
71.090814 1.155314
71.113016 1.149744
71.134165 1.152877
71.155261 1.149483
71.176327 1.153051
71.197485 1.150006
71.209449 1.135212
71.230522 1.136256
71.251581 1.139215
71.272636 1.140259
71.293693 1.1487
71.315794 1.146873
71.336639 1.149222
71.357591 1.146177
71.388755 1.23259
71.409658 1.250517
71.431369 1.24225
71.452181 1.241466
71.472972 1.247993
71.493767 1.255825
71.514576 1.246166
71.536332 1.257653
71.547024 1.256695
71.567847 1.256957
71.588738 1.252954
71.609708 1.26183
71.631575 1.160187
71.652662 1.171326
71.673577 1.160883
71.694427 1.112499
71.715231 1.067334
71.737072 1.012684
71.757879 0.965952
71.778745 0.92453
71.79954 0.869792
71.810222 0.82193
71.832019 0.775721
71.852848 0.717589
71.873672 0.676602
71.894722 0.657631
71.915613 0.645534
71.937397 0.615512
71.958409 0.593234
71.97921 0.602197
72.000044 0.602719
72.020855 0.600805
72.042495 0.604112
72.0636 0.596802
72.084471 0.602371
72.105339 0.605243
72.126161 0.60211
72.147922 0.60211
72.158588 0.602371
72.17952 0.644577
72.200404 0.629522
72.221487 0.632307
72.243173 0.63631
72.264233 0.640313
72.28508 0.6404
72.306159 0.639008
72.327304 0.630306
72.349092 0.635875
72.359709 0.635527
72.38055 0.635614
72.401396 0.627869
72.422214 0.630218
72.443859 0.627086
72.464708 0.637876
72.485578 0.643185
72.506454 0.631263
72.527341 0.624649
72.549313 0.617339
72.570291 0.619863
72.5912 0.626564
72.601903 0.626215
72.622737 0.625432
72.644591 0.622473
72.665458 0.622038
72.686319 0.617165
72.707129 0.625432
72.72796 0.628826
72.749696 0.634309
72.77051 0.624649
72.791347 0.627347
72.812142 0.631089
72.832975 0.620472
72.854649 0.588535
72.865514 0.565996
72.88634 0.546677
72.907232 0.522832
72.928065 0.492548
72.949796 0.464092
72.970788 0.455129
72.991591 0.420145
73.012377 0.405352
73.033219 0.376895
73.054921 0.353747
73.075773 0.327292
73.096603 0.328336
73.117706 0.328685
73.138602 0.324769
73.150272 0.327205
73.171238 0.323028
73.192188 0.332514
73.213191 0.328075
73.234159 0.326944
73.255916 0.32764
73.276803 0.322854
73.29769 0.325378
73.318596 0.326509
73.339433 0.325291
73.361084 0.31624
73.371735 0.320678
73.392592 0.324159
73.413443 0.326422
73.434328 0.324507
73.455991 0.330425
73.476826 0.323637
73.497688 0.328598
73.518476 0.331991
73.539345 0.327379
73.560997 0.325204
73.582094 0.327031
73.602942 0.327988
73.613615 0.329903
73.634485 0.321027
73.656111 0.326335
73.676927 0.326074
73.697771 0.328336
73.718575 0.327553
73.73946 0.327553
73.761118 0.331991
73.781948 0.330947
73.802784 0.324594
73.823629 0.331034
73.8444 0.327205
73.866135 0.323811
73.87678 0.333471
73.897686 0.33321
73.918483 0.332078
73.939313 0.316153
73.96092 0.330251
73.981722 0.324072
74.002506 0.329468
74.023364 0.325117
74.044202 0.333036
74.066073 0.326683
74.086889 0.331904
74.107688 0.328249
74.118346 0.326944
74.139171 0.32912
74.160764 0.327901
74.18158 0.322158
74.202363 0.322158
74.223155 0.326944
74.24397 0.335646
74.265687 0.336865
74.286552 0.334254
74.307417 0.336256
74.32859 0.325465
74.349519 0.327466
74.361292 0.327814
74.382166 0.327466
74.402975 0.330077
74.423811 0.33086
74.444811 0.331208
74.466408 0.337909
74.487244 0.335559
74.508166 0.336604
74.529118 0.333993
74.549999 0.333732
74.571696 0.337909
74.582324 0.335124
74.603115 0.330686
74.624005 0.336778
74.64508 0.335907
74.66668 0.34139
74.687686 0.335907
74.708672 0.334428
74.729486 0.338518
74.750465 0.338257
74.772221 0.335124
74.793127 0.339127
74.814115 0.337648
74.834966 0.33643
74.845642 0.337909
74.867222 0.338518
74.888057 0.33643
74.909024 0.340955
74.930067 0.34313
74.95104 0.342173
74.972811 0.343217
74.993645 0.344958
75.01476 0.342695
75.035612 0.341564
75.056474 0.345219
75.078263 0.341651
75.088913 0.336778
75.109776 0.341216
75.130829 0.342521
75.151958 0.340433
75.173564 0.342086
75.19438 0.344436
75.215184 0.341738
75.235995 0.34313
75.256798 0.345567
75.278613 0.346089
75.289237 0.347394
75.310095 0.34139
75.330917 0.348787
75.351754 0.352529
75.373631 0.348178
75.394426 0.347481
75.415233 0.345567
75.436002 0.344871
75.456808 0.351223
75.47866 0.353138
75.499479 0.342869
75.520268 0.352529
75.541069 0.353225
75.551701 0.352268
75.573478 0.357663
75.594356 0.352007
75.615138 0.340955
75.635965 0.343391
75.656865 0.342608
75.678827 0.352268
75.699753 0.356706
75.720669 0.360187
75.741513 0.355314
75.762525 0.352964
75.784462 0.35131
75.795118 0.352877
75.816037 0.352616
75.836886 0.352703
75.857708 0.354095
75.879726 0.35775
75.900549 0.350788
75.921487 0.356271
75.942301 0.359143
75.963222 0.362362
75.985136 0.355488
75.995761 0.358968
76.016707 0.358185
76.037581 0.35601
76.058424 0.36184
76.080389 0.364712
76.101231 0.36506
76.122152 0.363842
76.143048 0.367062
76.16386 0.356097
76.185738 0.363146
76.20655 0.344523
76.227358 0.353138
76.248317 0.363755
76.269135 0.361144
76.28078 0.363494
76.301777 0.365756
76.322712 0.364625
76.343532 0.362623
76.364353 0.361666
76.386306 0.363581
76.407119 0.361666
76.427927 0.361057
76.448892 0.36828
76.469777 0.370891
76.491666 0.350353
76.502318 0.365234
76.52307 0.363233
76.543852 0.363581
76.564647 0.362449
76.586398 0.35775
76.607201 0.364016
76.627998 0.367845
76.648838 0.368889
76.669717 0.363059
76.691583 0.362972
76.712404 0.367323
76.733225 0.367149
76.74388 0.368889
76.76473 0.377156
76.786562 0.3601
76.807359 0.36828
76.828152 0.368367
76.848931 0.367758
76.869746 0.370455
76.89147 0.368193
76.912214 0.372544
76.932953 0.369411
76.953717 0.374981
76.974512 0.374372
76.996082 0.374981
77.016907 0.368367
77.037753 0.371761
77.058603 0.368715
77.069333 0.365756
77.091397 0.385249
77.11227 0.318155
77.184128 0.331991
77.204947 0.328598
77.226023 0.331382
77.247747 0.333732
77.268617 0.338779
77.289432 0.339214
77.310258 0.334428
77.331095 0.334428
77.352822 0.337909
77.373674 0.332078
77.394479 0.332688
77.405086 0.309017
77.456395 0.326074
77.478056 0.298575
77.50928 0.281344
77.540328 0.272033
77.550954 0.26159
77.571782 0.247144
77.593376 0.230697
77.614225 0.22008
77.63497 0.209724
77.655862 0.198585
77.676692 0.207723
77.718686 0.201979
77.739548 0.199891
77.760331 0.20868
77.781131 0.203285
77.802215 0.198585
77.824116 0.204416
77.844929 0.201805
77.86574 0.203546
77.88667 0.20546
77.907533 0.206418
77.918989 0.20459
77.939913 0.193712
77.991215 0.199195
78.012059 0.199021
78.032911 0.184836
78.054586 0.180485
78.075362 0.181964
78.096148 0.185706
78.116957 0.187534
78.137762 0.192146
78.159576 0.192233
78.170211 0.187186
78.191007 0.188665
78.211789 0.190057
78.232621 0.207984
78.264488 0.200848
78.27511 0.199021
78.29601 0.188143
78.327026 0.189709
78.347894 0.200065
78.369601 0.196062
78.390408 0.197106
78.411357 0.197541
78.432142 0.201283
78.452962 0.197889
78.474736 0.199021
78.485596 0.197715
78.506613 0.197889
78.527456 0.205025
78.548324 0.196932
78.57015 0.202589
78.591217 0.19876
78.612034 0.203807
78.632941 0.197019
78.653869 0.198585
78.675491 0.201196
78.696299 0.201544
78.717156 0.197628
78.727825 0.20137
78.748632 0.199021
78.770486 0.199978
78.791304 0.205025
78.822285 0.194669
78.843273 0.205634
78.864157 0.207027
78.885854 0.208506
78.896733 0.199804
78.91756 0.201109
78.938389 0.207549
78.959268 0.207288
78.980894 0.206156
79.001753 0.204329
79.022575 0.210682
79.043442 0.206592
79.064415 0.206853
79.086202 0.205547
79.10705 0.207288
79.12794 0.211378
79.138633 0.209202
79.159559 0.211465
79.181499 0.21277
79.202439 0.208941
79.223276 0.21512
79.244108 0.212509
79.265245 0.206505
79.28691 0.208506
79.307848 0.212161
79.328873 0.214424
79.349673 0.218601
79.360293 0.215903
79.382222 0.217295
79.403115 0.210334
79.423924 0.216773
79.444725 0.208941
79.465599 0.211639
79.487488 0.210769
79.508432 0.208332
79.529198 0.211987
79.549955 0.217121
79.570777 0.214076
79.59234 0.215729
79.603004 0.218601
79.623774 0.209376
79.644567 0.214424
79.66542 0.214772
79.686959 0.212944
79.707738 0.22095
79.728528 0.224692
79.749523 0.215294
79.770499 0.21512
79.792173 0.217992
79.813058 0.214772
79.834121 0.224692
79.844784 0.222604
79.865674 0.226259
79.887481 0.220602
79.908312 0.221821
79.929101 0.220689
79.949941 0.219123
79.970763 0.221298
79.992299 0.221298
80.013123 0.219993
80.033902 0.216512
80.054729 0.216599
80.075541 0.227564
80.097193 0.218514
80.107856 0.222778
80.128762 0.226433
80.149648 0.227564
80.170502 0.226607
80.192223 0.226694
80.213102 0.226694
80.234147 0.224953
80.255016 0.229392
80.276013 0.22652
80.297763 0.225824
80.318674 0.227477
80.339744 0.228434
80.360628 0.229043
80.381524 0.228434
80.393296 0.231132
80.414428 0.229914
80.435233 0.231045
80.456 0.23235
80.476811 0.231828
80.498462 0.234613
80.529452 0.227738
80.540047 0.226868
80.560851 0.230001
80.581658 0.233569
80.603223 0.228782
80.624068 0.232437
80.644829 0.231654
80.665649 0.230871
80.686456 0.233308
80.708042 0.232176
80.72898 0.228695
80.749825 0.233047
80.77063 0.230784
80.79142 0.228695
80.813138 0.22974
80.82376 0.231567
80.844558 0.239138
80.865384 0.24201
80.886207 0.239225
80.907969 0.240356
80.928797 0.2347
80.949621 0.227564
80.970382 0.23792
80.991189 0.238877
81.012928 0.237137
81.033736 0.246448
81.044362 0.24523
81.065197 0.241227
81.086066 0.239399
81.107726 0.239834
81.128541 0.238442
81.149453 0.237572
81.170414 0.238964
81.19131 0.244098
81.213222 0.239834
81.234061 0.240443
81.254938 0.242358
81.275749 0.244272
81.286672 0.244011
81.308414 0.240792
81.329329 0.24053
81.350208 0.244708
81.371244 0.248972
81.392227 0.250451
81.413914 0.24697
81.434767 0.244969
81.45564 0.246622
81.476513 0.245143
81.497554 0.246535
81.519244 0.246535
81.540309 0.248537
81.561161 0.24845
81.571797 0.243141
81.59284 0.253323
81.614688 0.25663
81.635483 0.255324
81.656466 0.255672
81.67747 0.253236
81.698304 0.252017
81.719947 0.256717
81.740727 0.248711
81.761742 0.254367
81.782705 0.258457
81.803692 0.255063
81.815006 0.253149
81.846142 0.246448
81.85675 0.25254
81.877549 0.253671
81.89857 0.257065
81.92012 0.253236
81.941002 0.252975
81.962039 0.257065
81.982835 0.258022
82.003767 0.258457
82.025387 0.254889
82.0462 0.259066
82.067135 0.258892
82.088161 0.258196
82.09877 0.254802
82.120413 0.254454
82.141302 0.25837
82.162169 0.259588
82.182993 0.25924
82.203821 0.256891
82.225595 0.262199
82.246425 0.263504
82.267249 0.264636
82.288033 0.260981
82.309155 0.26655
82.330805 0.265767
82.341572 0.266811
82.362349 0.268117
82.383313 0.266289
82.404379 0.264288
82.426119 0.259588
82.446998 0.264897
82.467846 0.262721
82.488671 0.267508
82.509767 0.265767
82.531444 0.2689
82.552289 0.269509
82.562897 0.268204
82.583719 0.271685
82.604547 0.261851
82.626364 0.268291
82.64722 0.267508
82.668098 0.270988
82.68916 0.27125
82.710004 0.270031
82.731842 0.271511
82.752695 0.274295
82.773719 0.277254
82.794548 0.268726
82.805167 0.268552
82.826758 0.270379
82.84757 0.268117
82.868338 0.270031
82.889303 0.267595
82.910093 0.267508
82.931842 0.270205
82.952694 0.279952
82.973503 0.278559
82.994308 0.278733
83.015138 0.270205
83.036706 0.26977
83.047371 0.268726
83.068191 0.270205
83.088982 0.276732
83.109817 0.280213
83.131594 0.280735
83.152444 0.2803
83.173274 0.272033
83.194085 0.276036
83.214904 0.282998
83.236769 0.274556
83.25761 0.274382
83.27865 0.278298
83.28936 0.271511
83.3102 0.273425
83.331944 0.282127
83.352763 0.279604
83.373571 0.282214
83.394387 0.279169
83.415244 0.278908
83.43693 0.279865
83.457882 0.277863
83.478775 0.278908
83.499785 0.279691
83.520591 0.27943
83.542196 0.28674
83.552842 0.287523
83.573669 0.284477
83.594456 0.283694
83.615259 0.286653
83.636893 0.27943
83.657674 0.283433
83.678442 0.285608
83.699189 0.286914
83.720008 0.287262
83.741607 0.285608
83.762658 0.291178
83.783731 0.282127
83.794469 0.288741
83.815439 0.293005
83.837187 0.287871
83.858167 0.29083
83.878965 0.289089
83.899857 0.287958
83.920753 0.294572
83.942378 0.293179
83.96319 0.298401
83.984213 0.296051
84.005123 0.293875
84.015766 0.292396
84.037417 0.294311
84.058198 0.287784
84.079133 0.292309
84.099965 0.292657
84.120841 0.287784
84.142507 0.294659
84.163478 0.291613
84.184301 0.2917
84.205103 0.298314
84.225973 0.297878
84.247575 0.294833
84.25822 0.297182
84.279134 0.301359
84.300009 0.302752
84.320841 0.299097
84.342469 0.305885
84.363535 0.301969
84.384351 0.303274
84.405197 0.305101
84.426059 0.299793
84.447693 0.301185
84.468502 0.305188
84.489378 0.298923
84.500041 0.300489
84.520828 0.301707
84.542464 0.300837
84.563573 0.30223
84.584375 0.303448
84.60529 0.297704
84.626101 0.305101
84.647714 0.304579
84.668568 0.302926
84.689446 0.306407
84.710248 0.312933
84.731238 0.312324
84.752818 0.310149
84.763683 0.30397
84.784512 0.318329
84.80538 0.309714
84.826218 0.318329
84.848235 0.313891
84.869104 0.314152
84.889918 0.306755
84.910741 0.312759
84.93161 0.313978
84.953563 0.306581
84.974476 0.311106
84.9851 0.316066
85.006119 0.313891
85.026974 0.308843
85.048631 0.315892
85.069493 0.313804
85.090307 0.311193
85.111167 0.31128
85.13223 0.313369
85.15435 0.3145
85.175241 0.317111
85.196081 0.313543
85.206742 0.313456
85.227594 0.32033
85.249454 0.317111
85.270386 0.319634
85.291228 0.319634
85.312081 0.316762
85.333016 0.316327
85.355017 0.318938
85.375832 0.323985
85.396632 0.324681
85.417494 0.319286
85.438411 0.322506
85.449856 0.321462
85.470815 0.323028
85.491701 0.322854
85.512541 0.327553
85.533377 0.326248
85.554963 0.317459
85.576021 0.317894
85.597089 0.324769
85.618136 0.324943
85.638956 0.3259
85.660529 0.323028
85.671161 0.322767
85.691969 0.324594
85.712845 0.32355
85.733808 0.325465
85.755474 0.326161
85.776649 0.322506
85.797485 0.32355
85.818342 0.318416
85.83929 0.322593
85.860994 0.325465
85.882008 0.326683
85.90287 0.320069
85.913548 0.326074
85.934462 0.324246
85.956218 0.326248
85.977084 0.330077
85.997969 0.32999
86.018816 0.330947
86.039709 0.329816
86.061545 0.33086
86.082428 0.334428
86.10323 0.334602
86.12412 0.332165
86.145103 0.333645
86.156553 0.335559
86.177632 0.333036
86.198429 0.33643
86.21922 0.334602
86.240151 0.33408
86.261825 0.338083
86.282633 0.334776
86.303479 0.337126
86.324287 0.333471
86.345165 0.333819
86.366714 0.337735
86.38756 0.331904
86.398171 0.33991
86.419056 0.333558
86.43998 0.333558
86.461628 0.33495
86.48249 0.332688
86.503393 0.335385
86.524219 0.336517
86.545031 0.338866
86.566681 0.341042
86.587638 0.340955
86.608457 0.343652
86.629276 0.343391
86.650138 0.344436
86.661802 0.346959
86.682603 0.344088
86.703454 0.345828
86.724227 0.347481
86.745049 0.346959
86.766675 0.347917
86.787768 0.345741
86.808635 0.342173
86.829498 0.347656
86.850383 0.344871
86.872009 0.351049
86.882666 0.346698
86.903446 0.348787
86.924517 0.348526
86.945677 0.345306
86.967369 0.346872
86.988222 0.344349
87.009011 0.345828
87.029932 0.351049
87.05084 0.349135
87.072536 0.350962
87.093422 0.356184
87.114219 0.349831
87.124895 0.35131
87.145712 0.350353
87.167542 0.350005
87.188377 0.294224
90.521777 0.31772
90.53252 0.282737
90.583927 0.286217
90.605624 0.255237
90.718168 0.214424
90.738983 0.314935
90.759789 0.282649
90.790994 0.291265
90.812895 0.232872
90.935523 0.287871
90.98708 0.287697
91.008121 0.278124
91.130845 0.310323
91.152616 0.287262
91.193956 0.276036
91.214757 0.257935
91.286375 0.31302
91.307229 0.320591
91.328938 0.322854
91.349745 0.321723
91.370799 0.281779
91.391678 0.293092
91.412512 0.286653
91.434224 0.286391
91.455051 0.289872
91.475881 0.315805
91.496676 0.323985
91.517516 0.325639
91.539345 0.327205
91.56017 0.338692
91.580969 0.334602
91.601848 0.339127
91.622714 0.335124
91.63438 0.34313
91.655429 0.347917
91.676397 0.380637
91.697318 0.381681
91.718188 0.383944
91.74005 0.377852
91.760902 0.386207
91.781778 0.398825
91.802621 0.39926
91.823734 0.401958
91.845454 0.404829
91.856355 0.406396
91.877285 0.408136
91.898239 0.411269
91.919223 0.414402
91.940908 0.401436
91.961994 0.413358
91.982791 0.40979
92.003599 0.41388
92.024465 0.412662
92.046082 0.412923
92.067005 0.413619
92.077672 0.412313
92.098622 0.418666
92.119641 0.413097
92.141368 0.4124
92.162278 0.417622
92.183131 0.413967
92.20423 0.421277
92.22508 0.420755
92.246975 0.421799
92.267999 0.424236
92.28879 0.427891
92.299464 0.428326
92.320291 0.41971
92.341941 0.425454
92.362765 0.423974
92.383567 0.424497
92.404382 0.425541
92.425207 0.421886
92.446802 0.423539
92.467609 0.431632
92.48839 0.4238
92.50919 0.425802
92.529987 0.422843
92.551571 0.423017
92.562205 0.419362
92.582987 0.421625
92.60376 0.430066
92.624563 0.425541
92.646106 0.430675
92.666922 0.433373
92.687713 0.432851
92.708505 0.431371
92.729317 0.430936
92.750887 0.429283
92.771689 0.430501
92.792491 0.433895
92.813302 0.433895
92.823973 0.433199
92.845567 0.436593
92.866375 0.437724
92.887163 0.436854
92.907933 0.437637
92.928829 0.428413
92.950615 0.433112
92.971479 0.431284
92.992309 0.440422
93.013419 0.43755
93.034292 0.439813
93.056081 0.438507
93.066728 0.43668
93.087589 0.43755
93.108587 0.437289
93.129651 0.436941
93.151385 0.4399
93.172236 0.432068
93.193082 0.442075
93.214055 0.442249
93.234968 0.441553
93.256835 0.443555
93.277706 0.440944
93.288347 0.444686
93.309131 0.445382
93.330036 0.444947
93.351824 0.430066
93.372731 0.435723
93.393647 0.446252
93.414479 0.441988
93.435376 0.447123
93.457301 0.449907
93.478419 0.444686
93.499273 0.446861
93.520152 0.443903
93.530839 0.445643
93.552471 0.445556
93.573301 0.446513
93.594099 0.449646
93.61496 0.449994
93.635776 0.451474
93.65744 0.443903
93.678219 0.448167
93.698977 0.451735
93.71977 0.453649
93.740563 0.448689
93.76223 0.452605
93.772871 0.453649
93.79365 0.449994
93.814416 0.454781
93.835233 0.453736
93.856756 0.45539
93.877563 0.459306
93.898351 0.454084
93.919125 0.457217
93.93992 0.457391
93.961446 0.456173
93.982213 0.457565
94.002974 0.457304
94.023854 0.458436
94.044664 0.456695
94.056206 0.460437
94.077002 0.45713
94.09784 0.461916
94.118649 0.460263
94.139469 0.460089
94.161058 0.456695
94.181871 0.459306
94.202675 0.463657
94.223485 0.462003
94.244303 0.46357
94.265848 0.461133
94.286619 0.463744
94.29721 0.463048
94.317959 0.46531
94.338719 0.461829
94.360308 0.464353
94.381117 0.464353
94.401905 0.463222
94.422701 0.469487
94.443531 0.467312
94.465115 0.469052
94.485929 0.469139
94.506716 0.468269
94.527521 0.470532
94.548349 0.474883
94.559787 0.469487
94.580596 0.468965
94.601413 0.471315
94.622192 0.472359
94.642992 0.469574
94.664712 0.468965
94.685542 0.464701
94.70632 0.468356
94.727098 0.466964
94.747923 0.468008
94.769631 0.468704
94.790409 0.47175
94.801028 0.480191
94.821779 0.469923
94.842534 0.472707
94.864205 0.476101
94.884966 0.474274
94.905742 0.471228
94.926568 0.474361
94.94737 0.478538
94.969078 0.481235
94.989885 0.481845
95.010652 0.477058
95.031425 0.479495
95.052298 0.479147
95.073964 0.47819
95.084582 0.476884
95.105405 0.47906
95.126186 0.478451
95.147031 0.476623
95.168826 0.478364
95.189649 0.480191
95.210422 0.478364
95.231197 0.473839
95.252005 0.474448
95.273735 0.478886
95.294569 0.480887
95.305229 0.481932
95.326102 0.480104
95.34693 0.47819
95.368787 0.487501
95.38962 0.48489
95.410389 0.488023
95.431262 0.483846
95.45211 0.486196
95.474018 0.485761
95.494826 0.487327
95.515619 0.483237
95.536412 0.491069
95.557223 0.484107
95.568791 0.48811
95.589626 0.477842
95.610384 0.47906
95.631166 0.488371
95.652038 0.487153
95.673931 0.488806
95.694792 0.484368
95.715714 0.484281
95.736545 0.490112
95.7575 0.488458
95.779079 0.489242
95.78969 0.487936
95.810435 0.484803
95.831169 0.48724
95.851942 0.488284
95.873768 0.487762
95.894632 0.495942
95.915458 0.49455
95.936271 0.484977
95.957072 0.494202
95.978941 0.494376
95.99973 0.492984
96.020544 0.504122
96.041489 0.501077
96.052191 0.503861
96.074159 0.498205
96.095146 0.499945
96.116112 0.497422
96.137001 0.496203
96.157876 0.496116
96.179877 0.49864
96.200796 0.501686
96.221737 0.501947
96.242691 0.498205
96.253444 0.500555
96.275468 0.496116
96.296328 0.496464
96.317209 0.494898
96.338056 0.495681
96.358908 0.496551
96.380758 0.489242
96.401685 0.497509
96.42255 0.502643
96.443513 0.50099
96.46457 0.505863
96.486754 0.501686
96.49763 0.502469
96.518661 0.504209
96.539678 0.494898
96.560736 0.507777
96.582899 0.505602
96.603954 0.503861
96.625027 0.507864
96.646118 0.5083
96.667292 0.503774
96.679265 0.506211
96.700371 0.511868
96.721431 0.510649
96.742461 0.51178
96.763536 0.510649
96.78575 0.510301
96.806864 0.514391
96.827943 0.510823
96.849043 0.511345
96.859901 0.514826
96.882107 0.510649
96.903159 0.515697
96.924237 0.510736
96.945322 0.508909
96.966365 0.51178
96.988418 0.509344
97.009499 0.512129
97.030506 0.508996
97.041289 0.508996
97.062317 0.510562
97.084368 0.510736
97.105466 0.502121
97.126528 0.514391
97.147637 0.480191
97.179056 0.503339
97.191004 0.5083
97.212082 0.513869
97.233084 0.514565
97.254158 0.519961
97.27521 0.521353
97.297339 0.522832
97.318382 0.525617
97.339399 0.522397
97.360421 0.521701
97.371251 0.507255
97.393408 0.513782
97.414493 0.48724
97.445761 0.493245
97.456583 0.49133
97.477596 0.490982
97.499692 0.491156
97.520765 0.492461
97.541816 0.492026
97.562912 0.487849
97.584016 0.485064
97.606207 0.482889
97.627264 0.491417
97.638102 0.486979
97.659127 0.497161
97.680103 0.495768
97.702134 0.507255
97.723133 0.523529
97.74416 0.531274
97.765207 0.530403
97.786308 0.528315
97.808459 0.531796
97.829585 0.533101
97.840447 0.529011
97.861474 0.526313
97.882539 0.533188
97.904778 0.525878
97.925852 0.536234
97.946885 0.534929
97.96791 0.531535
97.988974 0.532753
98.011149 0.524834
98.022005 0.53197
98.043092 0.531274
98.064162 0.531622
98.085277 0.536408
98.107486 0.524834
98.1286 0.536756
98.149739 0.531709
98.170824 0.533362
98.191853 0.535799
98.213927 0.53606
98.224718 0.533362
98.245701 0.53371
98.266682 0.529098
98.287751 0.537974
98.310062 0.539802
98.331068 0.536669
98.352061 0.540585
98.373065 0.53197
98.39408 0.538671
98.416163 0.542935
98.426913 0.53928
98.44789 0.53606
98.468933 0.531448
98.490031 0.530838
98.512233 0.54102
98.533435 0.541194
98.554578 0.544414
98.575689 0.540672
98.596839 0.543892
98.608722 0.538322
98.629825 0.549809
98.65095 0.543631
98.672057 0.537365
98.693203 0.540324
98.715406 0.542848
98.736544 0.540237
98.757602 0.543718
98.778665 0.545197
98.789613 0.541629
98.811742 0.545545
98.832827 0.513173
98.853928 0.543979
98.875031 0.522745
98.896129 0.544762
98.918349 0.543022
98.939455 0.543022
98.960556 0.545632
98.981691 0.554857
99.002812 0.554944
99.025054 0.55651
99.035959 0.548591
99.057052 0.551115
99.07787 0.554509
99.09872 0.543457
99.120604 0.518655
99.141438 0.52553
99.162413 0.526052
99.183435 0.524573
99.204446 0.523355
99.226557 0.521353
99.23739 0.52144
99.258348 0.519264
99.27934 0.517437
99.300345 0.515261
99.322425 0.524138
99.34339 0.525617
99.364409 0.517263
99.385521 0.541455
99.40661 0.531187
99.428806 0.553464
99.439688 0.509779
99.471031 0.53928
99.492175 0.553725
99.513241 0.55651
99.525154 0.555553
99.546227 0.559469
99.567309 0.5606
99.588362 0.55651
99.609443 0.560165
99.631619 0.561732
99.652738 0.563385
99.673799 0.570869
99.694883 0.570608
99.705742 0.569738
99.72787 0.52962
99.748927 0.533884
99.769985 0.533362
99.791 0.53284
99.812064 0.53519
99.834196 0.534406
99.855236 0.535277
99.876284 0.535973
99.887092 0.534842
99.90808 0.534145
99.93031 0.524051
99.951296 0.533536
99.972263 0.532753
99.993297 0.542935
100.014298 0.566692
