7e-06 0.010703
0.236331 0.020015
0.267714 0.027412
0.299097 0.033851
0.330525 0.039073
0.361926 0.044033
0.394401 0.049777
0.425737 0.054737
0.457051 0.057783
0.488398 0.107386
0.519809 0.109213
0.552337 0.10756
0.583498 0.109909
0.614614 0.111824
0.645795 0.11574
0.676988 0.122876
0.709299 0.129315
0.740493 0.133841
0.771661 0.149331
0.802894 0.167257
0.834078 0.174306
0.866408 0.177004
0.897656 0.185445
0.928857 0.196062
0.960135 0.208506
0.991507 0.224605
1.023891 0.232524
1.055125 0.243315
1.086423 0.257761
1.117733 0.272468
1.149044 0.291091
1.181468 0.31041
1.212817 0.329642
1.244107 0.357228
1.275346 0.38377
1.306651 0.404568
1.339108 0.420233
1.370492 0.020189
1.61608 0.031937
1.647399 0.055607
1.678804 0.072751
1.711238 0.093984
1.742568 0.110518
1.77388 0.122963
1.805227 0.135233
1.836586 0.142978
1.869056 0.219036
1.900424 0.263592
1.931814 0.270379
1.963118 0.273947
1.984204 0.276819
2.016628 0.277515
2.047917 0.274121
2.079173 0.266463
2.110438 0.27534
2.141783 0.274295
2.174316 0.278995
2.205698 0.278472
2.23708 0.281779
2.268444 0.276993
2.299797 0.278908
2.332168 0.280561
2.363453 0.27125
2.394717 0.281344
2.425963 0.280561
2.457253 0.275427
2.489754 0.277515
2.522267 0.277515
2.553599 0.280996
2.584948 0.286914
2.616336 0.283607
2.647672 0.285086
2.679991 0.280822
2.711261 0.279952
2.742525 0.272729
2.763598 0.2803
2.794856 0.278646
2.827241 0.280822
2.85859 0.278995
2.889962 0.277776
2.92131 0.282475
2.952669 0.280822
2.985072 0.282388
3.016357 0.287349
3.047615 0.287784
3.078978 0.286478
3.110316 0.285521
3.142692 0.283346
3.173974 0.282911
3.205303 0.286478
3.236666 0.28117
3.268032 0.281257
3.300488 0.280822
3.33188 0.279778
3.363187 0.280735
3.394463 0.283259
3.42575 0.286391
3.458144 0.285434
3.489475 0.282911
3.520715 0.280909
3.552001 0.284564
3.583287 0.283607
3.615617 0.281692
3.646906 0.285608
3.678247 0.282214
3.709641 0.283172
3.741001 0.284303
3.773534 0.278733
3.804894 0.282998
3.836241 0.282562
3.867491 0.279952
3.898816 0.279778
3.931162 0.27882
3.962451 0.286566
3.993738 0.279169
4.025074 0.281866
4.05643 0.280126
4.088946 0.280735
4.110083 0.283172
4.141415 0.282649
4.172756 0.277167
4.20413 0.288654
4.236568 0.27882
4.267863 0.280561
4.299176 0.282824
4.330473 0.284042
4.361832 0.288393
4.394299 0.286566
4.425557 0.282998
4.456823 0.282911
4.488163 0.282475
4.5195 0.28613
4.551965 0.282824
4.583324 0.286914
4.614699 0.284303
4.646081 0.280039
4.677441 0.280909
4.709868 0.280648
4.741257 0.288306
4.772589 0.275949
4.804017 0.283607
4.835342 0.28352
4.867821 0.285347
4.89927 0.286827
4.930543 0.283694
4.961772 0.286478
4.992991 0.283781
5.025097 0.283433
5.056254 0.272468
5.087495 0.285347
5.118735 0.281518
5.149989 0.276123
5.18232 0.269857
5.213571 0.27943
5.244843 0.27882
5.27617 0.277689
5.30743 0.274121
5.339839 0.282301
5.371108 0.279952
5.402471 0.281257
5.433797 0.277167
5.465206 0.291526
5.497744 0.281083
5.529053 0.28526
5.560366 0.282998
5.591638 0.289872
5.622882 0.277776
5.655283 0.285521
5.686568 0.281779
5.717799 0.286653
5.749032 0.287262
5.78033 0.280735
5.812707 0.281953
5.844061 0.282737
5.875308 0.286391
5.906509 0.284738
5.937808 0.285956
5.970243 0.283868
6.001556 0.282737
6.032801 0.284216
6.063998 0.287349
6.095235 0.286827
6.127575 0.288393
6.158836 0.28761
6.190073 0.28613
6.221365 0.284651
6.252778 0.28613
6.285212 0.287436
6.306336 0.286478
6.337645 0.288654
6.368977 0.286653
6.400379 0.284303
6.432776 0.284738
6.464076 0.287436
6.49539 0.289089
6.526673 0.28674
6.557949 0.287436
6.590326 0.286478
6.621547 0.288828
6.652799 0.286653
6.684076 0.280996
6.715337 0.280909
6.747793 0.288219
6.779144 0.282998
6.810492 0.28674
6.841836 0.288132
6.873163 0.287697
6.905642 0.284912
6.936978 0.287871
6.968257 0.282301
6.999383 0.286566
7.030588 0.285434
7.06308 0.287349
7.094434 0.28761
7.115639 0.286478
7.146987 0.283781
7.178335 0.284912
7.210681 0.284738
7.241934 0.282998
7.273184 0.286304
7.304417 0.284303
7.335672 0.282301
7.368168 0.283694
7.399354 0.280213
7.430593 0.279343
7.461825 0.280213
7.493056 0.285521
7.525391 0.28613
7.556618 0.284738
7.587846 0.279256
7.619118 0.282301
7.65043 0.283259
7.682787 0.282998
7.714044 0.288045
7.745351 0.286304
7.776611 0.287262
7.807919 0.28439
7.84027 0.283607
7.871523 0.28848
7.902865 0.283694
7.934214 0.288741
7.965604 0.275862
7.998046 0.280039
8.029352 0.283346
8.060767 0.278385
8.092128 0.282475
8.12349 0.285173
8.155955 0.282388
8.187298 0.28439
8.21864 0.274208
8.249923 0.282301
8.281231 0.27708
8.313555 0.279604
8.344904 0.281518
8.376264 0.279256
8.407598 0.278908
8.438943 0.279169
8.471376 0.277776
8.50264 0.279343
8.533926 0.27621
8.565229 0.278559
8.596596 0.286391
8.629155 0.286391
8.660515 0.280387
8.691851 0.281779
8.723161 0.282737
8.754505 0.274904
8.776682 0.279952
8.808027 0.281431
8.839324 0.280387
8.870586 0.283607
8.901853 0.284999
8.934267 0.283172
8.965521 0.283955
8.996754 0.284042
9.028056 0.283868
9.059347 0.282475
9.091889 0.284738
9.123235 0.285086
9.154598 0.282824
9.185967 0.278385
9.217345 0.27943
9.249714 0.282388
9.281013 0.282998
9.312263 0.283259
9.343492 0.281692
9.374732 0.280474
9.407071 0.280126
9.438369 0.275862
9.469751 0.282649
9.501116 0.285173
9.532484 0.28526
9.565099 0.280561
9.596467 0.286478
9.627796 0.285173
9.659151 0.283172
9.690392 0.282127
9.722749 0.288132
9.75402 0.285173
9.785282 0.286217
9.816563 0.280474
9.847968 0.279256
9.880418 0.285956
9.911687 0.283868
9.94297 0.284216
9.974181 0.28352
10.005449 0.280561
10.037808 0.282475
10.069071 0.279778
10.100354 0.279343
10.131767 0.28352
10.163084 0.280561
10.195418 0.283955
10.226775 0.280213
10.258074 0.283955
10.289424 0.285782
10.320782 0.28674
10.353258 0.284564
10.374394 0.291091
10.405726 0.280474
10.437134 0.240879
10.509405 0.170216
10.643941 0.228869
10.67633 0.275775
10.707711 0.279691
10.739059 0.238703
10.780524 0.176482
10.913778 0.151593
10.946239 0.127227
10.977591 0.131491
11.008859 0.12975
11.04013 0.148983
11.071393 0.173436
11.103776 0.180572
11.135054 0.186837
11.166334 0.192755
11.197564 0.279256
11.228888 0.225476
11.291935 0.236701
11.323238 0.270988
11.354593 0.272555
11.385919 0.265332
11.417346 0.269074
11.449757 0.274121
11.481084 0.277515
11.512428 0.231393
11.553973 0.234265
11.585354 0.235744
11.617714 0.233047
11.648993 0.228173
11.680338 0.230436
11.711676 0.231567
11.742985 0.230088
11.775432 0.227825
11.806767 0.234961
11.838115 0.269335
11.869427 0.27708
11.900782 0.275862
11.933256 0.278908
11.964557 0.27943
11.995856 0.282127
12.027174 0.279082
12.058491 0.281344
12.090844 0.283868
12.122163 0.28439
12.153574 0.283085
12.184896 0.278385
12.216169 0.281431
12.248589 0.27882
12.279904 0.280822
12.311261 0.280474
12.342616 0.286043
12.374007 0.269857
12.406469 0.272816
12.43777 0.287262
12.469069 0.274556
12.500394 0.280213
12.531735 0.281692
12.564178 0.279517
12.595529 0.276906
12.626874 0.280996
12.658044 0.269335
12.679173 0.2689
12.71152 0.275688
12.742757 0.27212
12.774028 0.277515
12.805335 0.272294
12.836611 0.275079
12.869015 0.273512
12.900306 0.275427
12.931554 0.261677
12.962792 0.275601
12.994051 0.27212
13.026372 0.257674
13.05774 0.258892
13.089119 0.276645
13.120509 0.281953
13.151993 0.279256
13.184515 0.281083
13.205623 0.244534
13.236924 0.274817
13.26814 0.261764
13.299383 0.260198
13.33163 0.260372
13.362777 0.259588
13.393937 0.224344
13.465874 0.252627
13.497086 0.270031
13.529331 0.284477
13.560579 0.259501
13.591934 0.276645
13.62322 0.282127
13.654619 0.281431
13.687066 0.223909
13.728635 0.235483
13.759998 0.237659
13.79129 0.22565
13.82261 0.225476
13.85504 0.230349
13.886386 0.205547
13.938157 0.224257
13.969504 0.228956
14.000884 0.236963
14.03348 0.240617
14.075076 0.240879
14.106388 0.279256
14.137672 0.286566
14.168995 0.252975
14.201369 0.245839
14.232663 0.245317
14.263973 0.243402
14.295295 0.256804
14.326605 0.24523
14.35919 0.248798
14.390517 0.208593
14.503585 0.224431
14.534931 0.264723
14.566281 0.262982
14.59871 0.261242
14.630125 0.253932
14.661493 0.226781
14.703067 0.222082
14.734374 0.193712
14.797488 0.187186
14.828828 0.180659
14.860202 0.179092
14.89155 0.172653
14.923032 0.188491
14.955621 0.187708
14.986894 0.193016
15.058977 0.212683
15.090347 0.260981
15.121688 0.261068
15.154049 0.262634
15.185346 0.260894
15.216728 0.26394
15.248139 0.257761
15.279528 0.263069
15.312146 0.241053
15.343482 0.252104
15.374778 0.247492
15.406101 0.244621
15.437391 0.217121
15.541217 0.257674
15.572519 0.256717
15.603852 0.279169
15.635179 0.238268
15.676744 0.259066
15.709243 0.259066
15.740526 0.204242
15.812711 0.209985
15.84407 0.197019
15.875424 0.197019
15.907946 0.205199
15.939394 0.20459
15.97077 0.204851
16.002155 0.17944
16.064079 0.195366
16.096625 0.270031
16.127985 0.217469
16.292142 0.230523
16.405162 0.215555
16.436475 0.199369
16.479037 0.18092
16.571497 0.185271
16.613001 0.143848
16.644287 0.157511
16.675655 0.177787
16.70807 0.202066
16.739379 0.203981
16.770679 0.205199
16.801969 0.14994
16.843489 0.13297
16.926902 0.180137
16.95825 0.19963
16.989652 0.229827
17.010783 0.247231
17.042178 0.246535
17.074734 0.214337
17.146991 0.225214
17.178318 0.192494
17.209687 0.198237
17.241053 0.200239
17.273442 0.192494
17.304767 0.178831
17.336134 0.181442
17.367475 0.188317
17.398842 0.195105
17.431361 0.218688
17.462774 0.236092
17.494172 0.25106
17.525516 0.256282
17.556904 0.259153
17.589305 0.262808
17.620314 0.263417
17.651431 0.26655
17.682599 0.267943
17.713838 0.269857
17.746222 0.273077
17.777477 0.275253
17.808673 0.277254
17.839895 0.278211
17.871167 0.278733
17.903528 0.278472
17.934768 0.273338
17.966017 0.271162
17.997318 0.27795
18.028725 0.281083
18.061183 0.280561
18.092535 0.281431
18.123883 0.281518
18.155233 0.275688
18.186596 0.279604
18.219068 0.277602
18.250363 0.280648
18.281644 0.278733
18.312941 0.27621
18.344286 0.281953
18.376681 0.28117
18.40796 0.28204
18.439152 0.281866
18.470346 0.283868
18.501507 0.284738
18.533819 0.280213
18.565136 0.281605
18.596389 0.28613
18.627604 0.283346
18.65887 0.282737
18.69116 0.280735
18.722451 0.287697
18.753786 0.279517
18.785122 0.282911
18.816407 0.284999
18.848831 0.283172
18.880218 0.287523
18.911497 0.278385
18.942839 0.281605
18.974202 0.287175
19.006621 0.286217
19.037904 0.281518
19.069094 0.283259
19.100386 0.284564
19.131667 0.286653
19.164069 0.283955
19.195308 0.280561
19.226529 0.288915
19.257785 0.28526
19.289035 0.284738
19.32135 0.28526
19.352578 0.28204
19.383844 0.285086
19.415163 0.282737
19.446515 0.284129
19.468852 0.284825
19.500251 0.286217
19.531589 0.287697
19.562931 0.282301
19.594122 0.283955
19.626513 0.280126
19.657731 0.28526
19.688879 0.28439
19.720143 0.283172
19.751403 0.288567
19.783911 0.280648
19.815228 0.280822
19.846566 0.278211
19.877884 0.280735
19.909271 0.283781
19.941628 0.286043
19.972939 0.285695
20.004261 0.28352
20.035606 0.28204
20.067133 0.287784
20.099634 0.284477
20.130953 0.289437
20.162356 0.280213
20.193698 0.286914
20.225054 0.282911
20.25753 0.285869
20.288777 0.284651
20.32003 0.282649
20.351317 0.28674
20.382735 0.28439
20.415164 0.285869
20.446527 0.283955
20.477893 0.285347
20.509246 0.281866
20.530364 0.280735
20.562685 0.287784
20.593965 0.285086
20.625222 0.285434
20.656508 0.287349
20.687815 0.280039
20.720278 0.283781
20.751616 0.284651
20.782945 0.283433
20.81427 0.285173
20.845593 0.282998
20.878041 0.288741
20.90942 0.288132
20.940782 0.285869
20.972125 0.286566
21.003478 0.285869
21.035835 0.282562
21.067054 0.281953
21.09835 0.287523
21.129673 0.284477
21.16104 0.283433
21.193509 0.283694
21.224831 0.284825
21.256195 0.291265
21.287485 0.285695
21.318807 0.284738
21.341235 0.281779
21.372572 0.285608
21.40395 0.283868
21.435281 0.284303
21.466683 0.28526
21.49923 0.28204
21.530395 0.278037
21.561661 0.287697
21.592866 0.284216
21.62415 0.282388
21.656552 0.287175
21.68782 0.285869
21.719104 0.286478
21.750454 0.280387
21.781842 0.283085
21.81431 0.27299
21.845711 0.280996
21.876982 0.284477
21.90822 0.284912
21.939528 0.281083
21.971842 0.282824
22.003058 0.28352
22.034303 0.281866
22.065634 0.278646
22.096959 0.277254
22.129478 0.286391
22.160814 0.289611
22.192135 0.290743
22.223439 0.286217
22.25468 0.284999
22.287064 0.282475
22.318317 0.283607
22.349522 0.283781
22.380748 0.287436
22.411974 0.288393
22.444242 0.283346
22.475505 0.281605
22.506711 0.28117
22.537975 0.285695
22.569235 0.29083
22.601568 0.289263
22.632855 0.289698
22.664143 0.287001
22.695426 0.282824
22.72676 0.284651
22.759151 0.291439
22.790474 0.282998
22.82182 0.287349
22.853171 0.281692
22.884509 0.282214
22.916955 0.281779
22.948314 0.28526
22.979631 0.278385
23.010973 0.281779
23.042296 0.28935
23.074824 0.283955
23.106184 0.28117
23.137549 0.284912
23.16894 0.280648
23.200332 0.284564
23.232834 0.285521
23.264098 0.286217
23.295355 0.29022
23.326622 0.284912
23.357962 0.288393
23.390293 0.289698
23.421653 0.293266
23.45295 0.281953
23.484311 0.280996
23.505453 0.28204
23.53787 0.285956
23.569165 0.288828
23.600527 0.280474
23.631942 0.284912
23.66335 0.289524
23.695959 0.287784
23.727288 0.283781
23.758484 0.285086
23.789762 0.293179
23.821046 0.285086
23.853446 0.289437
23.884754 0.29257
23.916043 0.285608
23.947438 0.287088
23.978873 0.287697
24.011444 0.28848
24.042753 0.28674
24.073971 0.282737
24.105178 0.278995
24.136433 0.281083
24.168889 0.278472
24.200229 0.28204
24.2315 0.28439
24.26279 0.280039
24.294108 0.282649
24.326578 0.282388
24.3579 0.28613
24.389239 0.265071
24.420584 0.252453
24.451964 0.237311
24.484498 0.216077
24.515972 0.204416
24.547367 0.181877
24.578694 0.170564
24.610024 0.154204
24.642518 0.144196
24.673797 0.146981
24.705059 0.148286
24.736337 0.14846
24.767652 0.146024
24.800199 0.148286
24.821289 0.14672
24.852618 0.147416
24.883959 0.143761
24.915256 0.150114
24.947695 0.147851
24.97897 0.149505
25.010242 0.154378
25.041561 0.151158
25.072901 0.150462
25.105302 0.150636
25.136572 0.151419
25.167824 0.150984
25.199051 0.151332
25.230278 0.141063
25.262545 0.142978
25.293734 0.144979
25.324892 0.143935
25.356227 0.149592
25.387548 0.147242
25.419959 0.147242
25.451319 0.143065
25.482791 0.143326
25.524404 0.132187
25.56606 0.121135
25.608832 0.110431
25.640172 0.097117
25.681653 0.087631
25.733348 0.074578
25.764499 0.075013
25.796768 0.076493
25.827927 0.071619
25.869208 0.076493
25.900369 0.07101
25.931522 0.076928
25.963715 0.075361
26.004981 0.076144
26.036071 0.072315
26.067241 0.076493
26.098478 0.080931
26.141146 0.07101
26.192867 0.079016
26.224196 0.076928
26.296337 0.081192
26.327643 0.076406
26.370268 0.075535
26.401628 0.077189
26.453405 0.076406
26.484789 0.070662
26.51616 0.076928
26.558905 0.076841
26.600388 0.076406
26.631635 0.077363
26.662885 0.077276
26.724744 0.076754
26.74692 0.073186
26.778248 0.076231
26.830026 0.075796
26.871626 0.070227
26.903025 0.068747
26.935488 0.06692
26.997393 0.068486
27.028716 0.068225
27.060072 0.068051
27.091488 0.077624
27.123957 0.073534
27.155226 0.076841
27.186604 0.079973
27.217971 0.071358
27.269763 0.060567
27.363471 0.048036
27.415176 0.043511
27.46683 0.038028
27.518491 0.041248
27.549784 0.044033
27.622994 0.043511
27.72565 0.042815
27.787397 0.039073
27.869594 0.048036
27.900907 0.041161
27.994665 0.044033
28.046467 0.034722
28.138993 0.043424
28.170329 0.044294
28.222131 0.049254
28.315969 0.049777
28.398367 0.044555
28.439948 0.039856
28.491691 0.043772
28.584277 0.047688
28.616721 0.055346
28.668341 0.049777
28.709777 0.053344
28.761491 0.052126
28.843834 0.061177
28.876231 0.058131
28.93799 0.060306
28.989588 0.05874
29.031021 0.064483
29.113292 0.056042
29.14572 0.052822
29.207701 0.060741
29.239069 0.056912
29.300946 0.059175
29.383253 0.058914
29.41564 0.060045
29.477465 0.055694
29.508774 0.059697
29.570679 0.060654
29.602025 0.065354
29.654856 0.062047
29.686109 0.062569
29.737771 0.061351
29.779262 0.065702
29.831137 0.060654
29.873785 0.063961
29.925587 0.062047
29.956974 0.070836
30.008747 0.061351
30.050316 0.066311
30.093097 0.062308
30.134538 0.063961
30.185999 0.062482
30.217152 0.06605
30.268703 0.06457
30.321316 0.071706
30.352557 0.073012
30.383771 0.071445
30.425169 0.076754
30.456528 0.075013
30.499188 0.077624
30.530527 0.072751
30.592484 0.071706
30.62384 0.073012
30.655155 0.068835
30.687568 0.072576
30.729054 0.074404
30.770562 0.075883
30.801863 0.077972
30.853613 0.077189
30.885925 0.076841
30.917189 0.078929
30.999458 0.074404
31.030767 0.075883
31.072359 0.080757
31.125272 0.076667
31.156666 0.072054
31.188032 0.065267
31.260158 0.072576
31.291424 0.072751
31.323728 0.067181
31.406035 0.067616
31.437307 0.067181
31.478842 0.065267
31.520297 0.075883
31.552706 0.073969
31.583966 0.072576
31.625516 0.077276
31.656881 0.067442
31.68833 0.075622
31.720823 0.07423
31.752252 0.08006
31.79366 0.073273
31.824915 0.073969
31.856148 0.07745
31.8883 0.085195
31.950155 0.072838
32.001934 0.078059
32.033271 0.074665
32.054444 0.077624
32.086847 0.08328
32.118052 0.081105
32.149346 0.077102
32.180699 0.077102
32.222315 0.068312
32.265075 0.075448
32.296462 0.079625
32.327903 0.080147
32.359249 0.078668
32.390666 0.07597
32.42313 0.076841
32.464639 0.08885
32.495899 0.092853
32.527163 0.079973
32.558444 0.081279
32.590716 0.087196
32.621968 0.086326
32.663528 0.081366
32.694815 0.072315
32.726097 0.083628
32.768553 0.087109
32.799785 0.087805
32.830971 0.084847
32.872406 0.087718
32.893463 0.085717
32.935975 0.086674
32.967274 0.085717
32.998619 0.087109
33.029985 0.087109
33.061369 0.087109
33.093988 0.085543
33.135607 0.091373
33.167021 0.091025
33.198327 0.09207
33.229673 0.091025
33.262171 0.092505
33.293532 0.092679
33.324858 0.092766
33.366439 0.090851
33.397799 0.090242
33.430256 0.088502
33.461572 0.088502
33.492896 0.091286
33.524264 0.093636
33.555648 0.093114
33.587983 0.094767
33.619305 0.097378
33.671075 0.097987
33.702363 0.093636
33.733639 0.088502
33.765958 0.086152
33.79722 0.088415
33.828485 0.087893
33.859738 0.087109
33.891003 0.086587
33.933542 0.091547
33.964818 0.091809
33.99616 0.092244
34.027465 0.091634
34.058782 0.090329
34.091194 0.087718
34.122546 0.087109
34.15394 0.091025
34.20571 0.094245
34.23702 0.086674
34.2694 0.087109
34.300649 0.087631
34.331912 0.08885
34.363162 0.093201
34.394471 0.089459
34.437034 0.088328
34.468374 0.089111
34.499715 0.087109
34.531056 0.090068
34.56244 0.09146
34.5949 0.083628
34.626182 0.094071
34.657435 0.093201
34.68866 0.091722
34.71998 0.10286
34.752331 0.094332
34.783609 0.092244
34.814936 0.092679
34.846307 0.094158
34.877651 0.095986
34.910262 0.094419
34.941708 0.091722
37.061323 0.114957
37.092623 0.102599
37.123914 0.111737
37.156391 0.103992
37.187694 0.113825
37.219009 0.114347
37.250313 0.117915
37.281674 0.116001
37.314211 0.11339
37.345643 0.112868
37.377015 0.110257
37.418571 0.115131
37.449923 0.113564
37.482296 0.114521
37.513581 0.1093
37.54491 0.11078
37.576249 0.116088
37.607558 0.115044
37.63998 0.110344
37.691712 0.115131
37.723062 0.113564
37.754391 0.112955
37.785653 0.118873
37.81799 0.111824
37.8493 0.112607
37.88057 0.110605
37.911841 0.109474
37.943108 0.112781
37.975459 0.113042
38.006745 0.114696
38.038106 0.118873
38.069505 0.116175
38.100889 0.118786
38.13344 0.119221
38.154563 0.120178
38.185867 0.109474
38.217212 0.112781
38.248557 0.120526
38.281034 0.121048
38.312398 0.116262
38.343642 0.120004
38.374934 0.115305
38.406212 0.119221
38.438601 0.115566
38.469882 0.123137
38.521565 0.117567
38.552814 0.118699
38.584197 0.115566
38.616661 0.117219
38.648074 0.11661
38.679452 0.118786
38.710812 0.12157
38.742277 0.11661
38.774685 0.121048
38.805943 0.122615
38.837177 0.123746
38.868432 0.119134
38.899662 0.118089
38.931951 0.121657
38.963182 0.123833
38.99443 0.12157
39.025784 0.121657
39.057207 0.123311
39.089651 0.123746
39.121017 0.123311
39.152348 0.12888
39.183622 0.125834
39.214992 0.124355
39.24738 0.124964
39.278769 0.124703
39.310037 0.125486
39.341338 0.126444
39.372678 0.125573
39.405215 0.122876
39.436551 0.125747
39.467899 0.124529
39.499232 0.125921
39.530585 0.127749
39.563014 0.132883
39.594355 0.126792
39.615449 0.128097
39.646774 0.128097
39.678108 0.122876
39.710471 0.126531
39.741765 0.129489
39.773061 0.128967
39.804427 0.129228
39.835817 0.129925
39.86821 0.127662
39.899534 0.131056
39.93084 0.130621
39.962146 0.136016
39.993483 0.134798
40.025949 0.134102
40.057324 0.13532
40.088682 0.137495
40.120074 0.137757
40.151529 0.132883
40.184176 0.138018
40.215464 0.136973
40.246703 0.134711
40.278003 0.13445
40.309285 0.13445
40.341684 0.136886
40.37301 0.137757
40.404349 0.13941
40.425481 0.138192
40.456763 0.13619
40.489206 0.138018
40.520617 0.142369
40.551985 0.140976
40.583335 0.14176
40.614769 0.144805
40.64733 0.146198
40.668468 0.145676
40.699716 0.141237
40.741271 0.145415
40.772539 0.142456
40.804955 0.14028
40.836236 0.14176
40.867509 0.136538
40.898809 0.13619
40.919926 0.139149
40.952329 0.137495
40.983698 0.13532
41.015098 0.141847
41.046477 0.141063
41.077889 0.130273
41.110376 0.137147
41.141779 0.140802
41.17314 0.139149
41.204474 0.132535
41.23585 0.134624
41.268403 0.140541
41.299776 0.135755
41.331123 0.125399
41.372667 0.128706
41.414221 0.130186
41.446647 0.131839
41.47802 0.128706
41.509316 0.130099
41.540741 0.13941
41.57213 0.125747
41.604594 0.13706
41.635933 0.119221
41.677431 0.128358
41.708757 0.126879
41.760542 0.125312
41.793008 0.12627
41.824432 0.126444
41.855805 0.118873
41.887148 0.127314
41.918458 0.135407
41.950883 0.136886
41.9822 0.136886
42.013479 0.130099
42.044717 0.126357
42.07608 0.129576
42.108434 0.128967
42.129495 0.112259
42.160697 0.119743
42.191934 0.129489
42.22318 0.131317
42.255562 0.131056
42.286898 0.131578
42.318254 0.133144
42.349621 0.132361
42.38104 0.133318
42.413446 0.138192
42.444767 0.130012
42.476039 0.130795
42.50727 0.125051
42.538543 0.12975
42.570876 0.12888
42.602153 0.127314
42.63345 0.137495
42.664762 0.133666
42.696136 0.138627
42.728659 0.138888
42.770152 0.127488
42.801443 0.129576
42.832823 0.131143
42.864221 0.131056
42.896769 0.133318
42.928133 0.136712
42.959482 0.140367
42.990826 0.136538
43.02223 0.135494
43.054793 0.141412
43.08617 0.130186
43.117509 0.132013
43.148861 0.136886
43.180301 0.140628
43.213068 0.127749
43.244434 0.130273
43.275735 0.130012
43.307074 0.132535
43.338427 0.132883
43.370803 0.119656
43.402126 0.130708
43.433461 0.132187
43.464786 0.131665
43.49616 0.125312
43.52855 0.130186
43.559911 0.134972
43.591229 0.135059
43.622608 0.132883
43.653991 0.12479
43.686432 0.12714
43.728061 0.128967
43.759365 0.126444
43.790678 0.132883
43.82194 0.127053
43.854314 0.134624
43.885617 0.130708
43.916874 0.133405
43.948149 0.134537
43.979461 0.13445
44.012064 0.126531
44.043437 0.126966
44.074773 0.134537
44.106106 0.12627
44.137483 0.118612
44.221011 0.118089
44.272678 0.122179
44.30395 0.125312
44.345362 0.131143
44.376767 0.133318
44.399006 0.141934
44.430356 0.114957
44.482126 0.114434
44.513476 0.122267
44.544838 0.1207
44.628449 0.121657
44.669939 0.124877
44.701234 0.120352
44.732573 0.119917
44.763976 0.115305
44.867922 0.119743
44.899313 0.122702
44.930685 0.126531
44.962059 0.127662
44.99351 0.111911
45.036114 0.117132
45.0675 0.117567
45.098757 0.112781
45.130055 0.111563
45.161454 0.120091
45.193905 0.127662
45.225198 0.12566
45.25656 0.12479
45.287971 0.119917
45.319357 0.117132
45.351831 0.121309
45.383121 0.120439
45.414429 0.139497
45.445767 0.128097
45.477195 0.132274
45.509755 0.13619
45.54111 0.130099
45.582692 0.130273
45.614065 0.131578
45.645479 0.13297
45.677986 0.133928
45.709366 0.140193
45.740674 0.130795
45.772002 0.130534
45.803325 0.130534
45.835775 0.133231
45.867127 0.130186
45.898413 0.131143
45.929725 0.130273
45.961038 0.139671
45.993448 0.130708
46.024827 0.133841
46.05617 0.129576
46.087459 0.132709
46.118749 0.135059
46.151113 0.132622
46.182473 0.13706
46.203621 0.138192
46.234968 0.142804
46.266273 0.139758
46.298733 0.135668
46.330093 0.135755
46.361425 0.135581
46.392713 0.135407
46.423969 0.136712
46.456318 0.140802
46.487605 0.136451
46.518858 0.137931
46.550082 0.135842
46.581389 0.135407
46.613723 0.141847
46.645071 0.140715
46.676496 0.145763
46.707878 0.140454
46.739226 0.139671
46.761414 0.142021
46.792662 0.142369
46.823947 0.139758
46.85523 0.134189
46.886495 0.144283
46.918832 0.137147
46.950199 0.140454
46.981585 0.142804
47.013002 0.142195
47.044347 0.139845
47.076895 0.142369
47.108228 0.141934
47.139464 0.142891
47.170719 0.135494
47.202003 0.145589
47.234339 0.146285
47.265716 0.147938
47.297051 0.149766
47.328371 0.142369
47.359687 0.14437
47.392131 0.146633
47.423451 0.143152
47.454789 0.147938
47.486124 0.145589
47.517468 0.142195
47.550008 0.141063
47.581377 0.142717
47.612747 0.147938
47.644101 0.146633
47.675479 0.145241
47.707871 0.148112
47.739162 0.148112
47.770506 0.152028
47.801815 0.150636
47.833133 0.141934
47.865524 0.142717
47.89674 0.148373
47.92802 0.142456
47.979795 0.148112
48.011142 0.148547
48.043604 0.147764
48.074875 0.145589
48.106146 0.14437
48.137434 0.145241
48.168768 0.144892
48.201165 0.142021
48.232436 0.143152
48.263706 0.146024
48.295056 0.142282
48.326507 0.149157
48.358955 0.142804
48.390229 0.150723
48.4215 0.150027
48.452775 0.145153
48.484099 0.148112
48.516513 0.156815
48.547823 0.15577
48.579129 0.152812
48.610486 0.158903
48.641886 0.160731
48.674344 0.161862
48.695452 0.159947
48.726725 0.166474
48.758023 0.161166
48.789339 0.164124
48.82171 0.158294
48.853 0.15812
48.884308 0.142978
48.925836 0.156205
48.957149 0.157946
48.989577 0.159077
49.020931 0.156902
49.052327 0.160121
49.083687 0.164124
49.115056 0.156989
49.147467 0.158468
49.178811 0.151941
49.210092 0.161166
49.241378 0.159251
49.272667 0.155248
49.305117 0.160208
49.336386 0.16221
49.367707 0.162645
49.398998 0.154552
49.43025 0.159425
49.46262 0.165865
49.493995 0.157598
49.525341 0.160905
49.556665 0.16221
49.587957 0.162819
49.620266 0.162384
49.651519 0.157946
49.682728 0.162906
49.713913 0.166387
49.745128 0.16865
49.777438 0.163689
49.808772 0.162819
49.840137 0.16134
49.871476 0.161601
49.90287 0.160905
49.9354 0.168302
49.966805 0.164386
49.998149 0.167692
50.029517 0.163167
50.060917 0.161079
50.093435 0.171347
50.124794 0.169346
50.156215 0.174828
50.187569 0.165169
50.218988 0.160034
50.261712 0.167692
50.29317 0.156815
50.32455 0.168389
50.355965 0.166387
50.3771 0.165169
50.409541 0.164995
50.44088 0.164386
50.472239 0.174393
50.503615 0.146633
50.535025 0.157946
50.567506 0.157598
50.598914 0.156118
50.620091 0.152202
50.651485 0.157772
50.682885 0.156728
50.715347 0.153595
50.746682 0.153943
50.778016 0.15899
50.80936 0.159338
50.840711 0.158555
50.873163 0.166387
50.904495 0.160644
50.93579 0.169085
50.967115 0.167431
50.998394 0.160295
51.030619 0.15812
51.061846 0.166213
51.093116 0.165517
51.124365 0.169085
51.155645 0.163428
51.188038 0.163515
51.219337 0.172305
51.250605 0.166213
51.281913 0.166561
51.313276 0.173088
51.345728 0.168128
51.377049 0.176656
51.408413 0.167257
51.439806 0.16456
51.471155 0.158381
51.513765 0.169868
51.545114 0.171782
51.576431 0.166474
51.607789 0.170912
51.639174 0.171782
51.671579 0.165865
51.703017 0.172914
51.73435 0.176308
51.765709 0.17361
51.797053 0.173175
51.829523 0.170216
51.860848 0.171782
51.892163 0.176917
51.923499 0.176047
51.954874 0.17274
51.987332 0.179963
52.018727 0.173436
52.050078 0.176743
52.081404 0.177613
52.112769 0.170216
52.145341 0.17361
52.176598 0.166213
52.207882 0.168911
52.239108 0.17126
52.270367 0.172479
52.302693 0.168998
52.334017 0.16804
52.365269 0.169259
52.396579 0.173349
52.42792 0.171782
52.460317 0.166909
52.491623 0.148983
52.522919 0.14994
52.554257 0.135407
52.585618 0.127749
52.618057 0.112172
52.649358 0.095115
52.701174 0.09938
52.732509 0.099467
52.76392 0.096073
52.796388 0.095986
52.827686 0.096247
52.858973 0.086065
52.920882 0.095202
52.952195 0.09877
52.98462 0.098509
53.01598 0.093723
53.047334 0.103557
53.068491 0.094506
53.09986 0.096247
53.132338 0.086065
53.184053 0.093984
53.215344 0.095986
53.246639 0.095725
53.277942 0.091112
53.310342 0.101729
53.341656 0.098596
53.362804 0.100859
53.394145 0.101642
53.425482 0.100859
53.457831 0.099205
53.489109 0.11017
53.520359 0.106341
53.551632 0.105036
53.582938 0.100511
53.615372 0.103209
53.646703 0.103644
53.67812 0.102599
53.70935 0.106689
53.740669 0.104775
53.773214 0.102686
53.8046 0.109387
53.835986 0.106428
53.867352 0.104688
53.89874 0.103209
53.931174 0.103121
53.952329 0.112607
53.993888 0.11252
54.014991 0.109996
54.046387 0.11078
54.078862 0.113738
54.110296 0.105732
54.141704 0.106167
54.173078 0.106341
54.20453 0.105036
54.237176 0.109909
54.268588 0.107125
54.299961 0.103121
54.321064 0.101903
54.352417 0.108256
54.384924 0.102512
54.416267 0.109735
54.447686 0.110083
54.47895 0.104427
54.520414 0.10199
54.552818 0.105645
54.584182 0.09703
54.615504 0.102077
54.646816 0.102425
54.678332 0.113042
54.710772 0.106254
54.742181 0.105123
54.763284 0.112607
54.794648 0.104862
54.826007 0.106863
54.858491 0.108082
54.889861 0.104775
54.921192 0.097552
54.952551 0.10434
54.983983 0.100424
55.016563 0.097291
55.047922 0.108604
55.079274 0.105123
55.110648 0.108865
55.142014 0.109648
55.1745 0.112346
55.205796 0.113042
55.237178 0.114173
55.268586 0.109648
55.289724 0.113825
55.322067 0.107734
55.363682 0.103034
55.395014 0.104862
55.426391 0.104601
55.457771 0.111476
55.490209 0.114434
55.521543 0.114347
55.552844 0.107125
55.604521 0.118002
55.635832 0.111128
55.668226 0.108952
55.699558 0.110867
55.730835 0.109909
55.762133 0.1093
55.79343 0.108691
55.825857 0.110605
55.857153 0.112346
55.888477 0.111128
55.930069 0.106341
55.961427 0.114347
55.993803 0.111128
56.025066 0.10843
56.056344 0.108517
56.087577 0.110605
56.118849 0.112694
56.151201 0.110605
56.182459 0.111389
56.213787 0.111128
56.255328 0.112346
56.286798 0.105297
56.319342 0.111563
56.350723 0.110431
56.382102 0.106428
56.413432 0.112085
56.444749 0.112781
56.477186 0.114957
56.508507 0.102686
56.539843 0.112346
56.571163 0.110344
56.602528 0.111563
56.634999 0.110954
56.666354 0.116175
56.687482 0.112172
56.718773 0.107125
56.760378 0.11896
56.792867 0.11078
56.824195 0.110344
56.855502 0.109039
56.886882 0.110954
56.91824 0.111563
56.95067 0.111041
56.98201 0.109822
57.013396 0.118612
57.044793 0.11896
57.076136 0.103209
57.108465 0.105384
57.139732 0.103557
57.171043 0.106515
57.202297 0.105993
57.23366 0.102599
57.266068 0.110257
57.28722 0.110344
57.318517 0.113042
57.349777 0.109909
57.391312 0.115914
57.423893 0.118438
57.455241 0.115479
57.486617 0.119917
57.517946 0.118176
57.549272 0.118612
57.58175 0.116175
57.613074 0.113042
57.634134 0.109909
57.665494 0.11748
57.696891 0.114783
57.729482 0.119134
57.760895 0.113477
57.792284 0.115218
57.823639 0.110605
57.855031 0.116175
57.887598 0.108256
57.918927 0.119134
57.950283 0.115044
57.9816 0.116262
58.012954 0.113477
58.045488 0.115653
58.076876 0.116523
58.108286 0.115566
58.139645 0.116001
58.170965 0.106167
58.203368 0.119134
58.234741 0.115044
58.266104 0.115827
58.297452 0.110605
58.349345 0.115914
58.381877 0.115566
58.413194 0.115653
58.444541 0.115914
58.496317 0.109648
58.527693 0.111215
58.56015 0.112781
58.591533 0.11165
58.622843 0.113912
58.654165 0.111911
58.685488 0.108256
58.717953 0.11017
58.749317 0.110605
58.780679 0.115653
58.812035 0.114434
58.843405 0.11661
58.875812 0.11574
58.907102 0.117741
58.938393 0.117306
58.969699 0.113216
59.001079 0.114783
59.033559 0.115131
59.064887 0.111302
59.096269 0.11574
59.127554 0.116001
59.158862 0.114347
59.19129 0.116784
59.222666 0.113999
59.253985 0.114957
59.285315 0.109735
59.31666 0.117306
59.349239 0.118525
59.380669 0.117828
59.412024 0.116523
59.443393 0.114347
59.474726 0.117828
59.507096 0.119569
59.538408 0.114957
59.569689 0.122092
59.601085 0.112085
59.632484 0.113738
59.664951 0.120178
59.696251 0.12392
59.72759 0.120961
59.758987 0.120178
59.790376 0.120265
59.822877 0.11983
59.854246 0.119134
59.885628 0.120961
59.916954 0.11835
59.948319 0.117741
59.980756 0.120352
60.012102 0.119134
60.043366 0.125573
60.07468 0.11983
60.116235 0.119569
60.148653 0.117828
60.179961 0.119569
60.211267 0.121135
60.242593 0.123659
60.273903 0.116436
60.306384 0.117741
60.337721 0.120178
60.369016 0.120439
60.400397 0.124268
60.431715 0.11574
60.464129 0.127923
60.495462 0.124268
60.537041 0.128793
60.568454 0.122179
60.610119 0.126618
60.642678 0.122702
60.674054 0.12801
60.705369 0.11574
60.746896 0.124877
60.77825 0.111824
60.810654 0.125312
60.841992 0.108952
60.8937 0.123485
60.925052 0.109996
60.956441 0.117132
60.988816 0.122441
61.020133 0.120961
61.071878 0.116262
61.103238 0.12157
61.144888 0.131056
61.177415 0.120178
61.208749 0.114347
61.240149 0.11426
61.271536 0.120526
61.302906 0.114783
61.345656 0.11165
61.377005 0.116784
61.408358 0.112172
61.43964 0.110605
61.491349 0.120178
61.523715 0.117132
61.555023 0.112346
61.627027 0.107821
61.689044 0.116784
61.710247 0.116001
61.74266 0.110518
61.774022 0.129315
61.825831 0.139671
61.857255 0.111041
61.898813 0.137408
61.931275 0.111389
61.962565 0.118786
61.993893 0.103034
62.035422 0.118699
62.066754 0.109474
62.109443 0.104253
62.171487 0.121744
62.202924 0.102773
62.234312 0.111041
62.265683 0.106341
62.308425 0.096595
62.370418 0.079016
62.442464 0.077711
62.473798 0.068922
62.525588 0.06779
62.58861 0.068399
62.650601 0.061438
62.732957 0.052996
62.794881 0.060828
62.826227 0.057348
62.858565 0.056042
62.930727 0.065528
62.962013 0.061438
63.003481 0.068312
63.034867 0.074056
63.067299 0.065006
63.129209 0.058218
63.191103 0.064135
63.263268 0.075187
63.294657 0.068312
63.327098 0.073708
63.358399 0.062656
63.399844 0.067181
63.471971 0.076144
63.503312 0.064135
63.535688 0.067964
63.566911 0.068486
63.618549 0.079277
63.680332 0.069792
63.742118 0.068486
63.774488 0.072751
63.816139 0.071271
63.878144 0.063265
63.960555 0.080147
64.022583 0.067442
64.085693 0.072751
64.117037 0.062917
64.158587 0.071445
64.18993 0.077102
64.231561 0.068051
64.264072 0.072054
64.295439 0.063004
64.347167 0.072402
64.378523 0.073447
64.420138 0.068835
64.45257 0.076318
64.494084 0.075622
64.525422 0.077102
64.566982 0.077189
64.618834 0.069792
64.651465 0.076667
64.693007 0.077102
64.72438 0.077102
64.755724 0.071097
64.797344 0.071967
64.829717 0.077189
64.881361 0.081888
64.912635 0.076667
64.954026 0.07597
64.985288 0.077102
65.017664 0.078668
65.059201 0.077102
65.090478 0.073882
65.142114 0.07658
65.173459 0.076754
65.226365 0.075448
65.25774 0.077102
65.289138 0.081453
65.320485 0.073969
65.372322 0.082149
65.415104 0.073882
65.446468 0.072054
65.498181 0.075448
65.529625 0.076231
65.560941 0.072228
65.593366 0.073969
65.63487 0.076406
65.676379 0.082758
65.707655 0.080147
65.759421 0.073795
65.791959 0.076231
65.823347 0.080322
65.864921 0.073708
65.896277 0.075448
65.948062 0.077189
65.980534 0.076928
66.02215 0.082497
66.053472 0.077189
66.084796 0.077015
66.126437 0.081975
66.169178 0.075448
66.210843 0.075709
66.242218 0.074491
66.283756 0.077015
66.315108 0.077189
66.347491 0.077624
66.388999 0.077189
66.430565 0.077189
66.472124 0.082671
66.503445 0.07832
66.535959 0.082236
66.587795 0.081105
66.619111 0.081975
66.650396 0.079538
66.691995 0.082845
66.745023 0.077537
66.766142 0.073447
66.797449 0.076754
66.849169 0.083454
66.880512 0.08328
66.913048 0.082236
66.944397 0.092679
66.965504 0.088328
67.007041 0.086848
67.038375 0.087457
67.070743 0.085282
67.112304 0.083454
67.143634 0.08328
67.174942 0.090242
67.206274 0.087196
67.238773 0.0865
67.290539 0.084151
67.321851 0.079277
67.353184 0.083976
67.384571 0.085021
67.417057 0.087544
67.448393 0.088154
67.479688 0.085282
67.510996 0.076318
67.562728 0.0865
67.595172 0.084151
67.626483 0.084238
67.668078 0.080147
67.699389 0.080409
67.730765 0.077972
67.773424 0.086587
67.825168 0.082236
67.856503 0.082149
67.887812 0.073708
67.939556 0.082236
67.972013 0.080147
68.00339 0.07336
68.055187 0.079886
68.086505 0.083367
68.117833 0.077102
68.150246 0.077363
68.191922 0.093114
68.223314 0.085456
68.254699 0.082323
68.28609 0.084499
68.318515 0.088502
68.34981 0.083367
68.381081 0.084238
68.412375 0.077363
68.453891 0.08798
68.486254 0.085456
68.51763 0.082323
68.548998 0.092418
68.580377 0.083541
68.611786 0.087457
68.654592 0.089372
68.675672 0.089981
68.706999 0.086674
68.769006 0.08885
68.800423 0.088502
68.832893 0.089633
68.864292 0.088241
68.895624 0.090242
68.926968 0.093027
68.958324 0.092157
68.990857 0.09381
69.022179 0.089024
69.053529 0.084151
69.084864 0.083889
69.116329 0.084934
69.14888 0.083628
69.180253 0.092679
69.211596 0.088154
69.242985 0.087283
69.27441 0.08885
69.306895 0.092505
69.338237 0.093462
69.369582 0.092679
69.400811 0.090068
69.43213 0.095202
69.464584 0.09468
69.495924 0.094158
69.52726 0.093114
69.568861 0.096769
69.600275 0.099554
69.632792 0.100163
69.664252 0.100946
69.695615 0.101381
69.726963 0.102599
69.758357 0.099292
69.790917 0.095028
69.8223 0.093114
69.8537 0.094332
69.885081 0.099554
69.916535 0.100163
69.949103 0.097378
69.98039 0.10112
70.011675 0.099031
70.042969 0.107038
70.074343 0.099467
70.106783 0.102686
70.138112 0.107473
70.169465 0.102251
70.200806 0.104601
70.232191 0.100946
70.264663 0.09938
70.296101 0.106776
70.327512 0.104427
70.358981 0.107125
70.390415 0.102686
70.422945 0.101729
70.454294 0.102164
70.485583 0.10434
70.516916 0.105732
70.548243 0.111389
70.580654 0.10286
70.612008 0.10521
73.119857 0.071619
73.151225 0.075187
73.182613 0.072751
73.235626 0.074056
73.266959 0.075883
73.308428 0.07597
73.349885 0.068922
73.381131 0.074665
73.41343 0.079973
73.444669 0.075187
73.47595 0.077363
73.507296 0.074056
73.53865 0.076928
73.571139 0.07597
73.612688 0.080844
73.64403 0.078842
73.675359 0.082671
73.716763 0.08006
73.759236 0.079625
73.800705 0.077711
73.842151 0.082758
73.883647 0.080931
73.914889 0.068835
73.977863 0.07423
74.009095 0.079538
74.070895 0.080496
74.112295 0.077537
74.143566 0.075535
74.175878 0.076057
74.247847 0.077972
74.279142 0.07423
74.310455 0.077363
74.341789 0.076841
74.374237 0.077363
74.405537 0.081453
74.447093 0.078755
74.508978 0.077972
74.540337 0.075796
74.57267 0.076841
74.64457 0.075013
74.675861 0.070575
74.717398 0.071184
74.748754 0.074665
74.80147 0.075535
74.8327 0.069444
74.914849 0.076493
74.946093 0.076318
74.977323 0.074491
75.009761 0.068747
75.030961 0.074578
75.072476 0.075274
75.11427 0.074491
75.145623 0.085456
75.177981 0.075448
75.239818 0.078842
75.271092 0.08154
75.322731 0.077102
75.353965 0.068225
75.40666 0.069879
75.437973 0.077102
75.469182 0.068399
75.51058 0.076493
75.541791 0.071358
75.584298 0.078929
75.615593 0.081018
75.64682 0.076928
75.698442 0.077102
75.729783 0.08476
75.782678 0.079103
75.814056 0.082149
75.855625 0.081627
75.886965 0.075883
75.91836 0.076841
75.961036 0.081714
75.992473 0.080844
76.02389 0.08563
76.055235 0.08563
76.086596 0.086326
76.129351 0.082236
76.160731 0.083106
76.192054 0.087109
76.233598 0.081714
76.26491 0.080844
76.297406 0.08563
76.328793 0.08563
76.360153 0.086326
76.391529 0.082236
76.422894 0.080496
76.45529 0.089894
76.486682 0.091373
76.518028 0.09059
76.549438 0.085369
76.580829 0.089894
76.613368 0.092853
76.644746 0.093114
76.676111 0.092679
76.707436 0.079886
76.759218 0.08563
76.791773 0.09059
76.82321 0.090416
76.854588 0.092244
76.885957 0.087631
76.917385 0.08563
76.960096 0.093549
76.991425 0.089459
77.022745 0.091896
77.054083 0.091025
77.085478 0.087893
77.118034 0.093027
77.149441 0.089981
77.180774 0.088937
77.212151 0.090677
77.243489 0.089981
77.275842 0.094506
77.307202 0.089285
77.338559 0.091025
77.369922 0.089546
77.401309 0.091722
77.433773 0.097813
77.465064 0.094071
77.496364 0.098944
77.527687 0.097813
77.558984 0.094506
77.591403 0.0979
77.622697 0.091025
77.653965 0.09468
77.68527 0.091722
77.716618 0.093027
77.749079 0.096508
77.780369 0.098161
77.811627 0.102338
77.842896 0.099292
77.874158 0.100598
77.937081 0.097291
77.968333 0.095551
77.999566 0.091547
78.030807 0.092331
78.062152 0.092679
78.094566 0.096943
78.125845 0.098596
78.157123 0.089981
78.208842 0.098596
78.240226 0.097204
78.272677 0.096682
78.30412 0.097726
78.335364 0.087805
78.366617 0.091112
78.397901 0.096769
78.430197 0.097813
78.471629 0.100859
78.502919 0.097204
78.53419 0.096682
78.565521 0.096769
78.597907 0.102077
78.629175 0.096247
78.680945 0.097639
78.712293 0.096943
78.764074 0.096073
78.796537 0.10112
78.827966 0.105558
78.85934 0.095986
78.89074 0.097552
78.922168 0.092157
78.954676 0.099641
78.985959 0.10025
79.01733 0.096856
79.04867 0.103644
79.090315 0.10025
79.122875 0.099815
79.154227 0.097552
79.185571 0.109039
79.216908 0.096943
79.248345 0.099989
79.28101 0.101294
79.312422 0.103992
79.343803 0.099205
79.364895 0.100337
79.396281 0.100946
79.428798 0.095986
79.460144 0.102164
79.491445 0.097987
79.522732 0.096334
79.554102 0.102947
79.586463 0.097726
79.617831 0.100946
79.649124 0.099292
79.680502 0.10025
79.71182 0.101033
79.744282 0.10756
79.775565 0.103121
79.806905 0.101381
79.838248 0.10843
79.869644 0.103296
79.902279 0.109561
79.933665 0.10434
79.965024 0.114347
79.996433 0.11017
80.048276 0.109996
80.080863 0.109909
80.112331 0.1093
80.143725 0.114696
80.175169 0.104601
80.196323 0.109213
80.228751 0.112172
80.260136 0.11165
80.291519 0.10521
80.322872 0.105036
80.354244 0.104949
80.386763 0.10434
80.418125 0.109474
80.449467 0.109387
80.480761 0.114086
80.512041 0.113651
80.544378 0.11165
80.575683 0.111911
80.617129 0.112955
80.638203 0.115566
80.669512 0.111389
80.701881 0.113999
80.733177 0.11339
80.764461 0.109039
80.795771 0.108082
80.827053 0.115392
80.859498 0.102164
80.890897 0.112433
80.922191 0.115566
80.953598 0.109039
80.995117 0.112346
81.027567 0.111128
81.058872 0.111389
81.090175 0.106254
81.131718 0.109474
81.163103 0.112346
81.195603 0.112172
81.22691 0.107734
81.258195 0.116958
81.289509 0.11896
81.320872 0.109996
81.353386 0.108778
81.384787 0.113564
81.416269 0.11078
81.447633 0.11017
81.478976 0.112172
81.511428 0.107734
81.542674 0.116958
81.573966 0.121135
81.605247 0.120265
81.636554 0.120439
81.668951 0.113564
81.700239 0.113912
81.731492 0.114173
81.762755 0.115131
81.794068 0.114521
81.826471 0.117741
81.85786 0.114173
81.889191 0.113825
81.920556 0.117306
81.951931 0.118002
81.984322 0.113912
82.015566 0.114434
82.046833 0.120787
82.078107 0.119482
82.109392 0.122876
82.141792 0.119134
82.173089 0.118786
82.204418 0.11983
82.235843 0.121048
82.267191 0.123224
82.299565 0.120874
82.330908 0.122179
82.36221 0.1207
82.393538 0.122179
82.424926 0.125225
82.45739 0.125573
82.488773 0.12305
82.520149 0.12801
82.551516 0.125486
82.582865 0.117132
82.615299 0.124616
82.646653 0.124703
82.677991 0.124877
82.709402 0.126183
82.740794 0.126705
82.7733 0.121048
82.804678 0.126357
82.836038 0.127314
82.867425 0.126444
82.898835 0.131143
82.93133 0.1321
82.962646 0.13297
82.993939 0.132535
83.025262 0.133841
83.046405 0.139671
83.078843 0.130882
83.110178 0.129402
83.141469 0.126357
83.172802 0.125921
83.204202 0.129489
83.236821 0.13297
83.268225 0.126618
83.309777 0.1321
83.341161 0.131491
83.372538 0.135929
83.405065 0.126096
83.436405 0.13297
83.46777 0.129663
83.499215 0.131752
83.530588 0.129141
83.562996 0.126618
83.594384 0.133144
83.625744 0.134972
83.657111 0.130534
83.688474 0.131926
83.720858 0.134015
83.752145 0.133231
83.783415 0.130534
83.814692 0.132448
83.845963 0.133841
83.878336 0.129228
83.909579 0.133405
83.940811 0.130534
83.972069 0.127575
84.003308 0.13619
84.035587 0.130621
84.066911 0.127923
84.098217 0.124703
84.129501 0.134537
84.160813 0.131404
84.193184 0.131578
84.224486 0.130969
84.255788 0.1321
84.287119 0.136799
84.318468 0.135755
84.35083 0.136799
84.382119 0.129315
84.413411 0.1321
84.444727 0.13036
84.465766 0.129402
84.498062 0.133579
84.529357 0.132361
84.560648 0.136538
84.591976 0.13532
84.62339 0.131056
84.655934 0.132709
84.687322 0.134276
84.718713 0.136103
84.750047 0.135668
84.781405 0.135668
84.813809 0.129141
84.845114 0.126618
84.876424 0.127488
84.907687 0.130969
84.938963 0.13706
84.971349 0.136886
85.002747 0.136799
85.03417 0.136799
85.065495 0.137583
85.096941 0.136712
85.129469 0.143239
85.160823 0.143413
85.192266 0.143326
85.223614 0.135059
85.254975 0.135233
85.287429 0.136799
85.318754 0.137757
85.349988 0.138801
85.381258 0.139497
85.412643 0.140976
85.445033 0.139497
85.476397 0.13941
85.507724 0.146807
85.539102 0.146285
85.570506 0.13941
85.592762 0.145589
85.624156 0.143065
85.6556 0.146633
85.686998 0.145328
85.718417 0.151593
85.751036 0.146111
85.782487 0.140106
85.814001 0.13941
85.845433 0.13941
85.876777 0.145589
85.909237 0.142021
85.940573 0.139323
85.971894 0.139671
86.003199 0.142195
86.034546 0.14672
86.06695 0.144457
86.088063 0.148547
86.119318 0.153508
86.150597 0.148634
86.181918 0.15168
86.214545 0.145066
86.245934 0.139671
86.27729 0.144892
86.308738 0.141673
86.34013 0.138366
86.372619 0.14585
86.403977 0.143065
86.435326 0.142804
86.466604 0.144718
86.497936 0.143152
86.530362 0.150288
86.561681 0.147851
86.592988 0.146633
86.624317 0.151419
86.655613 0.144631
86.687935 0.14115
86.719203 0.143065
86.750558 0.141412
86.781892 0.153682
86.813231 0.142195
86.84571 0.147851
86.877073 0.150636
86.908454 0.146111
86.939843 0.15081
86.971196 0.153073
87.003737 0.145589
87.035131 0.151419
87.066444 0.148547
87.097764 0.158555
87.129117 0.148112
87.16161 0.149505
87.193071 0.150723
87.224413 0.147068
87.255841 0.14759
87.287187 0.140541
87.319705 0.149331
87.351155 0.150288
87.37236 0.150984
87.403817 0.138279
87.435221 0.148025
87.467638 0.145066
87.499018 0.139758
87.530394 0.145153
87.561773 0.144718
87.59318 0.146546
87.625617 0.144544
87.656998 0.144892
87.688337 0.160208
87.719676 0.150027
87.751008 0.148286
87.783514 0.148286
87.814908 0.143152
87.846244 0.144718
87.877553 0.145676
87.898767 0.135755
87.931194 0.146633
87.962476 0.150723
88.004005 0.141499
88.03526 0.146372
88.066635 0.147851
88.099071 0.148286
88.130378 0.14672
88.161725 0.142978
88.193146 0.148112
88.224567 0.148983
88.257084 0.141934
88.288396 0.142282
88.319702 0.146633
88.350973 0.149766
88.382252 0.146633
88.41458 0.14672
88.445875 0.142804
88.477128 0.15081
88.508437 0.146024
88.5398 0.144457
88.57223 0.150114
88.603555 0.150636
88.634895 0.144805
88.66624 0.148808
88.697606 0.150984
88.730088 0.150114
88.761449 0.149592
88.79276 0.150201
88.824115 0.143326
88.855413 0.145676
88.887874 0.146633
88.919154 0.146894
88.950447 0.148373
88.981795 0.146285
89.013192 0.142369
89.045685 0.144718
89.077193 0.14994
89.108539 0.152899
89.139923 0.150723
89.171228 0.147764
89.203679 0.150462
89.235045 0.153682
89.266411 0.150984
89.297816 0.147851
89.329207 0.153769
89.361663 0.154813
89.393063 0.152028
89.424431 0.152899
89.455883 0.147416
89.487284 0.149766
89.519928 0.151854
89.551322 0.151767
89.5827 0.148808
89.614045 0.143674
89.645381 0.144805
89.677917 0.151332
89.709271 0.150549
89.740562 0.148634
89.771922 0.150549
89.803256 0.151941
89.835726 0.152202
89.867109 0.148025
89.898479 0.151245
89.929828 0.153508
89.961197 0.148199
89.993716 0.148112
90.025015 0.143413
90.056326 0.14907
90.087589 0.147938
90.118895 0.149244
90.151244 0.154552
90.182528 0.149592
90.213828 0.149331
90.24511 0.150462
90.276469 0.150897
90.308891 0.152637
90.340256 0.152028
90.371526 0.153769
90.402841 0.151506
90.434163 0.151332
90.466517 0.148634
90.497811 0.148634
90.529138 0.151419
90.56049 0.144631
90.59187 0.150462
90.624404 0.151245
90.655788 0.153421
90.687081 0.150114
90.718329 0.1549
90.749625 0.154378
90.78203 0.150636
90.813419 0.151419
90.844742 0.155944
90.876085 0.148895
90.907394 0.150462
90.939785 0.147851
90.9609 0.154204
91.002386 0.151071
91.033647 0.148373
91.064996 0.149418
91.097384 0.151941
91.128688 0.15255
91.160023 0.155857
91.191313 0.157511
91.222608 0.156815
91.255124 0.154204
91.286578 0.156118
91.317986 0.155944
91.34943 0.147242
91.38076 0.151941
91.413181 0.15081
91.444461 0.155857
91.475712 0.152463
91.506989 0.152376
91.538264 0.148373
91.570583 0.150375
91.60187 0.156902
91.63322 0.159773
91.665395 0.158555
91.69681 0.160557
91.729301 0.149592
91.760677 0.159164
91.792036 0.152899
91.823378 0.148286
91.854726 0.157424
91.887191 0.161688
91.918575 0.160295
91.949982 0.158207
91.981425 0.159512
92.012843 0.162732
92.04541 0.156989
92.07675 0.162123
92.108121 0.158207
92.139516 0.154813
92.170879 0.157946
92.203482 0.154987
92.234905 0.159425
92.266263 0.159512
92.29761 0.160992
92.329021 0.157163
92.361498 0.164299
92.392918 0.157511
92.424346 0.165343
92.455673 0.164386
92.487076 0.163428
92.519574 0.164995
92.551013 0.157163
92.582366 0.155074
92.613661 0.156379
92.644997 0.163428
92.677513 0.161079
92.708887 0.16395
92.740251 0.156466
92.771565 0.15812
92.802943 0.160208
92.835391 0.156641
92.866714 0.162993
92.898063 0.163254
92.929375 0.15316
92.960722 0.161166
92.993073 0.161514
93.024402 0.162471
93.055718 0.162906
93.087159 0.162819
93.118454 0.157772
93.150884 0.160382
93.182248 0.158816
93.213544 0.159599
93.244818 0.162558
93.276125 0.156553
93.308529 0.159077
93.339848 0.16134
93.371158 0.163602
93.402456 0.161427
93.433766 0.162732
93.466079 0.161514
93.497397 0.158294
93.528668 0.160382
93.560014 0.163428
93.591394 0.167344
93.623928 0.16804
93.655267 0.169346
93.686552 0.161427
93.71783 0.158381
93.749141 0.16395
93.78149 0.160818
93.812795 0.165169
93.844116 0.156728
93.875388 0.16221
93.9067 0.160905
93.939051 0.157511
93.97039 0.16047
94.00168 0.166822
94.032984 0.16543
94.06445 0.168302
94.096913 0.167605
94.128292 0.17039
94.159719 0.165952
94.180876 0.164124
94.212301 0.160121
94.244745 0.162036
94.276152 0.171782
94.307482 0.171086
94.338815 0.168824
94.370155 0.173175
94.402535 0.176134
94.433882 0.169085
94.465189 0.169433
94.49649 0.167779
94.527791 0.164908
94.560144 0.167779
94.59145 0.166909
94.622781 0.169346
94.654112 0.164386
94.685521 0.168476
94.717925 0.172131
94.749201 0.170042
94.780493 0.171173
94.811785 0.168911
94.843069 0.170216
94.875354 0.168998
94.906647 0.169259
94.937901 0.169346
94.969192 0.175263
95.000502 0.171782
95.03289 0.174567
95.064249 0.169955
95.095635 0.175611
95.126978 0.174915
95.15836 0.171608
95.190752 0.168215
95.222127 0.168302
95.253478 0.171434
95.27459 0.170912
95.305913 0.172392
95.338382 0.174567
95.369733 0.169346
95.401102 0.169781
95.432592 0.173523
95.464057 0.178396
95.496537 0.171957
95.527862 0.172218
95.559162 0.169172
95.590492 0.173001
95.621841 0.172827
95.654285 0.169868
95.685624 0.173958
95.716934 0.171782
95.748272 0.176308
95.779623 0.172392
95.812053 0.174654
95.843327 0.177004
95.874612 0.177874
95.90589 0.175002
95.937174 0.179266
95.969608 0.180833
96.000944 0.179963
96.032369 0.176917
96.063721 0.174219
96.09504 0.175611
96.127427 0.178744
96.158804 0.180746
96.190141 0.180398
96.22149 0.177265
96.252853 0.179702
96.285392 0.177004
96.316792 0.179527
96.348117 0.180137
96.379446 0.179353
96.410938 0.178831
96.443552 0.178657
96.474964 0.178135
96.506369 0.175437
96.537784 0.17448
96.56915 0.177439
96.601585 0.179266
96.632837 0.182051
96.66412 0.184053
96.695405 0.176308
96.726715 0.183008
96.759115 0.186837
96.790463 0.183879
96.821798 0.183705
96.85317 0.186576
96.884505 0.182486
96.916927 0.181703
96.948216 0.183269
96.979477 0.179527
97.010796 0.178135
97.042126 0.180659
97.074659 0.18266
97.106065 0.181877
97.137352 0.186576
97.168679 0.180137
97.200059 0.181703
97.232579 0.187447
97.264017 0.183357
97.295394 0.178222
97.326772 0.180659
97.358159 0.180572
97.390647 0.180572
97.422054 0.179702
97.45341 0.18266
97.484768 0.181877
97.516296 0.184923
97.548864 0.176308
97.580302 0.178135
97.61181 0.187708
97.643305 0.184575
97.674767 0.184488
97.707138 0.18823
97.738527 0.186489
97.769891 0.186576
97.801261 0.186576
97.832635 0.186924
97.86519 0.181877
97.896559 0.18736
97.927884 0.187011
97.959098 0.186489
97.990368 0.18675
98.022614 0.184749
98.053868 0.181355
98.085105 0.185532
98.116322 0.185532
98.147507 0.186402
98.179863 0.184662
98.21115 0.179005
98.242479 0.18266
98.273716 0.181529
98.304974 0.184749
98.337466 0.185184
98.36882 0.185358
98.400243 0.188056
98.431592 0.189013
98.462977 0.184053
98.495381 0.191189
98.526727 0.187882
98.558096 0.188578
98.589494 0.193364
98.620924 0.191537
98.653496 0.189622
98.684872 0.189361
98.716275 0.189448
98.747625 0.189622
98.778955 0.184314
98.811334 0.193973
98.842664 0.192407
98.874035 0.191015
98.905322 0.192407
98.936599 0.190666
98.969017 0.191972
99.000331 0.195714
99.031597 0.194234
99.062862 0.192494
99.094329 0.192494
99.126764 0.199804
99.158044 0.195975
99.189333 0.199195
99.220637 0.194931
99.251993 0.19876
99.284361 0.191015
99.315645 0.198673
99.346956 0.186315
99.378216 0.188143
99.409573 0.18823
99.442092 0.191102
99.473586 0.195105
99.505055 0.194321
99.536409 0.198673
99.567728 0.195453
99.60013 0.195192
99.631466 0.196149
99.662774 0.187708
99.694084 0.191102
99.725354 0.196149
99.757666 0.192581
99.788902 0.194321
99.820216 0.193973
99.851539 0.193973
99.88294 0.190492
99.915378 0.191537
99.946631 0.185358
99.977918 0.188404
100.00919 0.201022
